1.5020138920730366
1.4939423556920521
1.3622566960061846
1.2055680100399881
1.0472855785895263
0.9183043557870488
0.7915454849699396
0.6845902419565011
0.5423587881162327
0.3592163403747389
1.666437011360232
1.6691361259078714
1.654936874995683
1.6066169554907948
1.4392257677544988
1.2512286735812785
1.094609159589968
0.9402241233416634
0.8101997481380451
0.689748929334527
0.5815012118663052
0.497781567354316
0.3533158676578964
1.8138282760404894
1.8172100796865411
1.8156277780621923
1.8025678313243172
1.7955739723698998
1.6604112980139583
1.4509787727187702
1.268362946398022
1.0866692101381517
0.9335843508426757
0.7921188381930304
0.6654315520575768
0.567815241789566
0.3321571857917731
1.9520591467387969
1.951905362324993
1.9470440191411384
1.9278014297171864
1.9088513131066944
1.8711514099130697
1.6640151273052797
1.4565758155787096
1.2457584502293473
1.067439486227452
0.9028436680550768
0.7558790525364097
0.6430300234310529
0.5368100729376794
2.1444039592967266
2.1456523794083737
2.140682168576481
2.119942339417455
2.1098901865601567
1.9975432631191739
1.766715426230261
1.5115178712558974
1.291307581105514
1.087569490956694
0.9061757593261386
0.7675221108870655
0.6376623793700824
0.5324606644412854
2.2741022902373866
2.273889003947313
2.266775656325623
2.243378582823724
2.2308274668945436
2.202595256928172
2.0130993877861854
1.7306709391814357
1.4773435150268694
1.241028069465634
1.0306364219340005
0.8702383982983039
0.7205115829141847
0.5996417371365491
1.873053507676184
1.5997731728433309
1.342260381548496
1.1126351980754945
0.9377646094864155
0.6435582106705894
2.4238557042788504
2.407329157750091
2.368194510661309
2.3260001798689767
2.039555251780954
1.7458368032740879
1.4635950680551448
1.2109073814973434
1.0185744517632707
0.8396895225133025
0.6958845045809475
2.5083356577042117
2.489597728276188
2.443458596518868
2.2474358799593936
1.936271499180677
1.6235636352487708
1.340674008429532
1.1251545620903782
0.9250346430196008
0.7645625010139104
0.6223489700569647
2.5696484223035956
2.551163139561514
2.506972964763836
2.3962647325155717
2.0995456004805644
1.7636160485751233
1.454780496893738
1.2188360103279996
0.9999114389607281
0.8246621365462959
0.6696974500348991
2.6055562147438494
2.5687887028999628
2.531822716920703
2.462103287429455
2.2828827414972923
2.154544728741442
1.9268894563817067
1.5889823336744204
1.329104753057565
1.0879260269897664
0.8951428926913618
0.725071247275528
2.678063704492876
2.6528809043254005
2.5900745006562973
2.4649625945226354
2.101792796401513
1.7353233307843674
1.4497299201854488
1.184145171804722
0.9720455879321426
0.7853277917320118
2.6965831824387565
2.6605340434773153
2.628420084507492
2.531975496259488
2.4849996905762732
2.3291043871089756
2.145605816785165
1.9336317195615516
1.6146126207102454
1.3158065112854453
1.0770649756489215
0.8674369025909711
2.7228666292204755
2.690304071849007
2.6332577444938976
2.539408047366722
2.4290674175310603
2.278827813732637
2.1365157079917347
1.7868672355068194
1.4540421673920971
1.1872920762758472
0.9532735427461986
1.4471325444595275
1.35282888147156
1.6138463857434886
1.582386357523469
1.432544432970862
1.7403027112618568
1.645496823432414
1.8407954615026494
1.6556086276333923
2.055581457747592
1.971863298392359
1.7590102665715457
2.155275968694247
1.9959166744715477
2.2533071189063607
2.136348988412096
2.323990888013593
2.2782641445291207
2.026843659070171
2.402214287877835
2.3558416267754203
2.222838830169049
2.4391217850322118
2.357113346218207
2.087769898991002
2.2617153301504733
2.5596692540632606
2.523622717942876
2.426538517806218
2.0918193315900204
2.5259741314085224
2.308013642436273
2.4959784810606904
2.1258548186673396
1.3134125499068499
1.316435459741277
1.4168287924782814
1.4193302655583966
1.41062629971753
1.5700458909156831
1.571226758056232
1.559702216969454
1.5342053315405997
1.4948501931681473
1.724808700211684
1.7236886604780561
1.7085594979295964
1.6768244470541451
1.6297071060306214
1.5159526955742488
1.8308214204152025
1.8278649318680302
1.8092286417570917
1.7892454533215156
1.7743546761420257
1.7506506729094746
1.7219104925427178
1.6587861702567461
1.594089841690812
1.9301984379666857
1.9244107889762314
1.9034145227485544
1.8628178717513804
1.8359642822921807
1.8047417410748439
1.7342945648899244
1.6662465884290751
1.5429594146010588
1.4281519375944467
1.217214018120226
1.1260900616948284
1.0006920437706817
2.0422128664162646
2.0333654209827814
2.0070956144954035
1.98726983379681
1.9604591582512803
1.9240985015997467
1.8952149804092848
1.8158371628090357
1.741570228651229
1.6252399404314646
1.4819958580761778
1.3880039054653817
1.2557846399135506
1.1548319313100497
1.0241864377980583
2.103651553659911
2.0913869088101396
2.0625620923852477
2.013626094089306
1.9811885639906501
1.9424905948353715
1.8580675085465237
1.779624030632847
1.6392861070720957
1.5078005448495915
1.4081543805068535
1.269983347431184
1.16817012423207
1.0303572660294766
2.1691070851467003
2.1537101843555315
2.1202050094394216
2.065813752820848
1.989225353681898
1.8164015899873345
1.5308540835484512
1.281415565672491
1.0323659090692412
2.2008789769164134
2.160010396879451
2.1272375629841056
2.061562071398583
2.0144170598148494
1.9220323814359628
1.8319752206533992
1.6809936363320706
1.5376352118588863
1.4484321880995439
1.280425583974628
1.1782183683353824
1.027205689372762
2.2475727828827448
2.22442961314425
2.183406948311587
2.1201869295992535
2.0721248495110927
2.0356449354060846
1.9370024180826264
1.8430834454901985
1.6749509061495247
1.5335139432761367
1.4131897898871064
1.27031555667472
1.1515413406799897
1.0096995194897125
2.2605834135784857
2.2348416095069576
2.1921402942505197
2.125247461524897
2.0806604538497395
2.0315582262515157
1.929375760972176
1.8373258689741578
1.6717442951811279
1.5208107214110347
1.4290925295092753
1.251229203912632
1.1346133527986684
0.9885154759442951
1.234279494279663
1.2360358427853222
1.3283067675731393
1.329324182707412
1.3145971906969978
1.4668221955331775
1.4660742735669854
1.4478792788517878
1.3735587391820132
1.605383591022181
1.6019655206764996
1.5907962955490278
1.5783544525600741
1.4923519611236713
1.6996193107355868
1.6940088021472688
1.6835007704003206
1.6669499985976857
1.6221793095483998
1.5693305113693492
1.4698111664780988
1.3674248725134146
1.7870948777145954
1.7785630185013177
1.765846329307457
1.747202500741592
1.696214236735917
1.6402017185215965
1.5295615036487045
1.4209222939935862
1.214985078962897
1.0001029140456275
1.8842305962564754
1.8715999540193065
1.852807653504957
1.8346984751469135
1.7761960059425534
1.7143980016398495
1.6099896382046721
1.4745152875852727
1.2534793602489713
1.0235820541308522
1.9368730853309273
1.9219322091083475
1.9049589991678288
1.8805742296507777
1.8176338341479739
1.7519482002698077
1.6250589723221482
1.5002125532757278
1.2676784245718524
1.9914463386170058
1.9723749511176367
1.92615319185395
1.7882475642393583
1.5231421576567676
1.2790952360165941
1.0317664252329064
2.0152287421668444
2.0011654675096784
1.9819260468639284
1.9508603815498975
1.8803597659764741
1.8039729347795737
1.6664979625502
1.5299576589446482
1.2781361412311572
1.026625511000901
2.052306675179976
2.025514912028547
1.9965811665892848
1.9715250106938358
1.8951670221997003
1.8149398752048376
1.6610597900854853
1.5259586826100349
1.3281228575654898
1.2680549068758926
1.009121818532458
2.060256476339501
2.030178840481108
2.002974371444237
1.9688304718160348
1.8885574619728094
1.809337185573633
1.6576180877721134
1.513325813827991
1.2490258755849875
0.9879561844014504
