0.9691735775746657
0.9728770538213901
0.9105010247379153
0.8251593506134632
0.7366396111936223
0.6634952508612441
0.5906903245000705
0.5283391921135171
0.4432618706302831
0.3280283003370441
1.0565912935322965
1.0682152392617255
1.0650986148875121
1.0440657128641546
0.9563813389585665
0.8522404434399682
0.76366155680101
0.6749725678226558
0.5990313481859659
0.5271744238659406
0.4608974906584068
0.4081941053453548
0.3127197828618319
1.1361867284441223
1.1421103475024232
1.1448261820280305
1.1425981034929773
1.1401350703766675
1.0742139277844178
0.9600882972055335
0.857442684442836
0.7534088187005434
0.664150673343914
0.5798477861029827
0.5023158106482307
0.4408608347556422
0.28207226512846745
1.2056499793227764
1.2129900463613386
1.2123780022609687
1.2058047422600287
1.1976138023612002
1.1795051521213697
1.0697057626815754
0.9542712858621373
0.8342898950663301
0.7308060145063081
0.6331452986649498
0.5435860523737762
0.47284780305321344
0.40413261998129346
1.293105078406213
1.2972040636805149
1.297422768517592
1.2901374364859004
1.2857658610618405
1.2295856718708187
1.1042902585288559
0.9610540080834744
0.8347620302626887
0.715291513263999
0.6061187422582739
0.5203671561329073
0.43760722758501036
0.3681826427307934
1.343552771943002
1.3463076564327583
1.3449285456446158
1.3352871458585327
1.3294496005923255
1.3156063314488844
1.2152436486964564
1.0588908921867999
0.9152890130960097
0.7783942124710085
0.6534302170430891
0.55566531413229
0.46179467140741803
0.3835008765237918
1.1194992420995171
0.9658370548569136
0.8179177927568597
0.6828116835589604
0.5773400167919144
0.39250790302047933
1.3891341979900345
1.3838403405755293
1.3646119406249675
1.3427692287627981
1.1874400683300916
1.0238238324231104
0.8633745909162829
0.7164319722641227
0.6019435497329854
0.49275248745987493
0.40243260353490484
1.4055966487271179
1.39729176441838
1.373290210940844
1.2673934887372889
1.0958961789476933
0.920468543934001
0.7585120803705805
0.6324822466548304
0.5127713042365908
0.41430131290848465
0.3243607894421074
1.4111598740020599
1.4014540887812559
1.377521272501203
1.31721033940271
1.1545407900750768
0.9681022806943913
0.7936118711169958
0.6577795637843599
0.529142546967397
0.4237265695546437
0.32806721673220063
1.3947743760302322
1.37399696241447
1.3535320623262428
1.3150553738129547
1.2166349710554598
1.1462306150455468
1.0209514932409294
0.8328547247991588
0.6859228770898793
0.5471385741865057
0.4339291122677006
0.331814368525337
1.3964346812277841
1.3798649223247577
1.3431723691677353
1.2733366535646753
1.0744865272095177
0.8734396887457079
0.7149988358303728
0.5655387791782718
0.44416783903369544
0.33535232339106685
1.3464305307184343
1.3241015459670016
1.3052906266254232
1.2505088078502644
1.2244399939077617
1.13907021409931
1.0395004530947622
0.9250462298022882
0.7521733586298778
0.5888634847529777
0.4568565927340082
0.33932466654146254
1.3001635580889346
1.2793453090109672
1.2453261810603191
1.1919587451682938
1.130997429398092
1.0498700824249088
0.9739126004424534
0.7881943127876004
0.6113505325049247
0.4687812192028531
0.3428226720671846
0.9463340543892581
0.9038132103722729
1.0371182288907375
1.027452804047669
0.9517183381398868
1.1078524964148295
1.064147183573063
1.159674642526326
1.0641406360821177
1.2519051771876557
1.2134944450050043
1.0994261386165107
1.2871049321845822
1.204869636978309
1.3171585953574891
1.2627764343754362
1.33630700097782
1.3155624297020763
1.1802293851799077
1.3493020032096177
1.3259866839874552
1.2540055312590224
1.3416189792649624
1.2966204291789136
1.1484502193329258
1.206124651889154
1.3364330382472573
1.311111423644218
1.2550276381210317
1.069909753766473
1.253363319801875
1.1299364629737416
1.1741582322521447
0.9698445586725922
0.8597493585774791
0.8677296483988207
0.9188119190057742
0.9267003369308368
0.9269826592099449
1.0013850441375294
1.0085257485116146
1.0070884603799684
0.9970873817637765
0.9784402486673162
1.0767664545427174
1.0820040395924222
1.0780218205882344
1.06419110192605
1.04068870039881
0.9799130222882505
1.1216841733769884
1.125053927943606
1.1185133061795436
1.109442539784069
1.1022198754456256
1.0902610898099188
1.075358077088735
1.0415598491574258
1.006125694925773
1.1565543193468293
1.1573066363642783
1.1484937665407609
1.1282900163497258
1.1143572265811696
1.0977099722584602
1.0592702691729345
1.0216547465785653
0.9523336848144082
0.8869013271757057
0.7643546385318912
0.7104309756467974
0.6353313968269471
1.1833252845702837
1.1804899928690673
1.1672189044955124
1.156778380102313
1.1424266812930999
1.122748772881589
1.1069873736513745
1.0629283766892847
1.0214264070251629
0.9557982845603278
0.8740913359183
0.8197709774468668
0.7428974502660614
0.6833697517455295
0.6053730444476462
1.1887187429037476
1.182413859787746
1.1668551799820037
1.1398492686316117
1.121837135310943
1.1003665383992844
1.0532510616140751
1.0091642267783796
0.9299197573843404
0.8548849792264004
0.7977131808498148
0.7176314812623588
0.6580035890218594
0.5762469325922018
1.1814983536736956
1.1713049274666736
1.1516088842303867
1.1204158230362244
1.0770326968898658
0.9798683163140529
0.8187148229917197
0.6759716777102968
0.5310881217827935
1.158397332311931
1.1322993575882598
1.1127434533723521
1.0748313533457083
1.0479060367826774
0.9956849941810221
0.9451551737850752
0.860745954007433
0.7802786892714493
0.730079019164088
0.6349177754480627
0.5765928898634959
0.48966643158572815
1.1201909234231078
1.1015806625609357
1.0747166754258901
1.036434954903418
1.008514822027599
0.987624919072319
0.932210020374294
0.8798817554104872
0.7871788790173753
0.7095265364964953
0.6432900113978857
0.5643765747245495
0.4984733510234302
0.41919623156472696
1.0730656111051244
1.0512442154745352
1.0223615911910338
0.981548205963851
0.9555099285915899
0.9273875050251409
0.8702390236124953
0.8196675336617528
0.7298206467773218
0.648546974263425
0.5992809245020533
0.5035675524293822
0.4407440958303311
0.36203706725846724
0.8157388197239868
0.8236886815000741
0.8697206587434718
0.8774279917558176
0.8751901448225474
0.9443665413271746
0.9508764589572226
0.9464223143421536
0.9113885871916688
1.0109781547325598
1.0153817211009104
1.0121582783132994
1.0070831312027895
0.9643543073085952
1.0496517708263193
1.051634729309912
1.047937790363074
1.0406713653109727
1.0184023149125099
0.9904292006045003
0.9356162166986038
0.8778416929660788
1.0782737083566967
1.0773894779699393
1.0719789110784967
1.062923710430943
1.0362411186826574
1.0059036032059159
0.9442348022638982
0.8825376793798017
0.7630189093827793
0.6349845016766801
1.0973914948791956
1.092012107766854
1.0823489875612848
1.0727242244869808
1.040552940353107
1.0061360589215669
0.9472654159679449
0.8699454566257968
0.7416490107044726
0.6050594909993974
1.0985805590049822
1.0902166888578844
1.0806731140998782
1.0670076943310738
1.0315836933037486
0.9944211930523678
0.9224299904041205
0.8509465290406166
0.7164780380329248
1.0861749261295037
1.0732399011990619
1.0454541645071107
0.9660435123694481
0.8150852807178661
0.6749414842130648
0.5308475376399593
1.0593139364780115
1.0495667148188734
1.0372168548574627
1.018092621654419
0.9764016956633782
0.9323790667227856
0.8543072302729633
0.7769743820420439
0.634008478142048
0.48946115469452167
1.0180335281726924
0.9960655670651029
0.9766279742396152
0.9607923607622214
0.9150658339548828
0.868564748584238
0.7818499369703062
0.7066540505342414
0.5969169520756661
0.5636444656189409
0.4190467242322415
0.9702307782227212
0.9446759021455131
0.925748207363258
0.9036739073945955
0.8552384971330185
0.8096674502464295
0.725049268352001
0.6461792373095351
0.5029801705364699
0.3619294726304428
