0.8123126177963769
0.8130299997476026
0.7599981061166688
0.6894358359419693
0.6154036849209317
0.5533796494883484
0.49093920312074546
0.43693618356624897
0.36284713710172634
0.2626937949746176
0.926377613954125
0.9335523879433794
0.9298715577043525
0.9109734566055517
0.8355477471502507
0.7457085910030053
0.6684305527413446
0.5902873290782625
0.522807737653547
0.45868945552792867
0.3995653637532405
0.35278638060194667
0.2686773047133614
1.0350537443513848
1.0393423560073316
1.0409845714532697
1.0381187725908336
1.0357429018177704
0.976654332431336
0.8753168632609247
0.7833566115521731
0.6893082495048194
0.6080168898917981
0.5309626414845171
0.4601686242558443
0.4043749539724663
0.2622650445957275
1.1416869778560137
1.1473055161020418
1.1465214238455521
1.140158656726858
1.1324666875971594
1.1159546007612229
1.0156154194769085
0.9093920169785757
0.798030084464592
0.701297035334353
0.6097116576467102
0.5258334154119194
0.4599717315961416
0.396222247328438
1.2989871184334263
1.3031050181323833
1.3035823956009147
1.2969808175098905
1.292913132880803
1.2400042209985447
1.1203546164201494
0.9819959509258436
0.8590252589957458
0.7422738560209313
0.6356904269286063
0.5524139705362644
0.47225335623508974
0.40556414027559845
1.4122081787373426
1.4157114216114834
1.4151592944531652
1.406872149015906
1.4014702172058677
1.3884323946129669
1.290972129173652
1.1357490074967442
0.9915664296774187
0.853418721427427
0.7273222583429153
0.6290819349723159
0.534885439734248
0.456843628567734
1.236618557593244
1.079479287526184
0.927212501156665
0.7880062503597669
0.679684446229185
0.49039916014062834
1.551831674683781
1.5509847062431505
1.5339799984726736
1.5129810881446055
1.355608973249929
1.1850447023123751
1.0161400725408563
0.8610575201544828
0.7404560577085393
0.6253304908795216
0.5304390229814484
1.636900361801991
1.6342062107653477
1.6129883277113182
1.5059919510910638
1.3238344388337606
1.134167256045124
0.9580569545813049
0.8209723560738111
0.6904076992680541
0.5831209257943348
0.48563810576856437
1.7023298939473877
1.6988746881899286
1.6781892372373672
1.6180686114628071
1.4439320426635145
1.2382332329660373
1.0438571791514317
0.8921005228459328
0.7477334816677471
0.629373420818576
0.5221361723063872
1.7631395412093622
1.745316077723754
1.7254928525813527
1.6862100293765074
1.5802126234952312
1.5020211444671412
1.3604559879363993
1.1453865397770575
0.9762722220118645
0.8154284582204375
0.6838360144553961
0.5649672228639258
1.831535449464839
1.8231139959566751
1.7903789443745393
1.7175536117694368
1.492508177275883
1.256862369727013
1.0689011640659765
0.889833186781706
0.7435481903349302
0.6117795707768168
1.8887289228077513
1.86938866514272
1.8510673376374076
1.7933842917965286
1.7643656888603958
1.6661844351597088
1.5480941870160139
1.4092386697847903
1.1964736610042126
0.9923511161675075
0.825642731983416
0.6759458782749047
1.9405235140507973
1.9223928185680896
1.8884093319137725
1.8299426944156998
1.7593373539733448
1.661332976528288
1.5669124164812873
1.3310481535967884
1.1009592017213146
0.9125269235712055
0.7436631905796334
0.7919249477270016
0.7549349480105387
0.9076475775265432
0.897697027927848
0.8317725700072368
1.0079310227100469
0.9680898190224089
1.0982286610866239
1.0105635129409813
1.260145834564599
1.2242583806204026
1.1155093372869584
1.358893958834541
1.2800262723444198
1.42720054715746
1.3793519133961332
1.497635764400055
1.4820779750815736
1.347177774426889
1.577058816681847
1.5603315104716236
1.4895310230641985
1.6328312671990304
1.5916484928941874
1.435830077180104
1.565549762824041
1.7549573878210767
1.7444016679962693
1.6907522844868257
1.4854199887601394
1.7842071731827038
1.6510834843862336
1.798616884505667
1.559100074116379
0.7254137314902142
0.729984235252916
0.8002122071459884
0.8050164905679379
0.8038884076776066
0.9168393840081399
0.9216476683879903
0.9194262713922245
0.9098286287991788
0.8926141295706482
1.0426433854636135
1.0468968948123427
1.042887037415882
1.0298638100703403
1.0079589074150646
0.9511269707220319
1.1342297002589012
1.1378525704879034
1.1321081194688376
1.123664564769143
1.1168775407351983
1.1056015516843074
1.091394390944048
1.0590887226990857
1.024974180216133
1.225187560593214
1.2276832604263446
1.2202590036920442
1.2014796957572218
1.1880154202640039
1.171895275339485
1.1344077748591832
1.0971023562687117
1.0280741415179457
0.962413955263956
0.8390475951854448
0.7847825323074231
0.7091109830570986
1.335548214483581
1.336165432321581
1.3255652840173204
1.316063943660837
1.302407066591416
1.2830435737942372
1.2672578357642488
1.222846735743133
1.1802126112474383
1.112138690037895
1.026674347933444
0.9697026456816584
0.8886941832939561
0.8261196819086983
0.7439656358765899
1.4013616053218898
1.4000206077010144
1.3873101984841558
1.3619427367073693
1.3441913594870432
1.3224150248150508
1.2736121943630605
1.2272799415499922
1.14270435752521
1.0619665741796995
1.000113826492304
0.9133058121670389
0.8485388460109478
0.7594562960605363
1.4780121338170544
1.4744107970397753
1.4583788292688307
1.4286136145660264
1.3841844953625386
1.2793663046194885
1.0999505411941621
0.9390204885545932
0.7738742597291126
1.5287277308143852
1.5093103509071824
1.4911979268243805
1.4528025992079878
1.4242981242203179
1.3672251810418803
1.3106502211564892
1.2141374033854775
1.1213211572402872
1.0627494878577763
0.9509794827698063
0.8821495010419461
0.7791078090392183
1.595050285768324
1.5854380657962879
1.562757276343022
1.5248993939130326
1.4950558608056645
1.4720825486032851
1.408748918606544
1.347545070551552
1.236287853966265
1.1410533449463636
1.0590846174359312
0.960704994969794
0.8779517042180907
0.7778842892986779
1.6315987781806138
1.6194744869153872
1.5948202108537581
1.5532957003333576
1.524705775098849
1.4928279144372496
1.425574022310073
1.3638854634136246
1.2512429988251612
1.1470874714205206
1.0832491375143993
0.9579462893240926
0.8748112630116457
0.7693370976896171
0.6892716440777833
0.6936135847348777
0.7585740997590459
0.7630677913640551
0.7594597868122932
0.86603909882607
0.8703474595090646
0.8651503370223655
0.832667535232687
0.9809557664646532
0.9845715836337691
0.9814035072371532
0.9766178594327505
0.9364737545369916
1.0643077208372944
1.066815748178658
1.0635946680517316
1.0568639111876648
1.0358912724980693
1.0091557721443534
0.9565014586581396
0.9005448773137689
1.146222985585579
1.1474673251148901
1.1428955387008335
1.1347203329906725
1.1095991102040337
1.0800086205942663
1.0191640968823121
0.9575462503328241
0.8375101018438099
0.7086928077356145
1.2446609239285096
1.2435072878049551
1.2355936593146544
1.2268569711317092
1.1961762193847627
1.1618073894008705
1.1017015794579652
1.0214884645184041
0.8870610135832234
0.7435264755726603
1.3028621824937845
1.2999612413505985
1.2924899970087436
1.280269313571082
1.2458906986061606
1.2081845348621503
1.132779194358214
1.0566174101564276
0.9116473805355214
1.36976952867417
1.3639520819922166
1.3402609262989933
1.2595196029929543
1.0944080139994166
0.9373222001080083
0.7734269144983683
1.412598417571453
1.406479271157188
1.3966279257846679
1.379319893903904
1.3375591208695508
1.2906060711249512
1.203668458040514
1.1157270683001657
0.9492848172280761
0.7786613123361747
1.4688392286992296
1.4567670409903573
1.4405308738090634
1.4257032286294287
1.3783329380920697
1.326987949626595
1.2260575644503564
1.1354530939884853
1.000508759223514
0.959008386291068
0.7774456049667761
1.4988563484367987
1.4838369395733522
1.4678182537116087
1.4467861424790356
1.395471877441632
1.3431804894613708
1.2407176238312616
1.1414823355874488
0.9562790477131531
0.7689105431180783
