0.2521535255736285
0.24729355595566238
0.2146923978869432
0.18157734377806087
0.15038775248504405
0.12629462497314892
0.10371604723051389
0.0855250583290024
0.0625595285994264
0.03538019205912154
0.2632293261536875
0.2599755977338666
0.255262954343336
0.24330134127449743
0.20841133369594655
0.17277225853646166
0.1447558454706642
0.11843625424501869
0.09727704121146556
0.07849708750353046
0.06233439110154742
0.05035772016565384
0.03089636157219533
0.2702707676228797
0.2693361547178385
0.2676213683309323
0.26316109238795005
0.2612630493125616
0.23244498376821215
0.19371781059173585
0.16217366944160017
0.13232223050118377
0.10832752236714417
0.08708052901495368
0.06885753775351454
0.05540524907070823
0.02541871236051704
0.275280132719139
0.2721307916460734
0.2703792637180854
0.2652157804760702
0.2609277277027515
0.25304542384667034
0.21509581072986594
0.18030655471007118
0.14684368763189695
0.11986014815431968
0.09600595274497346
0.07560887024245312
0.06060504987682372
0.04706096166790487
0.279201708083923
0.27764553693036736
0.27529022389524693
0.26980599590399423
0.2675792751631791
0.24650922303644987
0.20872989416623372
0.16999234237159971
0.13828198685546608
0.11022047131661333
0.08630660579831877
0.06880117643373584
0.05308562537183405
0.04090948659864795
0.27936468921796004
0.2775814177453661
0.27490999080699474
0.2692511213711869
0.26667145672945974
0.2613065539396067
0.23005842122092837
0.1881926341012781
0.15290534017631174
0.12150056605315825
0.09476124757097383
0.07524728154559845
0.05779572313650625
0.04433132735270905
0.19962297636931994
0.16223671172284088
0.12871866907523805
0.10016127593329108
0.07935355061464922
0.04649373660692955
0.2765123146036405
0.27024527748980764
0.26235786264540056
0.2551001800145783
0.21259521973163453
0.17309003680287038
0.13716246096983517
0.10647849231778862
0.08414611151470272
0.06426205906807549
0.04900178110124394
0.2726015570843934
0.26632488395714354
0.2575818995513804
0.2281275626260853
0.18680873596213776
0.1479803233035133
0.11458661605130536
0.09028613108206386
0.0687037751374213
0.05219284311958122
0.038266292461473866
0.26841202609131887
0.26257336373410556
0.25435599946240334
0.2375216322596545
0.1981854729309907
0.15717875540288023
0.12151394920583167
0.09552949966339967
0.07248600481787407
0.05490951392122367
0.04011628570490847
0.2563887348724901
0.24979563862842252
0.24403972264331453
0.23401152843274706
0.21047869233273692
0.19460069506535846
0.16770853262101992
0.1294433851186977
0.10152850171471885
0.07680257368370352
0.05799110254860535
0.04220002299864211
0.25580684521946867
0.24949339542103038
0.23915495025534703
0.2220635992976086
0.17839493335896356
0.13792130937457917
0.10791545451709716
0.08139214921101183
0.061265151110042
0.04440927777982914
0.23904201091547558
0.2332081894017235
0.22857122692637
0.215895668136732
0.21010691300417433
0.19184363959206835
0.1714454356968802
0.14885367399394034
0.11636991536134342
0.08747497451579915
0.06555979340129602
0.04731296640970607
0.22772354202991058
0.22270218813573306
0.2149614107032073
0.20346123466436628
0.1907921102101305
0.17450401866909002
0.15966667243825974
0.12488607114840532
0.09363438109764942
0.06992016515834194
0.05023890077493014
0.23699802593383282
0.21314613468994226
0.24870421763031708
0.23952067692016263
0.20742271410424107
0.25134249354843935
0.2303294057569062
0.248920011462599
0.21401142585494218
0.26075577474912304
0.2433814100106673
0.20783677915295698
0.25581515526613
0.22814641625873516
0.264388166976397
0.23948095054256552
0.261208453505574
0.25005270827221165
0.21132531652965555
0.25737749167636365
0.2465267185477393
0.2257485155049038
0.2478182534538991
0.23384299504908723
0.19713786658994994
0.20864848854622436
0.2431422346472189
0.2334181285900892
0.21883366031794005
0.17761050525308578
0.21776153271248555
0.19024267722057397
0.20027288905478133
0.15894266525272582
0.21178453754865773
0.21042180652922973
0.2174473802787659
0.21583757695222547
0.21242968099890136
0.22374098103758405
0.2217346220758845
0.2178538819293018
0.21175085123418613
0.2035795499534034
0.2272886213616629
0.22475924215356471
0.2204320771062723
0.21359756540449018
0.20467807689126355
0.1850846179598716
0.2278476721640181
0.2249742854378273
0.22013875929117582
0.2160179200397698
0.2131682769379992
0.20884352912410536
0.203868909044924
0.1934352620737435
0.18321355784269838
0.22658173634876427
0.2231645230938405
0.21821773087985202
0.21064348383991685
0.20610701838647924
0.20103728113204378
0.19009405363469442
0.18000423950543862
0.16236476984572473
0.14652525717350615
0.1184923279607696
0.10676378414080344
0.0910779645949758
0.22227663285686325
0.21854699515461581
0.21297333230464444
0.20943981972856654
0.20500787205140636
0.1993678492658262
0.19507778168469012
0.18367550522747444
0.17348408407263477
0.15805854188066917
0.1397196884453859
0.1279740252360785
0.11190817376352184
0.09991365827097541
0.08480903142478875
0.2179089391456595
0.2137082036757775
0.20806164348935693
0.20013668284438102
0.19529376425016762
0.18979121620445605
0.17829588599334878
0.16804054264339643
0.1503769762887384
0.13435455773880417
0.12256120966015305
0.10658127531526729
0.09511038516828942
0.07996522456732034
0.21071450296750538
0.20622304917201498
0.20014999751187748
0.1919370982093491
0.1814952958704368
0.15984633886873073
0.1266651446145091
0.0993324188934895
0.07343961789633126
0.20153969545451805
0.19395322770569237
0.18902169395165452
0.1801001358146229
0.17408860167652312
0.16282307306556057
0.15228733386786555
0.13534577693006794
0.11977059079618792
0.11033942232046487
0.09301145828071647
0.08275595664073412
0.06803975532435837
0.19183065575599906
0.18673339649072465
0.1803480058033851
0.17189983173719647
0.16602547786995545
0.1617221800203275
0.15059972393576126
0.14038660150540686
0.12285484076760422
0.10867383509078361
0.09690397325710517
0.08329127918239275
0.07232334309828915
0.05960228330106337
0.18157490050736746
0.17637773648753458
0.1701123472686376
0.16173911492406848
0.15655248513271727
0.1510597845610212
0.14012359572990848
0.13069200012669185
0.1144030181541219
0.10003643763256086
0.09154013261976691
0.07556539911955555
0.06543496387057443
0.05314863233644428
0.1948888173247744
0.19317198558829754
0.19963803068816055
0.19763734857605242
0.1929840954936395
0.204700181075058
0.20223974497173944
0.1971244359868219
0.1818837836504795
0.20717127001064586
0.2041166693800926
0.20107303836668378
0.1982782489584206
0.18223673579844318
0.20701506587454846
0.20368414424305312
0.20097979093543694
0.19748715687933988
0.1892568177899863
0.18043347089603595
0.16484072128242425
0.1495951809410226
0.20525145394036648
0.20139224732873284
0.19846962455666659
0.19482390456484222
0.18605586408628264
0.1772870344045528
0.16100810413891553
0.14581397043618716
0.11828585517421583
0.091027474057292
0.20048452693866972
0.19611704736861457
0.19230578712528615
0.18912688854851975
0.1798522723415573
0.17090817264908717
0.15665160088972735
0.1390536513795816
0.1117158395151585
0.08476274067173034
0.196029227593999
0.1914965415572143
0.1881752611570022
0.18406573102090892
0.1746306104280106
0.16557680786971213
0.14915143211529083
0.13372237308471277
0.10640213334885137
0.18875077422117628
0.18380271423315772
0.17611196331851833
0.15753836876380375
0.12607605834927438
0.09916817398572206
0.07340127243675734
0.17977823183166022
0.17690779370990453
0.17364441947311715
0.1689968319070882
0.15955750376451136
0.15014007954654265
0.13427369141728554
0.11922414425075915
0.09286134806714569
0.06800487559324402
0.17041871369474051
0.16486873606071828
0.1604856150512917
0.15706336639124738
0.14763230188619197
0.13843639406575717
0.12193305837956882
0.10819222150742741
0.08885097311906268
0.08315978377546798
0.05957264110243671
0.16081922395396683
0.15517694702205048
0.15125551096115344
0.14683722234078211
0.1374471147478805
0.1289010732011977
0.11353805413976853
0.09959903400986596
0.07544885977380177
0.05312290207438594
