2.9966315379607895
3.0439967397262233
2.971348671205598
2.804931086684716
2.6197136400586554
2.462360698931784
2.3037409473845494
2.1668588173896874
1.979851190682466
1.7298106409818703
3.4033294443826185
3.4849555374714347
3.505637889926047
3.4940576169826256
3.3364021198303893
3.1136036672004934
2.914629946010506
2.711101949748346
2.534444117999261
2.3657806057390904
2.2098467724629813
2.0861156683944264
1.8640216229585185
3.8141057144428503
3.853590468712241
3.8830553729612918
3.911054705226787
3.9150456739094617
3.827599201586739
3.5851298070994804
3.3471707042920067
3.09788126874526
2.8797126451498984
2.670724826241294
2.4769642625651684
2.3227345801359673
1.9248177531407167
4.209476696105812
4.283598564131446
4.298342108942484
4.314534674723658
4.312707620814352
4.292662867518887
4.073844263788796
3.801035406238594
3.50235445376127
3.2374028913333412
2.98243198672576
2.7453841343440906
2.556214477823715
2.371040445937002
4.781482911924766
4.827262259052511
4.85899016132202
4.8837305304964
4.884801569527717
4.8046866248436
4.515950383119915
4.1438909835172195
3.799837639375073
3.4647076156559002
3.151614957914271
2.901012561525167
2.6550504718200783
2.4443910909905724
5.179346756590285
5.224611495662921
5.2551973599789115
5.274746651350506
5.273747550610916
5.260342423332453
5.0532766639242315
4.643225620144841
4.2368980649037535
3.83411940002055
3.4556622507262325
3.1523032635280925
2.8542076635663918
2.598591118067403
4.953952822246991
4.511217997495499
4.064391661400052
3.6425375269688027
3.303801728561721
2.685518710903713
5.643000878907819
5.716570533648428
5.715728977953258
5.684191711060353
5.303539606427631
4.825724359184219
4.327967164428592
3.854086964862695
3.4728783268992376
3.098295709577814
2.7771991271631924
5.90459818878547
5.967482738052274
5.955101945685833
5.7171352866360845
5.21619244516417
4.656981864661211
4.115558016814044
3.678464887596502
3.2490166898714254
2.8813225812565246
2.532915117838211
6.09042253631688
6.14112643787737
6.1259564720141935
6.000305078340113
5.533745615278062
4.929617382859039
4.330988377142778
3.8453816598388846
3.3682256943739515
2.960250004077474
2.574346748274964
6.297410469737296
6.278826055860657
6.241424514781475
6.150870326316185
5.870168682774361
5.648415489796375
5.230948619986902
4.569482635367572
4.028034869881663
3.4956865241517887
3.041318829512859
2.6126768944217615
6.392091275780845
6.4146731611205
6.358562332594586
6.17823624248441
5.534995001919771
4.81358346316644
4.213541526230564
3.6223387901824577
3.1186677770271634
2.6450969882730484
6.495940141696114
6.457213068124744
6.414332931902903
6.263078384536844
6.183356091815341
5.900000405937712
5.547783923758041
5.121010706119395
4.447013824612506
3.778575116173221
3.2101243603899348
2.6782055805750815
6.4967149132510835
6.4539428173330515
6.364156566385592
6.198507168959772
5.992118981331915
5.697989146534792
5.409881614621619
4.6704043825560495
3.9261053040036034
3.293043903772199
2.7035438733035213
2.9866100124410564
2.949817292796474
3.4143077012794354
3.4386829297728005
3.3200404608986083
3.8292242716556757
3.791243537389932
4.21898029898451
4.05199207438097
4.7517859308823285
4.739336377178745
4.495076690489597
5.141188112377698
5.00782877049938
5.26151569703102
5.294390805534155
5.509300907883014
5.562308435619808
5.2691308223163835
5.749883807215468
5.79231009690494
5.652561442288454
5.955565663180884
5.89992203731752
5.502217628334388
5.8154728049213436
6.150093541112084
6.1955189968058555
6.082555867033469
5.509337098521237
6.211592183693193
5.848752818127234
6.098666937134608
5.385268367965555
2.7450725689013833
2.7928131160350222
3.0396261934146533
3.092951251779845
3.1228925939986123
3.4978546056856823
3.5582316575926014
3.590323455976808
3.59785193960394
3.578475980195425
3.9862505179364605
4.051112680912594
4.081971515609119
4.084505844275638
4.054060825487991
3.9337099654007353
4.332429195034548
4.398428152472813
4.427331675879052
4.428488828838828
4.422995842009559
4.408184558148629
4.3837008317181185
4.315999951487132
4.23542934154007
4.662910616043085
4.728836868070906
4.752013810511116
4.738758861879668
4.717430411645519
4.68638332967219
4.60226035635689
4.509989319962922
4.327269875866327
4.144921318903721
3.7886498466098626
3.628045040491198
3.399318492732426
5.037841245665164
5.095503658829087
5.108678163548782
5.10044814615046
5.079984906531406
5.042559831563843
5.007899941832547
4.900114556421938
4.7880871572091515
4.599438109143014
4.352410494970277
4.1830958835225225
3.937445925460338
3.7434703537065825
3.4833847763367443
5.23981893807386
5.28903372384096
5.292618914174672
5.252713574097911
5.215566642808364
5.165030185018974
5.040116878741163
4.913575045225042
4.671425154540278
4.431509186186558
4.242565669648365
3.9724844341870797
3.7661490806504876
3.477245285700485
5.440677073984024
5.475623367679066
5.464521727200935
5.40538112186511
5.29587547064497
5.004306686149964
4.4631755177056345
3.9514377936209364
3.405721374077394
5.562229629451156
5.546795324874492
5.50941891493914
5.41516880293665
5.337919829190579
5.176192397413977
5.010152109281624
4.71603254876634
4.424621032429865
4.2374787576152
3.8734682474544258
3.6443370005030173
3.293856588982665
5.607147228747092
5.602865577403455
5.552480477331828
5.451867258749309
5.36768811851375
5.300421342072061
5.111056655495221
4.923208924712643
4.573150517751963
4.269145764371804
3.9993989829803382
3.6726829140900197
3.390768094996647
3.0430538590776015
5.573277161355285
5.549258637358003
5.482907675572924
5.361475863044515
5.275861381171108
5.178654752987739
4.970034324997664
4.776016614410484
4.417334620650647
4.0784019669949005
3.8693117572790148
3.4486161008429814
3.16382312813542
2.795586558641072
2.650865163399964
2.7027350484072583
2.930655142585231
2.9884725279237965
3.018257692426868
3.363413211892626
3.4282131271905047
3.4590015285604676
3.428286716338613
3.8197291701713714
3.890521247749961
3.9118813175128277
3.918113136528656
3.8684382153423997
4.14239387255802
4.210334587888035
4.2286642161127155
4.235146465479458
4.2148577607998154
4.165549458385689
4.044176880341612
3.900489497732833
4.444990084973565
4.512381271438393
4.527216363499551
4.528688169371958
4.495651558391233
4.435645747129297
4.287661768742168
4.12281505968213
3.781352713074816
3.397220919737647
4.781940784274874
4.8398328054213415
4.847895514608101
4.841401011583295
4.7889175663422945
4.71054802295595
4.554748628282517
4.329738556960398
3.9300409971699217
3.4813043441350575
4.9595167787949554
5.006230481800807
5.00902227573178
4.995805849280671
4.927681279953219
4.835433645590213
4.630160507373707
4.408927169465662
3.9652751658808367
5.128490347572184
5.158616234821034
5.127053921506085
4.926967374186604
4.441129479375858
3.9445723588313513
3.4038880487184424
5.2219607824365015
5.222799989094416
5.208799128123712
5.172266444887719
5.066440523087648
4.9357009203161235
4.67693263140541
4.4036556604616255
3.867096157398005
3.2921916276154652
5.234031605597614
5.220528185541833
5.182539081246709
5.142996660329403
5.00788763949116
4.853605107015068
4.538683230949391
4.250415420035262
3.8055966631831324
3.667154472896114
3.041704535353974
5.178488865996111
5.141940935627546
5.096478694325657
5.03388525436599
4.876010814709351
4.711793347201741
4.385193747692771
4.061620299109161
3.443906928721211
2.794513417357436
