9.731610396061894
9.712276424176306
9.19101473060731
8.504632146153625
7.755185801805397
7.101182155927078
6.41648532953364
5.802639014064743
4.924658183155229
3.6745962664093574
11.808469154127438
11.843121216380242
11.792722443611352
11.59052653297568
10.811929301315466
9.855466099952917
8.999336881543393
8.098843282490131
7.2925738381906156
6.499072305024694
5.745095908191902
5.1327840494820585
4.003429845374664
13.903402765299592
13.933040231412992
13.937751732492352
13.891617565097594
13.86266345256885
13.208088823828488
12.075614850382646
11.009280957460367
9.875349157802525
8.859154249777374
7.861560672768206
6.91726939110729
6.153601503171618
4.1478381225677134
16.167279600001425
16.201617395939852
16.185925828152858
16.10196542028138
16.008123923379934
15.813566082217333
14.62950050193105
13.338717843753649
11.93323664486154
10.667939169802633
9.427559011908198
8.257510405788144
7.315105931237217
6.3870000377253255
19.909005153862193
19.944450135450772
19.93835355556702
19.840299918968437
19.785257030728303
19.096236814709442
17.52965633170521
15.656740243857907
13.933882072386396
12.241502202588402
10.651235705518312
9.377635723204486
8.131121958748256
7.079039002653076
22.94748071940674
22.97801483871817
22.95817192001094
22.832089261111403
22.753949881719915
22.569936438713466
21.211463022698418
18.994508064940295
16.867466711277583
14.7607044083446
12.782599790736143
11.204042438268392
9.665828925417156
8.373649991535615
21.297789363867683
18.904714096129354
16.509232184201608
14.257457767599991
12.463548029918904
9.259197842878166
27.186819408227414
27.147686161535404
26.88013105739095
26.558438810361373
24.13910463691669
21.44608294098144
18.69370845254263
16.09676314166464
14.03032332008951
12.026968031460976
10.353898840999488
30.106236588878144
30.038081282171635
29.688892448200814
27.9553780250358
24.947460557185508
21.719910392516113
18.6425632060596
16.193412086084837
13.825358635643244
11.854731809881027
10.04764748407944
32.56956560919875
32.48957359051595
32.13620956143465
31.118594034097715
28.133371986974023
24.506394152301713
20.98929647035727
18.183619425065412
15.47493984436224
13.226816963460097
11.171406144660427
35.22230836382592
34.90156284917585
34.548486779406616
33.853219035048525
31.951394758887062
30.531321818592684
27.921962843263575
23.87813570451574
20.631560854057962
17.49891347357982
14.905415029408701
12.541737498504988
38.2202279498094
38.055716681340925
37.44990281645346
36.08678704880406
31.793512582776582
27.18638737168385
23.43697392622467
19.814015966580786
16.820192359204842
14.099909872055171
41.659794040247824
41.28578615986252
40.92400967345149
39.77837405097354
39.19550487308711
37.215994622305146
34.80494263749748
31.940740651125267
27.486543187806486
23.153165897995382
19.574782950064677
16.33372279962713
45.12940634963278
44.75356839144147
44.04296354616292
42.81188843183447
41.30841825545471
39.201507161542395
37.15932862659018
31.98834590925737
26.872352453392946
22.637387964156492
18.806275579521774
9.517601810246225
9.145516099813648
11.585499833657279
11.46404600144264
10.774174854802316
13.56991313829701
13.117755141190608
15.616000160720315
14.570547332968172
19.382352675733042
18.897317830295304
17.465951273715582
22.171700152416292
21.05888316006862
24.155729771271588
23.41234560781574
26.360932166025624
26.093855206250566
24.007258995508113
29.13583264496539
28.837546546665315
27.685189951034072
31.37261608700194
30.66661418059238
27.99025825833458
31.681065939804487
36.782122104269135
36.57713758772829
35.570741100469164
31.65257904601783
39.57194851004791
36.89910964636886
42.11966629420713
36.98137823304539
8.922621690640138
8.94546832816449
10.28253155799938
10.308624707683414
10.282001920640688
12.6137460111577
12.642520048984558
12.602482498630094
12.48436698097145
12.282745719749423
15.455304688112347
15.481720812125504
15.417097843155119
15.244515930176728
14.966917506261808
14.24663715483209
17.77665230913386
17.798147530952722
17.708037889530004
17.58986753927748
17.496486938455963
17.342734027357537
17.150057508005762
16.712188917996563
16.24665208102361
20.336394197323695
20.347099158814007
20.227601795453243
19.95093327047359
19.752990098750534
19.51905480149571
18.977438448641248
18.43034142910296
17.412700715926206
16.428063970364942
14.537554832958634
13.690465196180389
12.492670802518106
23.863894789105544
23.849764989185772
23.677164848898784
23.525553882132108
23.30792992107765
23.00024079997527
22.75123464084369
22.048051239366277
21.365742674111107
20.267317323745146
18.86744245747391
17.922677164182492
16.562742447817037
15.501305286266637
14.090468558725629
26.25817767943843
26.219132597272814
25.99955416508148
25.577768565325766
25.28139995190743
24.91568802776515
24.096731257509393
23.312885392907106
21.865260514375734
20.466037868626245
19.382067725276023
17.846164094443083
16.6871321686593
15.082159760290702
29.43098248957138
29.35928135121431
29.06861854323531
28.53890643298824
27.742936153672062
25.84209910326473
22.530007023000213
19.49883493324817
16.33882209633177
31.90033002517216
31.53620719619374
31.19719114555038
30.472956578454248
29.934379876716868
28.845871959847987
27.760140710148285
25.892591046490534
24.075869255901154
22.922589207663616
20.70761710666829
19.332411152805992
17.25985014139547
35.68781621728833
35.50240419842554
35.04869787264035
34.284478768589835
33.67597477527128
33.205807054501676
31.90403409168131
30.63845390251341
28.31255651478701
26.30745269589336
24.57169969221681
22.473429121410238
20.701056134505887
18.54341278283851
38.43651929736173
38.19485128316641
37.678415099717874
36.79655904104752
36.18437541316034
35.49960192711389
34.034530239167765
32.68615113716175
30.205149150830454
27.895447643153744
26.46849506173043
23.660240411344052
21.784069407732932
19.390988906625818
8.567372504356417
8.587266523868239
9.850181464176522
9.873027662326885
9.81820509431965
12.03851909930438
12.061941012378973
11.98480069448354
11.595097082654693
14.685959396747444
14.703128632881613
14.652633445919594
14.587227112936445
14.06451960999626
16.839207993734846
16.8475124244229
16.794822750635962
16.696671427230324
16.403655401270115
16.033743564923594
15.305610054821177
14.523431800239935
19.196963315746434
19.19049668938713
19.114044415595252
18.989363282361825
18.619472992497922
18.181005441798717
17.280250431003658
16.35446375342349
14.513558658017248
12.485910473115938
22.426386741878936
22.38778124761943
22.254150146456094
22.11295387437908
21.62165807513979
21.068512392396595
20.096197612221143
18.780853779745776
16.53465078044697
14.082653210320135
24.60426797451628
24.543627479420607
24.41421316249157
24.20479433605741
23.623864203797527
22.98399272658874
21.691474643961342
20.370922446825272
17.815805812125777
27.4766375053589
27.366468867220192
26.938320785748278
25.47141699699652
22.423303028683737
19.465197735748045
16.32965654738401
29.686246511310532
29.569273527475396
29.38364529532885
29.05739287486361
28.261754019999078
27.361888879922986
25.681466744952836
23.961429997448096
20.67194198491843
17.25012140693209
33.07603850643907
32.841743052195135
32.51534922728476
32.21494123653918
31.248041870691047
30.191227133349663
28.086549833345458
26.182015155105343
23.321441513160778
22.43432242065438
18.53292426764485
35.52284171644464
35.224044477395104
34.890938781149195
34.447381715459954
33.34033185448512
32.204771003775264
29.956779885740527
27.76125212529817
23.619108531478087
19.380052538469585
