0.7629044539478917
0.7568770420367983
0.6810920320792849
0.5947624335070049
0.5095389636903572
0.44119008433297846
0.3748125625886708
0.31926879752708387
0.24557421353508405
0.15021879979239172
0.8053822754429694
0.8043129094105163
0.7954263931095829
0.7679927530213664
0.6779462906732217
0.5799135068767977
0.4996876139895629
0.4215921286594413
0.35642296664601136
0.29631192219582575
0.2422925426903401
0.20043350393598205
0.12758569683426269
0.8379076633797371
0.8382887637705073
0.8362374011468598
0.827761724265224
0.8236353342496296
0.7512429711477723
0.6446799509745254
0.5538417548781731
0.4647315692948864
0.39042485033889907
0.32213262231575845
0.26106916341027386
0.21401823034736103
0.09949942417923172
0.8621438243987528
0.8586721122873808
0.8552719816519864
0.8438190586340271
0.833462613670266
0.8134303606225673
0.7096886934483092
0.6092250322410921
0.5089039890939818
0.4250613096922383
0.34821285011062075
0.27982292745319215
0.22741583797534817
0.1780989096299374
0.8844363193675177
0.8824285349287034
0.8778140133850724
0.8650275827134419
0.8594700612690882
0.8028114009374286
0.6940522273768354
0.5775721226470242
0.47881082753784426
0.3883525399455481
0.3083385808138838
0.24750892426243057
0.19078660551001742
0.14498794524869446
0.8898413024376435
0.8867350186388665
0.8807971135275744
0.8666080437243366
0.8598617817672742
0.8453463636779793
0.75595905479711
0.630156238565439
0.5202454702151867
0.41915315005835574
0.32997993667156816
0.26256562629640723
0.20012066295967929
0.1500426851801429
0.6625334973622492
0.5461562354023876
0.4384006010464241
0.3434391611437912
0.2718551399130349
0.15313017494254805
0.8834852881171401
0.8680882659628577
0.8464166880263793
0.825688054641503
0.6986286134634293
0.5757874607923005
0.4605326830915246
0.3588446500150261
0.2824204372662386
0.21222268352880844
0.1565148525442991
0.870685722949641
0.8540456106213921
0.8290250436493651
0.7407357158319986
0.6124590220318918
0.48824989384877787
0.37811786508272915
0.2955584842303003
0.22010372595109548
0.16059696092688278
0.10882047311273199
0.8555925575831284
0.8393233624955834
0.815166375030822
0.7642903456090109
0.642131922536605
0.5112766789871992
0.39415766745506897
0.3064325795278828
0.226544952986953
0.16385610146321705
0.10961668131587893
0.8154257808161536
0.7954271553884578
0.7777871297103484
0.7468648303466167
0.6732723763406223
0.6231077260821508
0.536692610599527
0.41199572555351244
0.31846034440920196
0.23354990931510736
0.1673004344606097
0.11032519154158243
0.8071002060180603
0.787512632380758
0.7552126129936055
0.7014012504319547
0.5623112638760576
0.43038467853828144
0.33083294895152
0.24068013045971318
0.1707210428428013
0.11091748740444529
0.7446724840201323
0.7257970916692693
0.7108772212050003
0.670182269597916
0.6516175818643359
0.5929459575836368
0.5269865280678265
0.45361800214487563
0.34654935630045136
0.2496294815733831
0.17478400557641713
0.11138168787442096
0.697198840145411
0.6805013842288268
0.6550853484781125
0.6178449972698744
0.5763417800932782
0.5236227484238077
0.47532816889842655
0.36151865150019125
0.25803846524816143
0.17835433335682543
0.11139119222791807
0.7305243903298725
0.6761225956419491
0.7747269785373636
0.7559155701815932
0.6746981847784207
0.7958832206984389
0.7443498217657298
0.8000880267218972
0.7061048497398787
0.8375305234462664
0.7926492088395498
0.6911085577092939
0.8276989526426137
0.7497549397468294
0.8481721429146043
0.7814490191767973
0.8394597944424859
0.8096393798707495
0.694574185440109
0.8259715199295818
0.7955333246049398
0.733260720249869
0.7948689970127588
0.7529773690851801
0.6389080581984622
0.6677336216149057
0.7687150669267659
0.7380338332462818
0.6917938384702214
0.5600368048608979
0.677564752554899
0.5884217896469465
0.6087145772192748
0.4734389112609757
0.657700146306369
0.6585142510847346
0.6831640571207942
0.683196998221075
0.6774588311731741
0.7134236898997427
0.7119789565177005
0.7043761103145888
0.6899926250658153
0.669086953265991
0.7334042990379477
0.7297771142985454
0.7200764865386803
0.7027051667690767
0.6785098204552329
0.6227425501626086
0.7395085383263693
0.7342211515493289
0.7223751233371034
0.7114893690311924
0.7037141313812677
0.6917056214898193
0.6775778363834475
0.6473123783469962
0.6170370501393795
0.73777034802827
0.7301340528158379
0.7171275397856768
0.6958585299766343
0.6827646528481921
0.6678707793508079
0.6351482846871263
0.604475705888705
0.5498638962473728
0.49991026979399295
0.4092777416244668
0.37040440880779135
0.3174022619062012
0.7236174550202422
0.7138465615851224
0.697889982995783
0.6874877360638985
0.6742539483132663
0.6572134997910618
0.6441067722946633
0.6088579756904088
0.5769629392320798
0.5280318422620641
0.46890015762748904
0.43045282883602687
0.3771641876309134
0.336651342505685
0.2847510648272682
0.7072541411607943
0.6952240086166567
0.6783461941921776
0.6540890393705847
0.6390731049885023
0.6218703734187359
0.5857195612908088
0.553063074700098
0.4961859596361996
0.4438324707817284
0.40484115535117154
0.3512462902026284
0.31219657229287806
0.2597968342737049
0.6786012321518101
0.6645965297944981
0.64547612089017
0.6194351184970608
0.5860537720677585
0.5162288315190755
0.40718421449447095
0.3151796304558259
0.22574635256646747
0.6427360867731529
0.617977775585873
0.6019326550569123
0.5729474550304977
0.5533708592013643
0.5166326597963694
0.4821257577140454
0.42627303166829844
0.3744227496070606
0.34278144787774617
0.2840028574793814
0.24880829374182142
0.19769855362621724
0.5995661563125507
0.5816573002845093
0.5599526230931945
0.5316623398854535
0.5120561547316099
0.497784744722732
0.4609601161723725
0.42700920125566016
0.3687938863963447
0.32130471175757064
0.28176931943407896
0.23563487863688212
0.1980919011447432
0.1542211367913445
0.5553213285096342
0.536509007615135
0.5146040269200999
0.48599623396510666
0.4684738767345175
0.4499935109243162
0.4134842532348324
0.3820893973617345
0.32770247395523705
0.2798802250334657
0.25139686471676925
0.19753493386749188
0.1632137616389197
0.12141889193017609
0.6141261582971087
0.6141809077238829
0.6361540064179098
0.6352627242982023
0.626316896700377
0.6614878179850374
0.6587676355241604
0.6477379546091718
0.6081840745098096
0.6766744610331532
0.6715017929126217
0.6643910700251476
0.6573243255484219
0.6132114565814691
0.679510495327125
0.6726088224189681
0.6658573597135408
0.6565534383265152
0.6334880308587335
0.607805035870117
0.5610128440470147
0.5140962293359831
0.6750708084243985
0.6657658024564455
0.6578857784487707
0.6476034175440992
0.6219446738058553
0.5955762792999165
0.5454127873402306
0.49757673829365223
0.40860469491786133
0.31724134056855524
0.658041934242747
0.6458693669117415
0.6346637933950655
0.6251139169466111
0.5966586310551241
0.5687538669843524
0.5235631813720377
0.46679997040278143
0.3765708212016308
0.28461513572961494
0.6405547684241736
0.6269823332652873
0.6167596185970764
0.6039433033361534
0.5742785719818136
0.5454006615375315
0.49240742956521133
0.44190613913367555
0.35071945715129127
0.6106337473736665
0.5946675685701361
0.5697481702392688
0.5093348452143078
0.4054864753680051
0.3147329031488797
0.2256533679853636
0.5745043215365072
0.5648999882156697
0.5539196942592706
0.5384430479006799
0.5071589189293608
0.4759610259842459
0.4232662381937662
0.3729325470690047
0.2836253691778447
0.197623883981757
0.5319251754459046
0.5120308418001838
0.49671802988824915
0.48495723467556145
0.4529305355831653
0.4218281273654471
0.3664395813161743
0.32012754619537975
0.2546995931139207
0.23535224784819223
0.15417288683396935
0.48965353214463225
0.4686449780776836
0.4546211884181043
0.43906530356925005
0.40671866756095865
0.37767266863019483
0.32567574611712746
0.2789195121844827
0.19732283067574757
0.12138876902156363
