2.7486233616430775
2.7943454945556696
2.738355220602152
2.595505339309395
2.4346512392238138
2.2972636775587763
2.158330568888966
2.0380956421780407
1.8734401032354597
1.652843821423284
3.1475885117592606
3.2260075716521954
3.247659132750331
3.242073124318455
3.1091300839935845
2.9153449332420855
2.7408303272916403
2.5616017624845258
2.4055505023113777
2.256274055599412
2.1180995490086354
2.0083632311254584
1.8114647500603025
3.5552862235572036
3.5935417756075845
3.6226414145539727
3.651875096819854
3.6567461862495416
3.5890630088478805
3.378930765218396
3.1695475259009553
2.9489538793184327
2.7551898598360665
2.569189648155612
2.39653518536635
2.2590021235253532
1.9047056353078518
3.954760842960201
4.028767311764386
4.04425284541118
4.063453788407642
4.064538296422397
4.050451492076028
3.8640097354543017
3.6236740222245256
3.358181773545134
3.121557214471913
2.8932770116521143
2.680748354377027
2.511008751592597
2.3448632648803156
4.54641102949504
4.593261853956283
4.62686899654388
4.656347859348865
4.6594155892118385
4.598910883934147
4.3471652293503285
4.014906848474642
3.7051150215100432
3.4022303642072975
3.118672266411044
2.8914308915782847
2.6683028468660783
2.4772767776642186
4.9698681634108715
5.017574001133848
5.051432234747232
5.077412690628413
5.079209525806097
5.071583547878382
4.8975422528613075
4.531788860786458
4.164030293587697
3.7973997062960363
3.4519702860895216
3.1744566944807286
2.9015527678779347
2.66747429888954
4.855772850637763
4.454119966648712
4.045705133530155
3.6586716775333983
3.347185289675896
2.777607663297963
5.480221720444389
5.565414597309663
5.57588205782008
5.553702887898684
5.2224348531897675
4.78847890072882
4.331510137960799
3.8943247076380634
3.5415857689103256
3.1942774535740663
2.8961273918214476
5.780470621154268
5.857222648996947
5.859111432160712
5.659606600417868
5.206060975869379
4.690353177084947
4.1875094661894
3.7799227367871695
3.3783233963882533
3.0336700813489674
2.7066893253162596
6.002068018556062
6.067414305159951
6.067297279585211
5.966359026784698
5.5476087351124805
4.989213485500871
4.43037102931306
3.974693129298779
3.5253258401066656
3.139909995263496
2.7745730971030422
6.269685256426492
6.2644613315747435
6.2369496128544295
6.161667576444309
5.911646996516607
5.70845510557003
5.320905768534402
4.7002859040213325
4.1888152075953755
3.6835974499836803
3.2506369070197065
2.8409081680177573
6.39459570992592
6.436107909153486
6.401359518694008
6.247811967811466
5.656964534987044
4.9774225601731334
4.406923897936314
3.841564817461639
3.3574525444276615
2.9003613653428126
6.583394823508554
6.558348180519586
6.524651425467332
6.394503370903495
6.323158464038169
6.062517532941814
5.7324004060124185
5.327406582999761
4.682001635492364
4.036911797116981
3.484655600458908
2.965047565700972
6.649002726875159
6.618775429214132
6.5445575435782235
6.397176050867174
6.207393127354466
5.9312434144402415
5.657133813103002
4.945377933584309
4.2212432431565166
3.60022280927619
3.01795931486421
2.744379523789895
2.718778982644497
3.1640664746173734
3.191259560967105
3.094024698553731
3.57967419072951
3.5552093462630276
3.9812442406215944
3.8433374961190414
4.5325774354926835
4.536297896143564
4.327010186735417
4.95625201105545
4.853239121285024
5.084815335437741
5.150868825716163
5.361962082015619
5.433509443640942
5.18813876757182
5.641144927172991
5.705012499061661
5.594759679010194
5.895979155407389
5.864905269096802
5.515372460460089
5.855363292367555
6.1566370679508475
6.233590299061417
6.148760827530726
5.629977558408991
6.327086938870176
6.008210321761555
6.290705096822854
5.631216790477201
2.5278738684625357
2.5729304844536123
2.8174417934936606
2.868489368871374
2.8983140443767317
3.276097498896973
3.3353358734016254
3.3685884565094324
3.3795845921349303
3.365964088910791
3.777573904722942
3.843381976078504
3.8772886731286134
3.8853522646818366
3.8628571515919687
3.7609160734643274
4.142822520678711
4.211646713452882
4.245550282885589
4.250913967488851
4.248328997936212
4.2379641744809735
4.218589175557597
4.16169905354698
4.091797250933708
4.501481917107987
4.572949745923894
4.602812096443693
4.598979081821463
4.5829836574904705
4.557868973244982
4.4864006095931375
4.4054968242217125
4.242769748400259
4.078424664599214
3.755207968379399
3.608935819414132
3.4002002620950327
4.9254001474480305
4.991840272012151
5.01502465645732
5.012380549294759
4.998433792185742
4.968784520004589
4.9398349312498535
4.8466206699401395
4.747093428885274
4.5769433337644
4.351794735170289
4.196603866607363
3.970284092532394
3.791572536674818
3.551034213952876
5.1662822676802636
5.227058684734443
5.242012455714492
5.215563224923166
5.185812278145411
5.143101934633281
5.033550419956848
4.920113381187032
4.6995897190140195
4.4789020118478975
4.3040922130585635
4.053392532820058
3.8611735342762303
3.5915767254885576
5.423893003411321
5.473223916441383
5.476278236057754
5.432414415431749
5.3394500200651684
5.077137815026711
4.575794393287939
4.0956512334845225
3.5802404770434695
5.602649694875569
5.608016605412537
5.581218059783394
5.503043225152314
5.435159184534387
5.2893956891260725
5.136921072683276
4.86290736294781
4.588941642691382
4.411981587502588
4.066433679374949
3.84814103758215
3.5131175015676717
5.715376307949963
5.730230718292001
5.697318418133825
5.613850479585498
5.53984459674397
5.479294407674826
5.305253358627769
5.1299015296426695
4.798386557040073
4.507808233593289
4.248530754990645
3.9332050890331236
3.6599893536384394
3.3217419702881887
5.739441102642466
5.735605133202702
5.686557474523953
5.58260940527441
5.505872368237345
5.41706051093463
5.22247816653609
5.038685980059499
4.69492341511975
4.366933475371272
4.163668831330328
3.7519365988250013
3.472505520081849
3.1087172682089834
2.4458219689945766
2.494962866567048
2.7220008384684
2.77762990247107
2.808002127046236
3.157248928208929
3.2213028014219796
3.25426227589263
3.2344500649130885
3.6287457736755995
3.70111914002314
3.724817778933251
3.733442560542129
3.698491792825585
3.971817881071021
4.0435758939385975
4.064904953896845
4.075189205834335
4.063801392021202
4.023982323287351
3.91954665008495
3.7926029362276883
4.303616745900536
4.3777981107938615
4.3968809968401175
4.403351729465532
4.381611014406612
4.332213331657054
4.203521314321152
4.056407140443572
3.747861388821721
3.3980586931239642
4.690430152319592
4.759139084439684
4.774441958915789
4.773374769149707
4.735031458775283
4.669017302093916
4.531701551088802
4.3286780371761395
3.962633473463652
3.548845643259821
4.906798743759342
4.966722089863761
4.9769091837952635
4.971599852723887
4.919127543415793
4.840285717663908
4.657136942316979
4.455501535699127
4.045804724533142
5.132281060131553
5.1788616446127005
5.165214031312621
4.996577183907822
4.552439925046754
4.088237640670966
3.5782112148666707
5.282294504584317
5.292626145899526
5.287515041555708
5.261667347774313
5.173832590027952
5.058114481784364
4.8211321349806
4.566308087456363
4.059398683569539
3.511217251253661
5.359011416274921
5.367351733096061
5.341887830193865
5.310564825721081
5.193954488284858
5.0543261326228235
4.76056955423418
4.486966831369758
4.060538587700176
3.926866617563446
3.3201194748031484
5.358405018264916
5.344574299995241
5.310699301877916
5.2589574324899
5.119004678974613
4.967489607818351
4.658786067676759
4.347772226483369
3.7463491618318376
3.1073578379442304
