3.17395105659004
3.2327794438727677
3.1891306251302574
3.0425470520702675
2.874929224529593
2.7315876657541556
2.587170620351926
2.4629293398877645
2.2946071387926392
2.0750649008020736
3.6530049762080665
3.7517766251753746
3.782376080939843
3.7860047040685054
3.655413450936372
3.453757019600724
3.2706520792218714
3.0827814847824935
2.919880984147391
2.7650707269284394
2.62324341542274
2.5118222927281657
2.3168763155261303
4.148503174642849
4.1966834741322625
4.234316094313037
4.274911147287235
4.282863574332179
4.22940074831411
4.013097598946989
3.7926927632802667
3.5598079840450723
3.3556637963665037
3.1606678158014727
2.981192428633165
2.839509310789718
2.4850803687240446
4.63849951808007
4.734381913573222
4.755707469668611
4.785680558961148
4.792114351032063
4.784000697398799
4.598989517864569
4.346120564655467
4.064091715726988
3.812539066539143
3.570608433001673
3.346838587970343
3.169386085025338
2.9976366761778044
5.373089059349617
5.434354660976264
5.480082820371982
5.525132469214083
5.532195787984861
5.486809566014959
5.227457398433249
4.872561207681941
4.539118867966991
4.212986966976319
3.9086908917870393
3.6658375899690356
3.42914612417183
3.2281907628443998
5.905768169580043
5.969303172025595
6.01670547953311
6.059006469274215
6.065535676924611
6.0647375733234945
5.896633174022144
5.5070961962224025
5.108314122541828
4.70917651847651
4.3334107220609575
4.032101478476626
3.737192417660839
3.485542828485612
5.903656362679505
5.46672550756757
5.019362565218639
4.594984497510854
4.253641427360502
3.6323871789466495
6.556013005031212
6.677141090076238
6.705707282958102
6.691329424419791
6.351098671691191
5.878275171461829
5.3745926980956
4.891169934992769
4.500749297631208
4.116896499360169
3.7878482838617096
6.943923627122558
7.055986404217359
7.076610002751342
6.88222212215092
6.389653304137798
5.817655851034061
5.256336302104952
4.800040446909234
4.350232986648765
3.963926025667159
3.5969655560393052
7.233391740219559
7.330742843033885
7.348832561161087
7.256078722103296
6.805525764778641
6.184002737154342
5.555877706098489
5.041373691901887
4.533016419553157
4.0959945648215506
3.6805262744205796
7.600632035439171
7.609393319263437
7.587291090336322
7.51345270025233
7.246010865020931
7.02156065742051
6.587732686237808
5.885618743387147
5.303216097000081
4.725954189346311
4.229363159061516
3.7572904631846193
7.756378889116017
7.825934438374274
7.806246586975763
7.649343391944433
6.993560677228527
6.220773222059064
5.566244156399025
4.91444809571298
4.353454042454251
3.82075954471251
8.033127160976933
8.015477545131594
7.983591306437212
7.847249590894317
7.769679388183917
7.478499665297723
7.104006360373793
6.639305628693972
5.8930123784801065
5.142148251647809
4.495159243065005
3.8822146290071697
8.136222437045008
8.110393351844698
8.034639945861057
7.872937899379983
7.659918630073387
7.344739932681667
7.028927106180734
6.2012455723217546
5.352140305621721
4.618418925343682
3.9252477364910634
3.1792563228372255
3.166366800614671
3.6850621227612863
3.7266591812446905
3.637629481613739
4.197087585849042
4.189395962861622
4.701926855381456
4.574249526570324
5.380673576909652
5.411590570804512
5.203016650079889
5.925734550403225
5.842811416428535
6.072973930202821
6.2037151214970665
6.43088362610227
6.545170274044963
6.308939319946577
6.793257216538733
6.899274478426103
6.802547596299409
7.139353815815419
7.131471369695886
6.765538353331195
7.176333303908276
7.474701192670808
7.599948066729756
7.527034494845189
6.959881705209254
7.752445248284204
7.411064036838697
7.74142482001485
6.995517404901841
2.9335701980925744
2.989742366279618
3.2848996615791397
3.3492653864748383
3.3892808925964903
3.847605685945306
3.9237836693051533
3.969803441211324
3.990841580644496
3.9837582050019162
4.4718014438071165
4.558518760376851
4.607648979592096
4.627930511640437
4.61287461672314
4.5144153682299075
4.932541716848177
5.025030546440412
5.076364645042171
5.090169736839906
5.091736919879909
5.0860116902279575
5.069993475273409
5.01584617270022
4.945163966078265
5.3905358745628655
5.4889191675088576
5.536884246434723
5.546710640051034
5.53508360392404
5.512895748680241
5.443139083872794
5.359855607736823
5.188105661396559
5.011603866104634
4.661887732909511
4.503315378757582
4.276680376736433
5.940205858073831
6.034763964387019
6.077418762937075
6.082040598695221
6.074063317114493
6.0485147781028425
6.020936382566568
5.926732415116814
5.821951843268222
5.6388560923200695
5.39346992133567
5.2231789157373765
4.973899027647648
4.776641492293123
4.510759210206263
6.25775231234744
6.347320181872438
6.380686729164602
6.365832905587227
6.339119226137691
6.297413212919203
6.183713012216824
6.062428686433292
5.821981034404673
5.578547737765073
5.38431273785896
5.105066121347363
4.890220851788326
4.588565725734936
6.603362768595314
6.680058361689868
6.700524513928256
6.665248448876536
6.572129295191152
6.289210646952986
5.730383570869722
5.1878212038823825
4.601536289082641
6.8545980349646545
6.8832163023793695
6.862278667202979
6.785226673678634
6.713581051471943
6.555159618431837
6.386415390162002
6.078320601201567
5.767421053672159
5.565541859219291
5.169911371984244
4.919213271167578
4.53293376978165
7.016597458025957
7.051375553922874
7.026883150028298
6.9430979348975965
6.863758132744886
6.797203683475383
6.602847311303036
6.4041014433703785
6.02403196241159
5.686912876875099
5.3871391356456435
5.020196916730283
4.700092389886881
4.303185285734574
7.067020744611515
7.077904754285912
7.032650962294053
6.921878868015311
6.837083763764289
6.737339312457913
6.5158462309206575
6.304141846617526
5.90483389090072
5.521215482129964
5.283221132397738
4.797223272473614
4.466461447430221
4.03308886585423
2.846276433258698
2.908023131728931
3.18307901329094
3.2538660669078694
3.296198692776838
3.719993855759731
3.803304819274681
3.851053857930349
3.846204227975744
4.310528235307613
4.40710351499878
4.441934881879881
4.457295198121955
4.438911878685749
4.746476251870734
4.844316518133334
4.876572509208645
4.896161174532268
4.896775419404284
4.862414448374003
4.758840130449328
4.626843735476406
5.173530677284556
5.277314550441819
5.308055234999986
5.324076845795087
5.314625314359947
5.269684435199111
5.139517485968329
4.984184135162824
4.652622374896045
4.273934758484352
5.679739506464797
5.779992422767503
5.809222034998201
5.815674389763624
5.788603468681162
5.724974771936459
5.58235411861292
5.364389599538823
4.964145174564493
4.507919206578996
5.968027652253731
6.058585151969516
6.080742466823344
6.084895196900314
6.041382723429678
5.96278240247419
5.7686467504515
5.548956040688348
5.095337270735311
6.2749864191587745
6.350662489738739
6.355191035933035
6.188173268757479
5.700712762589109
5.178270422323953
4.59886679958915
6.491061557812775
6.513651425759935
6.516887777904648
6.4970514043647505
6.410407318744339
6.287348646582468
6.0254848345947805
5.7386111331833085
5.160833723404487
4.530436388144514
6.607077495710777
6.6360944191502425
6.616771276139789
6.586388692058717
6.463341905315076
6.309082232079312
5.976118793744997
5.6604144110123045
5.167574467639121
5.012038370363206
4.301062216564447
6.625400036734678
6.625784061142842
6.5939737936736424
6.540121321950666
6.386402758666313
6.214862629613038
5.859297994091139
5.496959800341781
4.790079582489357
4.031328692031251
