10.536346491722664
10.552855622507696
10.164624491167888
9.5969730716343
8.961194997991278
8.394768708946742
7.792527391378031
7.2405620854956725
6.432754201838917
5.2303817989916075
13.02593806484102
13.108640893720594
13.092385497183768
12.9552769042588
12.328313806174258
11.514962454097608
10.765839090326894
9.962500214178505
9.22506573047436
8.484307209781521
7.763075946803249
7.162418634066404
6.0130061130429775
15.631422376437964
15.685294950469684
15.715102096489723
15.712525247686747
15.698792390358424
15.209174403126344
14.251818453248802
13.311459647499635
12.286928655038551
11.342846625541558
10.39474671498931
9.473287265269478
8.707636763184617
6.589107656257433
18.53980510877767
18.642714531966757
18.64994069375044
18.617802666278955
18.559709502980922
18.4206085492993
17.443593202236062
16.300413271822357
15.015157697453267
13.821109293139916
12.620827037178636
11.456012658554664
10.490401206360945
9.512251451316006
23.562563609217037
23.65018283002046
23.69393217939654
23.67661452026612
23.64810026364208
23.138835060798897
21.769453733142644
20.03224216970401
18.36889510334926
16.686314245078915
15.054894102911764
13.706897138114261
12.347169723156032
11.164067267279362
27.841759197187343
27.944004352832387
27.993654719216256
27.966452076779895
27.922802152476063
27.799769325539327
26.66520665772099
24.604138203157216
22.51918786888781
20.38307443982253
18.308429434442345
16.59741978539109
14.876893058579064
13.38514294187139
27.795531910039784
25.431953222676405
22.974941882389928
20.58166475222923
18.60914642446859
14.916305291432778
34.12850052463182
34.302011810475726
34.1776693597762
33.945118792522145
31.771430333363277
29.096501194871163
26.23871637073025
23.43777216772262
21.129141835043423
18.816085956714403
16.819805693989743
38.66932431041223
38.84231719380812
38.66691707119034
37.18058643233152
34.196424384505924
30.80104465967689
27.423881624745658
24.634958319304772
21.84553267867253
19.44499011419607
17.16830227859816
42.642389792547974
42.81271098336294
42.643986582292094
41.81340706538759
38.88477898251111
35.03859831604975
31.126988229243583
27.883350800334508
24.641415269707334
21.857391069235735
19.224035608069045
47.438567759707084
47.28121771096829
47.0191576483005
46.416640846114575
44.56260864840757
43.08829428066053
40.274997188164015
35.71741073390805
31.90371245466081
28.089874252288823
24.82125448859298
21.738175522243072
52.260069728247046
52.40062030668425
52.024972673036295
50.79154065098777
46.261203602284354
41.01088654521563
36.538558781999825
32.05373652055003
28.21496578922951
24.603571364870245
58.99627016709237
58.779895999475094
58.493130511986244
57.42981560584087
56.84002924750617
54.731457830623995
52.01873265251841
48.67582184299156
43.270693734569626
37.79896723907591
33.11453603211172
28.72001570849615
65.64915962414753
65.41171332239743
64.80612220467101
63.585747360890274
61.96182944405286
59.568020416781394
57.156014090614356
50.80031698748766
44.227138960384075
38.57830479256869
33.2877158942267
10.387503074416378
10.119483091852189
12.886238554379442
12.828159037414261
12.289368635584077
15.43270120864787
15.114743188709719
18.210997657388635
17.379058109155736
23.206108453598407
22.916209986765676
21.695788750851495
27.344370363718483
26.485692145160737
29.983463425224407
29.678283299049045
33.37203955417714
33.38623575926984
31.606433871966697
37.74132565452005
37.761236595092946
36.837494543304096
41.67779125139289
41.23146853514279
38.6936485180581
44.197003835747765
50.54699860588335
50.850339443965524
50.0848600065211
46.059965647543
56.87969418534535
54.27227733052092
62.56912232339671
56.88327387755783
9.833896901267815
9.879032285000864
11.514435249846114
11.570760388184201
11.57683800197438
14.501698702042754
14.576507061505412
14.582677477479377
14.515539615788024
14.370314981667374
18.324158606202108
18.422778009703816
18.425777723250324
18.324243950218623
18.11634615022914
17.510498274569912
21.604017534643354
21.717414954390655
21.712478105537976
21.645977827772782
21.582879420829308
21.4693836409902
21.31622626560296
20.947181644105328
20.535479995207492
25.37532158845995
25.50956786761265
25.490251711607613
25.314115622143415
25.160959576225654
24.968927563406673
24.497406592460727
23.99574307676645
23.025058237960927
22.058315182807267
20.145025450763743
19.264850777516834
17.995673214692076
30.858123468125587
31.004570459067242
30.963924410340955
30.870845390220744
30.71073568986578
30.45766623630263
30.239153856066327
29.59116649226201
28.93354047035719
27.83756278271804
26.396928730601743
25.40117803283304
23.9396756605045
22.774116091890416
21.194478818646513
34.77579827850491
34.928757704916904
34.85210755241371
34.54543115619994
34.29394383440966
33.964023706264854
33.183619374558226
32.40257108960616
30.906246304884256
29.411385954860368
28.23003248042763
26.516324486870523
25.19763913285389
23.33529418321472
40.210862710007525
40.36178686755544
40.23466936447277
39.8226643312761
39.08959492642394
37.14984301302869
33.50765142238119
29.998479885049733
26.18765491335435
44.81182872157096
44.704824400016484
44.45231723267283
43.801056194690084
43.27412560158447
42.14480483280358
40.96822202374405
38.87236395121284
36.76491709653124
35.39933649447836
32.723650955520654
31.025883747467738
28.413892751309174
51.81548655315122
51.91918822694494
51.64189850809714
50.96100607196433
50.350024874102026
49.85834866382899
48.428530325785914
46.9775983135414
44.21458149452652
41.75840064241323
39.58734233104439
36.906310905821435
34.598165001474094
31.72912636287922
57.334175127096636
57.39106864991335
57.04066342884952
56.21248917865535
55.56985985234186
54.81720380950856
53.13143045047811
51.519846020078745
48.45600086622139
45.51753221445532
43.66371418281379
39.94591319364979
37.406798308426936
34.0989433093518
9.530021512125135
9.576954323508867
11.140938980008885
11.199610359468421
11.186721090943221
13.99259826142705
14.070064396517123
14.053244647745883
13.773325424721923
17.626799978988803
17.727216592590345
17.72441985309757
17.69334444347236
17.303339117496332
20.729209005141012
20.84146342600572
20.840163144613417
20.79257480680281
20.58669883429151
20.28392587176161
19.640449366228847
18.910310319371803
24.279141244994968
24.41121992966043
24.398038047847738
24.33268232345461
24.062097248407756
23.689092930904224
22.858872413207532
21.964154836631284
20.11308915078956
17.98623241390748
29.417362113621607
29.560466882984187
29.518462981196517
29.431627214671717
29.044686103463217
28.548138504035933
27.611631583022557
26.279926285451392
23.900149618423804
21.182929586673225
33.06762888653908
33.20868404015555
33.16632130611181
33.03352028467468
32.55636044168802
31.96108685558887
30.66796288318915
29.2782475424841
26.472046130310865
38.1084948606034
38.23935182105326
37.98902960018302
36.629701976297234
33.35148863555831
29.947175039760317
26.172965695009864
42.35445058211572
42.360584892652774
42.271210802875565
42.03342062417694
41.30730563950716
40.39001772534925
38.559314956827
36.59167640436325
32.66736319721058
28.39777110288248
48.77961936040166
48.84407856006996
48.63449750292841
48.38599023661656
47.44063231826297
46.295784597354825
43.86232308010881
41.55903256004257
37.97887501556928
36.84158757583759
31.71090430299682
53.80140956659338
53.82270914956898
53.590848956570156
53.19705395648582
52.04841533855466
50.76014313642519
48.05572409422565
45.29686896914074
39.87551043784873
34.079312979896216
