0.5076696506319789
0.5059484941748886
0.4621157335336199
0.4092457979884491
0.35613058766912664
0.313026480415534
0.2707307634129105
0.2349622456491713
0.1868547968286035
0.12308518000455576
0.5407879127751466
0.5425485571712714
0.5381805782466466
0.5225287270238858
0.4675667861745143
0.40600963426897885
0.3549066545352984
0.304593847658671
0.26213373924692346
0.22251811683618763
0.18645408156248117
0.1581391912498762
0.10783098774847827
0.5680521586873009
0.5692815133676714
0.5688734570531165
0.5647721617352244
0.5625268491873979
0.5190615242194587
0.4519440432752832
0.39366428448871543
0.33577339920883714
0.28692698607633027
0.2414971673565562
0.20033394964972176
0.16818311575386055
0.08761042743137108
0.5895742404773903
0.589253529428431
0.5876258322723993
0.5813741526435406
0.5753418014033461
0.5632815424052809
0.49808629201840326
0.43329800791338435
0.3676667743761037
0.3121289374392481
0.2606009288584079
0.2141223235180774
0.17800894344955437
0.1435403944715046
0.6122187657486065
0.6119130443765332
0.6097896453988427
0.6026937567554395
0.5994213544822099
0.56427778628013
0.4940159174619486
0.4172132505273194
0.3511734217450162
0.28991936283291475
0.2349961746969039
0.19265789835855476
0.15261618054876108
0.11976241635552191
0.621234103493035
0.6201434444592667
0.6170944941043035
0.608881265122468
0.6048047028989944
0.5958326444920719
0.5383552974017636
0.45513920370025623
0.3813716881547754
0.3123698212832987
0.25079810954785053
0.20359811273076792
0.15925862171348543
0.12318523912074365
0.47849710948374613
0.4000432269322186
0.32640507826142295
0.26061841427410437
0.2103430432459753
0.12521312132297885
0.6232605100480353
0.6148859912041746
0.6015634155908716
0.5883646990873304
0.504546706744149
0.42154377316922903
0.34252242566536745
0.2718579013608312
0.2180200637008231
0.16788037760192723
0.12748856822792332
0.6182808813945025
0.608778761527888
0.593063174248221
0.5349478508715645
0.44815932059743563
0.3627376245066415
0.28592703662023117
0.22757756599315335
0.17351660938111582
0.13025208242122305
0.09195982725139067
0.6107569467066977
0.6011787245485095
0.585832556892694
0.5523342694936488
0.46970769583070493
0.3795342668488345
0.29765139857964285
0.23550431879157702
0.17814292452266944
0.1324823459109931
0.09233463963455975
0.5873775767212885
0.574500346054129
0.5628980577990699
0.5422630660295172
0.49234910561665884
0.457925750488631
0.39809976089417637
0.3107138421528096
0.24429392129010521
0.18320851467859187
0.13486197321824345
0.09265506181134593
0.5827259198357008
0.5704272324359607
0.5491631766337173
0.5128229447688856
0.41683133677649536
0.3242010225152087
0.2533689348206205
0.18839284930966263
0.13725658186900042
0.09292495129311036
0.5432160906054827
0.5306257505790404
0.5205479325629085
0.4927561538689153
0.4800594475614057
0.43925671967683255
0.3930795275608015
0.34127061950664134
0.264923763113606
0.19494739927471644
0.14019636940721356
0.09314837645875787
0.5120382070520277
0.5007376799162937
0.4833365847760004
0.45755295048404615
0.42856821376707266
0.3914641518625353
0.35728314995853444
0.27601202920563356
0.2011420775181866
0.14286866681391436
0.09311498377682052
0.4897614739162909
0.4587316135896046
0.5241202793755299
0.5142767367435501
0.46531550028961016
0.5446687705291166
0.5142744579635281
0.5539936247889473
0.4955579067869603
0.5840379377811296
0.5570994658703717
0.4919117502762519
0.583334606211479
0.5339201297231496
0.5968802987859151
0.5566444958450664
0.594521376083337
0.576889556501354
0.5016145897618002
0.588701250856356
0.5702570065696484
0.5295445480217889
0.5712217380435995
0.5440876078940936
0.46735559905956003
0.4883113370908006
0.5559651625289563
0.5366950424810573
0.5058238491286396
0.41516025982558624
0.49726193930985035
0.4359371829859899
0.4508742237401553
0.35589012373180134
0.4423868534290955
0.44430982874945824
0.4633476506307473
0.4648470064134913
0.46244387661969905
0.48977506143957633
0.49037211886091914
0.4867372025020224
0.47859685234790567
0.466061239456396
0.5097387806827068
0.5088860406477964
0.5037573059534105
0.49351608957395066
0.47856478659325996
0.4430551164727652
0.518441647465327
0.5164162778093869
0.5097818170522198
0.5032454883302122
0.49847345971324414
0.4909591585613627
0.4820091917145877
0.46254903219783156
0.4428314267525642
0.521628795191998
0.5179703220645533
0.5103612425892143
0.4971218639757995
0.48877013682379206
0.4791535556868422
0.4577629758659626
0.43748196636100584
0.4010124473157812
0.36733140794236613
0.30555958438140796
0.2787955924961566
0.24202741292696134
0.5170372999741375
0.5116896879063477
0.5018824688575848
0.4952756996161154
0.486732367956403
0.47558163818767374
0.46693570274832413
0.443423539803517
0.4219381781562199
0.38871527728683775
0.34820071968253213
0.3216624933333583
0.2846228749614979
0.25627748148239626
0.21967401765068634
0.5087014810281116
0.5016670922424651
0.49103647613727586
0.4752094279046851
0.4652572090767606
0.4537635821739258
0.42935925354667076
0.407119060590634
0.36806113965845644
0.331800113514072
0.3046132617162428
0.26699115656569816
0.23938851052365823
0.20204460452017642
0.49215283143918076
0.48351629116743056
0.4711164845466831
0.4537715054756524
0.43116690409404185
0.3831543524104083
0.3070080971630095
0.24183546684961613
0.17755923483654357
0.4698953090328351
0.45367082051650515
0.44288966447887623
0.4231668883386044
0.40971325189736135
0.38428459390934844
0.36023037931252294
0.32100719943762107
0.2843207531459109
0.26178347701302085
0.21965954367653864
0.1942750798934812
0.1570885914254908
0.4417486355436163
0.42994248682845204
0.4152044253042951
0.3957158263337987
0.38195596839309304
0.3720924858720434
0.3462031624318459
0.32224977077922207
0.28080472419873304
0.2467682731789781
0.2182506550169771
0.18474229427178823
0.1573078612479693
0.12498772884205929
0.4122015689167214
0.39945445124599027
0.38434570241203686
0.364566833911921
0.3520539172914995
0.33900517460413254
0.3130589829550988
0.2906359396290364
0.2516103928796729
0.21699890042047762
0.1963212838053364
0.15692831119376272
0.13161236722289463
0.10060288379430132
0.4156000423786455
0.4171815965782024
0.4341177536117475
0.4351626973487639
0.4308912734720145
0.45693933218876925
0.45682011682144286
0.45111314394329105
0.42736741565332603
0.4732265587314527
0.4714844814136756
0.4676438445004993
0.463544552361078
0.4362415838098957
0.4793798212872822
0.4763357432668933
0.47252846951620425
0.4669871057462569
0.4526306866008855
0.4361815909527415
0.40563544487708414
0.3745621642733554
0.4803064935311424
0.47554537510105505
0.47089978432678936
0.46456770829509714
0.4482226620288261
0.43102853119007567
0.39776376248724926
0.3656177506661892
0.30505919225882944
0.24190599064481885
0.4731639904131455
0.4662109135787241
0.45924697951501553
0.4531511412065789
0.4345409489452249
0.41594270067616607
0.38543469737119845
0.34664924501846206
0.28417995917975153
0.21957135067552516
0.46366693109719553
0.4555229993714622
0.4490261649560941
0.4407009035615463
0.4209942242765538
0.4014999320672011
0.3652756938749715
0.3303730436828914
0.26659729945632576
0.44574609046774205
0.43568811167482074
0.41922818105977916
0.3780787010112906
0.30574801773544924
0.24150156687956956
0.17748947927584593
0.4228239613020906
0.416495627815103
0.4092139942043133
0.39875066978793633
0.3773072250569361
0.3556813491557531
0.3187800746342724
0.2832141128808798
0.21937795462797313
0.1570330477773167
0.3946326907256371
0.38128192475984246
0.3707788314291617
0.36266550950844495
0.34027544464116605
0.31836868263688106
0.2790600389835836
0.24589494415031501
0.1986172261225244
0.18453304644520238
0.1249527461447557
0.365994378815875
0.3515824516825011
0.3418309471587454
0.3309426449419632
0.3080749124064979
0.28736902333790193
0.2501124201225898
0.21628883244794378
0.1567731297672487
0.10058204289586144
