4.119647360247128
4.1868829385123005
4.107189030480315
3.8988690290705006
3.6625134776537767
3.4593187576482904
3.252520394773127
3.0722646487144347
2.823270304151232
2.4844685966202142
4.76140846603022
4.878333101842328
4.911260804938618
4.904690982346383
4.711169512804051
4.425561741163036
4.166589005499574
3.898998550891824
3.6644790252603214
3.438797731081342
3.2285405871226884
3.060464611477533
2.755698856722386
5.422459913262685
5.480311040126278
5.524568425562186
5.5697201861529235
5.577518192216778
5.481765429157075
5.171774619754202
4.860145329361826
4.52979305412007
4.237820226583169
3.9560323713256955
3.692999368145132
3.4823488350418694
2.9336141922880334
6.082965380499698
6.197253857505392
6.221582146121087
6.252840977602748
6.255905514471658
6.23709761238435
5.963463553206888
5.605004102080816
5.206164286088593
4.848512123212545
4.50175424575161
4.177356982637987
3.9171300836440937
3.6611225340270974
7.085827982100299
7.16027547619033
7.2144219991538305
7.2638714422155415
7.270020249946885
7.187077766698096
6.812921870869895
6.311827892459279
5.8411980825034675
5.378821977126889
4.944168007955463
4.59466670822446
4.250197825807875
3.9546913319899173
7.825705049343042
7.903533978374704
7.959972773863483
8.00623332184534
8.011131517781612
8.003306699968533
7.75050168718421
7.198867838561503
6.6381389356707325
6.076040558685224
5.544337007016172
5.115917888593796
4.693288408553292
4.3302880962438515
7.76240347994792
7.148934739514817
6.521053472203676
5.923571331493804
5.441348449517699
4.556749012042636
8.749975479300904
8.898477485606337
8.925732957367247
8.898378902434066
8.407601689232983
7.744253044319817
7.03958715825304
6.362279271504411
5.814208704816476
5.273061411455643
4.808023856579617
9.317689267409746
9.456749269845927
9.474586634891107
9.188983434323323
8.497576724919067
7.699792406353234
6.917162824006913
6.280685048919007
5.6517579148546435
5.111381737177381
4.598576019627675
9.752678862192326
9.876102646950905
9.892935570589364
9.755311539026742
9.122270544628698
8.257094822589188
7.3840357400665155
6.669265439192509
5.962198650211031
5.354877517220142
4.778946372243027
10.302818492976035
10.3106723071036
10.277565030314149
10.1723031799006
9.797974715103091
9.48585326524326
8.883499329613583
7.910188090348761
7.1037498571959
6.304248687765801
5.617783891606766
4.967595990671657
10.587341110345191
10.681550833848608
10.652767863899578
10.434752428979525
9.526787431078139
8.457898149161279
7.5535764736482855
6.653361881974324
5.880461983496869
5.1496096042992345
11.070024858643551
11.04948683273247
11.007213016183302
10.82239972478655
10.716044747181336
10.316764530653424
9.80067234576132
9.160042758847306
8.130630938668745
7.094990085318494
6.205000706143889
5.365411879486886
11.330037277695595
11.30032819044547
11.202278506781205
10.986846745166892
10.69780370890203
10.266703965671608
9.832654756746232
8.692447625265554
7.520839430384207
6.510530362196631
5.559429155960112
4.114478963138861
4.078532331301138
4.7877442778635455
4.829484773516647
4.688732382419634
5.463205514793971
5.430949472893848
6.132092342812122
5.931962623152032
7.074073139670402
7.090045468469057
6.781534972910202
7.822171193886346
7.680584452400883
8.066122163598546
8.19951846814858
8.572955102580794
8.705414435000339
8.35211146543972
9.106013054266487
9.23206028040133
9.082801090028372
9.610750946938794
9.587500085823342
9.068452233576307
9.702935143468963
10.19785445513817
10.367834407023558
10.265598583852043
9.480043537842533
10.685419144162843
10.22123770729696
10.796893693850828
9.78377373258652
3.798690508974965
3.86476422544118
4.262261444990543
4.338027600527888
4.382540299698552
5.010042727465586
5.099870744778214
5.151006400992477
5.168937559104621
5.150023327102567
5.849305906253971
5.952055616219976
6.006301390237442
6.021388740873393
5.990302084783509
5.840042859767628
6.47817164290952
6.588121954533493
6.644721690303545
6.655755965494526
6.653420815420012
6.639709288517955
6.6121441201927444
6.528814787511137
6.424669875984347
7.114123737884797
7.232127440574562
7.2845790717445915
7.285418864398284
7.263688289154418
7.22788499931377
7.123033809325318
7.001835223955395
6.755833496346577
6.505484495598928
6.010636125308279
5.785805548479244
5.464409835062489
7.897892931634051
8.013202947800481
8.059929391655873
8.060767927092472
8.044100700125796
8.003095678885199
7.961375594920534
7.823622096281451
7.673535750168337
7.41436879007858
7.068718469710104
6.829450078281431
6.479237971851319
6.202309084066158
5.828610222620086
8.367050545571058
8.478051145856874
8.51420794047801
8.484827608103279
8.443741126280642
8.382317435947321
8.219155838420892
8.047439153210453
7.709370711043779
7.368318036281191
7.097101004938822
6.70692783544386
6.407010963855754
5.9856584606933465
8.903218807181412
9.001506543288759
9.023106405310246
8.969496150335917
8.836333278399055
8.439404696371826
7.661369213295728
6.90855982108948
6.096012587988777
9.30979419836084
9.346390066986055
9.316107743559678
9.20788604717468
9.108385891286659
8.888492691998696
8.654060042007783
8.227560331027956
7.797699478438883
7.518591693832882
6.971987648818597
6.62566256927423
6.093135962701896
9.652103684456337
9.706623551399945
9.677861480422582
9.566664128800943
9.459075060817273
9.368817331938583
9.102960432048787
8.830767185093015
8.308446928476679
7.844664900389908
7.43211598131357
6.926163024259523
6.4870469431011415
5.941784263949801
9.82831286585574
9.856097912643522
9.804098285894053
9.66081581667378
9.548078758139008
9.414512528023991
9.114182543609463
8.825557837229093
8.27865986261865
7.75166830224407
7.42329333710474
6.756109402194342
6.301275493139039
5.707607314303148
3.6789284578624186
3.7509510450297308
4.122045558944606
4.204673661087017
4.250044288010545
4.833734639122684
4.931068704506824
4.9819647603550585
4.9548247447923295
5.626164907514839
5.739264713863107
5.777225983930389
5.791849086608144
5.74406618673566
6.219782352007865
6.335118671701611
6.370473202885233
6.388868959607727
6.3761410219875545
6.3187464912376985
6.163563886415425
5.972287669941794
6.8124966663203335
6.935830155043155
6.969281597866472
6.983208829412857
6.956764488018664
6.885348350152249
6.693245090959487
6.470265870372651
5.9988107177668235
5.460935684416098
7.535983221278068
7.657009066632956
7.6882919777473395
7.691466711143653
7.642207110526541
7.546306937334609
7.340371674215651
7.030726103327241
6.466553347924025
5.824939295040964
7.964455642173715
8.075726887559568
8.099826822047387
8.099549537635474
8.029910912440117
7.915034938537001
7.638592709180183
7.329099678660266
6.694068155179432
8.446418618679743
8.543121619060297
8.542274540090176
8.302421910542122
7.621118107927905
6.895587750132115
6.092378037157327
8.804785333433053
8.834474293429961
8.837839585232972
8.809771723160877
8.688659438622146
8.517170623316646
8.154410073552734
7.757724119900835
6.959321145451903
6.0896193148305
9.083034926802817
9.13076815916057
9.107895416998714
9.068730375054429
8.903814442205213
8.694687092829131
8.239428766185107
7.806266886048646
7.128452788232557
6.9141576664626765
5.938577733754064
9.212102432845075
9.228863216799994
9.192653585719738
9.12548782466694
8.923546353008735
8.693443507970825
8.210617894314476
7.71502949267947
6.745016179390946
5.704740147182749
