8.273852027693556
8.308032398924569
7.987440187587335
7.492438166487075
6.9402396886768285
6.454671766266808
5.944837129804027
5.484725060132693
4.822818226948934
3.861248233042732
10.012548526242757
10.112238217529843
10.110070773963841
10.003738304878285
9.470290499018041
8.773140089227141
8.138925017302693
7.467786178261855
6.861737827579323
6.261638154242008
5.686054760178192
5.212927967444828
4.32183286969537
11.802710841748931
11.861087169853636
11.897065700386673
11.908785197262594
11.900516627066027
11.502096454481798
10.69403951118826
9.908054932864012
9.06327872596551
8.298077338763566
7.541175833811172
6.816971069764259
6.223467990001963
4.615358870815876
13.736109817445307
13.845996343493985
13.858178510679616
13.842872166646423
13.799849318880915
13.690638991695566
12.88306434251184
11.94138006803097
10.896624880493908
9.94304564870745
8.999555886968329
8.098691812388259
7.36260230775591
6.626237646225217
16.942776603333947
17.028651767247126
17.07637229191776
17.076401286662588
17.056392886610457
16.653722719514896
15.555959999762802
14.1770587980546
12.88029767092496
11.590166790125027
10.360342853204335
9.35956135209205
8.363154663619797
7.5050259284145024
19.561675968798866
19.654533059905262
19.702945710880112
19.692235671775617
19.661065557650282
19.568634660196395
18.684047556029103
17.080409624583904
15.486080452232649
13.880086291822122
12.347246476236219
11.102822001499296
9.86804354148635
8.808586466366108
19.06409831439624
17.279018050923504
15.454671166141164
13.708697004339726
12.292498332383845
9.689332548862362
23.22957310623226
23.385908895102677
23.301043538298394
23.12840248393457
21.488459695442927
19.49747538177345
17.406029493067003
15.392347539963867
13.759285769176477
12.145135643264451
10.766746003049407
25.770307170000248
25.918795436731898
25.797024278607875
24.70164504501259
22.52194321066275
20.08216131629951
17.698596524629227
15.762227407876832
13.851748856948069
12.225030791885487
10.697602644950653
27.921996176672074
28.061994449110173
27.94517387253728
27.345211450696436
25.241562383112413
22.520091271593696
19.80160248853399
17.584268205629524
15.398164453011312
13.540721187672897
11.801197567265083
30.480408943039617
30.37245778294086
30.187311730770922
29.761178803371994
28.457400215899764
27.426100100655226
25.47565742560392
22.36253084235224
19.800307527092453
17.27290752999886
15.129599950081962
13.127916322298875
32.88052246846028
32.985148442431495
32.7275656045207
31.87744083957695
28.78280764984195
25.26005556952165
22.30875889852936
19.389392162748223
16.916687198679586
14.613400587184723
36.1842735277952
36.03826686151711
35.8456378714698
35.13097181511731
34.737824567486165
33.334050928460705
31.548246691939735
29.362328442756173
25.876169850136133
22.39481280080174
19.445146840104268
16.70506285465812
39.26261956224211
39.10561366320663
38.70838164958048
37.91097143135402
36.86201268506001
35.32235928792512
33.78368391250648
29.774204655517465
25.683643251120188
22.20422223708961
18.977007360607264
8.160554357833924
7.944902860353997
9.917712463611943
9.886084775915757
9.434929209592058
11.667857318122037
11.417885954648147
13.507331089492599
12.827811074121348
16.68430217705553
16.46881433557745
15.496017658815777
19.200324709187573
18.54143319129575
20.69693215958353
20.504675742247088
22.662409741706313
22.698339619023184
21.364385233981174
25.089339146585594
25.125438064830583
24.449126910215654
27.240425437977226
26.924937037907423
25.10624321284364
28.203614540977366
31.697577089815038
31.921100731952695
31.396712679210932
28.648759860670893
34.77527951834527
33.0358873047551
37.26686207602815
33.61432114049991
7.645536351509566
7.700225714362276
8.820877707065149
8.88646068720252
8.903528216618724
10.844140367802872
10.926098757023283
10.945191118245713
10.899498104871839
10.783095982124175
13.327627701636313
13.426894803567796
13.440792929522265
13.367606183540214
13.204121525620005
12.717018622246153
15.368313237268818
15.478150466668591
15.487072379192734
15.440094119019241
15.392647615612884
15.305351521882672
15.186100983440886
14.896131852600769
14.571704243535153
17.629644086344722
17.75282815668475
17.749176410981065
17.62035368310921
17.504627586515543
17.357685187898245
16.99524899359856
16.6102983577174
15.869710535784026
15.137160655921464
13.703028719420674
13.051286540200458
12.118694780322155
20.77016573142953
20.895991333851708
20.87386012145906
20.807317131309514
20.69028990425344
20.503389814553387
20.34162675150366
19.86269748639553
19.377619791797187
18.571935536893868
17.521169436177136
16.801028498198768
15.750510669848255
14.921068389559915
13.805294605140093
22.917348922458313
23.042288245567196
22.99318744012016
22.773961993897885
22.593244488094623
22.355629361688102
21.791989128805014
21.229287280388185
20.15837190213114
19.098263384735297
18.26402719007734
17.066334451330988
16.15133960303281
14.869185101311436
25.77315182715217
25.88971580664441
25.805935162829517
25.518024014725796
25.00355629966233
23.65061977721878
21.1422839422128
18.76379629085865
16.217676297057988
28.11697209965746
28.04733880233537
27.874009359196
27.428338274538504
27.067087820577687
26.298642782639895
25.502783526213804
24.090522180169646
22.68536198907557
21.779705538104455
20.016897788082463
18.906047898423342
17.207544718713386
31.446552504585817
31.51346813412197
31.327025580260276
30.87674395205756
30.4748400608401
30.150453349241005
29.213279676242085
28.270976445215883
26.48733258462828
24.91407787354042
23.529261878565627
21.831816698164687
20.37653354777948
18.57876247944358
33.95013277267761
33.9823330990988
33.75179388327065
33.213857202993964
32.802526427289074
32.323097729960224
31.254459032712123
30.237437701356527
28.317348561074756
26.485576118592082
25.338407584870517
23.044445984086863
21.487472693518654
19.47084080651962
7.3813969630396405
7.4386678437984965
8.500538736255658
8.568771558395657
8.57155206152591
10.41931318770442
10.504645789163535
10.503789046424115
10.2830189376925
12.758936270027965
12.861129190398382
12.867719608394532
12.847608099926706
12.5446354960548
14.676242376144053
14.78488322247211
14.791197833004478
14.759693975563687
14.604591105689302
14.369570156158932
13.866565471118188
13.298362427087067
16.78631097992674
16.90695848479588
16.90381029191805
16.858359731854407
16.656011661281337
16.372783870590958
15.742385462450768
15.065733708090105
13.679255445016585
12.11181344121995
19.702945202941304
19.82478815013949
19.799453363434214
19.738081358680002
19.457095231110053
19.09330792662266
18.40679204323514
17.436599440226917
15.722462943770276
13.797266289315962
21.68508345008222
21.799822326253988
21.774107857127227
21.68203183982914
21.341057486867204
20.913808494425105
19.989846510849244
19.00500553971141
17.0358794195129
24.310908487094842
24.411169530224207
24.239182418767207
23.293846174167726
21.037225348406356
18.729886913643263
16.20815851633437
26.449605629925117
26.4560353969415
26.395480858454505
26.232437372651546
25.738836694080636
25.11854838621834
23.884488618768074
22.572375976388134
19.980819396666877
17.197412131947623
29.46963608151538
29.510342843578734
29.37133427901657
29.205707254784148
28.58331461421
27.83857831614843
26.266094697740122
24.789898364095787
22.511216279529968
21.792173747725503
18.567817014215816
31.721789684098436
31.724109527357683
31.572481335001317
31.319119992320417
30.58725165477732
29.77187608558136
28.074196617600226
26.35266822391195
23.0027402484732
19.459436064565885
