1.101484170800310691e+00
1.137148400766148759e+00
1.162433610671552042e+00
1.139879531402194335e+00
1.105489537704044123e+00
1.073012501275690367e+00
1.037990020054745832e+00
1.005985775366151413e+00
9.592392578879993525e-01
8.899829052496339710e-01
1.268223036075146970e+00
1.321224687498803840e+00
1.343419411356217230e+00
1.364245453940921227e+00
1.358056837514223680e+00
1.320615921843635299e+00
1.280636863497229383e+00
1.236135234244523984e+00
1.194994827222381595e+00
1.153444361846902133e+00
1.112896175961014533e+00
1.079059455120065181e+00
1.013779810750393473e+00
1.452697926968608000e+00
1.477546218737344264e+00
1.498677854995091208e+00
1.526061342096944440e+00
1.533198756660937745e+00
1.559183496094305621e+00
1.526865159913491921e+00
1.481162119139483258e+00
1.427429067009723385e+00
1.376874691643177995e+00
1.325493736920028365e+00
1.275160776471595980e+00
1.233037193854662483e+00
1.113958660206341378e+00
1.638479932251998283e+00
1.690614208374692229e+00
1.704291479318528202e+00
1.728921145360172940e+00
1.740662721201846619e+00
1.752365682860091978e+00
1.741115880799389837e+00
1.693221904514979226e+00
1.630370899531082385e+00
1.569436043571526440e+00
1.506896222355800008e+00
1.445340110306562842e+00
1.393670564658650690e+00
1.340568072192380944e+00
1.928436965752501786e+00
1.961568163186003799e+00
1.988963950028765471e+00
2.023668173194395514e+00
2.032465186518054967e+00
2.061357145860976292e+00
2.029703373806727829e+00
1.957316178220313230e+00
1.879851814815132860e+00
1.798113837717185026e+00
1.716789291281885177e+00
1.648173379963576046e+00
1.577426429797032625e+00
1.514022211567736864e+00
2.150433700253145730e+00
2.186521624946512699e+00
2.217023013263446085e+00
2.253011936626569955e+00
2.263283907523405247e+00
2.277756343176274179e+00
2.283747512852331685e+00
2.215174826608408587e+00
2.126628119223589408e+00
2.029188322363781438e+00
1.930902550451407462e+00
1.847537407830837086e+00
1.761373528358470164e+00
1.683958555948243951e+00
2.376777016873631521e+00
2.283579773778188216e+00
2.176391760711199996e+00
2.066872738984700586e+00
1.973581158397162083e+00
1.790075428264624513e+00
2.441983177334379196e+00
2.523656433355222273e+00
2.564541513766146696e+00
2.582007385891977869e+00
2.559405407957368261e+00
2.465204971901620024e+00
2.347550619655942583e+00
2.224740819865742125e+00
2.119435805651054494e+00
2.010151365225283371e+00
1.911674875801375295e+00
2.633147736295093022e+00
2.714733551864128458e+00
2.759473621230995821e+00
2.776342427023154702e+00
2.692840356171311011e+00
2.564759408110698580e+00
2.425157748840252925e+00
2.304002752969454004e+00
2.177782859797025683e+00
2.063819282139751188e+00
1.950718611467826547e+00
2.788319899237452493e+00
2.865111245815606722e+00
2.910688607926555704e+00
2.936646871387382340e+00
2.879404654170957034e+00
2.747339076055250739e+00
2.594287363070891139e+00
2.459412179244369057e+00
2.318259218267965771e+00
2.190571019399393471e+00
2.063716500705391699e+00
3.033863226729138773e+00
3.072112401914228741e+00
3.089932271627765736e+00
3.101277884646075567e+00
3.078370029319829726e+00
3.040675575728668978e+00
2.951502486649477230e+00
2.785264093715729139e+00
2.634822112303987218e+00
2.476209983228139677e+00
2.332339547048400075e+00
2.189254587354306114e+00
3.122150723737061817e+00
3.198916401839645207e+00
3.248268581248296982e+00
3.261848392783013750e+00
3.159712961851479207e+00
2.984279706384580511e+00
2.818084421680195018e+00
2.640746532482808551e+00
2.479273875093226831e+00
2.318491021613108938e+00
3.398533185217941899e+00
3.430288629611623286e+00
3.444815612758311385e+00
3.455574804344432760e+00
3.450991213070182528e+00
3.412599164139674901e+00
3.342123374273721748e+00
3.239377316591930178e+00
3.055257363175699403e+00
2.853540769167190572e+00
2.668388050766752340e+00
2.483597147240268033e+00
3.575629095943743341e+00
3.602944495396833258e+00
3.622960768171323842e+00
3.622892693972136868e+00
3.600188452399989192e+00
3.547460753257576371e+00
3.483284575199875999e+00
3.288098665560941214e+00
3.063385037737699879e+00
2.854250349526287422e+00
2.644773128491677117e+00
1.126087174251900969e+00
1.153841240549406733e+00
1.307448369915310549e+00
1.342124815590554965e+00
1.351301546239354945e+00
1.510092396689850069e+00
1.544117332466332204e+00
1.721681701765931827e+00
1.731646032763037413e+00
1.975878559103822152e+00
2.032780203940946162e+00
2.020171312886323900e+00
2.224991042296792010e+00
2.262784442788656314e+00
2.257124039270564264e+00
2.398506589174589365e+00
2.429641395133498083e+00
2.525175775166386138e+00
2.542346786723557628e+00
2.612713589761943123e+00
2.710608955208576809e+00
2.743986135542685112e+00
2.826948676517530235e+00
2.885765299663760164e+00
2.862312788494648430e+00
3.048364829757529204e+00
3.031331668244383604e+00
3.161056399385292703e+00
3.208763419146805074e+00
3.144116414816742644e+00
3.378983037945375134e+00
3.380809359182889828e+00
3.559897404480143912e+00
3.465714070818260772e+00
1.044431550147009613e+00
1.073555251649718434e+00
1.176781127272062522e+00
1.210217509877825393e+00
1.234614513976045824e+00
1.393995333769231237e+00
1.434139862990466918e+00
1.462952001797735546e+00
1.483814891984337692e+00
1.495510861392453483e+00
1.645093639301070443e+00
1.692263630070548697e+00
1.725075032585277057e+00
1.749331026873750305e+00
1.761551742258683717e+00
1.757555466509781450e+00
1.839980026013894543e+00
1.891668243497037549e+00
1.928480234193119758e+00
1.945468378278402577e+00
1.953329530724854379e+00
1.961283234197380265e+00
1.966041973585096247e+00
1.966373691563439552e+00
1.958441705632504082e+00
2.044897474801646187e+00
2.103082514793571445e+00
2.140899355052823694e+00
2.167863698614107104e+00
2.175627498042715047e+00
2.179712134858337702e+00
2.177675134064321227e+00
2.167299028743844058e+00
2.136381557639335682e+00
2.098779043565951241e+00
2.015493868623007945e+00
1.975062762035326491e+00
1.915065098746094430e+00
2.313899500585892000e+00
2.375614686316975366e+00
2.417151432008512568e+00
2.432275036352375075e+00
2.444483936222968001e+00
2.452551263878972598e+00
2.454568050547142555e+00
2.448817616782982931e+00
2.434013752172680345e+00
2.399980198356619354e+00
2.346534683656460896e+00
2.306377237886637399e+00
2.244390027542214394e+00
2.193260749861439596e+00
2.121618255297709421e+00
2.488152414605607543e+00
2.552604075737334277e+00
2.594473101147582561e+00
2.620517381422011738e+00
2.627113431290666767e+00
2.629103397833725708e+00
2.619933993234918823e+00
2.601662825726387407e+00
2.554974390623243163e+00
2.500520232663731690e+00
2.454014189621168907e+00
2.383629798960149593e+00
2.327199514053533314e+00
2.244918812907108485e+00
2.707479438084518186e+00
2.772698918665900347e+00
2.815837164961280781e+00
2.840320008544612307e+00
2.845050210116284894e+00
2.807740918345320580e+00
2.687456753459036118e+00
2.550858076099619343e+00
2.390634135966865692e+00
2.909561815448872935e+00
2.973980292051982222e+00
2.992883326889314688e+00
3.005222199982922948e+00
3.002830153275090730e+00
2.984651048759826342e+00
2.955997072530141878e+00
2.892098239139289539e+00
2.819443186325523154e+00
2.769344986476454995e+00
2.666147355651698803e+00
2.597889795064610929e+00
2.489060523590634233e+00
3.103086372480873933e+00
3.167766486756752542e+00
3.206518407187827879e+00
3.224758417270546129e+00
3.224615627938994589e+00
3.219695453622259507e+00
3.193695936734885610e+00
3.157722562833714441e+00
3.075200326437383946e+00
2.993373370983608783e+00
2.915949670732878918e+00
2.816519439581468109e+00
2.726658210321004194e+00
2.610780788637196537e+00
3.260419685600750128e+00
3.322029881685162334e+00
3.357361926852589384e+00
3.371360181673696221e+00
3.368924594911569592e+00
3.359872024356859832e+00
3.326950494965725369e+00
3.286455886305757357e+00
3.197020225617395184e+00
3.101058789053289466e+00
3.038075412768916461e+00
2.903507992103600888e+00
2.807514837030452348e+00
2.677313291023430963e+00
1.027754537712001204e+00
1.059896085642755059e+00
1.157053909039267303e+00
1.193968757956481275e+00
1.221504713706507594e+00
1.368807510252582293e+00
1.412741066945256474e+00
1.444900884380239114e+00
1.470305611686903546e+00
1.612268263086923836e+00
1.664917487333662294e+00
1.688161660858066959e+00
1.701631137590609688e+00
1.728055139271331919e+00
1.801987651204004504e+00
1.857735132612145845e+00
1.880033946182015470e+00
1.898307394206858012e+00
1.919571020138835848e+00
1.925647707932049535e+00
1.915871876483046021e+00
1.892133053369548623e+00
1.999526371224065180e+00
2.062098919212308701e+00
2.086065927182866098e+00
2.104848602835470484e+00
2.126201712792388676e+00
2.130847040567354078e+00
2.116423751254109309e+00
2.087346539467478390e+00
2.011518389066953461e+00
1.913848311339280794e+00
2.258111924058207709e+00
2.325623399862535745e+00
2.355152511829858852e+00
2.370599266880923039e+00
2.391592885131624602e+00
2.393383098024474354e+00
2.375895467223465563e+00
2.333868716571670276e+00
2.239982719920807330e+00
2.120277871819634452e+00
2.425513484691500299e+00
2.493211702141879371e+00
2.519350987542541276e+00
2.539821741545081668e+00
2.559251808272335449e+00
2.558624392041864315e+00
2.531402852410826299e+00
2.487147933479159967e+00
2.379034279220096693e+00
2.634850769870010101e+00
2.704572185613623336e+00
2.749869609361951017e+00
2.761909886338880682e+00
2.673227158530875780e+00
2.546010941426651630e+00
2.389180186802488670e+00
2.827789358985473012e+00
2.860064525946026670e+00
2.883832403583113102e+00
2.903810611638419914e+00
2.917101425038092888e+00
2.908880433734502446e+00
2.866131220157854376e+00
2.804805750191085689e+00
2.661204545961057821e+00
2.487575024440487503e+00
3.008134749122905571e+00
3.076591404080217806e+00
3.103812033607493248e+00
3.115550804695973230e+00
3.122975947903503968e+00
3.108359654836001074e+00
3.049155119653242707e+00
2.978346937941982908e+00
2.853334145353956686e+00
2.811437888477656522e+00
2.609276752419345868e+00
3.152466418947772908e+00
3.218645892234424544e+00
3.241678701442403554e+00
3.255034247872103492e+00
3.255959866887427001e+00
3.236083731164105970e+00
3.169896281731152232e+00
3.085800085685995064e+00
2.898429515340938512e+00
2.675823618000350290e+00
