0.9083208814227682
0.9272243986519609
0.9106631405477534
0.8592232602792945
0.7988073885569351
0.7453875141213367
0.6892368573481644
0.6386692619646558
0.5656257875049003
0.4585250723981913
0.9969229687774587
1.0258730278710466
1.0342762263327057
1.0336984140905268
0.989109745484575
0.9209581212341531
0.8576566032663584
0.7903139218046042
0.7295235421287977
0.6691462392258228
0.6108138707035492
0.5624965667001158
0.47047584573842044
1.0886835627161233
1.1017794863622214
1.1118294451161
1.1221284003608358
1.1239095850230372
1.1030553803077305
1.0332617544290843
0.9617531846795517
0.8839754261717729
0.8133747248518463
0.743228420341189
0.6755235910060063
0.6195148964522301
0.4647226136036523
1.1725716460408775
1.1963237272076295
1.201338699078629
1.20773753041294
1.2083962798900008
1.2040909829832178
1.1454748399961578
1.068000880031768
0.9799532784620922
0.8991151116373618
0.8186306391506524
0.7409857821770914
0.676837720400117
0.611947725555082
1.2889226259685278
1.302615628952182
1.3123718430836941
1.3210925743444277
1.3220658337049427
1.3044417114212887
1.2296573702252505
1.128681334230845
1.0321976053100679
0.9352057563633869
0.841534135557697
0.764270640801524
0.6863000927090117
0.618065762636511
1.366680547409973
1.3801233342108545
1.3896111338842372
1.3967277839055576
1.3972598621098822
1.3951571481764362
1.3462800867100306
1.2417638674183988
1.134430736528683
1.024688789399281
0.9183139248288228
0.8306129958421707
0.7422631892056095
0.6650787231227385
1.3109188789962882
1.1980955518388856
1.0805868647163124
0.9661743466270813
0.8718174456312967
0.6939786954763301
1.4552190166367833
1.4778226781641957
1.480711010265238
1.4750280871432822
1.387480942868021
1.2705961037865023
1.144663229979158
1.0210212748440624
0.9189257651444545
0.8162513087227085
0.7267724356672375
1.5048984674323758
1.52480951479837
1.5258216155256972
1.475850380587065
1.3597844747153198
1.2247341252497503
1.0897078914273766
0.9778096063730832
0.8653300371688969
0.7674405753304302
0.6732914026189923
1.5403297388518755
1.557381060783657
1.5580833793941726
1.5341603971321498
1.4314731609491973
1.2910777437155605
1.1469694872151075
1.0268679447363638
0.9060976356506414
0.8010924008729124
0.70026270661499
1.5877110687218687
1.5875339879812276
1.5818835906048143
1.564880566745489
1.5062465035381254
1.4578579447529327
1.364239263467126
1.2109218499966097
1.0817289230560183
0.9515743017849845
0.8385168196490781
0.7301295301301131
1.6003372990153528
1.6123836147806652
1.606324323765067
1.573010964613286
1.437815430567766
1.2769108894305912
1.1385991865432006
0.9986996601767155
0.8771875953224978
0.7608794259018593
1.6330886107490425
1.6294712800778044
1.6232963645421628
1.596660350148736
1.581603504599969
1.5252918550612335
1.451854746802474
1.3605268474151793
1.2116065064156663
1.059318899437906
0.9269020143262561
0.8001835516473711
1.6417843998381327
1.6374755256013778
1.6242511804824482
1.5954491915454991
1.5563766168036186
1.498190723811913
1.4393490945783143
1.2826286914774658
1.1187692440974275
0.9755948454446606
0.8385788623169446
0.9105425947253506
0.9037726038252483
1.0062130044382611
1.016759025374401
0.9841658198719965
1.0998888648727512
1.0924628501511884
1.1833651807758128
1.139385292224576
1.2865144937683795
1.28702247679845
1.2241260898272899
1.3643785991186648
1.334557484810951
1.376652445416135
1.3933988147715552
1.4262196145829389
1.4446133873722913
1.378864491620567
1.4716243165333793
1.4881194510977471
1.4599310333615294
1.51679197475844
1.5097007566825031
1.4237010299614488
1.4928728291639501
1.546337559856739
1.5671955855174864
1.5498069548752593
1.4314248045553046
1.5794917455595354
1.5125509947302531
1.5706805865470075
1.4329110632768838
0.8345458695703982
0.8514751295273475
0.9029708435740834
0.9209576122869056
0.9313476587602326
1.0045982311458495
1.0237144564040865
1.0340121410646554
1.036856015783304
1.031779659410991
1.1075217305542098
1.12684998653437
1.1362937878615182
1.1375327195361904
1.129426867609294
1.0955669619224797
1.177728691444214
1.1965565623272183
1.2052328980632183
1.2060487700083038
1.2048010304600738
1.2010149955320524
1.1946117776975747
1.1764952600603713
1.1546148830020118
1.2429295492166699
1.2614035137714306
1.2684434096774784
1.265941087872831
1.2608797919808084
1.2531063186421407
1.2313687634710742
1.2074349704084042
1.1589697254021447
1.110022527577827
1.0122735806069914
0.9671368186663526
0.9021609635230129
1.3158243592939078
1.3322500612788306
1.3369972884686983
1.3356659061238019
1.3313645042518736
1.3229546354306818
1.3148948211719624
1.2886286540145184
1.2610570940620789
1.2138679573186208
1.1510109621254514
1.1072667032616406
1.0430642928839622
0.9915947149324177
0.9218177061472096
1.3553032314252018
1.3697870484490435
1.3729913706163521
1.3653431791328818
1.3571354919788934
1.3457394217810128
1.3167609466881023
1.286639456694727
1.2280285875408943
1.1687698593513902
1.1216933121698398
1.0532566915904218
1.0004772338734746
0.9255073665801571
1.396159069584655
1.4077564555374982
1.4082636929798849
1.397420787585354
1.3742311422587459
1.3088439866588402
1.1818207859398489
1.0579171122269944
0.9223377021269238
1.4257813974300853
1.4277987952236826
1.421627683899701
1.4033589712064534
1.3874376222239708
1.352758059761205
1.3159835879995896
1.2497427881531866
1.1824702890787653
1.1387989347538265
1.0526660377447057
0.9976864722502123
0.9125891069190544
1.4399690106759435
1.445423584738246
1.43981006605639
1.4223438985004146
1.4062493946060064
1.3929572143151208
1.3546115847572224
1.3143671611826104
1.2383035246270109
1.1704593744334129
1.1097148120011582
1.0345094096724183
0.9690854247733557
0.8868860251559915
1.4438479919391474
1.4461697924886778
1.4381140412903406
1.4179390084383585
1.4022081332011747
1.3834959652090826
1.3417750087583145
1.3017824640118758
1.2257211583465597
1.1517134474137372
1.105154660540815
1.010481749612787
0.9454090357768483
0.8599534435683179
0.807271122171731
0.8251577987427197
0.8720860145596661
0.8910147862565596
0.9010589814169639
0.9679250754308988
0.9876055242185858
0.9972127917603679
0.9878599931141839
1.0639876719367893
1.0841858485950775
1.090328110309524
1.0921490832402199
1.0777871753270383
1.1294177480403707
1.1483093084480522
1.153377843343183
1.1552370189392887
1.1497534710958477
1.1361857172985486
1.1022013335699345
1.061622204004802
1.1892456285815505
1.2075921663297478
1.2118712578597493
1.2124995087060153
1.2039587146631783
1.188345494337108
1.1488311049779047
1.1043828512436453
1.0104278061620162
0.9016375492263946
1.2552503324353266
1.271231305160275
1.274181518507618
1.2731613366327048
1.260749816532763
1.241601372253632
1.2026481039011416
1.1453171983109627
1.0412056621414287
0.921296601673734
1.2907373054075737
1.304349601586034
1.3059786619633083
1.3037674851373025
1.2888027986900956
1.2671674585554873
1.2177076325987835
1.1631027296837801
1.0514351733003104
1.3259995440496435
1.3367439537818044
1.332513219231001
1.289535376262726
1.1762191243049769
1.0561386564562893
0.9218497860818441
1.3509733914429611
1.35358716715047
1.352302102476092
1.3462762751095714
1.3252668496557887
1.2971920191032074
1.2397370524991282
1.1770257212095814
1.0509570054972341
0.9121208539242951
1.3604668234048354
1.3641591806213231
1.359369168364559
1.3528860335604491
1.3276474123720843
1.2961772716345605
1.2290679131205637
1.1651060361532892
1.0647537133165497
1.0328974748548694
0.8864540074356464
1.3605162102811348
1.361165749618645
1.3554179717531816
1.3453901900671885
1.316555610558215
1.2842506402527838
1.2166362909526516
1.1467918281211182
1.0089697774999162
0.8595534070309321
