0.9902324876827697
1.0137709252078877
1.0053939842981934
0.9575266105815223
0.8996419833375857
0.8480650330359447
0.7937131276735439
0.7447305113583835
0.6740009796641759
0.5705156728959979
1.094325353088618
1.1296378707698518
1.141281669976155
1.1450766587239412
1.106213871009878
1.0411024841662462
0.9795708600311835
0.9137389543935411
0.8541545376756161
0.7948726663633572
0.7375614746913257
0.6900700704965301
0.599560132299791
1.2041287264425626
1.2201299246082846
1.2328170279704929
1.246938274749342
1.2498490215903337
1.237221296103911
1.171584680169928
1.1018941471645602
1.0252737864058021
0.9554231368681378
0.8857829645693419
0.8184260635489123
0.7626026931013956
0.6077059354430802
1.3063867044933246
1.3364873390429863
1.3433387366884724
1.3534186019659027
1.3561890448879066
1.3546768634020647
1.3023629421686684
1.2270547513452146
1.1398333393058664
1.0591660372045417
0.9784508618271154
0.9003141782320369
0.8355598755492378
0.7698575132731238
1.451747445220155
1.4693786215475488
1.4826039245065439
1.4962106524096914
1.4985831105380316
1.4883378857520628
1.4179660402915066
1.3177378883604802
1.2204248892589227
1.1218471355958395
1.0261146874442217
0.9467666102926054
0.8663182038622235
0.7955564802640881
1.5518599932590413
1.5695875038309768
1.5829318772132854
1.5950977289961328
1.5972593815473999
1.5978215652825378
1.5560239151407356
1.4531514573634445
1.3443939274051462
1.2319248034977905
1.1221005945552405
1.0310028151153723
0.9387048509820786
0.8575061818989157
1.5360269103792554
1.4216024012069537
1.3006603764732194
1.1818716468496329
1.0832304547326808
0.8954699144660777
1.6697060354557411
1.702360420577359
1.7112189905995052
1.7088890164640287
1.6277941008888683
1.5095147893523164
1.379406968989145
1.2502932733399839
1.1428417300377351
1.034026426152292
0.9383993236438241
1.7386151179802876
1.768433625782577
1.775900415282545
1.7337698771071757
1.6176239644050756
1.4777247158399058
1.3358484184804258
1.217187782880053
1.09697532082409
0.9914037931348093
0.8889755013319058
1.789539869446278
1.8158083244762988
1.8228991940428283
1.8050630223913806
1.7044748949432489
1.5590900517155715
1.40704950471253
1.2789808211990454
1.1490887442524813
1.0350627780639463
0.9245554206928567
1.8628067364897274
1.8678736465193522
1.8651786377241615
1.8513227693160779
1.7950100391753763
1.7459494110161002
1.6487218139629392
1.4864388561123145
1.3479222313931964
1.2070412320128416
1.083414905111851
0.963729374149192
1.882504538901972
1.9035278332640728
1.9044052800009228
1.8757639243694344
1.738667708394866
1.5681760177050577
1.419193378535248
1.2668911580379747
1.1331346994065763
1.0037974773497038
1.9433040277742515
1.9439771388708416
1.9400153200249122
1.9167010876907769
1.9024735093083769
1.8454810768272332
1.7688185950603015
1.6714750561974547
1.5103686182319955
1.3435804601207872
1.1965707148971452
1.054508228978023
1.9684944139099196
1.9676808564431607
1.9577003008603133
1.9308899271470872
1.8916606112447614
1.8311016346146203
1.768538265821053
1.5987405559936396
1.4182916507063592
1.2583581974057076
1.1038907255108326
0.9974381078156163
0.9977794074824995
1.1102499334347355
1.126267015067122
1.100666787037654
1.2249419295736832
1.2252889510517118
1.3312289410950338
1.295394832572719
1.4579833565790041
1.4683073013141004
1.4115324502435151
1.562177816458082
1.5423468921005958
1.5749353935533155
1.6122273604321746
1.642285844821118
1.6732842438629516
1.6175729562361723
1.7060595272035302
1.7351893004313301
1.7148546157716331
1.774026441740782
1.7759469090218625
1.6951071589799152
1.778877381305341
1.8215262333700746
1.8574471547612315
1.8477559229893956
1.7308424792458381
1.8916179200080419
1.829879038722826
1.900566841361284
1.7605373871604013
0.916256911320057
0.9367130215060877
0.9978027563066489
1.0198905834676741
1.0337026082863772
1.1213610674941432
1.1454572691693719
1.1598233618889933
1.1663014424965925
1.1642668969939696
1.2500047962783243
1.2752184780832316
1.2893042016753806
1.2947855790876872
1.2900078111168758
1.2601190079493332
1.3402733142448586
1.3655509410358053
1.3794207404501386
1.383057014478676
1.3833244883110447
1.381393405535908
1.3766474247549654
1.3609431982776887
1.3405468523733843
1.4265747602145773
1.4522748921282085
1.4646156378822301
1.466798154940976
1.4636272394229628
1.457456959292738
1.438010586469049
1.4152803775897902
1.3676298055991787
1.31844815908684
1.2187788315541725
1.1723968435801901
1.1052613339973378
1.5270384329551987
1.5510198962483515
1.5615234259845825
1.5626282210412612
1.5606622744135845
1.554374152791856
1.5474952639236166
1.523233432819043
1.4964088148027461
1.4491714410685268
1.3849733086337652
1.3398141903180343
1.2730266943050232
1.2191980295769405
1.1457808100326778
1.5842323187948362
1.6065552153211828
1.6154830470926131
1.6123689701741846
1.6059526817937269
1.5959958326779349
1.5686209313506096
1.5388674255257653
1.4793601341482898
1.4181299191525747
1.36892683983002
1.2969636907568765
1.2410813816482276
1.1612991651137845
1.6470734677430061
1.6664744132673261
1.6728265790367933
1.6662721198411132
1.6458074313188122
1.5811953107983925
1.449076268653375
1.317243338212714
1.1711436091295282
1.697288070885294
1.707488046341469
1.7042581199805273
1.6890809522922363
1.674144231684913
1.6399386070268616
1.6024236884354022
1.5332118943505093
1.4618197607331194
1.415072356511054
1.3220918424980617
1.262390878758302
1.1693917363207273
1.7293828363491046
1.7422266492341383
1.741735685101446
1.727574611553009
1.712574973924398
1.6995928140152181
1.6603963049962942
1.618838507777367
1.5378569528604873
1.4643711175224832
1.3983438667101404
1.3158111206689138
1.243464543225268
1.1522454345054927
1.7478768241211815
1.7570364421663769
1.753486888991871
1.7360636657752735
1.7209652085802867
1.7022954170670543
1.6592090128771078
1.616847976526198
1.5349244576626488
1.453867026925464
1.4026124011090289
1.2973643941742772
1.2244910267912337
1.1280768403943364
0.8898850190182713
0.9117898513339946
0.9677683843394671
0.9913602303649917
1.0055345841255205
1.0853445452659825
1.1106326440504657
1.1250618984187386
1.122034334938403
1.2066836269772625
1.2336276068554808
1.2431158540691427
1.2471150835457698
1.239506688956307
1.2919010611386266
1.3178967470983878
1.3261191775842491
1.3308685598855237
1.3297252203944887
1.3189481692510918
1.2876623238512483
1.24822635160465
1.3722522090582365
1.398507772061396
1.4061591093915518
1.4097430909682342
1.405663800308195
1.3926637036841787
1.355530473556271
1.3116699967345251
1.2165273117053577
1.1046105244884756
1.464947090761445
1.489356702211969
1.4964025530689335
1.4977682919374082
1.4898777360837774
1.473041404113969
1.4356082481550938
1.3780318085474852
1.2707255830856798
1.1451226248143722
1.5175098170838526
1.5394559971824637
1.5446618528110603
1.545602278231639
1.53489605983925
1.5152804081742683
1.4667607899064394
1.4111590575799082
1.294687211292109
1.5738258027012715
1.5929917840151775
1.5951998605839426
1.5575615922220705
1.4421112229835318
1.3149954628167864
1.17051373806517
1.6184533451884673
1.625022860393032
1.6268546346296515
1.6238298814810062
1.606173675760381
1.579238250444201
1.520769959203466
1.45499507351042
1.3199135530462542
1.1687819882421286
1.6445239610316016
1.6560369455206965
1.6547696190346841
1.6500825093061076
1.6273504233803715
1.5961498665616534
1.5262400701336722
1.4578500986955478
1.3486865808928405
1.3137331403168995
1.1516759889025627
1.6577286897205976
1.6657263266677234
1.662860387532957
1.654857643253221
1.6276598863084293
1.5948199380676094
1.5234160967806267
1.4475822222844403
1.2954004787361328
1.1275457645418434
