0.7601335651717981
0.7780287956518777
0.7710557405707553
0.7338825188569928
0.6890518766865551
0.6491409691796342
0.6070953652428002
0.5692055425346182
0.5144761814010208
0.4342653766912714
0.8389037480177818
0.8657520729627602
0.8745359411036098
0.8771985766363563
0.8468925261634902
0.796520856178811
0.7489913770204504
0.6981651106083893
0.6521694872567969
0.606404669744263
0.5621414351374876
0.5254364295046524
0.4553504410267148
0.9219693516029738
0.9341224329464318
0.9437369584962494
0.9543877867506764
0.9565619276304741
0.9463558778248495
0.8955696567823304
0.8418092242370891
0.7827615938265235
0.7289209013520429
0.6752571212391406
0.6233361654118867
0.5802824728023172
0.46049290552683125
0.9992039130508555
1.021994328031865
1.0271591850784736
1.0347019630333052
1.0367137024240518
1.0353883563256185
0.9947886441147131
0.9367427555804213
0.8696170795642134
0.8075408578302509
0.7454474580026459
0.6853254603655536
0.6354794969582442
0.5848700767687641
1.1088541244251258
1.122178731536904
1.1321454684141117
1.1423295405429985
1.1440753740325051
1.1358053302174513
1.0815173102520106
1.004490925481142
0.9297769090310771
0.8541151581753113
0.7806339049107601
0.7197157135554135
0.6579239556901925
0.6035006413390177
1.1843006539306247
1.1976770510458516
1.2077165445648952
1.216784480680787
1.2183579710454566
1.218605548925218
1.1862160539114104
1.1071916455986
1.023800582298302
0.9376064999784197
0.8534451046431493
0.7836273593326368
0.7128656647107781
0.6505867101462859
1.1700703062114763
1.0823931382375995
0.9897815110838049
0.8988332960335923
0.823307334261319
0.6794840032979388
1.2731601757603146
1.2976318103296338
1.304140938417502
1.3021895907082783
1.2397329116578943
1.149148229736842
1.0496015757821318
0.9508415598073199
0.868652750595464
0.7854032750242605
0.7122255539090079
1.3250302711658157
1.3474196923019803
1.3528768642122015
1.3202472719713751
1.2313087634942252
1.124365381894774
1.0159568567265156
0.9252968279821471
0.8334351758583994
0.7527515854053494
0.6744287991628577
1.363455258600555
1.3831594569307872
1.3883334112570493
1.3744379811433831
1.2973817650204535
1.1863106786083284
1.0702241767117961
0.9724557076456988
0.8732868070065025
0.7862197419555386
0.7018034962822697
1.4186713285979293
1.4223563792012683
1.4201975197081502
1.4094854296412993
1.3663433979089368
1.3288540584671977
1.2546309804751559
1.1308170036716598
1.02516152662218
0.9176939975535763
0.8233808749915461
0.7320425318855303
1.4337700278261793
1.4495491672078114
1.4500019955416803
1.4279770410338275
1.3232983007664487
1.193308372915526
1.0797544352345827
0.9636623002856796
0.8617035115622521
0.7630804588511032
1.4798841888255865
1.4802529435939886
1.4772269527262112
1.4593641871344358
1.4484953010185622
1.4050707223947672
1.3465978085800994
1.2724520728069793
1.1497546835164882
1.022695108703392
0.9108748155763137
0.8026305497834442
1.4993945726347224
1.4987246250224449
1.4910776698273531
1.4706322880490286
1.4407457223154223
1.3946382423717825
1.3470204952196327
1.2177975736781026
1.0804710087902498
0.9587376850905204
0.8411347447603035
0.765392904359023
0.7652203395265711
0.8507859551228976
0.8628076407012698
0.8426521210117408
0.9374357343181754
0.9372452578279091
1.017507677059137
0.9894791140717742
1.1131678167761412
1.1205629036448888
1.0766249322735215
1.1915707179940156
1.1758228331250589
1.2012570430993068
1.22882436219176
1.2519997456224894
1.2751512313788227
1.231975278343832
1.3000657617261606
1.3218115886070319
1.3058934180505495
1.3512430652305074
1.3523447591225113
1.2902759011082423
1.3541041734510806
1.3873984493858145
1.414365458762928
1.4067229343358638
1.3173606006143133
1.4403971359158811
1.3932233409302883
1.447589186261975
1.340937810386971
0.7030173600146316
0.7186008088283513
0.7647610519670379
0.7815527869348557
0.7920010306904762
0.8581538567524988
0.8764203109807739
0.8872440624802511
0.892022099819821
0.8902781981016556
0.9552178994104639
0.9742730501508056
0.9848432168161956
0.9888109860102463
0.9849551834487217
0.9617523609228553
1.023246926574862
1.0423094915210946
1.0526794587760844
1.055320487101041
1.0554435027303413
1.0538569509198572
1.0501228025903597
1.0379289387418589
1.0221821577743855
1.0882443938397408
1.1075879604813315
1.1167809835035198
1.1182115787534443
1.1156819773303523
1.1108638260774322
1.0958213160680574
1.0783159145144554
1.0417026512473362
1.0039671792964617
0.9275513932941498
0.8919971648967239
0.8405436246834139
1.1639038314009613
1.1819227361481768
1.1896952228616668
1.190426132104598
1.1888086600500762
1.1838888537816588
1.1785620385854243
1.1598612384920723
1.1392713556099137
1.1030635241919957
1.0539060281666037
1.0193444477153237
0.9682474343068806
0.9270639281069949
0.8709049289044236
1.2070083312667432
1.2237551675972596
1.2303413831908765
1.2277567950496346
1.2227562311709834
1.215072938557255
1.1940390277479338
1.1712326694824418
1.1256875526557413
1.0788491989146964
1.0412576240764864
0.9862583442913233
0.9435594670082097
0.882594777594447
1.2544608529269452
1.2689964398894635
1.2736131096573897
1.268455898291791
1.2526962143130023
1.2032314320778754
1.102323268594579
1.0017011906109627
0.8902015740071617
1.2924296677388794
1.2999574678218317
1.2973925619284374
1.2857036644919053
1.2742457149297084
1.2480876294202758
1.219432191639883
1.166621190881813
1.1121642717574993
1.0764531365217787
1.005620147349922
0.9600982596580661
0.8891649672668643
1.3170824403589427
1.326719128024417
1.3261802813588166
1.3153585004812351
1.303892335104212
1.2939782141212752
1.2640860539451222
1.2324065132690136
1.1707194028927783
1.1147350126324551
1.0644514133909269
1.0015858261707256
0.9464813095287168
0.8767281189551421
1.3317349375884986
1.338443417534537
1.335666525084273
1.3223693793951388
1.3108621711153963
1.2966373584179205
1.2638304584503677
1.2315922463927804
1.1692265165118798
1.107554517852048
1.068530381216994
0.9884275210671486
0.9329412360133887
0.8595490919309161
0.6826027941755407
0.6992743616717606
0.7415485956180297
0.759465959972116
0.7701534064316528
0.8303847043358082
0.8495304106452031
0.8603616513412654
0.857661908979512
0.9219054754018569
0.9422356001613799
0.9493417198222627
0.9522941342657202
0.9460645458240561
0.9860961013677598
1.005676854706772
1.0118196507905304
1.015309741751383
1.0141945279651683
1.0057650695845641
0.9815842897166304
0.9512257375568993
1.0465921591171723
1.0663259674023389
1.072023123418909
1.0746191199485025
1.0712548681514311
1.0611430751206243
1.0325190619519478
0.9988243009909914
0.9258443685662876
0.8400506924993971
1.116383188234355
1.134688228257019
1.13989300645721
1.1408534756447157
1.134560150330887
1.1215449987349537
1.0927772734096735
1.0486434607405641
0.9665039748909829
0.8704066509261631
1.1560035757041955
1.1724380357881474
1.1762657844885773
1.176845247030704
1.1684597917550519
1.1533451631235117
1.1161360962628117
1.0735654558564398
0.9845336795947368
1.1985266676011406
1.2128676394935463
1.2143103094223242
1.1853074316982732
1.0970428340105958
0.9999974930758256
0.8897243426674751
1.2322905573419534
1.2371820355027567
1.2384817823511969
1.2360735596517165
1.2224721570193715
1.2018434755597667
1.1571831171558733
1.1069875361391217
1.0039679476593542
0.8887024732314642
1.2523716887398773
1.2610169120221335
1.2599937874119045
1.256382358344836
1.2389902415717449
1.2151756796988162
1.1618952953589576
1.1097810773249661
1.026632011560821
1.000006596264741
0.8762952208875693
1.262882495996084
1.2689005211124196
1.2666889317533807
1.260570996286265
1.2398398978241858
1.2148389722548438
1.1604712490373608
1.1027713857655037
0.9869315925184527
0.8591440140455497
