0.7282268224519549
0.7457058507972405
0.7401389150952922
0.7054668422076829
0.663418342882669
0.6259187996955657
0.5863769270160418
0.5507307405871616
0.4991698133019797
0.42344164414813273
0.804427225293733
0.8305664854307749
0.8392627919190624
0.8423203079124902
0.814414222724035
0.7672030824740003
0.7225275599216585
0.674673452336929
0.6313388608762195
0.5881642952616427
0.5463637041555233
0.511660471124022
0.445252973650009
0.8850222500344159
0.896853659732598
0.9062571746250858
0.9167855174474042
0.9189779845656189
0.9103658425113468
0.8629335405183951
0.8123859886262758
0.756746517332935
0.705961910405332
0.6552715152639822
0.6061712503523076
0.5654061687984979
0.4516690058114038
0.9601725187631258
0.9824684360198391
0.9875712109435356
0.9951482401290316
0.9973100168425073
0.9964070433014931
0.9588825511622792
0.9043451431422044
0.8410519833463157
0.7824497048201042
0.7237292309016766
0.666800888955283
0.6195407332623554
0.5714878558726756
1.067292294963643
1.0803500831970305
1.0901872794321594
1.1004081176277805
1.1022314116125922
1.0953561451664557
1.0446922143377042
0.9720754167797663
0.9014632639762024
0.8298033010786839
0.7601046717215816
0.7022391267099456
0.6434553538518052
0.5915902121903891
1.1413520087162683
1.1545164154120933
1.164472051611679
1.1736645306413809
1.1753609486794652
1.1759271926122006
1.1462786548274915
1.0719404968227677
0.9930834483964334
0.9113733538631124
0.8314526500022854
0.7650498700165342
0.6976435183633
0.6382111131751191
1.1331114330660528
1.0502117226314442
0.9623789741526346
0.8759582958420993
0.8040746610531221
0.6668490284253563
1.2290970875696816
1.2534654406039036
1.2603715377996538
1.2589699736590676
1.2009245943250348
1.115331154531271
1.0208880991332465
0.9269832160389858
0.8486979365552492
0.7692695579198914
0.6993208060375672
1.280681849296785
1.3030848124066412
1.3090580164846837
1.2793607716711168
1.1955300538425129
1.0940592051009372
0.9909097345782877
0.9044800091945018
0.8167508508367429
0.7395488680472628
0.6644551717648578
1.319129957581608
1.3389366266134626
1.3446656624166202
1.3323849536191532
1.2600733690621648
1.154725201212006
1.04422305783683
0.9509571890861497
0.8561777088809157
0.7728016794670248
0.6917991341128185
1.374895948653878
1.3790846548572577
1.3774528733852602
1.3678009446614021
1.3274990742592958
1.2920952546305848
1.2216815272227837
1.1037925089215028
1.0029342635353755
0.9001486434247321
0.8097584186546884
0.7220370717337818
1.3903858556002084
1.4065037141334134
1.4079112210430074
1.3878431878685202
1.289033069082949
1.1652746441460309
1.0568171481843178
0.9457035863931106
0.8479063699976992
0.7531079727702477
1.4382466257584883
1.4392036495258118
1.4367152064099138
1.4203814318529913
1.4100817241111399
1.369291698559221
1.3138520362342456
1.2432151805268206
1.1259819510088847
1.0042685192644765
0.8969140001349382
0.7927537285721841
1.4595589582188875
1.4594648858646169
1.4527737044864875
1.433857914538962
1.4057556965329772
1.3620622489469718
1.3167416412335877
1.1932853293005516
1.0616512098610733
0.9446803577356456
0.8314124309589598
0.7338185145027263
0.7345388021079962
0.8164745738773697
0.8285034690664294
0.8103367082291301
0.9008189679952646
0.9016014709828674
0.979197467091313
0.9537635847066681
1.0724449156452394
1.080651310319054
1.0399642825470947
1.1498227741209472
1.1362296289539173
1.1591144960087176
1.1877230923341995
1.209355879030443
1.2328098266707206
1.193403302191455
1.2572492578396213
1.2794064674349541
1.2654378285682868
1.3087064410298157
1.310944370724954
1.2531633226831524
1.315591718397187
1.3457516791394952
1.373262360225623
1.367155685930228
1.2832391872023432
1.4013777734504609
1.3577244020643682
1.4113436451681707
1.3107811677295373
0.6742743237004578
0.689428958406594
0.7341433634543422
0.7505037709919218
0.760791677675532
0.8249678095747178
0.8428246819635732
0.8535432285046963
0.8584994859570481
0.8572261334138532
0.9197666788334328
0.9384768937259417
0.9490261983057499
0.9532924425387834
0.9500639858643538
0.9286478773211992
0.9865097309201241
1.005297552397846
1.0157280032227025
1.018571469975097
1.0188762713901574
1.0176089437497644
1.0142902692946836
1.0030818184047723
0.9884037447638233
1.050584379827326
1.0697393362050722
1.0790781817975028
1.081016874218683
1.0788682298694177
1.074523801263931
1.0606199864491517
1.04425394254291
1.0098076214646454
0.9741750672885154
0.9017885851493253
0.8680559635940478
0.819177527307621
1.1256778177823041
1.143639537294056
1.1517094145016846
1.1527118689277853
1.1514848992204232
1.147121237190727
1.1422659055048077
1.1248762850921452
1.1055566753679371
1.0713993425171104
1.0248507095790116
0.9920566401808583
0.9435020689250985
0.9043227359448995
0.8508310381119161
1.1688212233040827
1.185633381019133
1.1925922102676905
1.1907505534803071
1.1862760584923948
1.1792239728968192
1.159605598030159
1.138154556781988
1.095090513046184
1.0506540660832726
1.0149210204982986
0.962571090650989
0.9218750329100549
0.8637058085253204
1.2167951805666697
1.2315423644971784
1.236685425060487
1.2324169599060337
1.2179347862900876
1.1714374775826684
1.0756338787339088
0.9796975929082532
0.8731172369689871
1.2557032618777542
1.2639330156340398
1.2619256989697283
1.2513577905372202
1.240698442708895
1.216128334744421
1.1890366210634942
1.138879727810491
1.0870051087387098
1.0529895682012207
0.9852791901739524
0.9416769126646325
0.8737186053078078
1.2820223947234584
1.2921722731283969
1.2924084491734376
1.2827225577769723
1.2720986981166347
1.2628186088779394
1.234910431973376
1.2045807216206916
1.145818744797541
1.0923403966813556
1.0442178456381972
0.9839753179613631
0.9310962520401171
0.8643282034759914
1.298279431427349
1.3058293687359566
1.3039117755692322
1.2918452806795333
1.2811306389174262
1.267771826548491
1.2367314774058908
1.2060738547922027
1.1465592189726725
1.0875162898092667
1.05010799260276
0.973193226438688
0.9198338801365359
0.8491541275539832
0.6551106253595916
0.6713514765281025
0.7123309296332088
0.7298260072562174
0.7404272044512626
0.7988413472197766
0.8176026015190214
0.8284179834256937
0.8266382666578217
0.8883625867993622
0.908373331252247
0.915496588035541
0.9185508055677385
0.9134945762073085
0.9514552922773741
0.970813000738793
0.9769980640184317
0.9806493832792421
0.9801327451869026
0.9725204400045026
0.9500281281261137
0.9215064796077278
1.0112181076784277
1.0308256553800947
1.0366228700358628
1.0394417377757832
1.0368265795845943
1.0276112743478
1.0008979570107557
0.9691803527744615
0.9001271764557773
0.8186964671622644
1.0806762696899508
1.099016451637383
1.1044526061800668
1.105721390412869
1.100307998304684
1.0883372576141592
1.0613814220415312
1.01972696594421
0.9418006751468488
0.8503433472032823
1.1204556364239322
1.1370403645874059
1.1411157238148932
1.1420820576080308
1.1347415439555255
1.1207506943150436
1.0857861400355133
1.0455008353130957
0.9608848775755252
1.1636781854066491
1.1783337304672274
1.1805609214088546
1.1539599833825527
1.0704718097890984
0.9780276350946812
0.8726478547281009
1.1985017962040758
1.2036584067850427
1.2053136091756833
1.2034686359168316
1.191124873367695
1.171854750753766
1.129647677976887
1.08193444761262
0.9836561369947913
0.8732626259370173
1.2203343050714364
1.2296189053371258
1.2291801122337507
1.2260485761148512
1.2100596733525786
1.187700413788223
1.137160135417927
1.0874724133884912
1.007932487682781
0.9824185998606919
0.8638995499948031
1.23268819297805
1.2394823007030953
1.2378512952882887
1.2324185168863628
1.2131925389400688
1.1896218131931593
1.1379474611261715
1.0828039544425387
0.9717143202963717
0.8487518148018292
