0.7519981922051663
0.7701036320187985
0.7645558907545753
0.7289031651938394
0.6856084219071817
0.6469773910535455
0.6062362479639097
0.569498010152818
0.5164172129566251
0.43868622745089586
0.8323110726594563
0.8594498773088991
0.8685051625422288
0.8717632685333704
0.8430641440718549
0.7943551338045147
0.7482071807831925
0.6987810093541653
0.654010186289359
0.6094376662403354
0.5663243585837999
0.5305811610474622
0.462403576154624
0.9171920468099681
0.9295042467044844
0.9392980877799723
0.9502822055712998
0.9525788108227293
0.9438488347408132
0.8948294637347953
0.8425219596932567
0.7849255778675795
0.7323567499520519
0.6799107295526535
0.6291523168429807
0.5870617608692201
0.4701230185397627
0.9965313629434098
1.0198006329525613
1.0251350432183972
1.0330776479164285
1.0353643280008358
1.0344940943404288
0.9957060936543649
0.9391701180674112
0.8735332508105056
0.8127410397532256
0.7518611288759418
0.6928827162011559
0.6439725315435388
0.5943132346579272
1.109834572815943
1.123511177055956
1.1338211829652498
1.144557921799993
1.1464837659887537
1.1394895951255315
1.0868837976153571
1.0113823969547784
0.9379241232445918
0.8634137639987637
0.7909870717277708
0.7309089253173042
0.6699486145106857
0.6162812708423077
1.1883144806818695
1.2021183163373692
1.212565368404382
1.222255860024232
1.2240442949469834
1.2247445163110178
1.193949831311515
1.1165260522907257
1.034344416439963
0.9492156660549811
0.8659965768429679
0.7969051203114346
0.7268381887847793
0.6651441268765725
1.180965527377843
1.0944757372954592
1.0028651181337687
0.9127714077850448
0.8378850743287075
0.6951403162827438
1.2813668423859734
1.3069967821983912
1.3143193678662277
1.3129115656456891
1.2524135997328183
1.1630203707451676
1.0643962216341936
0.9663774916908966
0.8847155528947743
0.8019346581768485
0.729109265880095
1.3360851960463185
1.359671880469958
1.3660197159384762
1.3350889928514758
1.247431877789567
1.1413226106017131
1.0335000233385632
0.9432071559232208
0.8516345194354237
0.7711238564521868
0.6929254027682353
1.376852253396849
1.397703257608301
1.4037961340846947
1.3910251197899286
1.315355052472038
1.2050755516125817
1.0894400837200913
0.9918956440237229
0.892847344654917
0.8057935423821401
0.7213303275612121
1.4358503809963554
1.4402899189774112
1.4386095414587436
1.4285164373032406
1.3862976965834861
1.349198145844448
1.2754064960317646
1.1519018043832125
1.0462981272582272
0.938753505475236
0.8442608421490428
0.7526712624505167
1.4522929824248512
1.469290069443394
1.4708106653439996
1.4497657372444859
1.3461056429737441
1.2163103389961578
1.1026276396364265
0.9862433278379011
0.8838918500429123
0.7847983027543625
1.5027476504953103
1.5037515765054903
1.501124723940171
1.483962069211539
1.4733242365224213
1.4302742379995028
1.3720463041241324
1.2978685420227307
1.1748310261726669
1.0471858847838615
0.934694092679147
0.8256731170504323
1.5250165461370304
1.5248878044909961
1.5178160536259084
1.4978831179087784
1.468311447549475
1.422352228069252
1.3746980114009417
1.2449769031233986
1.106777965555365
0.9840804398379952
0.8654037807223357
0.7578669014886542
0.7587692385379732
0.8448994696796478
0.8574476636049149
0.838837228909629
0.9337554113624025
0.9347435724353652
1.0165792910690206
0.9903751914548848
1.1153907607210005
1.1241367671708875
1.0819460896190212
1.1974430344516978
1.1834384140181098
1.2075486150530315
1.2377987681611438
1.2607788345520754
1.2854997815852096
1.2445316969584
1.3115969411545174
1.3349621432753354
1.3204859033805612
1.366054419630015
1.3685237680273554
1.308103893580325
1.373796884000442
1.4054510561348499
1.434413916814628
1.4280395719450678
1.3400232960873826
1.4640034420329473
1.4181297909515156
1.4742470436074362
1.3684462918884044
0.6964087890259203
0.7120966224035572
0.7593417060794999
0.7763211520974863
0.7870130625934971
0.8550376558093823
0.8736340844376242
0.8848244581035658
0.8900381615555867
0.8887844496226903
0.9551731959616229
0.9747263189859946
0.9860794584737987
0.9903066450468712
0.9870298226886656
0.9648819607789634
1.0258025236399708
1.0454850004109097
1.0564482233248698
1.059464147284893
1.0598143809612408
1.0585395034203144
1.055122765227706
1.043518082228645
1.0282839770045782
1.0936925967614939
1.1137994888261333
1.1236425173595783
1.125761061601636
1.1235576234264022
1.119065407217541
1.1046305243368275
1.0876081248523386
1.0517426499287796
1.014615481393844
0.9392233151990751
0.9040999345215439
0.8532156431035209
1.1733153521624036
1.1922048379780097
1.2007415387310776
1.2018327599222456
1.200569959099164
1.1960789260222224
1.1910094751792257
1.1729056040258115
1.152752726488651
1.117102148544799
1.068516604401118
1.0342856347100293
0.9836067592939337
0.9427332067919064
0.8869385710841864
1.219060791267721
1.2367641525550617
1.244123850059683
1.2422755844625084
1.2376283256957805
1.2302753077081223
1.2097937449650362
1.1873807788618616
1.1423741890102845
1.095931408220019
1.0585830328654422
1.0038861945813902
0.9613721921288267
0.9006353042861457
1.2698770889609472
1.285422445803082
1.290873631239509
1.2864425487272697
1.2713183007556672
1.222655755077649
1.1223687154487345
1.0219813587137545
0.9105333856684971
1.3109705942002285
1.3196598011551914
1.317582293691515
1.3065278804189775
1.2953618719706248
1.2696138246980746
1.2412243471393005
1.188651789974416
1.1343011656635382
1.0985998256063598
1.0277107001010757
0.982110898848987
0.9110170722413257
1.3386533318717186
1.3493146660399242
1.3495538697764395
1.339382952328302
1.3282208322888003
1.318476387430444
1.2888635220672422
1.2573261151417332
1.195640864538768
1.1395442470954353
1.0890659943573406
1.0259150704054374
0.970507077872926
0.9005733073322761
1.3555341818339965
1.363446116325531
1.361368324527207
1.3486388223796024
1.3373589173466711
1.3233090518130854
1.2906710135364439
1.2584520985665049
1.1959333671705068
1.1339278741928143
1.0946745839561696
1.0139834156612317
0.9580406476745659
0.883985077913597
0.6766746839076445
0.6934935974213424
0.7368323483672122
0.754996747338711
0.766026526736312
0.8279939477395172
0.8475443539094335
0.8588468824388528
0.8571470492252318
0.9225586393745776
0.9434914355344426
0.9509623585074033
0.9541823575705538
0.949083456848412
0.9893365662483792
1.0096241497587348
1.0161291456774066
1.0199896000542772
1.019548573259639
1.011692820940245
0.9883688026644151
0.9587361098865013
1.052660347975321
1.0732572239944236
1.079364471790949
1.082364385130862
1.079737169757421
1.0701948731927042
1.0424192331761926
1.0093881891510208
0.9374840391346159
0.852711832260985
1.1263047804009199
1.1455977878314805
1.1513639960117337
1.1526738406428434
1.147166722976315
1.1347061776807659
1.106619199125007
1.0631460852882118
0.9818231860264988
0.886427212312278
1.1684669100766507
1.1859423106303129
1.1902625086358647
1.1913195100078864
1.1837082078349161
1.1691271296932344
1.1326155437794752
1.0905265648427465
1.0021176297622607
1.2142363759182055
1.2296765055236927
1.232092593028019
1.2043144765968914
1.1169526117716537
1.0202295810340432
0.9100411399387714
1.2509917305618732
1.2564306472042135
1.2581892499486218
1.2562793136078907
1.2433690973695681
1.2231914401429271
1.1789643716198805
1.128981432297746
1.02600874613639
0.910539194413013
1.2738851937747848
1.2836411244975463
1.2831709625812695
1.2798864486071784
1.263379151929085
1.239616768000329
1.1865614132078823
1.1344414381567487
1.0511496142590253
1.0242846570884612
0.9001248971476604
1.2866313708684336
1.2937065906273664
1.2919627021726785
1.2862318397334056
1.2659922458625688
1.2412081876667276
1.1869121098726876
1.1289943172882004
1.0124370933570088
0.8835652118217636
