1.002922458446114
1.0280457719812754
1.023824543806677
0.978936737473946
0.9237532638617005
0.8743440457990405
0.8221598280714039
0.7750615778399597
0.7069642167663164
0.6071550211969932
1.112633722802968
1.1500904845607491
1.162993625190901
1.168798182790921
1.1336931906052612
1.0716768018115315
1.0125102916833606
0.9489753250974552
0.8913420069394391
0.8338993624342047
0.778293329732158
0.7321580398132916
0.6440736092128987
1.2291666649910526
1.2461705922035278
1.2598135150116752
1.275429886013035
1.27881489757049
1.2704858178745988
1.2084920372352825
1.1413438809376348
1.067120536886458
0.9992104289875494
0.9313672007536807
0.865630539554882
0.8110616295005225
0.6591166572646052
1.3386217705798638
1.3710731720971379
1.378649666951468
1.3902784531925905
1.3940078172718005
1.3938943147302814
1.3459069400385688
1.2734369893204731
1.188668000317121
1.1099171692925605
1.030893592117422
0.9542213512090297
0.890550688733301
0.8258144594794496
1.495884197258884
1.5150400046915529
1.5296574846408972
1.5453454646963927
1.5483485769372758
1.5419651174197606
1.4753925203943665
1.3778229766386112
1.2823152717158492
1.1851604390603927
1.0905233133656382
1.011879010479213
0.9319366400180167
0.8613657397899132
1.605570705113569
1.6250110089803191
1.6399547708222968
1.6543456821490288
1.6572566832543987
1.6591303005333562
1.6217906827701942
1.522064449836356
1.4150474366443366
1.3037354839830624
1.194631831225755
1.1038558354678014
1.0116126003933121
0.9301954510380905
1.610431637208135
1.4977829543052934
1.3778241290395772
1.2594901725361995
1.1608976090014758
0.9723295055871235
1.7365355678484349
1.7733805584349296
1.7850362324918752
1.7844311825054242
1.7083771176599392
1.5920442515060471
1.4627397686501065
1.3337525821317262
1.2260076037203487
1.116524108789404
1.0199540212426774
1.8141555217017047
1.8483120823028505
1.8588890018231297
1.8216368970733177
1.7080353267545607
1.5687981730898186
1.4266256844235623
1.3072078025237917
1.1857768118893377
1.078715654851521
0.9744464624746046
1.8723531758179988
1.9027157238503054
1.9129063149455292
1.8985630691719524
1.8012793532272176
1.6565956790290615
1.5039210461885575
1.3746849702529509
1.2430845336124068
1.1270786830062587
1.0142048480069905
1.9578381196652213
1.9654734833984557
1.9643668693298806
1.9524208549267275
1.8985554571576593
1.8502454883828072
1.7533421382637524
1.590108966012385
1.449956801792567
1.3067993448658057
1.1806020459834472
1.0579304610109248
1.9813307446932913
2.006558322985272
2.0110215323076805
1.9854203695089765
1.8504449252136392
1.6788345049006264
1.5277441994758723
1.3725261372108803
1.2355773977136286
1.1025848344889984
2.0558834536641593
2.0589627008983884
2.056356703707465
2.0353149932586954
2.021768034992416
1.965858218502861
1.8892028458585857
1.790947689108867
1.6272113014380676
1.4566270398516863
1.3056504975521388
1.1591500385099065
2.0902216376160387
2.091291094435826
2.083269249903201
2.0580295135781537
2.019749336779897
1.9593438056488819
1.8962762317362378
1.723567818588998
1.5386369004825102
1.373815252098859
1.2138548919123222
1.0123288918629796
1.0160697762910658
1.1313450177612294
1.1495794391495464
1.1280000114005209
1.2541094747745982
1.2582043410581314
1.3696956927916413
1.3386812677415079
1.5062247543550955
1.521122336986834
1.4686663268431015
1.6220127147113927
1.6074590867574485
1.6351471542391667
1.6818027397430582
1.7104172704135527
1.747024984389669
1.6975803993190233
1.7826835018087945
1.817539244248522
1.801627186096184
1.8612565900950429
1.8677201899103077
1.7913053572433317
1.8813611318973547
1.9181012384696945
1.9610454538103166
1.9555415818460031
1.842047570522572
2.0066258537306796
1.9490999152784123
2.0254390601718213
1.887622435956111
0.9308772765654293
0.9524655720185257
1.0171842668686772
1.0406580020838032
1.0557478718843307
1.149131283385768
1.1750244104379604
1.190994262929112
1.1990605571281916
1.1985366048444264
1.2881688964561882
1.3156384221022006
1.3316397298775131
1.3390155732328783
1.3360057909177518
1.3087435106837542
1.386893865345196
1.4147405140605747
1.4308317110040498
1.4357622700449941
1.4367650504288667
1.4357876540009025
1.4319609392957349
1.417797155849781
1.3985930306825112
1.4823930568090058
1.5110758833622329
1.5257561934482393
1.530321399790528
1.5280340633016058
1.5227954663612526
1.5049213099758325
1.4833029968872595
1.4371189495816632
1.3889194721304057
1.2905197372124888
1.2445494323992008
1.177818312722486
1.5953104511542884
1.622531811167082
1.635685491483411
1.6379835821922104
1.6372051631140563
1.632151508621116
1.6260169190581064
1.6032802726199755
1.5774423592393902
1.5312321659269728
1.467791371646903
1.422927391588522
1.3563254510341198
1.3025110865974978
1.228901516765107
1.6607713892491631
1.6865554389017643
1.6981749152702752
1.6974225703455912
1.6920440290357317
1.6830468367969689
1.657091892224336
1.6281927979557418
1.5695569699172438
1.5086655016352708
1.459515450238047
1.3873770765784519
1.3311786011017857
1.250752908708339
1.7341906775917264
1.757151050140196
1.7663144982855474
1.7621479206613562
1.7435343877983918
1.6807859203732538
1.549017595358245
1.4161162385302006
1.2679662603194723
1.7944890656777461
1.8086915039003626
1.807063800583695
1.7938543609340218
1.779748766886309
1.7465622048612133
1.709525079795973
1.6403472629954001
1.5684601255392996
1.52118318895278
1.4268962793796167
1.3660660712161887
1.271141155187875
1.8360971140764153
1.8525474420601353
1.8546544096187754
1.8426859875283086
1.8286181196902123
1.8161013522955454
1.7775540370351712
1.736097934582748
1.6544444599824044
1.579832880738493
1.5124814725812674
1.4280659605511745
1.3538551772508889
1.2599428714728356
1.862556139298001
1.8752139858728702
1.874124583332296
1.858597341959696
1.844202740031455
1.8260051190810116
1.7832337138768621
1.7406412780157592
1.6575724356338881
1.5747371232660636
1.522223061068782
1.4139468030818443
1.3387343681200217
1.23894218787841
0.9056497751603774
0.9288789491812762
0.9883420556785939
1.0135479578091295
1.0293243819262017
1.1143317584318817
1.1416850627654254
1.1580730611435384
1.1581517627914673
1.2459818884129672
1.2755227515294951
1.2864461359483383
1.2914068514712036
1.287244859522293
1.3396160358647857
1.3684817048148112
1.3780573707684898
1.3841081860064066
1.3851107171399926
1.375942028879422
1.3466825913322849
1.308703801677147
1.4289887683649112
1.4585521570573632
1.4676910373862195
1.472652498725227
1.4708680095326823
1.459455034041196
1.4243235672635475
1.3817311572007733
1.288117961276738
1.177118902602923
1.533839884020625
1.56191344822868
1.570865310583398
1.5734061472008587
1.5679363047616257
1.5526343846734163
1.516795370658177
1.460377702123869
1.3538528101252003
1.2281887289397833
1.5944361712739965
1.6200997544010693
1.6269971639134706
1.6295105254642814
1.6211950211200055
1.6030418525912906
1.5560839249361131
1.5011875956357086
1.3849194999590244
1.6609719695429515
1.6840326453557657
1.6894902695016392
1.6554530279778694
1.541505075533346
1.4136756944498243
1.2672766268137463
1.7153209446683786
1.7237925845461872
1.7271855109228145
1.7258088372161913
1.710293820904424
1.6845741814005923
1.6269154862357929
1.5610684966382546
1.4245209041114562
1.2704705146452315
1.7502308834452385
1.765680123526148
1.76633831717192
1.7627274123926309
1.7418581170929222
1.7115427765700366
1.6418280253696202
1.572728139813138
1.4615328551755276
1.425786183300399
1.259312424760723
1.770858159145934
1.7826184713666515
1.781376277007917
1.7746592608741991
1.74901555042325
1.7167058250876182
1.6450246054193745
1.5678613972758964
1.4117827072030695
1.238351448918874
