0.6683106760262646
0.683673867115334
0.676212023177314
0.6424225899525948
0.6019902203257433
0.5661272845819753
0.5284049970398048
0.49445229488339426
0.44545080574110946
0.37358054847238664
0.7333942673745673
0.7563827464907498
0.7637279820616226
0.7654446992709785
0.7376007930031662
0.6923410759572807
0.6498646231560868
0.6045385945095567
0.563578866889645
0.5228688012781318
0.48350442548021816
0.45085137551677196
0.3884237156351887
0.8018843304929844
0.8122280430583845
0.8203584508558037
0.8292288117718237
0.8309849083659989
0.8206869627692409
0.7750649432243015
0.7272067262956122
0.6748123400878413
0.6271205463906177
0.5796459321825415
0.5337343095766275
0.49566164958248443
0.38957463086493405
0.8648195014056933
0.8839735625436477
0.8882519439296641
0.8943447004204611
0.8958012914599046
0.8941945782424874
0.8573852238555619
0.80585352202841
0.7465565012353729
0.691843633848573
0.6371977089715554
0.5843224320404009
0.5404932198063495
0.4959920824716387
0.9529769723768086
0.9640466588669117
0.9722376292012633
0.9804036993078757
0.9817101271345937
0.9732694129673684
0.924917412908172
0.857203360695734
0.7918105611946192
0.725709844888312
0.6615802861970814
0.6084445787516028
0.5545653454612753
0.5071106637944325
1.012651411591353
1.0236555262437514
1.0318084576896136
1.038899238835534
1.0400133126137736
1.0398289438591417
1.0102867279511307
0.9408871310928335
0.8681998526104783
0.7932709607833652
0.7202113803197052
0.6596519502448831
0.5983109023775877
0.5443367285554891
0.9918670965116584
0.9155906765016207
0.8353074903069817
0.7565998213123218
0.6913016541356728
0.567073441564884
1.0816896204200876
1.1012890030281426
1.105914309617823
1.103639472102591
1.048086404528233
0.9693847818980385
0.8833359486123349
0.7981493402915838
0.7273405331790408
0.6556786988235334
0.5927332273530277
1.1211414380387745
1.1388381269849814
1.1423895662633778
1.1126322641078858
1.0352848778757155
0.9431118428509059
0.849955355923816
0.7721685589251099
0.6934380546684367
0.6243440485653713
0.5572869720050451
1.1498252091696775
1.165242829285826
1.168530608895286
1.155328714985826
1.088009195678854
0.9924236371869084
0.8929488227540489
0.8093288031193963
0.7246209194075789
0.6503216202413894
0.5783138658108951
1.1907290266667396
1.1929054079863326
1.1904718058817367
1.180575167358447
1.1426879363720228
1.1102889085004002
1.046564227326481
0.9407490836787418
0.8506766793477992
0.7592051029498347
0.6790187777857487
0.6014079075246904
1.2002562431871946
1.2121542086823132
1.2111260350100919
1.191084518028283
1.1006978318498777
0.9898269480362641
0.8933140790690915
0.7948243703080543
0.7084525151375138
0.6249734101573896
1.2316543105426185
1.2310492171349028
1.2279558797487051
1.2117488385539366
1.2021785622259704
1.1646676976419912
1.1146609701602852
1.0516287880041282
0.9476942241716486
0.840331558198522
0.7459664423770312
0.6547809716129138
1.2421564535408496
1.2407692249340379
1.2333877027205051
1.2151777451670842
1.189325244736583
1.1498798176877505
1.1094228261618695
1.0001862413487919
0.8845454796771562
0.7823846664240168
0.6835382892849893
0.6722866414629967
0.671088617548617
0.7429906094297726
0.7528948581778637
0.733912392577912
0.8141437834561184
0.8128079782552337
0.8788175404901305
0.8528311718204452
0.9553649550510769
0.9602974450369012
0.9207643863612928
1.0169522041440928
1.0015126247593056
1.0236010245351905
1.0442219132469635
1.062977720709327
1.080968743063059
1.0416013800458972
1.0993029601188016
1.1159504825663142
1.1006844147870638
1.1377269789377336
1.1370046876049587
1.0821326917817582
1.132603853315087
1.1615112879548417
1.1818326398120915
1.1736382322272463
1.0958413423649456
1.1970412354846294
1.155023481477225
1.1965046650998123
1.1045146960070946
0.6171197684376938
0.6305807191340835
0.668378225363264
0.6827668920387412
0.6915933213480004
0.7450580163596031
0.7605237554035762
0.7695137525853297
0.7732133355881723
0.7712264871235922
0.8235856184527959
0.8394849724627469
0.8480957593187823
0.850943858200827
0.847038940213242
0.8260090507286313
0.8778045947258779
0.8935275985471932
0.9018111748724489
0.9036919818704754
0.9035605380148548
0.9018754193406414
0.8983422517342357
0.8872633018810634
0.8732200118706178
0.928829208300824
0.9445685745948437
0.9517520647482459
0.9522370837150985
0.9497255317889125
0.9452563624953433
0.9317163415152173
0.9162182165154616
0.8840645231856491
0.8511106361891764
0.7845964251388593
0.7536954208249338
0.7090285896844745
0.9870114626518458
1.001423405755067
1.0071934570848744
1.0074136806656648
1.0055809382513652
1.0009565473824342
0.9961270628584842
0.9794679080869902
0.9613919359913874
0.9298401990790036
0.8872196707725475
0.857326111568069
0.8132656892262058
0.7776881635569068
0.7293001573828699
1.0193367885694653
1.0324955391351514
1.0372059621511573
1.0341422180015827
1.029458701736372
1.0225272908845602
1.00393205166465
0.9840284293765004
0.9445567226826409
0.9041429001405502
0.8717926449722982
0.8245219997126523
0.7878645932667812
0.735592406700874
1.053811121389796
1.06496671542036
1.0678596698046328
1.0625832864680242
1.0483569578514889
1.0052436392622894
0.918511405632658
0.8324758113124414
0.7373703827146781
1.0806620527501027
1.0855549089248682
1.082732920437417
1.071979002443607
1.0618311331968318
1.039030277127426
1.0143021435910593
0.9690245738689374
0.922517087426066
0.8921273786311315
0.8318675198961172
0.7931511598244292
0.7329383477723989
1.095136449330384
1.1018865121995176
1.1003424475645374
1.0901476717650744
1.0799605983425486
1.0712841903159522
1.0454768760929503
1.018273457632188
0.9657558629259477
0.9182702975485932
0.8757268879620717
0.8225825061473263
0.7760932006057528
0.717458301780396
1.101981631912869
1.10634135083333
1.1028753120305552
1.0906754647162504
1.0805268154680603
1.0681400764269249
1.0399450583573686
1.0124916701368958
0.9595864406569345
0.9075335226916998
0.8746407853140395
0.8072782709172764
0.760626701506115
0.6990239915703317
0.5987094971297183
0.6130749558624344
0.6475551226180007
0.6628669218287604
0.6718144814983392
0.7203448332124484
0.7364951526222153
0.7453948667026035
0.7420881670815572
0.7941967388008007
0.8110852181169268
0.8168428267873015
0.8191140588577649
0.8126183222097877
0.845195402039625
0.8612769589579323
0.8661708688022891
0.8687875564654605
0.8671318848035965
0.8593068518249649
0.8376717652470516
0.810870102171559
0.8924922434436114
0.9084652731934199
0.912909129955761
0.9147059645050254
0.911029765529526
0.9017696050207072
0.8763499813373149
0.8467970062744916
0.7831692045590943
0.7086181525893466
0.9458512413346499
0.9603459521651979
0.9641938643941009
0.9646296316151128
0.9583510003327319
0.9466129746104703
0.9212774338831288
0.882847080299176
0.811821934275415
0.7288894255729818
0.9753617334166611
0.9881592733644358
0.9908276939016504
0.9907827779959695
0.9827141551079166
0.9692045744268053
0.93665497321473
0.8997794685123186
0.8231029250509118
1.005875614476627
1.016717158875701
1.0167193162295913
0.990502305743081
0.9141849268134958
0.8310855307568283
0.7369830022160679
1.029302528025158
1.0326934688230522
1.033239764317781
1.030552814945465
1.0180656593245085
0.9999231842790017
0.9613241010783548
0.9183021090681339
0.8305280157295148
0.7325655639024982
1.040260999457586
1.0459611262194761
1.0442911149222474
1.0407525133932876
1.025120355610537
1.0043158099445835
0.9586252680667094
0.914275841891416
0.8438254721015666
0.8213153971352972
0.7171131847597845
1.0440247249489019
1.0474921550417198
1.0448752766154479
1.0390588920595147
1.0206250079696075
0.9990176172326952
0.9525625078883969
0.9037060551850876
0.8060878811093656
0.6987040893746879
