0.6115473738592935
0.623784082083519
0.6111886105467611
0.5756060212485683
0.5342663331755372
0.497954500534275
0.45997751834439743
0.42593689672658414
0.3770035839057466
0.3055774070063013
0.665065895470882
0.6837543179194571
0.6889799653580712
0.6879669460425509
0.6571006288398917
0.6109098014681973
0.5683119140143289
0.5232224356265517
0.48269613505083553
0.44259943559459525
0.40396827685370196
0.3720262127259584
0.3111995095716064
0.7205563741505944
0.7289424510551603
0.7353191588545939
0.74171264463049
0.7427531466848439
0.7277501244568698
0.6807155037536533
0.6329906556006192
0.5813506388393566
0.5346689586534801
0.48845080484135966
0.4439541230515965
0.40720439714655643
0.30553029385060104
0.7705212744951381
0.785494002763307
0.7885906907854161
0.792373105533764
0.7925659331990763
0.789363773232202
0.7498636856494689
0.6985188564677108
0.6405065506782422
0.5874675713173061
0.5348298055467321
0.484166999173067
0.4423736950513278
0.4001322988778895
0.8387937529678562
0.8473072971949624
0.8532932290711632
0.8584585567262454
0.858938168956582
0.8466205618897129
0.7973387706826657
0.7314749996554005
0.6688376277261021
0.6060553506492495
0.5455492556901128
0.49570324524463155
0.44544657069441335
0.40146660507992954
0.8836358059212582
0.8919162369255175
0.8976759830168032
0.9017492131460915
0.901929241828595
0.900296074717378
0.8679187997988461
0.8001310322839116
0.730933588121285
0.6604010437296254
0.592163343296283
0.5359672712442018
0.4794012429666258
0.4299629799942801
0.8418986984264731
0.7694406563359336
0.694222276056302
0.6211219389348132
0.5609007866048593
0.44745497569170206
0.9338599551278431
0.9473801195158087
0.9486529384555086
0.94469308245756
0.8879209269874985
0.8131461167740225
0.7328822936216974
0.6542243291493369
0.5893376008492935
0.524126868077909
0.4672697181054463
0.9614366121957177
0.9732350123897368
0.9732651473561436
0.9407030708357309
0.866695856753721
0.7810351745432537
0.6955625138896699
0.6247942730842506
0.5536973196563737
0.4917941595778391
0.43215306383935465
0.980778019018929
0.9908102111798301
0.990680708556434
0.9749467048267398
0.9095409348260142
0.8208019571718291
0.7299279970627461
0.6542389439812458
0.578204317753618
0.5120451786567375
0.44840986258168786
1.006648877278699
1.0060963366258202
1.0022888863606734
0.9912783150528436
0.9539792109166496
0.9234282644855022
0.864494636068247
0.768194938058
0.6871190947622383
0.6054704050209601
0.5345081894541994
0.46636024519306374
1.0122358315132278
1.01908769927199
1.0146725967337715
0.9933282951415237
0.9082526243231561
0.8075735484972854
0.7211013574192802
0.6336624272208351
0.5576700404504655
0.48480199391579776
1.0284295589569747
1.0258254404237908
1.021790155764293
1.0048104999366154
0.9954196890176894
0.9600842694718934
0.9141981546866539
0.8572921125716336
0.764597859929432
0.6698536923935315
0.5873646213751652
0.5083078641893066
1.0306735872183028
1.027726189422419
1.0192335428799826
1.0011345799012414
0.9766641156623042
0.9404563150412177
0.903929709357084
0.8067343199994288
0.7051675844547551
0.6163305425719493
0.5311008454941556
0.6122703535825419
0.6065753173297449
0.6703820885244431
0.6767557670450608
0.653837931586489
0.7267671788091892
0.7208249302139169
0.7759324869382467
0.7459260556246975
0.8361911181615814
0.8354874132389363
0.7938092360138559
0.8807839803032466
0.8604959496117891
0.886777091780284
0.8956088163745433
0.9149781268475341
0.9256100335704494
0.8825204940306375
0.9400485986012561
0.9494637655322761
0.9307784826264737
0.9650370511363618
0.9597606451485955
0.9047178956269905
0.9457140631457446
0.9786697830111932
0.9905839657544362
0.9790442572727961
0.904318954393202
0.9945967980331658
0.9522760690628839
0.9860141390235416
0.8999973973145992
0.5609243723132616
0.5720176934582522
0.6027325950956292
0.6143859118318334
0.6209842202888063
0.6639709402964432
0.6761664368200003
0.6825624617335536
0.6840480009402633
0.6803331127532123
0.7249435037357045
0.7370629504637622
0.7428050938702971
0.7431799781332623
0.7375084309641975
0.7148776302487625
0.7658768891477288
0.7775365573244593
0.7826888223668556
0.7829588338901384
0.7820009929620702
0.7793453524868839
0.7750233598511519
0.7629931456279826
0.7486148296201346
0.8033182203613692
0.8146088076724871
0.818683246608751
0.8166591799041291
0.8132104862832288
0.8080420049590719
0.7937826745818395
0.7782191719538467
0.7468564295392833
0.7153033257345397
0.6524534375629497
0.6234701459729234
0.5818033717336599
0.8443729384298744
0.8542784021715703
0.8568083834441916
0.8557546908624146
0.8527931596203349
0.8472475329498484
0.8419996207822503
0.8250014561090248
0.8072868082930388
0.7770901372021929
0.7369786905332152
0.7091065052889368
0.6682625540013216
0.6355235781435341
0.5911830422928939
0.8660897685899911
0.8746798735348444
0.8762717546794844
0.8710334331659598
0.865644996192973
0.858282248208372
0.839700649161085
0.8204799141468033
0.783221586922914
0.7456403227583865
0.7158318282899955
0.6725196404024981
0.6391400874965983
0.5917414217630912
0.8878962099709364
0.8946154584368345
0.8944899527791709
0.8873213304973052
0.8724110358283182
0.8309397009823384
0.7508949669081958
0.6728935018371329
0.5877340260964583
0.9033094836199212
0.9039833815715532
0.8998669637338489
0.8881309559530546
0.8780105670211732
0.8561179588251817
0.8329626908956362
0.7914089790203854
0.7492362720976915
0.7218911845107576
0.6679438908977764
0.6335406271583005
0.5802590581802058
0.9087178915037071
0.9114953210086494
0.9075961462783206
0.8964047001232447
0.8862637394146745
0.8778822784653002
0.8538903808924677
0.8287179901596657
0.7813039258902869
0.7390303297427643
0.7012438507004842
0.6544097250256619
0.6136571504253744
0.5625862123594461
0.9085113816310024
0.9093117595732784
0.9039829050004147
0.8912049405060855
0.8813364644221896
0.8696263634177187
0.8436341058888851
0.8188113660900279
0.7715392421695884
0.7256260429964279
0.6967504723971032
0.6380200977638224
0.5975829451661875
0.5444674587158914
0.5421311617485167
0.5538223266376031
0.5816853472533968
0.5939151262447222
0.6002201826339886
0.6393599063795553
0.6518736398448242
0.6577674771032109
0.6508869249807229
0.6961871315418949
0.7088053103786732
0.7125171792111555
0.7135027811838809
0.7034410767085406
0.7342612077458698
0.7459324838555228
0.7489386116686404
0.7498967720644747
0.7459367318016527
0.7368659873366055
0.7145291969012654
0.6880547252952437
0.7685322492935157
0.7797238465334644
0.7821943442327879
0.7823520932759878
0.7764470053459249
0.7661502544363618
0.740450561387099
0.711741958168073
0.6512890558192376
0.5814735640373311
0.8055577333616543
0.8151045970811244
0.8166826212873979
0.8158491463224667
0.8075336982447596
0.7951028355566598
0.7700663920183872
0.733415883191449
0.6671002964093607
0.5908574158443329
0.8249977367127432
0.8330201416390448
0.8337721618271132
0.8321298698496867
0.8222837790704687
0.8083518706699949
0.7767951085530608
0.7421125284695141
0.6713862373108518
0.8435544888484008
0.8497501131225225
0.8465831598870429
0.8190015277091991
0.7474282224246733
0.6717929194729279
0.5874320888477221
0.8563129442745153
0.8576353695397757
0.8566583240883061
0.8526383228322313
0.8391721771803183
0.8213796738558784
0.7852412129611678
0.7458800001268937
0.6668902000528557
0.5799702363363695
0.8589701609433951
0.8607430045767178
0.8575172878725946
0.8532965338263986
0.8373320713539488
0.8175652212530252
0.775640116443381
0.735874126872811
0.6732599969149811
0.6534203070531825
0.5623206720296616
0.8566042694557262
0.8565326669088986
0.8527580936471197
0.8463494798863753
0.8282256285581043
0.8080988319932504
0.7659851583187826
0.7226158520111415
0.6370943564351065
0.5442221684223694
