0.7251113249326707
0.7419631067940541
0.7345548488506553
0.6984038103196327
0.654930988247036
0.6162467442647003
0.5755002017859867
0.5387831046131875
0.4857846097403327
0.4083535232206252
0.8010827375415578
0.8264827880340667
0.8346933299489482
0.8368904448576121
0.8070889145759186
0.7580950914425039
0.7119446778699547
0.6626254364242682
0.6180087783375564
0.5736462413668482
0.5307872616659983
0.4953056020755712
0.42784202452863124
0.8809143351464637
0.8924332113999658
0.901518038011533
0.9115006648849501
0.9135088187219201
0.9028846298244407
0.8532736361771566
0.8009766666241659
0.7436064959676711
0.6913353620509093
0.6392780290524542
0.5889721576478625
0.547327733446153
0.43219865903941845
0.9550948579518602
0.9766544428217322
0.981504238837668
0.9884960991660324
0.9902544044517135
0.9887156268428029
0.9486886845298927
0.8920851239135038
0.8267670896393351
0.7664559799129724
0.7061769945032618
0.6478885827441568
0.599644197084291
0.5507683311351185
1.0601594307611448
1.072770499562111
1.0821536867097856
1.0916083521788909
1.0931768896834158
1.084406490274943
1.0310706853707734
0.9559266650205155
0.8832219382598909
0.8096894582612679
0.7383840946431175
0.6793714337075804
0.6196397479321292
0.5671772602156314
1.1321764931449432
1.1447941904572887
1.1542277402994743
1.162584474302712
1.1639563989826598
1.1639758104065447
1.1315846641288405
1.0542504275586262
0.9729790962303996
0.8891381732232154
0.8074158563298233
0.7397428188423125
0.6712973714802009
0.6112188511210096
1.1144146980273393
1.028874596342904
0.9387407754048019
0.8503935452293414
0.7771639886854891
0.6381751943870917
1.216524887590572
1.2394161825453982
1.2451433325224193
1.2428790902719162
1.1810347200945024
1.0925122175177815
0.9955593428165311
0.8995817792341847
0.8198651837918288
0.7392854222044292
0.668645930381473
1.265380396079845
1.2862263453769
1.2908452797235463
1.2579600853741826
1.1707567389842228
1.066484503947542
0.9610712468566567
0.8731053333544537
0.7841650049342666
0.7062498882938643
0.6308597371172135
1.301300832576876
1.3195752278712096
1.3238894750663412
1.3095203792506651
1.2336019444995752
1.125166062822696
1.0122297384906205
0.9173397629392595
0.821303317754789
0.7372077648899825
0.6559327434816318
1.3522872859929633
1.3552524664956869
1.352750071703035
1.3418152841633861
1.2990948550369108
1.2623122533199909
1.1897917106454696
1.0692519970620984
0.9666725874881744
0.8625819244569156
0.7714750748020143
0.683520379966801
1.3659294688720058
1.3802953489998726
1.379815245344729
1.3574859371398946
1.2546225087209535
1.127940157673094
1.0176462546448395
0.9051904748182475
0.8066912002449353
0.7117181265284819
1.406956883917982
1.4066997692745047
1.4033881460825717
1.3852513284681995
1.3744066426945456
1.3316108991482412
1.2743710074525012
1.2020730568436735
1.0828295001721056
0.9597214534758977
0.851589482048904
0.7474641466554461
1.4229253865889562
1.421698936683546
1.4136010511555714
1.39298337154126
1.363467854756527
1.3182118006964139
1.2716851202344654
1.1459675235582096
1.0128710450437857
0.8952826223126404
0.7820604831628443
0.7297579030141996
0.7289909399310367
0.8119919405249005
0.823139728081874
0.8030407175444654
0.8950504264462956
0.8941728350779548
0.9715939859002348
0.9436106317377201
1.063543071701254
1.06979739986987
1.0263901685373935
1.1380056982348616
1.1216327214518311
1.147680281605049
1.1725119859455313
1.1956475341889348
1.2169669731173354
1.1736148190300146
1.2408282888711888
1.2607235711154923
1.2442280556099765
1.288372683725969
1.2883852825899544
1.2268189558884972
1.287413861460352
1.3212199389753785
1.3457744447430118
1.337207506647877
1.2489742268336097
1.3677085431099352
1.320350313407855
1.371095520615676
1.2659324887379493
0.6700846109691501
0.6847991486040752
0.72935831768138
0.7452223298622268
0.7550187875720289
0.8189462207933876
0.8362010216846388
0.8463308995135809
0.8506343689244767
0.8486676052254303
0.9118573620707631
0.9298366696072705
0.9396797866374719
0.9431520370969741
0.9390855675313823
0.9161465239089467
0.9767721560840185
0.9947284470283788
1.00433401132218
1.0066323375339126
1.0066062287227755
1.0048840228316742
1.001082605619723
0.9889656757481141
0.9734749966217464
1.0385406276172338
1.056705183781101
1.0651496193176264
1.0660753436336772
1.0634101388219697
1.0585438915729724
1.0436269392153208
1.0264136170143914
0.9905861327466384
0.9537728959076163
0.8794021222690636
0.8448560939323069
0.7949098144230903
1.109941117019303
1.1267653861988791
1.1337605772750683
1.1342129555988143
1.1323659923337632
1.1273321459680057
1.1219808176365698
1.103475495772596
1.0832345575559148
1.04780553956063
0.999856500337897
0.9662063111819353
0.9165200884143291
0.8765286022613006
0.8220590477493507
1.1502261913843868
1.1657604771586838
1.171563876978231
1.1685140285095361
1.1634124124234424
1.155713965199664
1.1348993567714896
1.1125101615109452
1.0679732155094326
1.0223111339674174
0.9857254562945249
0.932276521594663
0.8908345802568911
0.8317464447419851
1.1940012146842054
1.207337687087662
1.2111791005620431
1.205555352328822
1.1897355305277608
1.141040274401015
1.0425837251404595
0.944825718024385
0.836816289183682
1.228396306708346
1.2347238911385219
1.231811832388191
1.2198941355556807
1.2084835217803491
1.182674753550972
1.1545910868232216
1.103009472335993
1.050002030956167
1.0153609888923247
0.9466242423502186
0.9024907085062918
0.8338930778745439
1.2493997968002433
1.2578418169907202
1.256751959834876
1.2453323111497205
1.2338441720215487
1.2240112046177214
1.1945662827172516
1.1635481276669601
1.1034000968164985
1.0489956282722135
1.000219556549575
0.9393512709676607
0.8860938939126031
0.8190481476369713
1.2605939712450467
1.2663187908650582
1.2628222278235948
1.2491863999689314
1.2376851815246703
1.2235945353314024
1.1913450685673321
1.15983005759859
1.0990862922466398
1.0392233779861306
1.00142639371442
0.9239782169159699
0.870455457757695
0.7997767509417131
0.650318714506803
0.6660428214465831
0.706848846163411
0.7237532392400888
0.733714824990749
0.7919617788537638
0.8100162036467536
0.8200792672774279
0.8168907607855105
0.8794327459283995
0.8985813046665958
0.9051789269065422
0.9078462274783885
0.9011541159796369
0.940575988916233
0.958970504200375
0.9646540353245247
0.967775424142022
0.9662690218376901
0.9577830398416256
0.933963826911911
0.9042741618361158
0.9979372148292341
1.0164131434340835
1.0216328961190686
1.0238706264518767
1.0201394014126708
1.0100031498390396
0.981818570817468
0.9488675523779121
0.8777770575426505
0.7944416860408661
1.0635977176971307
1.0805993314376796
1.0852644005503218
1.0859343379751754
1.0792996216896533
1.0663112586015198
1.037997525235259
0.9948434549763714
0.9148630498248042
0.8215868375606696
1.1004748291023918
1.1156439462346068
1.118988881823169
1.1192040507131495
1.110488646118368
1.0954509582687673
1.0588753156230766
1.0172845228416783
0.9306399949224119
1.1394603577044389
1.152511839211981
1.1531365303268089
1.1239788450192623
1.0375718170307704
0.9432135499074328
0.8363664735647313
1.1697683405722548
1.1740546994236747
1.1749186323728589
1.1721523119825874
1.1583180868056122
1.137881830062607
1.0940577315878635
1.0451000889135678
0.9450650714162678
0.8334586298152179
1.186427713191496
1.19373539046649
1.1922138438779002
1.1883510556291121
1.170790802258814
1.1472411477504334
1.0950667588857923
1.0443260582120317
0.9636487404842459
0.9378690309446815
0.8186440550976976
1.1938569159213466
1.198576577993633
1.195900321063947
1.1895005326704085
1.1686970475790814
1.1440332278959453
1.0908498119018801
1.0347342694888764
0.9225813801919354
0.7994011482397236
