0.6635352154303874
0.6777347507557703
0.6668723193951075
0.6304125452998196
0.5874649838106984
0.549544070908863
0.5097478633580533
0.47398753925765275
0.4224799311173483
0.3472751890948711
0.726554116445373
0.7480993089347235
0.7545300453602073
0.7546771337495832
0.723546378317202
0.6753155202799527
0.6304727111328012
0.5828072155165788
0.5398442885400692
0.4972434617500812
0.45615186203174796
0.42216136451780056
0.35752054448229736
0.7921504732164314
0.8018574532151695
0.8093567028446432
0.817186817162042
0.8185989785520855
0.8048081262465173
0.7557140741608448
0.7051828157692756
0.6502057516619789
0.600343787729758
0.550856191988186
0.5031408427810036
0.4637002204455555
0.3547405004385131
0.8519218766812743
0.8695895105448915
0.8733810674859892
0.8783868264286059
0.8791291508286307
0.8764238700588941
0.8356838282006612
0.7811192794473366
0.7189829141565256
0.661937308784329
0.6051712159897276
0.5504375543280355
0.5052324098980262
0.45951726944998056
0.9346150112265142
0.9447628472458199
0.9520741084748513
0.9588349576597313
0.9596955252753497
0.9481837150915507
0.8960172680357346
0.8249932957746438
0.7570168669678176
0.6886553772236402
0.6226227543497467
0.5681368550547683
0.5131410681348242
0.4649595338379452
0.9896972471152427
0.9996740176150322
1.0068148366297751
1.012421541009897
1.012995753867936
1.011839875304744
0.9783442146342763
0.9051295964328013
0.8296305556244769
0.7523423972790082
0.6773715824983536
0.6155189463693247
0.5531646500478153
0.4986455222525492
0.9539192531667491
0.8746614199059185
0.7919526618068966
0.7113366828095835
0.6447897037522845
0.5191569947100964
1.0522205023763167
1.0691682984133342
1.0718671070305392
1.0682734525948816
1.0077145130178944
0.9257595247053063
0.8371937989570216
0.7501067689808325
0.6781089944381044
0.605625146311029
0.5423356020800622
1.087076713159473
1.102078968301645
1.1034694112150867
1.0694325301393417
0.9883324874637749
0.8934791239178745
0.7984279665328156
0.7195352399611193
0.6401279702936754
0.5708789776619163
0.5041109378391513
1.1118398357871513
1.1247107217118575
1.125857550104077
1.109795719033451
1.038363683869463
0.9398903393593472
0.8385117922571944
0.753862686433608
0.6686129774927766
0.5943171891334464
0.522808217888076
1.145648283412514
1.1460402908617857
1.1424053067397413
1.1308621671107046
1.0902182579269761
1.0564239762639493
0.9908198816594872
0.883055209031271
0.7920396536024226
0.7001874770333254
0.6202021693572228
0.54333045288807
1.153216114327246
1.1624774769699147
1.1588211978712881
1.1360623427805718
1.0417143168536247
0.9287667409288184
0.8313874518909666
0.7326903941578834
0.6467376258164333
0.5642620312720592
1.1759922424459053
1.1738050813782688
1.1697072544754812
1.1514264811174464
1.1411048568140474
1.1018043839133889
1.0503758967775962
0.9862894361994672
0.8815274785093755
0.7741895377394674
0.6805340831197472
0.5907133117262107
1.1808311820970538
1.1780661424981091
1.1690828753386224
1.149161303124484
1.1219434906261163
1.0812632529437949
1.0400293100262161
0.9299053602265454
0.8144798120774221
0.7133056317206983
0.6162073464661089
0.6657620375610586
0.6618198358547387
0.7340465560826109
0.7423052631808514
0.7199293089099296
0.8013560969282294
0.7970845003488035
0.8613595715849789
0.8312481724743894
0.9339581077097863
0.935556508655618
0.8919983592745092
0.9896000828990139
0.9698574037987965
0.9967894146914659
1.0110038080655395
1.0320179777372678
1.0463572472139793
1.0014891830451822
1.063872697023963
1.076801692502083
1.0579675094798537
1.0962258857173424
1.0922242373577937
1.032766775496261
1.0806174008509772
1.1149659909134082
1.130849412287473
1.1194579284480386
1.0371299129992793
1.1388468010448014
1.0927050614028813
1.1315507435606833
1.0354431241264712
0.6103775164318672
0.6230292226731309
0.6595157312918069
0.6729522755677311
0.6808571056824549
0.7323549706813552
0.7466392605903751
0.7545141813927091
0.757033588553234
0.7538428502866369
0.8059502137862764
0.8204138609689638
0.8277173101180719
0.8291572733653336
0.8238710877724559
0.8004796176506442
0.8560230238780432
0.8701423421870481
0.8769318612435395
0.8778792393307798
0.8771985276227314
0.8747701078235407
0.8704794045317671
0.8580353542242155
0.8428279372113326
0.9024134293007203
0.9163012415764167
0.9219175090115984
0.9207495654211031
0.9174423525145491
0.912187059237014
0.8972118612097343
0.8805700565258414
0.8466674769900536
0.8123120557109778
0.7435444692033399
0.7117550302627625
0.6659646284814313
0.9540754361711041
0.9664791962659842
0.9704758164391131
0.9698354724288506
0.967091560253422
0.9614779518182899
0.9559892338781815
0.9378450215654022
0.9186453601131899
0.8856382845336025
0.84152683387095
0.8107749647254131
0.7656445647391144
0.7293354833277761
0.6801345086653744
0.9819041716229738
0.992908459926619
0.9958013262125799
0.990971847322839
0.9854376566203065
0.9776480076571964
0.9575903913946806
0.9365990319773975
0.8955730075211031
0.8539957496384734
0.8208756087139328
0.7727033636726319
0.7354980336103597
0.6826155939104265
1.0105069556435804
1.019336041287133
1.0203017383262347
1.0132081076122144
0.9973057630169406
0.9518063241831786
0.8627189030981781
0.7754821860013035
0.6798120417147514
1.0312784714445695
1.0334709021432253
1.0294481806374622
1.0170342576533828
1.0060187141462225
0.9819171540663001
0.9562251530316856
0.9097899298066144
0.8625111596498619
0.8317723903238193
0.7710534402296589
0.7322732152781893
0.672137905190132
1.040070529523039
1.0443140668828643
1.040787661048465
1.0288865395708977
1.017770826660882
1.0085351010360801
0.9815802624541651
0.9536012023110421
0.9001972986971672
0.8523407750847393
0.8096911294113205
0.7566298887373758
0.7103958845858864
0.6524030253329418
1.0415441987354799
1.0436037535755425
1.0382828738438254
1.024407678084147
1.0134857538369726
1.00044286715747
0.9712745673883145
0.9432406779366937
0.889575263861234
0.8376453278254089
0.8048352336383516
0.7379949247256105
0.6919253548633783
0.6313839086151783
0.5908865103406432
0.6042974392250064
0.637509264562898
0.6517021716853997
0.6594710553669729
0.7063240825483089
0.7211004652626631
0.7286068837487947
0.722850027158447
0.7751513674222255
0.790349510933917
0.7951490785584755
0.7967331890498444
0.787516884442208
0.821931181135421
0.8361887031689583
0.8401754733131481
0.8418730389783008
0.8385903219470735
0.8294162369353082
0.8058632245715217
0.7774733728917008
0.8645856780415385
0.8784797908747128
0.8819246546047002
0.8827457283046961
0.8773207137773156
0.8667053169489987
0.8392923004511962
0.8082030517475386
0.742195146821125
0.6655802988922336
0.9114631110497069
0.9236592657660789
0.9262249208526078
0.9258132162988735
0.9176626931468601
0.9045522805619948
0.8774998856542661
0.837389322793797
0.7642892965005567
0.6797529009246452
0.936533540859239
0.9469912046758904
0.9485229354225166
0.9473567199276466
0.9373940627843961
0.9225207763343671
0.8880992501516494
0.8498854810201576
0.7713778254307142
0.9611734780437415
0.9695694372741838
0.9672781158711442
0.9378842534984431
0.8586678756563477
0.7741920649174707
0.6794567102110552
0.9787702507613549
0.9809181793597986
0.980380015621217
0.9764607867946172
0.962159007735239
0.9427083903983354
0.9025829864634767
0.8585841104968516
0.7698173075114433
0.6717980351856192
0.9841627968774569
0.9873037240804028
0.9842549030171982
0.979878987681047
0.9625327952797205
0.940574093802486
0.893575287087077
0.8486484887841239
0.7779439523323991
0.7554704648267294
0.6520914721805904
0.9830529564572134
0.983979858755458
0.9801572551497266
0.973291492440511
0.9532951733200814
0.9307359310730247
0.8830916353257753
0.8341292669895978
0.7369132587907536
0.6310973981934389
