0.864720607387866
0.8835671650809171
0.8705015815291948
0.8237373892442155
0.7683105774207898
0.7191604989513382
0.6674330300987595
0.6208145532614084
0.5534585658690997
0.4548100463630854
0.9517221682946092
0.9803879535389743
0.9890931853903151
0.9897628294326323
0.949873803293203
0.8872930342084754
0.8288627463509194
0.7665648734371623
0.7102607238125775
0.6542959676515961
0.6002135616825031
0.5554237855633023
0.4702256846885406
1.0422510981992557
1.0552284716756084
1.0652971966890759
1.0759188579583239
1.0778834746668322
1.0606848583307724
0.9967912262591906
0.9306480973662631
0.8584616920671163
0.7928227839138754
0.7275320072697677
0.6644732972947969
0.6122932836617355
0.4682194975776815
1.1254439037318953
1.149269034014186
1.1544278024341779
1.161366122503654
1.1625381475232743
1.1592636323196397
1.1062595067840215
1.0345624276560303
0.9526272577842467
0.8772143239864891
0.8020162620287613
0.7293983601106718
0.6693624504674569
0.6086112783495523
1.241526418030092
1.2553211845360777
1.2653189773716884
1.2747074420770568
1.2759757678284216
1.261382624056426
1.1926375457294889
1.0984576418707257
1.0080662182826785
0.9169889018469976
0.8288931674545242
0.7561420513110945
0.6826572044576286
0.6182921457087018
1.3196143616610747
1.3332440563307792
1.3430705020382032
1.3509783396969435
1.351877756753945
1.3505695290259219
1.3065907555840186
1.2092045752686893
1.108419370337937
1.0050426308434939
0.9046362341286784
0.8217298464346805
0.738104259107205
0.6649509536799698
1.276860498968915
1.1708216342226496
1.0599433678061827
0.9517347349900217
0.8623397946276044
0.6934889822733565
1.409122489161404
1.4326063165159129
1.436723686363939
1.4321835943837076
1.351655075838958
1.2417848708208965
1.1227679582099246
1.0055902219053567
0.9086427205036839
0.8109862793508097
0.7257321032986069
1.4595918607363696
1.4805227196908357
1.482909603037608
1.4378348757791866
1.328914229221513
1.2011001027195045
1.0728471531749806
0.9663232581198721
0.8590486002410358
0.7655048283668242
0.6753949487803569
1.4958170681314071
1.5138504566631075
1.5159014755160107
1.494767154870769
1.3987865034432483
1.2658365691957307
1.1287499026477905
1.01420533706447
0.8987939601740894
0.7982326248405733
0.7015049986350778
1.5451982274820886
1.5461360169571752
1.5414453953870944
1.5261109207234385
1.4714674353685104
1.4258268676621735
1.3370432052559986
1.1909990837768807
1.0675632246589504
0.9429366607590314
0.8344374739733321
0.7302210705224113
1.5577119960970434
1.570845403020238
1.5665087756838425
1.5360825305840857
1.40842393597282
1.2550078233215878
1.1226522096315323
0.9884593725676439
0.8716250482586632
0.7595691000015029
1.5927207460814388
1.5901212041066002
1.58471418874966
1.5601957410444947
1.5462464819648896
1.4929402859767213
1.4230304998074372
1.3357648269582119
1.1930339170513615
1.0466817611906494
0.9190184682148794
0.7967581564132435
1.602473752342858
1.5989806692731652
1.587015322863463
1.5600878749367069
1.523137369036943
1.4677291200992484
1.4114756874472765
1.261117743083063
1.1034089232126327
0.9652372419579227
0.8327199953048753
0.8681907583608031
0.8639039965730363
0.9621925571771082
0.973503040068447
0.9451122865595732
1.0552892923456996
1.050463526413476
1.1392278475760649
1.1003524334902857
1.2414939932412468
1.244453910613946
1.1872443576071081
1.3206127562328127
1.295150756520365
1.3319395801276175
1.352583639287175
1.3822772532269119
1.4024819202235639
1.3432120729438515
1.4285752034461414
1.4469056566515561
1.4222363325319296
1.4754966086873875
1.4708010113182863
1.3911494256414405
1.4583339481979705
1.505547011139265
1.5281693185351497
1.5133132157769587
1.402135624178513
1.5425961450582695
1.4804239269206825
1.5358023198702442
1.4051509629394143
0.7962194823052131
0.8129156901114994
0.8636367349835452
0.8814816401134866
0.8920774580152636
0.964353863990404
0.9834865436160142
0.9941649047532187
0.9977862923871567
0.9938661857307167
1.0670983057700332
1.0866565961558716
1.09666774862637
1.0989234727797468
1.0922199565836392
1.06163874000803
1.1376443101191411
1.1568644014618374
1.1662794424564573
1.1677495334996586
1.1669648168860496
1.1638956564226364
1.1583278206619654
1.1420036561777942
1.1219256429516014
1.2035535967024191
1.2226030305335744
1.2304853828241624
1.2292860934380618
1.2250095203884555
1.21813356571991
1.198341686365039
1.1762374843188301
1.131077907006527
1.0852083078765895
0.9932470548118127
0.9506976498194769
0.8893486923851209
1.2777768905952378
1.29492752625111
1.3007147213492691
1.3000310869860745
1.2965363679957298
1.289149238023494
1.281852707228382
1.2577147739758046
1.232043804869741
1.1877852451661985
1.1285461716900829
1.0872094892941766
1.0264189632701661
0.9776226725144243
0.911317842406547
1.3182920402342329
1.333636639279171
1.3379195582496315
1.3317525238959411
1.324441033588065
1.314078668188631
1.2872282643953763
1.2590447733794443
1.2038374961159426
1.1477753231447951
1.103118290489686
1.0381019630112365
0.9878622487286649
0.9164541059364459
1.3606226917298996
1.3730935655193768
1.3748184985017908
1.3655109893367072
1.3442743895659413
1.2829707216907331
1.1624723929648744
1.044322365385347
0.9146646506871571
1.3917823525460342
1.3953022559889552
1.390075558891143
1.3734832840974547
1.3586902809862402
1.3261279490509317
1.2913633738112529
1.2283974196930108
1.1642431161259665
1.1225050904226084
1.0400812444051728
0.9873535728987088
0.9056628179453589
1.407024374404228
1.4135089880160718
1.4091355951502982
1.3931770157602372
1.3781789692956037
1.3656806792044207
1.3290560414588282
1.2910916721426713
1.2184023527545464
1.153192493504658
1.0950567428327482
1.022757691402343
0.9597520679386866
0.8807398362838688
1.411867642408592
1.4151576444200011
1.4082406266585061
1.3895704832030673
1.374779101702267
1.3570696253600358
1.3173674513709963
1.279160530536049
1.2059400987698043
1.13502125364226
1.090222740417015
0.998902989535257
0.9360611932555731
0.8534141110449579
0.771158317708484
0.7888783169943874
0.8351694672240454
0.8540414926385671
0.8645056698134683
0.9303866422372146
0.9502119816870367
0.9604407484934627
0.9534060029774004
1.0265480004925511
1.0471385260350279
1.053734801422482
1.0559942382869392
1.044322184224604
1.0925165883942376
1.1119506613520345
1.1174799668630393
1.1199406626413544
1.1159020140926383
1.1039179046746992
1.0728298017176372
1.0351778012039081
1.1532058499504927
1.172294943758926
1.1771164692854954
1.1784286298436715
1.1715088475930562
1.157529901817181
1.1211225000848655
1.0796596914464418
0.9914238552245225
0.8888290071494247
1.2206962831985875
1.237619062757736
1.2413335651910058
1.2409206902629257
1.2303378959441806
1.2129196617538698
1.1767384643890884
1.1229283502049596
1.024578018534989
0.9107991640621409
1.2572758772447452
1.271900634947837
1.2742097951001807
1.272848927172771
1.2597342165723775
1.2398766957549596
1.1936591546310413
1.1421763662938076
1.0362956801537437
1.2940297662749776
1.3058852988088645
1.3032396135881616
1.2639411527130475
1.156933371088265
1.0425578448911108
0.9141785178806123
1.3206346862811351
1.3238665436015868
1.323272098838195
1.3181835656580851
1.2990487483347208
1.2728369421043613
1.2185182915038217
1.158859393337103
1.0383861608520935
0.9051967197894683
1.3311810710169925
1.3359787491148731
1.3320745008538761
1.3262600050724314
1.3028514030715983
1.2731700822116752
1.2092923622645653
1.148112647815138
1.051790712074804
1.0211625397848962
0.8803114118746576
1.3320749467739592
1.3338173901239527
1.3288165642709362
1.3195946702716452
1.2925727010951737
1.261915392081112
1.1969988680485386
1.1301726065570654
0.9974115370774262
0.8530191292210121
