0.7689343480348033
0.7865243520068719
0.7777883601294274
0.7387294922720931
0.691936262749071
0.6503393536988757
0.6065382890810244
0.5670768555967027
0.5101081613425563
0.426819891032646
0.848832743324727
0.8754084828657178
0.8838847440508125
0.8858133241309215
0.8533563095088446
0.800616850055102
0.7510426666272432
0.6980995147667268
0.6502248975140444
0.6026272198753315
0.5566403206207432
0.5185630168669688
0.44612216533690396
0.9326557038857727
0.9447073854568226
0.9541784866677752
0.9644982629509515
0.9665400118222871
0.9543833230717124
0.9008884560824743
0.8447411264858917
0.7832244863854956
0.7272055888854121
0.6714326021267727
0.6175421655322398
0.5729300682652504
0.4495422521140128
1.0104506191298346
1.0329261929279807
1.037942034359127
1.0450794540564932
1.0467628446095216
1.0448537377755056
1.0014278043253781
0.9406503649837222
0.8706682780137455
0.8061075329804199
0.7416107599506759
0.679259961580179
0.6276610950799064
0.5753896919962284
1.1204881419513337
1.13362353025887
1.1433432667852752
1.1530139686474412
1.1545630137789806
1.1445072011810487
1.0870442161382612
1.0065743369644633
0.9288539542939689
0.8503104925073594
0.7741829713860717
0.7112026710119724
0.6474715389571755
0.5915129695210412
1.1958182341397765
1.2089564714350047
1.2186840445463245
1.2271738555762028
1.228496414877305
1.2282336023046634
1.1930047628595548
1.1101318078506734
1.023313485022035
0.9338538805739622
0.8467130460387483
0.774589229535957
0.7016712369342389
0.6376963826204658
1.1735519584800835
1.0821913906695264
0.9860683074148334
0.8919274267756568
0.8139406741727091
0.6660298321037453
1.283978129305704
1.3076067915096516
1.3132254161086794
1.310519092401341
1.243835831776696
1.149281079666364
1.0459370906062893
0.9437350976911981
0.858905821387616
0.7732048978234023
0.6981221118256343
1.3350057208623902
1.356482589719379
1.3608897247939054
1.3250961588685473
1.2318642259399621
1.1207626838846556
1.0085937223070947
0.9150650554286328
0.8205595471062265
0.737827525357956
0.6578225909458192
1.372521180034862
1.3913299260903442
1.395439404909244
1.3796018384340627
1.2982840873955674
1.182757353177501
1.0626392004205722
0.9618085150667741
0.8598321654327375
0.770602681691826
0.6844205427946436
1.4254755805805868
1.428254141625748
1.4253535118712182
1.4134400272848444
1.3676151703307777
1.3283596922422083
1.2511281564434074
1.1229762041529527
1.0140376823981492
0.9035791478622037
0.8069768578266221
0.7137819023261581
1.4400551092590221
1.454763847698723
1.4537647772586997
1.4295866845620018
1.3198377287467953
1.1851885317960744
1.0681194459466843
0.948845176498087
0.8444676721432329
0.743901649502655
1.482704054295588
1.4821681341867066
1.4784714994486488
1.4589148399259824
1.447299682240977
1.4016454397221236
1.3407463904829529
1.2639542451734898
1.1374357474064631
1.0069433266395353
0.8925380181494854
0.7822489913459991
1.4995730159875826
1.4980693766235047
1.4892512532836397
1.4672157446646454
1.4356829063166816
1.3875492793897493
1.3381357436590573
1.2047797622606264
1.063765756584679
0.9392974879452219
0.8195457658208763
0.7734207667830905
0.7719015703995039
0.8598696238163597
0.8712737009610032
0.8490809361995519
0.9468683201171727
0.945186756356668
1.0267867065870104
0.9960759107493039
1.1233180011819368
1.1291219224441498
1.0821185327683436
1.2009308429356929
1.1825318328833911
1.2114634185499198
1.2362368654537292
1.2615159352957128
1.2832465500926578
1.2360357254468628
1.3086914527619518
1.3289331732769711
1.3106564440008983
1.3580660191488838
1.3573721708173603
1.2911569105034637
1.3553354733131113
1.3927731687623353
1.4179415575527474
1.4082566298654575
1.3139021095778447
1.4406793163154221
1.3898003363567895
1.4441738705253475
1.3320812228379404
0.7100288261738849
0.7254410850765677
0.7722719456650953
0.7888579807483457
0.7990097129905253
0.8662011376679218
0.8841959367134404
0.8946496473757273
0.8989087478449115
0.8965148370354751
0.9634467394461337
0.9821371068112187
0.9922420501894167
0.9955532448985118
0.9908966215796756
0.9659780570618154
1.0312945530522994
1.0499176902026373
1.0597213361434457
1.0619235469393085
1.061757547542387
1.059745569868015
1.0555270732857234
1.042343556463867
1.0256341531357882
1.0957860243570237
1.1145737702680782
1.12313841700672
1.123713907032338
1.1206956469803817
1.115354879145431
1.0991875576918257
1.0806633596275743
1.0422652683569926
1.0029013391040151
0.9235008597858603
0.8866456960071698
0.8333901243880486
1.17026346864363
1.1876162255235574
1.1946099177520415
1.1948879575190758
1.192731163166154
1.1871482373348736
1.1812948751704726
1.1613617058383192
1.1396694689544027
1.1017681287481431
1.0505986771589388
1.0147252608702695
0.9617958058256559
0.9192140752062326
0.8612490649060456
1.2122583748321574
1.2282299527132148
1.2339665040505983
1.2303405018610967
1.224744613372126
1.2163926275955275
1.1940069867070784
1.1700389118572543
1.1224874779148122
1.0738208055179643
1.0348696156210255
0.9779959756607569
0.933926309890464
0.8711182120716928
1.2579063601469471
1.2715582897276037
1.2751989491217655
1.268889017188268
1.2517687468703105
1.1996638136786169
1.094818160658966
0.9909254707871796
0.8762582698198804
1.293654333764416
1.299832249478124
1.296512423570171
1.2835659765366354
1.2713017501038348
1.2436973023998126
1.213743334526247
1.1588525240780647
1.102514141166598
1.0657239856699374
0.9927653478877574
0.9459535158802965
0.8732238973081085
1.3157799379933717
1.3243029613777741
1.322608902806715
1.3104588865634048
1.2981304467545522
1.287617339590728
1.2562260191089953
1.2232233104607184
1.1593332665470437
1.101606441984666
1.049890703952646
0.985380163878453
0.9289604164866199
0.8577141909714027
1.3276663833615663
1.3333499883318085
1.329386987492174
1.3147065087175702
1.3024111686662094
1.2873858551860229
1.2530769651442903
1.2196017391792402
1.1551518256020976
1.091720465148759
1.051666898696732
0.9696735338004139
0.9130370916148264
0.8382788276175692
0.6887772848878524
0.7052205896367939
0.7480872526682705
0.7657359277035388
0.7760005272695949
0.8372573780160603
0.8560473941713991
0.86635811253305
0.8623422847549667
0.9287333634096023
0.9485860439655078
0.9553388174613505
0.9579905407712984
0.9502001301211227
0.9925718383760803
1.011604764814911
1.0173977576187367
1.0204736950460405
1.0184668169928295
1.0091329195844643
0.9833996791190415
0.9515270535306966
1.052404566027277
1.0714677770524412
1.0767528696821276
1.078891512874206
1.0745698846156329
1.0634195396451924
1.0330589145513538
0.9977540110360742
0.9217980524370556
0.8329004952724358
1.1208246696347093
1.1383096685344782
1.1429329072778713
1.1434475324197901
1.1359661566062758
1.12189956089782
1.0914720915410765
1.0453416356762093
0.9600604728618903
0.8607554029179328
1.1592286499812938
1.174774313557277
1.178063099080223
1.178035050550585
1.1683800269518805
1.1521297066046854
1.112942353250908
1.0685504531422916
0.9762823251651942
1.199830942596227
1.213146476549855
1.213320427913051
1.1817525038832934
1.0895626312362985
0.9892369132317941
0.8757878262893399
1.231294416440394
1.2355940251579907
1.2363021669159382
1.2331284277129575
1.2181137879652155
1.196197834648964
1.1494574675725961
1.0973720548646826
0.9911314754960908
0.8727692031096004
1.2488222653221015
1.2561950690660182
1.2543536358888203
1.2501235412531608
1.231233549772159
1.2060856297886446
1.150578841021693
1.0967026014859902
1.0111479932060807
0.9838246247829325
0.8572905740125817
1.2567836413339557
1.2614348162679143
1.2584323499674273
1.2515050903684206
1.2292458521733423
1.2029707889683576
1.146488497410483
1.0869995715431602
0.9682050742692702
0.8378840423488897
