0.804332500225726
0.82225658441154
0.8115927538125143
0.7695676031402723
0.7196066222085586
0.6753370622509535
0.6288080798185824
0.586939849099777
0.5265208573028234
0.43793716843080105
0.8830203492247679
0.9100493396507745
0.9184712651816236
0.9197931588423505
0.8846416086155858
0.8286111699123214
0.7762078910937216
0.7203532484816458
0.6699117561987373
0.6197981661102581
0.5713616973495482
0.5312033604096127
0.45447422106095126
0.9655574884273233
0.9777520496741473
0.9872786027308905
0.9975096609696087
0.9994718957260851
0.9854293292565566
0.928720884133963
0.8696554788842071
0.8051253271028772
0.7464489304197273
0.6880781521975533
0.6316673453972862
0.5849224617802805
0.45488443804179424
1.041544293485332
1.0640447083957254
1.0690031259160766
1.07589048694776
1.0773353477538092
1.074908459061165
1.0286574529621095
0.9649726310011103
0.8919532436569694
0.8246854173669602
0.7575626349010441
0.6926723373783387
0.6389346051929485
0.5844189453323251
1.1482206710251621
1.1612574833517637
1.1708273123864583
1.180146619965197
1.1815502223052765
1.1700680700735921
1.109904975012218
1.026458766984195
0.9460967687041056
0.8649859838131255
0.7863902558432395
0.7213449683481539
0.6554625177202031
0.5975206395713231
1.2206866782597041
1.2336505186979962
1.2431608308561954
1.251204936497141
1.2523517315699655
1.2517578281722586
1.2144029757202124
1.1286990304394557
1.0393631881157932
0.9474585536990808
0.8579794249016232
0.7839088463688029
0.708974823600748
0.6431465921105828
1.19122976382117
1.0974499692881483
0.9989889236138371
0.9026197213010304
0.8227837282856776
0.6712143411693731
1.3049137770930022
1.3279138409207516
1.3328934289632053
1.32968587131671
1.2604428578178692
1.1636079274124584
1.0580732299273934
0.9537939116265934
0.8672478821993659
0.7797831964440316
0.7030814350518257
1.3534573020781002
1.374192745657183
1.3779047311797823
1.3403421623047584
1.2450133160426389
1.1319352449688658
1.017910321351344
0.9228561392892991
0.8267870164447202
0.7426277803006971
0.6611020621258156
1.3889655049517242
1.4070737062209486
1.4105120436319283
1.3936512359228777
1.3104655648746217
1.1931537405937223
1.071389305109097
0.9692109252701369
0.8658608690407804
0.7753745397033196
0.6878433131686471
1.4390976354736686
1.4413443598771236
1.4380844902023509
1.4256358193511438
1.3787620055259677
1.3388987688404397
1.2606957896485285
1.1311490150820827
1.0210830227501935
0.9094782401545696
0.8118189772086107
0.7174800511004977
1.4524686085623717
1.4664884512912315
1.46475933634101
1.4397808683000342
1.3286252085188273
1.1928495305198523
1.074894175556641
0.9547112977574538
0.8495064059847144
0.7480168072544228
1.4923962282326424
1.4914588054582643
1.4875456789559462
1.4676724784589756
1.4555476041371693
1.4095356538578496
1.3482618793824905
1.2710950373726848
1.1440201243085653
1.0129499687661732
0.8980330164572918
0.787090484387556
1.5077535928352965
1.5059907739370946
1.4968699609777425
1.474552980138611
1.4427855737037303
1.3944602791083556
1.3449299738272347
1.211351378144113
1.0701268967758835
0.9455979887302887
0.8252976239401599
0.8082585579770176
0.8054580334511157
0.893590816656391
0.9047451348743437
0.8802273609835681
0.9789515081107693
0.9759865206115715
1.056453228375099
1.0232021347954536
1.1498738370167705
1.1544878353072294
1.1049257128334675
1.2242292926336433
1.2038592539133157
1.2337949643675454
1.2565392076441881
1.2816937134172839
1.3023547218529894
1.2526372483759651
1.3264227948324807
1.3455867331764753
1.3259260447960721
1.3732488005809134
1.3714965271338464
1.3033686222085876
1.3665513389693327
1.4051702920792921
1.429147914161543
1.4185955440318174
1.3227320014188313
1.4496964020865033
1.3980638694272713
1.4517010276794267
1.3389212261632057
0.7417236868752394
0.7575312146423677
0.8033312408406087
0.8202140663328985
0.8304065254903298
0.8955730138868963
0.9136989545168326
0.9240403683389072
0.9279591825148532
0.9250001804378857
0.9902061910909512
1.0088176456415148
1.0186676347817027
1.021499167821165
1.0161724612854781
0.9896843890108015
1.055726726023675
1.0741179348407452
1.0835460616861317
1.0854411953002372
1.085058022720457
1.082709851193961
1.0781138818716345
1.0641253592845026
1.0466206599163888
1.1176080751152435
1.1360149760126637
1.1441319660625384
1.1440957195576034
1.1407410247045715
1.1350121331570442
1.118036289872569
1.0987788714852966
1.0590729783854538
1.0185173203223186
0.9368738632183212
0.8989984655151485
0.8443090666856725
1.1885966703788409
1.2054549871125286
1.2118905300244016
1.211871416492227
1.2093676435168677
1.2033802478837041
1.1972712378039787
1.176531840734862
1.154173289809927
1.1152948475717577
1.0629451799162455
1.0262901680421976
0.972263538868564
0.9287944255034208
0.8696524567547629
1.2283798190290984
1.2437695002728122
1.248962540508381
1.244714453651359
1.238771449020905
1.2300597060005092
1.206986627491551
1.182417104321393
1.1338786581325897
1.0843190581275475
1.044683468253324
0.9868431807476082
0.942052062815375
0.8782039988335627
1.2713916358748087
1.2844255849767747
1.287497047459088
1.2806008218352594
1.26286521830999
1.2096952690473988
1.1033625517481656
0.9981850394314918
0.8821340287259692
1.304983694762165
1.3104418625847754
1.3067696894483767
1.2933175444872895
1.2807633621862844
1.2526791613957406
1.2222965590955044
1.1668227546185395
1.1099285880914067
1.0727394339512275
0.9991651041233406
0.9519694878963655
0.8785880909977332
1.325236044142299
1.3332264871458694
1.3311101306207282
1.318534076227494
1.3059813193702805
1.2953243118612578
1.2636352279047933
1.2303891397649998
1.1661234520608432
1.1082933833125064
1.056162481113506
0.9910868045112957
0.9346450723595023
0.8632842104443467
1.3359442503458931
1.3412249724897103
1.3369324495399402
1.3219769250256372
1.3095498184515504
1.2944112606055977
1.2599109301756646
1.2263218740649757
1.1617124514719408
1.098174604575014
1.0580226088078581
0.9758675132063797
0.919071934910843
0.8441096929280815
0.7190133656497817
0.7358373939931622
0.7776526713364437
0.7955669464196571
0.8057777615977045
0.8651159186705716
0.8839789942933819
0.8940782450762171
0.8889398879446554
0.9540271340125798
0.9737211548812005
0.980270095767964
0.9827193506678089
0.9736625166952092
1.0155874639970053
1.0343262088568648
1.0398857560596901
1.0426769864187748
1.0400021756988251
1.0299588135079207
1.0029407513863169
0.9697852318368487
1.0729158519706847
1.0915185909993237
1.0965305758388053
1.0983416780330346
1.0932171725112851
1.0814534575819972
1.049831668762795
1.0133550131575384
0.9351692462049195
0.8438200761101271
1.1380207151757327
1.1548921220846615
1.1591424261389152
1.1593919571269917
1.1511450458176478
1.1364134048423389
1.10501141289146
1.0576990091698983
0.9705343991773541
0.8691615131789512
1.1743616654873932
1.1892678127570626
1.1921990155397688
1.1917992384791813
1.1814251371612277
1.164566411419104
1.1243707505977836
1.0790723811767855
0.9851393675318805
1.212495774913425
1.2251417546149148
1.2246223700583536
1.1918883617762435
1.0981418393450808
0.9965089844482835
0.8816674888155219
1.2419821338867458
1.2459632812923136
1.2463715163187266
1.2428500024519085
1.2272735046433823
1.2048756289308455
1.1574961139310649
1.104824938802153
0.9975440247895924
0.8781370422166648
1.2579042403369898
1.264694085050956
1.262519219065034
1.257999538391188
1.2388355186504176
1.2133487802339358
1.1574343090895616
1.1034241660335424
1.0172439123778154
0.9895348022861401
0.8628635635090435
1.264902280682572
1.2691162860008567
1.2659051052911185
1.2587998795085582
1.2362537113016623
1.2098178584742982
1.1531047378372408
1.0934811261536708
0.9744054124776781
0.8437156376255518
