1.6567285763539088
1.702465485873015
1.7093279422977148
1.6467879973656192
1.5667502358385532
1.4942508579203617
1.417226467687648
1.3473820442541997
1.2458264170904016
1.0952752941260897
1.8467055818469151
1.9139093045206899
1.9387615296387088
1.9547079964406602
1.9107543085294256
1.8214456755617523
1.7343046429120181
1.6398751503044129
1.5536962065116902
1.4673296990305604
1.3832543975809617
1.3130876843657924
1.1776154777952361
2.0513316009956695
2.081837114045916
2.1068141643275835
2.1367206543832857
2.143696555981079
2.144573922425815
2.0574445401661023
1.9585533245782547
1.8476819690585555
1.7454722828619949
1.6426933599901554
1.5425031570456498
1.4588033186078266
1.222154376877767
2.245791520753315
2.3052859760096585
2.319767130215408
2.343414038634428
2.3525408488309543
2.356973429428472
2.2948767373680843
2.18880702159337
2.0618174091430084
1.9425938490106822
1.8220575003487074
1.704323631448033
1.605892224255663
1.505095120875795
2.529674281634961
2.5650791354085274
2.592888589485803
2.6246877074487722
2.6315480922257044
2.6342842319281248
2.541400914940317
2.3955224955638457
2.2500125049788404
2.1004976942647464
1.9536969206703636
1.8307946349881172
1.7049253203917125
1.5928250262527082
2.7314460342788807
2.7679040348583546
2.796871288138832
2.8270284742598952
2.834171194136495
2.841489714013668
2.7974116892814673
2.6503224198125532
2.4869838641680557
2.3147692027495146
2.1443991619988556
2.0015045961122433
1.8551502850395314
1.724925813759787
2.806550236516881
2.6347953387650023
2.4487353628433888
2.2632748080665435
2.1074385646400664
1.8056638187408693
2.977447970570873
3.0498672029173917
3.0776168653380886
3.0825047808680104
2.9798338716537773
2.803282955057719
2.6023427818144276
2.3994385560908205
2.2283952659849704
2.0531135488730197
1.897073817878596
3.1268417501609096
3.1951621985808676
3.222328998678364
3.180415884024776
3.010733189159602
2.7942841478170304
2.5697900276928975
2.3792843690875545
2.183857088100552
2.0098827861877213
1.8388268452257222
3.241139220702563
3.302692950763634
3.329237452313123
3.3187069607801356
3.177609249448056
2.953250173064993
2.7116153085504564
2.504712598646376
2.292061167136049
2.1027390926241716
1.9167377199208842
3.4151389727893187
3.4359399510694457
3.4396581276277716
3.427619353896841
3.3518488365525974
3.2789109853771756
3.1284986314949594
2.8698192903213853
2.644673312843091
2.4123904069142825
2.2055230250562454
2.002436638942408
3.4635389068322917
3.517523879311762
3.5369537429866638
3.5076412779792103
3.3044872915790138
3.0327258235683234
2.7893341790604307
2.5365569889646786
2.311091437812173
2.089930880516938
3.627983053649693
3.6400461842299365
3.6405415488238315
3.615813021851633
3.597140187425968
3.5137198325144126
3.394774995423709
3.238663291131801
2.974371522235207
2.695405530626497
2.4456587630513926
2.2007541164697595
3.711583814104716
3.7199649569859035
3.714538375099033
3.6813115439899082
3.625062252307942
3.531929883467121
3.4322700736995473
3.1537137051066564
2.850380789576056
2.5765994787952295
2.3079523841214518
1.6791636455959347
1.696373295334931
1.8859499052764854
1.9225254235131846
1.9011427921853448
2.1048725032333997
2.1237966049689665
2.315942509760243
2.2825164981838992
2.5596950465827764
2.598538931529882
2.529763997071554
2.777642741346305
2.7725735890650154
2.7978685608963647
2.9028875074204317
2.941031489608231
3.017550662506028
2.9608921708415257
3.0810770676159502
3.1552517500635044
3.1452708240462997
3.238805389514797
3.2644589411114273
3.1598934119994104
3.3212816388904876
3.357108017106234
3.4484561876393762
3.454482057773833
3.2893719845432248
3.5584211222350746
3.483527972743086
3.6225495325124113
3.41646347463281
1.5470054205709567
1.5855359372812021
1.6982557243628036
1.7405384743308456
1.7689917848269063
1.9324643653190983
1.9798019242629665
2.010617086456178
2.028748663228336
2.0329066119991124
2.183620574604567
2.234809916441299
2.266629301803277
2.2847801340457004
2.285683550473309
2.251008360488969
2.365132545200172
2.4177317741552975
2.450728891005624
2.4628630399374867
2.466899326381185
2.468512393574131
2.46550746073908
2.4481749016629686
2.4216944477957982
2.5438511745228585
2.5991525434135014
2.630170709040652
2.644771766429525
2.644541604548333
2.6395617293968496
2.616547555572361
2.58608591675915
2.517989673744601
2.4450708454845924
2.293623500013739
2.2222011030391866
2.1178608151671034
2.760287870084164
2.8140818513494845
2.8437068662391627
2.8513544959118406
2.8541987512598013
2.8503438335540885
2.8432357396922936
2.8126011439430383
2.775225019220726
2.7059323985618104
2.6085566160960294
2.5388534394865667
2.434498914165235
2.349651291186139
2.232821971317099
2.889305686440515
2.9415474220137363
2.9689581618138017
2.975809465701516
2.970905963908626
2.960019370618032
2.9240997945797287
2.88160694905496
2.792482641261035
2.698003982443299
2.6208605239661216
2.506804618235304
2.417326497307019
2.2884020059266548
3.0385994582771993
3.086741520370439
3.110835946982011
3.1124205051604057
3.0896864642012236
2.997879525283242
2.7926970452530275
2.5806620889778396
2.341088978352487
3.1665138050972055
3.202613898826765
3.205624968211938
3.1917600747788937
3.172720967806147
3.124446547519165
3.0682478058669203
2.9603091248178965
2.8462132432058036
2.770456954522876
2.618095916887163
2.519236758649131
2.3639267928247576
3.2635791473892795
3.301920940735405
3.3152096906710704
3.3035696245935666
3.2849884699611738
3.26716735005071
3.209530796062416
3.145355756628975
3.0159015796368434
2.895670738584045
2.7860823515744753
2.64782037963989
2.5252926771519877
2.3694253967527286
3.33272658986763
3.364807124042725
3.3720808750475038
3.354856486738966
3.3350821884988484
3.3085490643561104
3.2433306521381136
3.1764238873622195
3.0433092115529
2.9083049832397148
2.8221911581165293
2.6430207560890593
2.517611829862786
2.3501489466574625
1.5101569369301562
1.5519548509334484
1.6558990587165292
1.7017014542045779
1.7323249529506588
1.8808868499316753
1.93143114425385
1.9640956472502082
1.9744491992973547
2.120307838559081
2.176051630060046
2.198021908455282
2.209097482324303
2.2138809882025767
2.2938240177376654
2.3491446697042817
2.3688173592055706
2.3827438148098645
2.3914690386375153
2.3822824200644925
2.3426075583537753
2.287187587414673
2.462516378508584
2.520295102317473
2.5397276426833844
2.552186729457494
2.5570157485278804
2.5442716063256254
2.4954342672420227
2.432333675587903
2.2893224926713462
2.1165916979531647
2.6655891182450264
2.72211363109731
2.7426576243660463
2.750742616990942
2.75019977407274
2.7312885527481736
2.6802394681027293
2.5952798864645144
2.4300211229015556
2.2315128742656207
2.7864041228148477
2.839355238806722
2.8559224929608504
2.8652233504428923
2.860312251087286
2.8367746581958078
2.768324531684161
2.6845183742498118
2.5023204393174567
2.9239720023138416
2.973439075214692
2.9931954235732543
2.952332538047478
2.7790259133080366
2.5761654605278324
2.3397982897154908
3.041614792301627
3.061457668841022
3.0722434864630292
3.0757869436544474
3.059021883044229
3.023075591930695
2.9358415784768126
2.8326637477747485
2.613684995722619
2.362660757485215
3.1266156058523937
3.164324391435261
3.1722067151352946
3.1702920123939693
3.1444810115880757
3.1004373068868563
2.992659141053281
2.8824999933005317
2.7020612201186083
2.6435353474764454
2.3682189820120034
3.1846004344749663
3.2164456201938565
3.22039922821203
3.2146254124010243
3.180473829326143
3.132290069384733
3.020010130231717
2.8954486435103344
2.6389142224193214
2.3490063279772575
