1.859276216675684
1.9077702969669854
1.9066408262125918
1.8291725990862473
1.7323767148199998
1.6452889386807545
1.5531136458401635
1.4698124241904835
1.349276612245188
1.1726583947770373
2.0732428828025085
2.1454302571431207
2.171143387815582
2.1850413822715162
2.12669302654708
2.017855006535162
1.9130500370749024
1.8001188119603575
1.697476003457937
1.5950418940458864
1.4958155455477162
1.4134869284693488
1.2563247150976105
2.301700772075757
2.3346077995610965
2.361261836574896
2.3924280180722346
2.399433133562197
2.3911828086297504
2.283140918618511
2.163851661414075
2.03123903916829
1.9096043373669058
1.7878637515388016
1.6697678143575587
1.571684310648223
1.2985869378167687
2.5184518508645874
2.5821492081102493
2.5973224710141083
2.621325374315864
2.6297864337113364
2.6319244119104925
2.550741623261403
2.4219973449917167
2.26994216375375
2.12811108430669
1.9854572896491325
1.8468513726069822
1.7316307875333938
1.6144004921159292
2.8335872497621986
2.871551469327553
2.9009396522910507
2.9334524679168603
2.940091415400378
2.9348738992171013
2.818489564318661
2.642919628823381
2.469733396478447
2.2929250601648166
2.120322281483078
1.9766495587654693
1.8304177405209756
1.7011456869666393
3.056388267499913
3.095319626413038
3.125734213299193
3.1562297177299268
3.16293442227647
3.1686625592264406
3.1073800067337896
2.928474335147304
2.7337060064823757
2.530059193790337
2.3298715753617234
2.162963145531337
1.993047073013221
1.8428131113921369
3.1038850415292867
2.898617402855489
2.678527272114526
2.4606602058698264
2.2787028622209204
1.929645305796081
3.3262104435989968
3.4021329946184697
3.4286830226727396
3.430624127674673
3.298759348595408
3.0868279282584483
2.848944073516266
2.6106107764188193
2.410969143871386
2.207641949275037
2.027870166131465
3.488663817854285
3.559837130530555
3.585078685029291
3.524842180841281
3.318899107438071
3.0621442029420654
2.7984041500970878
2.5761157892255873
2.349499276142091
2.149156887280728
1.9536234788516242
3.6120551476148743
3.6758739898329438
3.700464366709259
3.6802590891691107
3.505873199919295
3.2389173522060095
2.9549041703931938
2.7135164306323136
2.4669924708698
2.2490427228908745
2.036471982869419
3.79564894961622
3.814608568201156
3.815456281301881
3.796853359601073
3.7014450113727264
3.613186325333271
3.4340125735530713
3.129627486368054
2.8669458176310125
2.5977330505011893
2.3596578846792817
2.1276253700609207
3.8486913680352837
3.903478791074878
3.91854153468345
3.8767545941244608
3.6301723909379158
3.3097002404957614
3.0256331926880016
2.732691239115351
2.4733197457687988
2.220716875788991
4.0173546310047765
4.026752778391564
4.0243624579475865
3.9896318675064224
3.9657395641718933
3.8637631767383214
3.721683731235911
3.5375605466710707
3.2287767859848264
2.9055119648816197
2.6182715592621455
2.3386662207117905
4.100527790086002
4.10618456346607
4.095091077589124
4.051553507137745
3.982014212655871
3.870139383010103
3.752009882195279
3.425815953130244
3.074192191731246
2.759381543624899
2.45279251618535
1.8799718658512043
1.8922167374201948
2.112061267573847
2.1491030985680815
2.1160035080238817
2.354325471648902
2.36801840797683
2.586079814808012
2.536993389784609
2.8596789128958724
2.894982510099064
2.8055614338961306
3.097290731421819
3.0797232537726207
3.1245559178490194
3.22741512356614
3.2803080510971028
3.358093903488946
3.2777227099267043
3.432220463056902
3.507210973201261
3.4857447817323184
3.5995132108386656
3.6198487151856757
3.4862484401817304
3.6675394869469926
3.7270235639127063
3.8199970202695255
3.8177135251460212
3.6134909961263997
3.929371210573883
3.830395666596204
3.9865245093669985
3.734645072437334
1.7304105294697705
1.771723844367585
1.8988298442207536
1.9441116231270712
1.973836245801855
2.15893725596751
2.2095014478168515
2.2415152775898717
2.2589754308630665
2.2604871612120947
2.4366912809853494
2.4911320978877103
2.5238828952475867
2.5407725922788567
2.5380973462153595
2.4922755551783173
2.636465741875814
2.6921839893758794
2.725831734340723
2.7371562581040663
2.74027298145191
2.7401146391138567
2.7346275046526607
2.7111298170677482
2.677722931473713
2.8321469495922584
2.8903895259704515
2.9216354004012026
2.9338330125895555
2.9315674824983327
2.923517549077704
2.8932433965953535
2.8552172307860055
2.772433612165078
2.685075242299566
2.5055151272933776
2.4213538771496257
2.2989169658923716
3.0672017565419596
3.1234150993687773
3.1525510888410038
3.1589561869918446
3.159674765856265
3.1524790488834746
3.1424637244465554
3.1031418226872476
3.057067726553709
2.973382328969917
2.857351213966152
2.774889835567657
2.652042731848039
2.5525972619878576
2.4162321876170725
3.205934261382493
3.2600406299865585
3.2864664594294717
3.289393021950819
3.281342528803406
3.266404134492043
3.2208998229647055
3.1689325433531375
3.0619298418150462
2.949880757200745
2.858915802488581
2.7251174125827107
2.620563185570788
2.4706559963980266
3.364620150002178
3.4138598201547734
3.436143057869128
3.4327911025568523
3.401744849684233
3.288873844425838
3.045362229294383
2.797289593978684
2.519395488208863
3.4977469331575697
3.531677858784745
3.5316942348723384
3.510839368080694
3.4863214957967505
3.4266932051351686
3.3589569661318905
3.2307226990624214
3.09657286488947
3.007970603768169
2.830701180862656
2.7161215475933496
2.5369201359541242
3.5964879031753947
3.6340309940850255
3.643714433560909
3.625041212278176
3.6007353606319725
3.57841315747266
3.508149874409619
3.431462799951494
3.2787344028659837
3.1382679880079607
3.0109047533713365
2.8509421232980663
2.709908957981073
2.5310724755729677
3.663512404106971
3.6938133408606397
3.6967736817483585
3.671696038647792
3.646383674606909
3.613561603814905
3.534846382879126
3.4553941289485812
3.299075593696059
3.1420521381375837
3.0422996264666495
2.8358548393597776
2.6920396426301654
2.500865172078922
1.6860026556287953
1.730632842116422
1.8478010808245968
1.8966426824805012
1.9281544362004845
2.0968991736113742
2.1506193834903393
2.1839720430430516
2.1892435808313837
2.3607959567146803
2.4197361845151755
2.4421911218230905
2.452963629842728
2.4511237800313777
2.550997578872232
2.6092341494027105
2.629252279584995
2.6426657315150255
2.648220862195473
2.63406596176274
2.5835782668917324
2.515967453693817
2.7349244542045574
2.79540335343265
2.8149040487759573
2.8265148110533755
2.82725361264201
2.8089357798598256
2.747538417049558
2.6710540363383544
2.500805816441718
2.2975364328687307
2.9544065719813517
3.0129595157987468
3.032988196209383
3.0398977603954247
3.034049713017185
3.008513158395131
2.945060406238091
2.84276324547676
2.6471506985402438
2.414812038797452
3.083592522311431
3.1379759541269867
3.153858356656079
3.1614003430692876
3.1503770553730126
3.119449866030923
3.035346522262246
2.935085406000282
2.720227371647943
3.228789727334895
3.2788270488048794
3.2950517693172854
3.238697319302016
3.030397761816678
2.792399274175474
2.5180030707845344
3.3501265097921946
3.36944443435851
3.3787564961348635
3.37931360674692
3.3546171414097494
3.309288123671023
3.203908724857916
3.081773443724646
2.825916275273845
2.5355584923216408
3.4351633738254432
3.471468872852812
3.4764837005629143
3.4717823435107924
3.436708105915914
3.3822322755115692
3.2533590742139125
3.1239373852295893
2.914037552287597
2.8463143738872327
2.529782013844624
3.4901043383145343
3.5194100299020143
3.520347478327197
3.510459259914683
3.46600860344546
3.4071620161022533
3.2737116978443113
3.1281102144662927
2.831437489368584
2.499648863557693
