1.6950345227042785
1.7286855664141727
1.6869652354744609
1.5760704735203745
1.4434477741571299
1.3224484772438245
1.190261570341728
1.0660989081166656
0.8766967154225113
0.5747922538857845
1.8609614392675966
1.9124859555848759
1.9256552529677267
1.9187506272545316
1.8167912126068777
1.6647921717443184
1.5206655296826264
1.3624077388814266
1.2143093403417213
1.0614350100589591
0.9080363925560526
0.7763521420119851
0.5162922246636531
2.0267738504077273
2.0497397671309896
2.066742594357223
2.0823665050316684
2.084313907658027
2.025894476569113
1.8661016400739974
1.7021856087219083
1.5196347050347363
1.3488735036823722
1.1734788808028727
0.9986366048524984
0.8496314372312606
0.42555818117780425
2.1718106958519505
2.2108099010324387
2.218096062201968
2.224755975913673
2.2219999375541364
2.2070935484356924
2.064683384131911
1.884935358371211
1.678290514628995
1.4841115351910064
1.2853776259618297
1.088420910073688
0.9217164372209928
0.7503515668441846
2.357668912934036
2.3786331252983333
2.391974676472641
2.3994894470793797
2.3982257126351403
2.340027594077693
2.1575267673388563
1.9190572192749662
1.6892790710594145
1.454116422371368
1.2226860752268742
1.0286669178230006
0.8312641070652185
0.6591532514520362
2.467364579896659
2.4859923029482336
2.496781100024814
2.498877911347861
2.495395229939822
2.4830277931353844
2.349285723269713
2.0977985932569405
1.8430193772659267
1.580249491535991
1.3223714045470378
1.1075083793991976
0.8904645598372525
0.7026377599229641
2.205180924709132
1.9371012687695521
1.6576245041229296
1.3833454971679755
1.1555433922492577
0.7289339619451016
2.570549394125424
2.5905649460089903
2.5776365544323467
2.5530455284102964
2.3221421076023074
2.042702847027996
1.7450424274082714
1.452189012450392
1.2096738180964202
0.9667166499212441
0.7584013180241025
2.612266816167182
2.624261419464741
2.603294034141759
2.454045412813228
2.17031438479944
1.8524427415021532
1.5369469470496187
1.2761682763921598
1.0161186946627252
0.7945251757464622
0.5881520872873055
2.6310357170885594
2.6369768171212007
2.6139864583180694
2.5319888849220478
2.270884237495062
1.9399148246828413
1.6064425436042102
1.330671789186176
1.0565585090481764
0.8239367808671055
0.6083861654322561
2.632093218830142
2.6100920884876375
2.583899717959638
2.528810173014237
2.3734308273109153
2.255282398334349
2.0347777074176845
1.6828658740297164
1.390712973862113
1.1010462060578794
0.8562449601139874
0.6306114480127495
2.6209935261392627
2.6115264765230175
2.565826331751051
2.4618462262932654
2.1283923164659337
1.7604674470478023
1.4520269518152127
1.1464956557625328
0.8891131093680196
0.6532537134280335
2.558645274883423
2.5297537476524488
2.503222818204886
2.4197665264093517
2.3781470129770788
2.2367604505049727
2.063695289851221
1.8569377898175508
1.5294002090002519
1.2040529405964049
0.9309670111768917
0.6818476245449994
2.4826513258338894
2.453921653839788
2.4034258246407574
2.3193948434343086
2.2187496816320667
2.0799093981353636
1.9457694707831457
1.6032472627107606
1.2594951742774405
0.9712469038663176
0.7093717014583225
1.6953863495724428
1.6739667347048877
1.872329006793824
1.886661831158782
1.807520367408975
2.0357293864898827
2.006024031146357
2.1682955750743185
2.05348605042834
2.332499215167926
2.3082278982082247
2.1476699828146217
2.427446656653846
2.3285790742024925
2.448119791118351
2.4221851364299463
2.499275715830858
2.500033205141808
2.307677883516649
2.532444792932023
2.525313094127315
2.4276123255376367
2.5449547498631864
2.4918443882541315
2.2586783272294575
2.3526688281967854
2.5195413653214946
2.5044290924630315
2.4262515311576562
2.119174984475008
2.4153275784974286
2.218680120376093
2.2847958361891503
1.9374626391778085
1.5492941540890621
1.5792872648846188
1.6736635083457412
1.704792214960302
1.7210935017429703
1.8503910020028669
1.8816127544583248
1.8956313971942937
1.8942737845222217
1.8766960446361864
2.0149825880520775
2.043470309103217
2.052832144628883
2.044803945956124
2.0177746370202736
1.9296278454919007
2.1149662510116705
2.1396128265316596
2.144558850801535
2.138199529979203
2.1308784444701683
2.1166365437733563
2.096832630390461
2.047261830744845
1.9912411823531218
2.194460238468208
2.2144648766922845
2.213734198574175
2.192394427673867
2.1740746557946
2.1502859988871132
2.0905295961639334
2.0289441803630095
1.9084878111324666
1.789205949747666
1.5520441478294518
1.442212178108763
1.2834653310977202
2.259978510374558
2.271607682568865
2.2616998998710063
2.249275264117191
2.230120682590117
2.2015570028109117
2.177236879300719
2.105336839314949
2.034381213377551
1.9173335707003174
1.764851199308671
1.6598449473784098
1.506328653470177
1.383357705113695
1.2171527695852487
2.2783637381642676
2.2825474598376334
2.267467358587886
2.2302490030622013
2.2026947913784065
2.1684808572516143
2.089648110169427
2.012757839011681
1.8686604282108026
1.726560774882994
1.6149933343561953
1.4536331366603228
1.3300631939497383
1.1554540402717461
2.273929083004986
2.2690325320738522
2.244839450477055
2.1985413592643406
2.1278531986720948
1.9579782631023617
1.6549750478063927
1.3694260250455852
1.0637301869170372
2.243963319168601
2.211084406277081
2.181581540515437
2.1203254415277266
2.07493394226058
1.983759748548955
1.8924771229346866
1.7351936749840302
1.5799469516941533
1.4809161822713848
1.2882010878490773
1.167191641757856
0.982954512896959
2.1741396338325987
2.151022605399768
2.111007367216389
2.0485476319705014
2.001165626773748
1.9649532031938763
1.8664523862007016
1.7705456750024264
1.596027053931744
1.445002641573539
1.3139390757605047
1.1538705860290526
1.0178303473163637
0.8516510205317782
2.0937142652131735
2.0633140915754438
2.0183229484394483
1.950760985763997
1.905673930314238
1.8560609942063997
1.7533793083400757
1.6603153615939252
1.490728469954602
1.3326361466180687
1.2349633845468664
1.0420907405023954
0.9132617010140904
0.7495894900475102
1.4935280278912046
1.5244859923333562
1.6092226820385545
1.6409247275249323
1.654715310860325
1.7717137994937158
1.8022895530362093
1.8124439363779987
1.77681343334499
1.9194315642288975
1.9469493007402905
1.9517337989025485
1.9498616507999709
1.897731148120743
2.007221873624101
2.0292521883547305
2.0312816887809553
2.0265997604010937
2.000012756427252
1.9589961586074296
1.869258661633637
1.767474316485318
2.0736998998738976
2.0901264046047525
2.088598164114517
2.079843339539536
2.0435381611319148
1.9965838745308435
1.8916758715490518
1.7800685430343999
1.5492108678474743
1.282724099025728
2.1227941292100834
2.1290666339549738
2.120189436174227
2.1079971851945376
2.0597537801711767
2.0030182421957257
1.899660768517422
1.7561686004025971
1.5036729482578473
1.216476779185991
2.1319421962819844
2.1309747925717297
2.1200104694648085
2.1011908660802816
2.045702166022629
1.9825427119622727
1.8531238485918777
1.7183018322964636
1.4511675556778938
2.1153055593944323
2.1043792685640295
2.0642393157621077
1.929627488967137
1.647323126160744
1.3671949287845833
1.0631893287859242
2.0754785570616088
2.062978509643656
2.044941261363984
2.014835154664711
1.9444738131768962
1.8661922032373495
1.7217236074067455
1.5729182633654104
1.2861935187219697
0.9824743492777613
1.9986636682330252
1.967739800183661
1.9368835388708825
1.9105254475147075
1.8312000652583427
1.7470424290387816
1.5846491862647996
1.4389499154365468
1.2199816161399495
1.1521682061490108
0.851260894324857
1.914301602100952
1.8762293989818788
1.845047310895293
1.8073639315380419
1.7220360413823055
1.6390924537154261
1.480273840333362
1.3272639929082675
1.0406273884021209
0.7492632264205886
