0.803998025894181
0.8245567396425396
0.8222664116832546
0.7871360060346604
0.7437224323827741
0.7047898003715338
0.6635997028119304
0.6263442122234325
0.5722479736408913
0.49199657232093097
0.8863291222332064
0.9165386791310279
0.9270655808408703
0.932140952374431
0.9052242087870642
0.8568556418517652
0.8105700464609614
0.7607648422327751
0.7154827037662319
0.6702157304208846
0.6261929182995211
0.5894546591929558
0.5184712341895015
0.9742523495877805
0.9878311124092746
0.9987557423178954
1.0113480354214335
1.0141063495643021
1.0084908003744522
0.9605766303471299
0.9084103178874275
0.8505782218535449
0.7975393750779289
0.7443976370202593
0.6926820727166233
0.6495212487027935
0.5274859592131382
1.0560541070290348
1.0818050298864117
1.0878498616815748
1.0972087684905596
1.1003176111024544
1.1004827350868644
1.0639360649091734
1.008011353779496
0.9423703650339219
0.8812115612719278
0.8196739754105871
0.7597216025695493
0.7096885970068177
0.6585238341558279
1.1726147671337748
1.187618557747912
1.1991074097702215
1.2115475103649613
1.2139679172567763
1.209685850558369
1.1589905162489986
1.0840942897969499
1.010579382595533
0.9355614396414003
0.8622050835076683
0.800971016921461
0.7384181310475774
0.6828492222527255
1.253197974081026
1.2683434931829867
1.2800260683726117
1.2913423105454684
1.2936990106180133
1.2953175151290583
1.267384919804965
1.1914000713658366
1.1095187659535424
1.0240863762343169
0.940034617377298
0.8698067939894362
0.7981196864219943
0.7344898872100561
1.2567961723010028
1.1709295534331803
1.0791894014134973
0.9883547062535142
0.9123640895226958
0.7660881598332969
1.3486815362227476
1.3771902951188344
1.3863790477375
1.3861457218535596
1.328959116559398
1.240664089043655
1.1421643118050016
1.043540959115243
0.9608345251043937
0.8764420099786625
0.8016273010690042
1.404878845107556
1.4311751302777456
1.4395446629645554
1.4118699859353216
1.3261350315548577
1.2205695206870009
1.1123655729041255
1.021111171361116
0.9279881227849923
0.8454748668393786
0.7646426823424777
1.446788128960115
1.4700791784324612
1.4780607632725058
1.4676002114713624
1.3945466111466092
1.2852699858762962
1.1694962306946122
1.0711009773067852
0.9705598717529448
0.8815064735344474
0.7943735183834008
1.5093006481736755
1.5152837773014805
1.5146239949022113
1.5058332405465389
1.465555294727613
1.4292816193858668
1.3563396055294263
1.2330361981383136
1.1267570667884754
1.0177887197225128
0.921317598820536
0.8270301140287467
1.524504852497701
1.543764830406484
1.547380355754485
1.5284719453857694
1.4274300146772092
1.298288920319286
1.1841499785187544
1.0664330768814603
0.9621615351143846
0.8603445506804785
1.5783817588881845
1.5806158959123695
1.5787852238043156
1.563235251301116
1.553169879018351
1.511453069466321
1.4541487893990925
1.3804937045619539
1.25734614738467
1.128594046879491
1.0141116448972027
0.90248282304845
1.6015678460872096
1.6025019901547128
1.596664354533225
1.5780559363827302
1.5495288848921533
1.5045097368191835
1.4574218535679877
1.3280572496611847
1.1890273077222016
1.0645394096190257
0.9431572124295388
0.8121435723236379
0.816029224458281
0.9018569886773802
0.9168318212277597
0.9006880942442087
0.9947657172076314
0.9987842434317765
1.081502381443857
1.0582657122162302
1.181270210060161
1.1935004368005493
1.1537639202337893
1.2666982253444325
1.2563274440814969
1.2738268323620447
1.3106581704271627
1.3290486361020195
1.3575311930976528
1.3206913546842756
1.3812313155496003
1.408220978197653
1.3966243262078406
1.438880980566677
1.4441905341849521
1.3869672614391222
1.4525405603801715
1.477020167994347
1.5097221926358042
1.5059415688365627
1.4210871889341605
1.5415729992715697
1.498849152127644
1.5536359640821764
1.4509229994241946
0.7468949974158307
0.7644857637353372
0.8125565249828477
0.8315407231883312
0.843832994884548
0.9121072004224968
0.9328322499583102
0.9456965404204326
0.9523610356321283
0.9522708251569955
1.0159878250758878
1.0377324451094105
1.0505113335710479
1.0565872104682783
1.0545260714774445
1.033804264674023
1.0891131466851514
1.1109850841390996
1.1237311209099266
1.1277439460918788
1.1286303759694887
1.1280103701681654
1.1252051030808319
1.1145082532418615
1.0998742572379625
1.1593247465471748
1.1816938673817965
1.1932516708983132
1.196951972620796
1.1954402551370045
1.1915457520583448
1.1780325596699082
1.161600555295053
1.1263416794211292
1.0894568596974037
1.0139137834532865
0.9785189993983333
0.9270416843925499
1.241682583953465
1.2627540547673821
1.2730178909704337
1.2748991626288044
1.274447647386048
1.2707331255118806
1.2661610602936781
1.248994973648302
1.229416014914378
1.1943055883885951
1.1459788805636797
1.1117332597786211
1.060886483198866
1.0195795079961942
0.9630607540056357
1.2890608751939017
1.3089104686710724
1.317982793583367
1.3176322219614058
1.3136292745129665
1.3069160808194717
1.2873790600739357
1.2655188371652315
1.2210806947697257
1.1748147290328144
1.1374157789179762
1.0824089691453547
1.0394840090751187
0.9778794180308819
1.3417997668309627
1.3593487717767168
1.3664853797705627
1.3635343115605545
1.3496324921410658
1.302414938305957
1.2027481428719256
1.10180498850459
0.9888215411443685
1.3852917380837315
1.3962502861288322
1.3951243692533644
1.3853436790176237
1.3747809202189298
1.3498812056277665
1.3220114095855284
1.2698771576363126
1.2155451125543113
1.179791347455085
1.1082311418615534
1.0620501641036222
0.9897424267098094
1.4136355976638215
1.4261632914203641
1.4278804686253808
1.4190176022946628
1.4085412351823965
1.3991841064950397
1.370381620485518
1.3391995437672775
1.2778533432361157
1.2216287387612064
1.170818102510759
1.106960927579762
1.0506897403114672
0.9793478221090569
1.431596597951462
1.441170753883532
1.440494296800767
1.4290136418491335
1.4182954587971575
1.4046905886843426
1.3727139085607498
1.3408267544207535
1.278468715036542
1.2162085447151727
1.1766353092531536
1.094892225514458
1.0379679438712284
0.9622200917553002
0.7270626336372074
0.7460041706517979
0.7900041159827019
0.8104028912069338
0.823320307426739
0.8851060082275645
0.907006860375269
0.9202830684517458
0.9209641805718682
0.9835053965342337
1.0069123137507239
1.015612516151682
1.0196279014028167
1.016975880434814
1.0528819710839945
1.0755825029057342
1.0831572074570468
1.0880218622768925
1.0891043395970492
1.0822661590784932
1.059948636110725
1.0308089958181081
1.1185931496466688
1.1416591641151115
1.1488670828235443
1.1528401254186456
1.151740131298533
1.1431832306950724
1.1164562293597247
1.0839011959937432
1.0120563347293363
0.9265004808295645
1.1950526917132311
1.2167796105884754
1.223794495830482
1.225893007313233
1.2219058601293045
1.2104017748701752
1.1832354863176113
1.140291188545639
1.0589877838741033
0.9625130243298357
1.2389243220956345
1.2586866198935016
1.264030607672691
1.2660890749484301
1.2599941991797743
1.246327305769588
1.2107929425662085
1.1691017254592642
1.0805294692670597
1.2866379589446972
1.3042885403987619
1.3086258396803003
1.2831768189198527
1.1970351673587476
1.0999468531749612
0.9882957591998808
1.325798518947595
1.3322813819546708
1.3349369792856607
1.3339917343155174
1.3224411148899877
1.3031292357824515
1.2597020481518648
1.209941471141315
1.1064277678154189
0.9892323921042413
1.3493904859200667
1.361064983937601
1.3616623037853588
1.3589940191260235
1.3434546913742904
1.3206876362926476
1.2683316582283526
1.2162620121865884
1.132281252159555
1.1052355101294082
0.9788695447666594
1.3630245669966692
1.3719809847763667
1.3711187158201525
1.3661216239415135
1.346991831709159
1.3228226981207578
1.2690195440618743
1.2110246673690135
1.0932568007956263
0.9617723457983199
