1.9429141710103262
1.9954558151932293
2.0007633875458932
1.9254136220454303
1.829669558117791
1.7431090737043087
1.6512792660447924
1.5681478327108784
1.4476389422223879
1.2704838804684617
2.174093415042449
2.252065483469573
2.280619261042538
2.2981865555337317
2.243916329169007
2.136441679924539
2.031964276089902
1.9189743660660508
1.8160387548596955
1.7131025959429322
1.613233495875801
1.5302183738198367
1.3712496216327068
2.4222731114769114
2.4578955845603487
2.486984339043722
2.5216106486435006
2.5296186138104857
2.5280959517282335
2.422400997085932
2.303345069674348
2.170228633951752
2.0477481525979355
1.9248628300555846
1.8054385192064868
1.7060500981378102
1.4280484751745952
2.6595375208749368
2.72925138833876
2.7461361701544256
2.7735102682253765
2.783841976088665
2.7883804659012283
2.7117557176666827
2.5834339175658605
2.430443384236774
2.2870820666149108
2.142511474945606
2.00168882347187
1.8843825935650416
1.764748394379695
3.0078004107040917
3.049658119452099
3.0824171197400845
3.1195914051784053
3.127539581459192
3.12882824805535
3.015084751444882
2.838275064478135
2.6624564162292494
2.482236092554272
2.3057848443438815
2.158537057125678
2.0082623719990558
1.8750358883954796
3.256839137213854
3.3000836251549597
3.334337870793193
3.369774453334736
3.3780413748315063
3.386258253448635
3.33082140023903
3.1515416364666926
2.953413686262088
2.7450826025368213
2.53955557462115
2.3676948233347406
2.192249957050269
2.036641671389762
3.3444199108910477
3.135562228450728
2.9099869537631378
2.6857681077576268
2.497912495210947
2.1359329538634344
3.5621237925314735
3.6484021161807543
3.680939830754583
3.6861138226577976
3.5591434502885044
3.3437994917336513
3.0995780115424676
2.8536769551575416
2.646980779740023
2.435808267419983
2.2484660347352303
3.7484701352679544
3.8301260073283814
3.862199260624755
3.8090022873785823
3.6010865383048634
3.3372225249897665
3.06436359582908
2.8334656098469284
2.597273718862477
2.3877192961546694
2.1825022171306574
3.8916416328030485
3.9654090601275978
3.996757437257922
3.98260813460263
3.808904670538835
3.534703769630163
3.240280871093327
2.98891740407806
2.731277755357459
2.5026524649731163
2.2788804240633187
4.107321232261111
4.131949656230628
4.135949128595815
4.1205174324060785
4.026864241856436
3.937273278688829
3.752992571016052
3.4370535891605973
3.1628443663035846
2.880702598332538
2.6302085788826597
2.385175170825837
4.172189487829382
4.237147293618052
4.2600419387973645
4.223094793371065
3.9730323923662754
3.64026134976862
3.343102340562531
3.0352932045219325
2.761569269691958
2.493983344926998
4.37858750230093
4.392863564618336
4.392885940696732
4.362112251476194
4.338399624330335
4.235966631761286
4.089681323292611
3.898050384579043
3.574409378067511
3.23387289821942
2.929547429545733
2.632284307704094
4.487052538833881
4.497016873370009
4.489857745205583
4.448665356033084
4.37899062288059
4.264162303544592
4.1414672259299445
3.79942536894561
3.4279337407169312
3.093598311031176
2.766576564490202
1.9677057816805512
1.9856486757026728
2.218617721725053
2.2604108683892434
2.2326402850629563
2.4833305043843876
2.503594160404199
2.739755082334277
2.697117384079161
3.041806296481196
3.086196252829252
3.0012153669976387
3.3097401565159608
3.3010722550161935
3.3402041655768753
3.4633238018075563
3.5171980308625574
3.6078420016227604
3.536337831360662
3.6921289066432004
3.7803681981575035
3.7665297404170777
3.887113063376769
3.916859183730312
3.787451472402006
3.9897333812540174
4.041976371104251
4.1521629422824855
4.158322451428763
3.954634412193098
4.2916099062589685
4.199082478245326
4.376629952270581
4.122114544221506
1.8128330864994133
1.8572597163695201
1.995253798815463
2.0442197695433864
2.0769590316903392
2.2791863600069746
2.3343529723187113
2.37004149421944
2.390674194139215
2.394702325232761
2.5855867106605834
2.6456360839076085
2.6827066414629286
2.703405338004228
2.7035652117541122
2.6606549335539604
2.808283329318276
2.8704131524751557
2.9089054142848294
2.9228449601642494
2.9273371212266834
2.9288248901584537
2.9247436285608917
2.903136121046805
2.8706836041915724
3.0287074330440884
3.094176831370999
3.1306158270739357
3.1472492990219822
3.146689829645976
3.1400311411988335
3.1115546245126193
3.074237216021405
2.9913318666153703
2.9028295259067014
2.71959522695878
2.6333815288826714
2.5076172617214176
3.2971324522213323
3.361176473383508
3.396170002509232
3.404991924230068
3.407961279047423
3.402777313970705
3.3939582394174956
3.356055579735253
3.310251565553854
3.225722949968985
3.1072901567353868
3.0226757714344483
2.8961549194139176
2.7934937982425136
2.6523319370459295
3.458058373520312
3.5204912209143724
3.552883405708015
3.560391631597868
3.5540618244765216
3.54044022893707
3.49614804511988
3.4441151886248207
3.3353048306764688
3.2202563621315754
3.126458145662447
2.988008516568267
2.879539216154329
2.723540041365614
3.645342108041542
3.70317030282168
3.731748133749094
3.732915171645983
3.7045606071075063
3.5917606161150295
3.341198649411045
3.083192486840048
2.792537893769481
3.8054529127023913
3.848583715489292
3.851856754457904
3.8343653733193235
3.810757663694741
3.751337835383248
3.6824086214252203
3.5502996807917366
3.410988533188988
3.318624173524762
3.1330196653668514
3.012809649407086
2.824253879598963
3.931272455419483
3.9776694117517817
3.992771243784173
3.978675056750957
3.95563135079522
3.9336422016032953
3.8626805341219725
3.7839337191158706
3.6252499055905223
3.4782261432086945
3.344302081046325
3.1756701968285967
3.0263856398716524
2.8369023028854703
4.021141971762243
4.060033150497704
4.0685443709332825
4.047003897065417
4.02255009407601
3.9898761919080816
3.909620745945937
3.827395390197862
3.6641608790628295
3.498811971909748
3.3934632590723517
3.174633595918229
3.0217190282142723
2.8178543135190615
1.768749242570228
1.8169033264069958
1.9444390491080064
1.9974373781108146
2.0325234480032344
2.2170576382070157
2.275930563243404
2.3135864269850006
2.32411098611297
2.5090529143652835
2.5743778336562775
2.599942793412009
2.6126998567344337
2.616624022854237
2.72181493810324
2.786955620077402
2.8099867167387838
2.826100045805399
2.83556570968722
2.8237311027389635
2.7750717189019314
2.707757236324387
2.9298070284677777
2.9981890261228883
3.0209869920347985
3.0354261913061684
3.0403010320534394
3.024200927358284
2.964351906357375
2.8875994736427004
2.714455861416469
2.506101799265594
3.1816634809044535
3.2489284449870905
3.2731414811389214
3.282473532073532
3.2809416112579712
3.257392497034354
3.1948236117424265
3.091330069352777
2.8907759726488154
2.6507605091704027
3.3323122413685713
3.3955561708594093
3.4151870856138014
3.425959064576181
3.4191373494095965
3.390002349258768
3.3061586522565443
3.2039928820994596
2.9826046424169608
3.5050562631951045
3.5643558623751743
3.5875684112372377
3.5365654331904697
3.324647433304037
3.077752900370259
2.7909779066606126
3.6523361008636677
3.676176130463336
3.6889545351970883
3.6928897598344235
3.6718096222780003
3.6275147258425355
3.520580917180686
3.394538443111474
3.127669114091632
2.8227195833170318
3.7628533453404938
3.8086241502514877
3.8178129810711874
3.815370218162757
3.78329202435373
3.729129017262572
3.5969108640997987
3.4621735112176157
3.2418355318558647
3.1704525479115038
2.835434883320713
3.838870749088596
3.877496535470057
3.8821285306438065
3.87489172596657
3.832697183408098
3.773430610178086
3.63567263236376
3.483209054467357
3.1696202197957493
2.8164610174367266
