1.4032249700961321
1.435967941499725
1.4222928524270924
1.3530287727429406
1.26962487747031
1.1953810546580712
1.117152708332176
1.0466313726336889
0.9447222913257806
0.7952536165916353
1.5496481989357875
1.598911923111346
1.6149312166107253
1.6194946934208574
1.562750501196258
1.468962347953079
1.3805268164438347
1.285963283949263
1.2003689495541332
1.1151853628433268
1.0327767664572491
0.9644235322241201
0.8338643875776871
1.7039399384110183
1.7262720671838139
1.743912511304138
1.7633823158961839
1.7673292615374583
1.7477019765736161
1.6530069115267356
1.5529418466265836
1.4430710221727738
1.3428836609672443
1.243014631668399
1.146376008330991
1.0662316744211233
0.8432838457846578
1.8476727440081508
1.8895500445969444
1.8990113228915888
1.9127552677702062
1.9163319613447887
1.9136621798541038
1.8377219206923174
1.7295975143896125
1.6046728750212027
1.4891585937171217
1.3736118304589156
1.2617298490517743
1.1689678719103487
1.074782575961176
2.0521974796530023
2.076737223363959
2.0950555335905414
2.1136894416975758
2.1168466087461657
2.1009759639607446
1.9996602588081653
1.8562283319453436
1.717171942380761
1.5763740618071713
1.4396473165652552
1.326306231958319
1.2113496783897488
1.1101198459723112
2.1933537813171653
2.218029832506756
2.236496446129886
2.253107179221079
2.2559531083186712
2.2563412281627264
2.1955603885993624
2.048304182306684
1.8930545690717595
1.7326380470220184
1.5760337010623535
1.4461382935569915
1.3145068881261885
1.1986846230126404
2.166153352049323
2.00288294298473
1.8305028912357446
1.6612591269513233
1.5207387052350818
1.253232755079556
2.3601406485227505
2.4054657219073086
2.4173299092772695
2.4135704991049765
2.29696126574451
2.128230288077374
1.9429120997022076
1.7591103204150904
1.6061812226541472
1.451310957271901
1.315220494838198
2.4581994306940445
2.4996247795746993
2.5095493520562164
2.4485795094912515
2.282849361483616
2.0837153130558925
1.8819198192986226
1.7132004731247883
1.5422884770065328
1.3922198893516298
1.2466034432226913
2.531089274858737
2.567639172438429
2.5771375304214192
2.5511317137650757
2.407510472420724
2.2006517813439923
1.9845249990484903
1.802545698314004
1.618005214900183
1.456041188868766
1.2990725735272866
2.635591131304457
2.642425156525513
2.638367374139313
2.6184014391348085
2.5380153717851837
2.4681988863348256
2.329932235705
2.099375640791775
1.9026693770408005
1.7026419247274536
1.5271566178498777
1.3572769748657794
2.665762457387546
2.695268840835674
2.696164737662153
2.6551927117938403
2.4602432882509975
2.218142054687161
2.006675399501746
1.7905366038652062
1.6007685117894068
1.4172847185748954
2.7550003548786117
2.7557696873800896
2.7502356347860006
2.7170707401822285
2.696522656858448
2.6159678356864493
2.507168752194064
2.369060654814707
2.1405013449915513
1.903843187343769
1.6956407562507028
1.4941481643361778
2.7948396820132024
2.793791776786373
2.779755873826488
2.741879935850521
2.686338042823207
2.6005342084612377
2.5118498067309516
2.271115888911588
2.0152114855253136
1.78844180577498
1.569415501203035
1.4125181147842005
1.411542549202048
1.5711230239075316
1.5929546078211674
1.5549337896235702
1.7318852938072562
1.7308904450089837
1.880633511999075
1.8279185271753855
2.0596689798747945
2.072784366812665
1.990614982954873
2.2061741208753114
2.17631026794362
2.2255844008376364
2.2758893210362423
2.320806603027168
2.363412507288284
2.2825735050310683
2.4116642460828803
2.4517968963932977
2.4219203373023466
2.5081671018974814
2.5100494166902427
2.3942974490214333
2.515223729871719
2.579356490927306
2.6297096983833264
2.6155527180671383
2.4491660452948136
2.6815004959419944
2.593818122897337
2.6987011273033152
2.5004420351482115
1.297384530847407
1.3259403870989934
1.411881921036582
1.4426633700900728
1.461732014439191
1.5853163210842058
1.618831078527642
1.6385972899599097
1.647167267691824
1.643668859010418
1.7659762906360572
1.8009702683224924
1.8202853050793557
1.8273503770315618
1.819920407523447
1.7764536040218937
1.8929332721570742
1.927975954601021
1.9469302860819986
1.951655552152851
1.9517843630415914
1.9487085270192763
1.9416437824422794
1.9187850128668433
1.889370393124382
2.0146042380332783
2.0502059469999194
2.0670250305523474
2.069423900120252
2.064599359264256
2.0555352179343944
2.0273943584177294
1.994724817197534
1.9264756618845726
1.856194200531224
1.7139469455314522
1.6477788385895842
1.5520366238438763
2.1568783651753636
2.190125049563962
2.2043750696183033
2.205635763994696
2.2025018590600727
2.193274352567809
2.183290112690631
2.1483795811896385
2.109969615952104
2.042508834725473
1.9509658730416537
1.886623903382957
1.7915130814690925
1.7148717462028615
1.610378559793076
2.238421934664664
2.269390747339463
2.281482031006526
2.276539472985684
2.267179279255445
2.25280642102493
2.213570863877133
2.171064279192567
2.0862259649529933
1.9990376856889212
1.9290280705757008
1.8266537347051184
1.7471912426236518
1.6337562361373263
2.328894047389873
2.355891698953967
2.364424680074359
2.3547617808925803
2.325376779164897
2.2332276501438213
2.045317013443697
1.8580080685665659
1.6504925854819912
2.4016418987598924
2.415702095994849
2.410945760555625
2.3892127299831136
2.3678726232450735
2.3191693463651624
2.2658152744333564
2.167475045640505
2.066092828921768
1.999713139061784
1.8677267262240786
1.7829887423034214
1.6510016847917743
2.4511979190688686
2.469431731481339
2.4685782041540936
2.4485835592374974
2.427297940848582
2.408877318662991
2.3532770450054232
2.294292812577891
2.1794745799404547
2.0752210601532988
1.9815790536608073
1.86406542347627
1.7619210327740753
1.6320646695936276
2.481356939698446
2.4945825765020926
2.4897753090474013
2.465272481108846
2.4439522880345326
2.4175792714859923
2.3565708275140493
2.296585864798356
2.180487802100064
2.0656125485177865
1.992908644502617
1.8437200493282462
1.740385423922094
1.6037233038953789
1.2594498937696943
1.289975989083361
1.3687328371155127
1.4015529824163386
1.4210028045427994
1.533676907230614
1.5687696496768058
1.58848045794401
1.5829220107433148
1.703998836536505
1.7413062720516683
1.7545190570178726
1.7595965754254113
1.747487102223309
1.8237965309974489
1.8597603316238493
1.87097886664594
1.87727859544262
1.8749088513037278
1.8590249736369744
1.8138286559204932
1.7572238916457064
1.9370705551097596
1.9733655456512378
1.9837770558388204
1.988441868526208
1.9819250684926812
1.9629428487287341
1.9094828821910557
1.8466799717501463
1.7107902477700234
1.5511255318500623
2.0683973701708314
2.102127348434012
2.111680177334199
2.113455568827254
2.1014493884665675
2.077100314108184
2.023437376802543
1.9412099920832477
1.7882817477382926
1.6094552785568734
2.143419520893391
2.1738030837776154
2.1808269232339654
2.181813926410026
2.1660694637885625
2.1378477398005193
2.0684901756820606
1.9892267965348491
1.8234516276084625
2.22469157599447
2.251318694842197
2.25394428788713
2.1998708099745166
2.0354887816882163
1.8548364012245493
1.6496038412644247
2.2895869204033388
2.2987340484678187
2.3011623643699672
2.296706897794959
2.2714094421331286
2.2330182419535807
2.1498733287240928
2.0564364104997197
1.8646433587375124
1.650137948987933
2.330575925490757
2.346968898105118
2.34519767430376
2.3385596267727964
2.3063292419322186
2.2620498084829053
2.1629565452170136
2.0659439657818055
1.9111303822910242
1.8610945579335778
1.6312635044115371
2.353327614079737
2.3650116358515194
2.3611097793654445
2.3499304722777783
2.3115570084587085
2.265141848348376
2.164045056417731
2.0566237991367293
1.8409044475535814
1.6029590357084524
