0.4823190181893033
0.4891021163832953
0.47062829562283526
0.43610199318478154
0.3978097614063768
0.3648176827194076
0.33076577908743116
0.3005877897749179
0.2577164639560414
0.1960847741612676
0.5124098980752256
0.5234590993731473
0.5253442225274462
0.5208413038370073
0.48935157283857084
0.4471410067472861
0.40933739481076964
0.369970067524778
0.33503203299920864
0.3008456654972988
0.2682259299345121
0.2414790740399779
0.1910908034401517
0.5427332922744896
0.5476572209014304
0.5510616119334542
0.5535702116902899
0.5535771697383861
0.5343682924105814
0.4912086230827338
0.4495465464352263
0.4053928247850539
0.366065611643023
0.3275861854613879
0.2909311552586878
0.2609400416921728
0.17927902600918244
0.5682874524468448
0.5762450016569141
0.5774937106867221
0.5779603346270163
0.5765772394563877
0.571826309798375
0.5340711773404143
0.48967760862795745
0.4409493455285188
0.39716997116791863
0.3543315307599671
0.31349401839901164
0.28018073733311577
0.24684186067762437
0.6004109142557833
0.6047134925062273
0.6072688822720941
0.6081831145208079
0.6076182117304559
0.5924528327467119
0.5490118014841088
0.49473948342190016
0.44439037191232417
0.3947315940735425
0.34748923937639986
0.30900987412961417
0.2706381281628468
0.23740154341960723
0.6191971665474318
0.6231315934205706
0.6252979553123801
0.6252862494483258
0.6243809933859914
0.621224381083924
0.5904728022478144
0.5346676415582406
0.4798978450638228
0.4251789132663827
0.3729898824558652
0.33052917166405177
0.2882878109634276
0.2517959868629362
0.5586643800726255
0.5017114714223778
0.443965074317412
0.38870719488261607
0.34375659540896464
0.2605918270693045
0.6373557723476836
0.6419349630875143
0.63925040347025
0.6340267536317619
0.5848467819561802
0.5262754840625924
0.4652912881061858
0.40655953684320983
0.3587498042418298
0.3113142586373538
0.270461602282559
0.645247847905924
0.648609936177657
0.6447299842659332
0.6143530288881657
0.5560704512319805
0.49163697676743756
0.4286866749265762
0.37732980346830125
0.32639605176084363
0.2826219599344019
0.2409606833687423
0.6494133194305431
0.6518556419626923
0.6479864954887822
0.6320676086809951
0.5796411232708122
0.5131987891393972
0.446934904698633
0.3926275664911294
0.33879921354293274
0.2925875355771424
0.24868751986545576
0.6525093201917334
0.6490463202824032
0.6443935196663524
0.6340425765180465
0.6036977166245059
0.5803429865679403
0.536644544350233
0.4670611275281971
0.409551956359872
0.35246388802382494
0.3035213074127857
0.2571093839134504
0.650757608892363
0.6509798647809968
0.6436168691912778
0.6245037528726385
0.5598717404562019
0.48759504223874156
0.426899681342578
0.36648544938650357
0.3147032612663679
0.2657166645024518
0.6448049817016094
0.6404955757664653
0.6361031790362808
0.6212951774890233
0.6137250542344233
0.5869138835396494
0.5535260371770647
0.5132319713927375
0.4488460624570706
0.3842660904557097
0.32883830107143014
0.27641624904692685
0.6348186064760822
0.6306583561553774
0.6224240603198335
0.6075699499467504
0.5889499023115021
0.5626556329496729
0.5368471754892552
0.469822291801918
0.40134690806708295
0.3424002008633558
0.28667556347377776
0.47842451320123586
0.46713255723747665
0.511449938727216
0.5125292251154194
0.4869767927376224
0.5404494397149808
0.5294230734202807
0.5624110369934474
0.5313616405934205
0.5921681955168189
0.5849727087965451
0.546681897412713
0.6084522723941987
0.5856503062733421
0.611409087072449
0.6056018800755608
0.6211043276710491
0.6218636406544803
0.5814709201155169
0.6277015442492111
0.6277441328037817
0.6082185968061783
0.6321594005642337
0.6227738622060126
0.5767413665374952
0.5987725497033263
0.6285451065145121
0.6292683710118209
0.6160655329481763
0.5575952744645252
0.6177240571299355
0.5824401391368796
0.5989857925256913
0.5346657723159696
0.43691567842886686
0.44377901331104963
0.460387678760355
0.46727403674872087
0.4702892054126339
0.4926696598643375
0.4993786122815497
0.501811482761114
0.5004029492109388
0.4950195546737159
0.5220274602840007
0.5280703614313675
0.5296757187347683
0.527096792271973
0.5201044913248747
0.4986906074904925
0.5398212106708288
0.5451685823969211
0.5459903139169142
0.5443901372870662
0.5426189991366854
0.5392415462266775
0.534639253391219
0.5232560755597098
0.5105830089362601
0.5542718603365743
0.5588775322329222
0.5588639998745852
0.5543010151370884
0.5503759921731959
0.5452242015205006
0.5323227536608571
0.5190685557293206
0.49339565086784426
0.46826976625420075
0.41926773470512874
0.3969446739569967
0.3651729646180226
0.5672394593180501
0.5706077439929816
0.5691993062890289
0.566927569233843
0.5631996814551172
0.5575580154762574
0.5527046945495285
0.5380711873647734
0.5236139776164169
0.4997817266194868
0.46891471635573273
0.4477823927228252
0.41719638529794056
0.3928237961985123
0.3601594402233078
0.572021652469396
0.5742243467391819
0.5722273024773148
0.5654859163460101
0.5602461348753383
0.5536401982953258
0.5381517965285807
0.5228876408803066
0.4942010279206686
0.46594351271750767
0.44385514202490045
0.4120607412146078
0.38780762277203795
0.35362394617556486
0.5740278820708139
0.5748577730528764
0.5715437805658325
0.5635352101800191
0.5504600192890614
0.517860312237535
0.4586676081205268
0.402705439654543
0.34269409046329763
0.5725348518535037
0.5685770323709814
0.5637941488047549
0.5530667989490775
0.5447258808629943
0.5276108345607937
0.5101733172828863
0.47981150095603436
0.449583844307449
0.4302468590380361
0.3924431881966504
0.3685491596475749
0.3318859617077349
0.5639023781254469
0.5620454477512483
0.5564108881030421
0.5459914186221029
0.5376741599013332
0.5311178389419389
0.5129080049083777
0.49475352535605455
0.4611614255289871
0.4317534016306864
0.4058531694845868
0.37397123109112224
0.34648320790135406
0.31239515161812614
0.553429006845249
0.5504649848249599
0.5440414534042176
0.5329009760869963
0.5250743136017495
0.5161358705348535
0.4971425328420721
0.47947699520150555
0.4466863072077471
0.4154841609842668
0.39604256091949624
0.35684352393062696
0.33014287341420906
0.29539552552386406
0.41930801779525245
0.4263287868485561
0.44114944895301533
0.4481379496809638
0.45040729352540376
0.4709777393060504
0.47755652867623094
0.4790861335782795
0.46874266653289043
0.49767318301345803
0.5036233572906408
0.504449815554884
0.5038069284001553
0.49101683743384056
0.5136504311730341
0.5186533006525723
0.5190949916989513
0.5180422633558976
0.5120592403056079
0.5029162093032629
0.4830633791118164
0.46087377944342733
0.5262615219945223
0.5304183313196085
0.5303767502245383
0.5287076982853045
0.5212504812487619
0.5114048926531749
0.4893711179032769
0.4660550985198304
0.41855904653880177
0.3649776739996265
0.5369716554662931
0.5396291505001125
0.538507493332468
0.5364465835056665
0.5272836099192971
0.5161339447217543
0.49550970273456213
0.4667738693675994
0.4165130760398526
0.3599733773597345
0.5406427712593866
0.5421956380382835
0.540769729084294
0.5377167343004214
0.5276176475603185
0.5155962437666175
0.49037948891496813
0.4638684326824155
0.41140898892228384
0.5409606730384985
0.5411034358178048
0.5351358380770204
0.5108470532503165
0.4566817830211808
0.4020896399269288
0.3425301355610086
0.5382144976587879
0.537157217470525
0.5346868185943146
0.5299626917748063
0.5178174457622464
0.5035228795102474
0.4763096116727458
0.44769988404242045
0.3918657217646739
0.331732470661709
0.5285670273264161
0.5257138259660907
0.5213728295466853
0.517224751487069
0.5039073246746982
0.488531551271997
0.45804035848995117
0.4300337389403515
0.38698498712689733
0.3734453692771042
0.3122585585432629
0.5174569576865954
0.5135586325060931
0.5091858476154983
0.5032438583647039
0.4886686355017039
0.4736234368765607
0.44368857402946066
0.4138790772332805
0.356362584934078
0.29529638886426207
