0.24862081853544782
0.2532882492807364
0.24730295959817628
0.23221674381785853
0.2148860551133604
0.19972327731759223
0.1839058454203067
0.16975173214222947
0.14942042245281592
0.11968395598686692
0.26815928555274887
0.27531309183144964
0.27719012366282825
0.2763988421658228
0.2632182879049371
0.24400775019966947
0.22639929898476557
0.20781808320066988
0.1911497919465364
0.1746769569480645
0.1588059838760941
0.14567241921630028
0.12059082349018717
0.2884158257397466
0.291606971822352
0.2939979302883821
0.2963033747888459
0.2966361126165256
0.2898542880777537
0.2703559533001169
0.25078089077022
0.22968365586370232
0.21065546940538402
0.1918408933825587
0.17373194426779223
0.15876923755393849
0.11722798854269506
0.30639868926871155
0.3119889273516316
0.3131022731631848
0.3143570029340585
0.31427787758480497
0.3127697227310426
0.29630300006029053
0.27536735871418905
0.2518502636887687
0.2304065207815067
0.20915818871730235
0.18871753357111892
0.1718528815453671
0.15479649622656025
0.3306329105780241
0.33376973805889837
0.33593047788214214
0.33766528844041505
0.33776057420305156
0.3323169826355007
0.31225380087161303
0.2858066194709244
0.26075477259527474
0.23569881069997475
0.21157069641899928
0.1916982778114042
0.17165472571342272
0.1541038394148453
0.346296940560149
0.34932147565896504
0.35136921950490463
0.35266034472195557
0.35262805619391285
0.3518070098708207
0.3384540421961776
0.311341350208111
0.28386248297679006
0.2559238421860033
0.22892345185686486
0.20669731255867566
0.184323055130079
0.16475904363519267
0.32684895021914756
0.2981755586681633
0.2685057733494398
0.23970840370901722
0.21599567174650203
0.17132209427403933
0.363582526747816
0.368335344945857
0.36848631766315176
0.366727118100626
0.34390390216491123
0.31440861913389206
0.2828858386542592
0.2520432551468986
0.2266139249274595
0.20106186294525605
0.17877754556178746
0.3729069520415667
0.37700049964050275
0.37665250370232484
0.363409432525947
0.33427943031515894
0.3007977013925186
0.26745694775983314
0.23986078125176882
0.21216432310485653
0.18803577808792007
0.1647675618178042
0.3793436225451442
0.382795970843576
0.38241101815988915
0.375927334832478
0.35016665236054456
0.31558861452411197
0.28027980999259655
0.25088918242042013
0.22138621147286816
0.1957042342838597
0.17098168420126544
0.38785172222196873
0.38737911512072065
0.3857519042495785
0.38130492298800234
0.3666176196897986
0.35471042850122037
0.3318386612177789
0.29456433355161354
0.26321888342572525
0.2316614539387888
0.20423405396169045
0.1778639187281995
0.38942710761034566
0.39169993349177945
0.3896661244851393
0.38115588049448657
0.34811401040752155
0.309277973806055
0.2759753458866157
0.242319680064996
0.21304781458768288
0.18496476146772972
0.39425544130589635
0.39308356508716985
0.3914336384610908
0.38473177607464887
0.381061715336534
0.3673790021851848
0.34972411044132
0.32789946809082055
0.2923284987334236
0.25601578178911344
0.22438775919040982
0.19403075956784593
0.3943013906734763
0.39305502921104646
0.3896802732275445
0.38262178037440897
0.3731882129131534
0.35930147684714187
0.34532627219843776
0.3081897140235551
0.2694045549672233
0.23547821503260333
0.20289515727788984
0.24845704463093196
0.24544805494078695
0.26977431924174067
0.27193557668234497
0.2619243353980284
0.29016655867002666
0.2871292663304013
0.3075227154252363
0.29476986032237273
0.32896846655367634
0.3280212113577952
0.31089565812961917
0.3443251968501089
0.33561356611146775
0.3462957935857075
0.34854250871112197
0.3560020249195229
0.35947028772246314
0.3418546709824986
0.3644252874824131
0.36743964254196576
0.3596553734603125
0.3727281386237018
0.3701949056758537
0.3483489888269582
0.36350861280720814
0.3766564672838626
0.380617607732294
0.37579164413392013
0.34663747786150084
0.3810616654718453
0.3644514228067536
0.37695673087786596
0.3438514361934356
0.22754318143442
0.2318477654535571
0.24292504007371593
0.24739166765072887
0.2498275308272178
0.2651539100411398
0.2697490702008719
0.2720452755037869
0.2723747053169744
0.27063001868505776
0.28692655704293485
0.29140327417968415
0.29339811150968487
0.2932487542149215
0.29072549935930997
0.2813225867382155
0.30132299902331733
0.3055728852056447
0.3072905108535279
0.3072169638395912
0.30673210467001666
0.30554311979534793
0.3037037883498894
0.29872373817173636
0.2928666666452593
0.31430996530442257
0.31835807711168046
0.31965157033735087
0.31855682959634635
0.31706817292012207
0.31491352967778746
0.30909097708839633
0.30281967356097955
0.2902779397480515
0.2777252661175952
0.252798771371298
0.24131667837731488
0.22482898413715952
0.3283063409356146
0.33178558000356995
0.3324589700676217
0.33190656189884166
0.3306040753407291
0.3282946230528945
0.32615581220199724
0.3193220406610812
0.31227673422241126
0.3003377781474481
0.2845433003121126
0.2735898179128247
0.2575641972931141
0.24471985503496843
0.2273428620559301
0.33554004239944113
0.338509314477473
0.33883100418867207
0.3365324254188707
0.3343147056055649
0.33134328703904903
0.3239488489978935
0.31637105649821223
0.30173379918294024
0.2870281446906184
0.27538943290812373
0.2584873662813301
0.24547509949807444
0.22700157380150923
0.3426124952842695
0.34486429733053586
0.34454501669598464
0.3415295778950427
0.3355630102990535
0.31928888928210986
0.2881591381223351
0.2579382590448791
0.22492882884074136
0.34745694658546145
0.34736278453404895
0.3456277922112098
0.34092319142727556
0.33693259168437273
0.32837675266676003
0.3193747042810823
0.3032864283691359
0.2869870667019293
0.2764356326480656
0.2556264151991595
0.24234833134238212
0.22180411789827528
0.3485766201147072
0.3493706834266148
0.34769713707756583
0.3432148311333735
0.33924296032000967
0.33598714345984143
0.32661939457571143
0.31700190823464447
0.2987802610821382
0.28255043376441863
0.26806563763348135
0.25009986623077274
0.23446684898508893
0.21488804211913243
0.3477958291451373
0.3479220033523087
0.34572860808569045
0.3407198284471564
0.33689242708072686
0.3323727196418699
0.3223811838620785
0.3128487163352975
0.29478139942990594
0.27723892537603356
0.2661983358891164
0.24375325293294273
0.22829297856112324
0.20800028321793193
0.21964574276861468
0.22415823211631813
0.23416270519957974
0.23882419951961378
0.2410902396509251
0.25504677816958904
0.25972797994574187
0.26176969203105915
0.25849652114596133
0.27528129564066867
0.27990239165278596
0.28116774948404993
0.28141435576014723
0.27689549821166354
0.2886223914618146
0.2928390307906648
0.2938360876679987
0.29403431367368604
0.2921662005537281
0.28835379884499107
0.2792303383491153
0.26855036219910267
0.3004588607521935
0.30443214065777124
0.3052115557088549
0.30509570828419375
0.3024726172751447
0.298215627731285
0.28783772500787913
0.2763704520162886
0.2523570631372825
0.2247043177940078
0.31299901624095583
0.31630196933389876
0.3167002101650112
0.3162385741316963
0.31270241841851326
0.3076623444042287
0.29768029000195934
0.2831969727367392
0.2571259617956686
0.22722042014093158
0.3194420228474749
0.32216478690662576
0.32226752288399724
0.32146419140611504
0.31737330388155527
0.3117945262958426
0.2993110039448774
0.2857031982295372
0.25806119146250645
0.32536174402977097
0.32738640322272095
0.3258440412848861
0.31479455992407673
0.286856928515733
0.2575252797172145
0.2248156336907766
0.32926692515306927
0.329614474912993
0.32910355284577936
0.3274044823483016
0.3220142503724039
0.3150264703268471
0.3009716165697504
0.28572769565799616
0.25523112314252844
0.22169576467682398
0.32946442005226956
0.32984228023203543
0.32846448725250216
0.32674354139356554
0.3205002669399204
0.3128180727180067
0.29665507971040794
0.2813657123594468
0.2573394693228636
0.249728064069235
0.21478805293053962
0.3279671596740821
0.3277186008077053
0.3261743060519797
0.3236413962931994
0.3165988250422597
0.3088265277497379
0.2926945409391575
0.27610681312283525
0.2434042690677448
0.20790744157737362
