0.24585737538813757
0.25149934745103514
0.24871415210768813
0.23625738362194731
0.22136751317509223
0.20816485645103913
0.19427917817042636
0.18177862244883095
0.16372307618424342
0.1371576234436324
0.26898908502928554
0.27739466284432496
0.2800736714531003
0.2806806002249841
0.27043516491469394
0.2538201121475942
0.23823639856841008
0.22160808574366145
0.20657870932345565
0.19163404937327755
0.17716794785236692
0.16515055116882493
0.1421012124880609
0.2933635488030708
0.2971311411153582
0.30008933006978084
0.30331197806678234
0.3039473325593048
0.30013192880885486
0.2834239838924613
0.26591456187655155
0.24674834489106687
0.22929980930998473
0.2119233655111042
0.19510285002140584
0.18113620263231234
0.14205559068865156
0.3156426153773605
0.3225874993746194
0.3241359792140542
0.32633253358432796
0.32685139115474315
0.326243685016806
0.3127794656793563
0.2939730161096525
0.27234048002093575
0.2523785443322664
0.23243353529558253
0.21311812012010917
0.19708879425992362
0.1807892305736836
0.34668635716070123
0.3506759103028142
0.35362367289973334
0.3565527852735993
0.3570166078062637
0.3538937612210225
0.3362929420305015
0.311677397144792
0.2879124127090396
0.2638821607688085
0.24057794973030283
0.2212001666593353
0.20155559504263376
0.1842240444347538
0.3675714646647701
0.3715246233834445
0.374445954383123
0.3769702733929176
0.37736058131717887
0.37727169740828287
0.36650456125906394
0.3413318537286132
0.31498378813448324
0.2878187917036411
0.2613143802573079
0.23932416678076238
0.21702783803038633
0.1973810644481961
0.35935216152674293
0.3317454734392577
0.30268543169794
0.27417864992767255
0.25050812292283947
0.2054050249501115
0.3915852685318598
0.3985704049033789
0.40018236802540175
0.39933034297219083
0.37918410645951006
0.35074180262920723
0.31964697966738204
0.288848364393872
0.26322814918052717
0.23727629291410607
0.21445054422021564
0.4052119144651571
0.4114932806058782
0.4127074634941182
0.40188629068905607
0.37396886868727003
0.3407228123948954
0.3071117646952821
0.2790254110909048
0.2505761849169403
0.22557930261790174
0.2012830751264555
0.4150595739551562
0.4205138294205361
0.42163113694937704
0.4168024839307528
0.39250940070126955
0.35807995263962183
0.3222454008756857
0.2921026961137463
0.2615445743757922
0.23471231011157492
0.20867016133255104
0.4291403871541071
0.4298633895128963
0.4289550881237126
0.425357530472359
0.4116855462302534
0.40002265967248846
0.37710272807076034
0.33904478585984366
0.30663213288408686
0.273691454978647
0.24478591699545463
0.21677053761430223
0.43214065291445514
0.436321589978249
0.4358537575212052
0.42858822788362405
0.396085506682956
0.35626642883754017
0.3215928268814848
0.2861838960267301
0.2551394431014707
0.2250234526532344
0.4426538793811889
0.44238142062371094
0.4412412420009741
0.4353724468983722
0.4319253777070531
0.4184491068671381
0.4005093293853549
0.37790901586067993
0.3406361847549018
0.30211643428851465
0.2682273930804764
0.23543903397999014
0.4458151178878615
0.44527013283813466
0.44257120964917057
0.43602418338032184
0.4267197495552043
0.412580432889199
0.3980926397159052
0.35898050203312115
0.3175632875829867
0.2809360995330294
0.24546143544996235
0.24730229238341037
0.24683031353828117
0.27247981429003393
0.2760853033591462
0.26908530520529517
0.29779202946799666
0.29725841583616003
0.3206539921186965
0.3111247106654801
0.3474845181452021
0.3492013511055321
0.334791172336684
0.3690222903785067
0.36334140134651527
0.3710895985509985
0.378365352005563
0.38480787875657035
0.39118733535821826
0.3768554083387729
0.3973246957315897
0.4032019041942047
0.39760544589992564
0.4106125838454988
0.41024839233453225
0.3904079197911204
0.4080857848451508
0.4182936659826181
0.42541451982121603
0.4223711196007979
0.39435513524251503
0.4301922575543758
0.41501993103062707
0.42939639660904505
0.39635084599291365
0.22700061020848047
0.23194699097995172
0.24531154427948398
0.25057803678241514
0.25380391149592857
0.2725731268351595
0.2782028802806087
0.28146645291743966
0.28279853192041826
0.28205578019622796
0.30032560423414245
0.3060776041733391
0.30918231905493904
0.31019014540563267
0.30874374100872276
0.3010552118593094
0.319375217660869
0.3250397600388246
0.328007818918748
0.32867026265283733
0.32861066119264903
0.32798247107643785
0.3266862993576668
0.3226410694975079
0.3175266340619431
0.3372078540968314
0.3428494622439732
0.34540679185126044
0.3455481851713136
0.3446158928998192
0.34298118443594555
0.33805019067606895
0.33242054239777014
0.32075142855133876
0.3088000127460519
0.2846769801678939
0.27346582746395054
0.2572555023956512
0.3573975302396285
0.3625348055009734
0.364560155867064
0.36461579392806787
0.36393399190280995
0.36223774610869847
0.36048125767312555
0.35443339369142135
0.3478866582962553
0.3364727191051207
0.32106068527624687
0.31025114494863315
0.29430241013912983
0.28144871524228504
0.26393895991303523
0.36852180637501664
0.3731875797605066
0.37482851619312735
0.37367325731591094
0.3719653736395377
0.36944350634545436
0.3627096162462664
0.35551711366128846
0.3412626502495135
0.3266746999218929
0.31499975385120577
0.2979352139348591
0.28469837434430256
0.2658101794198781
0.38029969160044724
0.38419091270397293
0.38516855253608717
0.38321060666740153
0.37805098475310217
0.36249915522443743
0.3312502036469426
0.30022125907789377
0.26597570962699796
0.3893568529870267
0.39101695085586985
0.38996220525423625
0.3860509821870959
0.38238035147216104
0.37416099888926074
0.36525779998304514
0.3489735988827671
0.33224675021548733
0.32133171027045787
0.29962962882791105
0.28571105138466857
0.26403387633557024
0.39386904105432463
0.39619101792285866
0.39554910404520494
0.3918497801743686
0.3881720187726416
0.3850429074726269
0.3757549001720046
0.36598778073755445
0.3471330779170352
0.3301546795005711
0.3148313351984436
0.29574972741850164
0.2790352868704584
0.25798229428687564
0.3957968107462457
0.39725484428967717
0.3959419938363898
0.3915170235373212
0.38785757917418406
0.3834005165423118
0.3732744407212909
0.36344713212348184
0.3444622192760693
0.32580798745795897
0.3140204184413768
0.2898666631914264
0.2731317652030939
0.2510241677884718
0.22022001430124322
0.22549622639631853
0.23766438340305815
0.2432660227161175
0.24653424288162262
0.26353455658797403
0.26940919092674837
0.27263729320718405
0.2713913022190239
0.2896220759878353
0.2957263401310002
0.29779996384763113
0.2986117293967892
0.2961978494903859
0.3075304217425526
0.31331851420340967
0.31507046881651907
0.31599892034476285
0.31536216665926065
0.31249664271787764
0.3046094454985684
0.29485693308634764
0.32404277086963373
0.32976885479455703
0.33134475420532505
0.33196940756417315
0.33059470485344056
0.3272136170967534
0.31797193559683884
0.3072461461815692
0.28416309024961806
0.2571078131129216
0.34253123011007236
0.34768664986388104
0.34903731480136513
0.3491718032373885
0.3468520181288183
0.3425817375039758
0.3333992692171149
0.3194915558922728
0.29378456007667375
0.2637917152359056
0.3526707318582232
0.3571994493589609
0.35812581674739746
0.35807172327035974
0.35510949313828416
0.35020766129177994
0.3384329873597237
0.3251123990789296
0.297427309978959
0.36301438511972045
0.3668271073969245
0.366748809918098
0.3572336393102714
0.32970529888397976
0.2997248708359705
0.2658375076672653
0.37091109483395684
0.3720827351634088
0.37224394404904393
0.3712287616338619
0.3666870215670612
0.36013197507857364
0.34622884960217987
0.3307445884542644
0.2991524466640036
0.2639011319654204
0.3741875871566801
0.3761385738424619
0.37548733853659977
0.3741875439619492
0.3685184284558425
0.3610257603535754
0.3445982588131908
0.3287346447724406
0.30338203803217073
0.2952994931958939
0.25785974475953233
0.37505789817823687
0.37619176901984863
0.37520547628777745
0.3730780562024911
0.36641857907069697
0.3586668379196686
0.34197008487487773
0.3244501012495781
0.2894444668264163
0.25091075458029977
