0.90423137680189
0.9297781446721531
0.9353257329524051
0.9026602852995783
0.860366908414516
0.8219268269936826
0.7810042725232496
0.7438301912692731
0.6896449054792563
0.6088934137997492
1.0077018846483576
1.0450381642740403
1.059051101957778
1.0685580025097343
1.0463875327354588
0.9993650154619906
0.9531937145092112
0.9030205968680084
0.8571370694367081
0.8110585355157159
0.766099339548422
0.7284793723035645
0.6555088430472954
1.1195531929466722
1.1364693560168762
1.1503776337599674
1.1671825825282072
1.1711555678817167
1.1734904628364817
1.127989853528729
1.075669294557835
1.016773066331026
0.9623467197590285
0.9074968671147046
0.8539044222978351
0.8090192177718817
0.6813283474834936
1.2258984979161016
1.2589788689467503
1.2670970736268123
1.280508437368639
1.285845987561025
1.2888323667551538
1.2572314908100315
1.2012856089275628
1.1338826496282681
1.070385467167604
1.006048481560032
0.9430574678945208
0.8902624318219357
0.8360531239886893
1.3813664989496146
1.4010426035819712
1.4165772966653982
1.434551520834815
1.4385120585977187
1.4416453068232307
1.393382792858612
1.316135850312178
1.2386910958576902
1.1588827845739798
1.08032337637771
1.0143918280339939
0.9466899797924385
0.8862177480108272
1.4920974509737808
1.5123759229844393
1.528593340758156
1.545708589337697
1.549865454530001
1.5543504518895035
1.5326454111582521
1.4551377570932569
1.3682907507523485
1.276382928149809
1.1852055564473376
1.108540290476032
1.0298169635159444
0.9595715078363478
1.5402954844887093
1.4490740130208597
1.349802428247024
1.2505511405680332
1.1669374636279048
1.0043964396512548
1.6274246588644048
1.6679907593413321
1.684035518947701
1.6873957793803105
1.63468357739104
1.541108802638902
1.4339487141623806
1.3253717722458307
1.233596712108385
1.1393162007559408
1.0551384589286992
1.7098811568350296
1.7482303120200051
1.7640824994599495
1.7438339708586528
1.6543563894665967
1.5390438317671873
1.4189392753597199
1.3167266583380413
1.2115974883804064
1.117750313059886
1.02521272672983
1.773145994058901
1.8077500268481055
1.8232577166112576
1.8191717127293876
1.7453948691152257
1.6260405874578732
1.4968100323831268
1.3858054431461047
1.271411440482932
1.1692819576539708
1.0686592113483784
1.8703024848775933
1.8825142046325392
1.8852072647101838
1.8796443832767293
1.840380631737983
1.8018744254456307
1.7219095111801261
1.5836437688872658
1.462869589913613
1.3379133261569394
1.2263181768980218
1.1164504058007378
1.8969540539122092
1.9274783276656748
1.9394369450154136
1.925218697282768
1.8181365640408655
1.6730314478166095
1.5425095060366856
1.4065278525452778
1.2848954705257654
1.1652448719667132
1.9897158367131744
1.9971152402794046
1.99797469119924
1.9858830919007753
1.9762849321519185
1.9324662181485832
1.8693265080437804
1.7859919089730452
1.6443489237533437
1.4942940695075657
1.359560173329131
1.2270538301979392
2.0374179319355337
2.0427458709777873
2.0407802249732874
2.0240118577833535
1.9945290654107681
1.9452276416630099
1.8921475608624996
1.743019376308201
1.579911353580271
1.4322112851664073
1.2868468500495942
0.9173979954883247
0.9282314646015568
1.0301848898228108
1.0509574997063365
1.0411222827212268
1.1502782574322237
1.1621212329685735
1.266403005325837
1.2504625282269686
1.3992664104456183
1.4220992836777473
1.3870079455645221
1.5194657369280897
1.519052810601673
1.529545251738193
1.5898003885605418
1.6085653154990815
1.6518952915291136
1.6243083227084363
1.6859269813644522
1.7280120837732251
1.724597786714678
1.7738332438813085
1.789493664279556
1.735682165259967
1.8236318900326949
1.8393231304063629
1.891024713396345
1.896107420004076
1.8098375577101808
1.953758520328565
1.9158994952445483
1.9917845234591558
1.8834529925126353
0.8455168774944938
0.8669411107764916
0.9282901500600992
0.9518062147095803
0.9677800354254924
1.0565729736490035
1.082923002631356
1.1002548402962096
1.1107293081098006
1.1136258281336373
1.1943467553651013
1.2228772585008605
1.2408294150763484
1.2513923628721841
1.252648730752484
1.2350982499524445
1.294086045959262
1.3234451492052448
1.3421141212907868
1.349188939477887
1.351671049506685
1.3529405144650248
1.3517200073673683
1.3430629582155007
1.3293441014584015
1.392482389557503
1.4234016897264183
1.4410293714752747
1.4498221179455046
1.4502239955709546
1.447860013426749
1.4361857321534517
1.420330006714798
1.38443051166775
1.3457390804649803
1.2650070403917764
1.2268307048214515
1.1709577915121794
1.512004820687587
1.5421672410121423
1.5591384535220176
1.5637407621388353
1.5657950659314193
1.5642470199988074
1.5607696765072707
1.5450440357251107
1.5254637678394012
1.4888359171220213
1.4370535678644183
1.3998709982740263
1.3440834640613053
1.2986360889542101
1.23595272954691
1.583522112507858
1.6129089693001477
1.6287151279327328
1.6333937735977155
1.6312218780977372
1.6258220444052478
1.6072587428447096
1.5849298286537157
1.5377016177780216
1.4873727580164535
1.4461592283514868
1.3851007633421129
1.3371135922845006
1.2678816532225974
1.6666480735406208
1.6938479310961037
1.7079316828712843
1.7098141835951448
1.6985095754516137
1.650396362163634
1.5411313616950615
1.427516018400763
1.2986830162807121
1.7384431391453472
1.7594343366354441
1.7617453753126022
1.7552399770567597
1.7454793938147652
1.7202413822024774
1.6905330677869115
1.6330814593749965
1.5720822127970395
1.5315131370227764
1.4497217965937064
1.3964987741152866
1.31280973405733
1.793381364507044
1.8153823791950139
1.8233982480981556
1.818447509895438
1.8090056666865746
1.7997537975082654
1.769445923860985
1.7353832520243873
1.6662922758443384
1.6018625641906756
1.5429952195114516
1.468587172469728
1.4025715455503915
1.3183417587899575
1.8331971357910686
1.8518102302758797
1.8568485111791513
1.8486139790157823
1.8384602764874778
1.8246001449737614
1.7901596947701934
1.7545621882937235
1.6833803553958353
1.610907643707203
1.5645930983986385
1.4680182890634856
1.400292836681447
1.3096926104465607
0.8260263490220806
0.8493039036420416
0.9058771402439864
0.9313942052708595
0.9486807508284899
1.0292626965730824
1.0574493706020853
1.0759327867992592
1.0828470699983388
1.1607747999305777
1.1919014448849097
1.204326308417826
1.21069864602962
1.2147381218283524
1.256262609596804
1.2872067506122595
1.2983472649476329
1.3063840168694278
1.3119812408365872
1.3077283952711112
1.2872604232482956
1.2580884569358688
1.349287021523576
1.3816684184636314
1.3927246760750647
1.399989890400296
1.4035480880870908
1.397391703486674
1.3720435755471219
1.3387367249109412
1.2626375137083234
1.1702568044311337
1.4616407597386427
1.4934497002124199
1.5052427864752786
1.5100756571075031
1.5108079877640135
1.5013497010156036
1.474720359778665
1.4297499841305714
1.341614604621334
1.2352289304423003
1.5287581182664787
1.558631048538871
1.5682014402261482
1.573846316439413
1.572257997719107
1.5603131366697975
1.5244209226376888
1.4799501681329519
1.3826266762808486
1.6055549028781142
1.63362076237987
1.6455705388178337
1.6253677783951657
1.5336000670892693
1.4250324201476536
1.2979678282845624
1.6718094840838007
1.6832148668367366
1.689653715915509
1.6922639745028245
1.6842941306973551
1.665693805838857
1.619609217956657
1.5646115489745616
1.4472829705269747
1.3121073312086544
1.72011494656997
1.7419785387327318
1.747035634750486
1.7465083039258036
1.7336602010639077
1.7106515002517784
1.6534752142407796
1.5945892919656957
1.4977078288137204
1.466213653448777
1.3176709039339367
1.7538674658252347
1.772526232737145
1.775387847234322
1.7729193612075087
1.7555398310412968
1.7302335299888425
1.6705163836910468
1.603798054925583
1.465739814043165
1.3090559193186269
