0.34175163100929634
0.3483901727159233
0.3407464977927578
0.32042124374464726
0.29696023734569305
0.27641076222984146
0.2549550323256149
0.23575870937381901
0.20818466326361998
0.16791701443030202
0.36925812878806086
0.37937030973849534
0.3821078137964584
0.38126710553211945
0.36358824439205994
0.33751459104957326
0.3135650258274102
0.28826755545407956
0.26556581102531285
0.24312668263375375
0.22151513227908012
0.20364078121739929
0.16955501355077687
0.3977621410333576
0.4022678338128973
0.4056680357601579
0.4090061349585032
0.4095166691445331
0.4006387655947331
0.37415637455601697
0.3474625848112578
0.3186528664696331
0.29265318848962857
0.2669403636586479
0.24219554391676976
0.22175660908992137
0.1651005316103832
0.4230379144301798
0.4309674473143064
0.43257354033053974
0.4344505544818991
0.434431374007208
0.43248018617343825
0.410171530759219
0.38156810973752536
0.3493709510502583
0.31998838190643103
0.29086556924659135
0.26285008651501046
0.23973990136995244
0.21637805698173648
0.45697277759235455
0.4614168089482618
0.46450103168288026
0.46704655090581193
0.46722472540185694
0.45997919670809506
0.4325511938491059
0.3962354660494384
0.361783035704405
0.3273156832141649
0.29412051146135687
0.2667813419511795
0.23921640142175166
0.21506929244168863
0.4787525423278274
0.4830284931765407
0.4859483835884348
0.4878572667708509
0.4878429085174986
0.48679177107619465
0.4685812565931579
0.43128168430976166
0.39342215244491313
0.35490204755024
0.3176695174634869
0.28702053369890007
0.256173936425984
0.22920649146448407
0.4524854026242834
0.4129325940936923
0.37197531948330426
0.3322180428723876
0.2994788231637564
0.23781824648020844
0.502489972135515
0.5092084538216763
0.5095068796605264
0.5071300864499565
0.4757111549021817
0.4349736424497115
0.39140375288086426
0.3487712136827241
0.3136211995993927
0.2783097379061705
0.24751831652820647
0.5150497795168324
0.5208000268435605
0.5203730301178736
0.5021110166146358
0.46181391232791197
0.4154756775518512
0.36932897555080435
0.33115263890231766
0.2928179939922245
0.2594409397057091
0.22726812271994518
0.5235409560060319
0.5283449100501227
0.5278226465176669
0.5188362146215177
0.4831489134193197
0.43523810408837127
0.3863208134295752
0.3456219085989176
0.3047623463030317
0.26921350603937033
0.23501089220797358
0.5346507966890028
0.5339685386528804
0.5316917175044694
0.5254754055034546
0.5050816513101029
0.4885498737377519
0.45681516753832074
0.40512694795844445
0.36167868256173935
0.31796272953304583
0.2799662047274479
0.24347234691122566
0.5360561550650568
0.5390744321417874
0.5361564501326663
0.5242440911435488
0.47827059078956524
0.4243578768142631
0.37816642342599577
0.33151814011405184
0.29096336464170863
0.2520860243993802
0.54122648516501
0.5394740196004832
0.5371042329260693
0.5276415809377332
0.5224659143177482
0.5034033302068219
0.4788101952789284
0.4484796446694934
0.3990969457407429
0.3487490835416219
0.30492539992935885
0.26293909912563873
0.539663912400058
0.5377507474120596
0.5328790827218562
0.522908612323523
0.5096654503068571
0.49035168534177653
0.4707831402096075
0.41916898492705135
0.36537792561038257
0.31836825158832244
0.2732834842307708
0.34184050246150216
0.3381787419826663
0.3718298440816711
0.37507714887163407
0.3617908338976537
0.4006345272586804
0.39684959620556975
0.4251791374093134
0.40803573873653265
0.4549831002492538
0.45399541316178704
0.43065806592538686
0.4763752123054832
0.46462549148831245
0.47875272258350393
0.4822781099455611
0.492061152995196
0.49704197436623154
0.47286322187716484
0.5033451115009884
0.5076175771868275
0.4969038346452015
0.5144086443541243
0.5109028458786093
0.48063523285212056
0.500793461806821
0.5184113809889259
0.5237003215959055
0.5168670777388015
0.47624543951677073
0.5227587151000325
0.4994069881252039
0.5152138276728142
0.46879045216946774
0.3130710380920272
0.31914174002819146
0.33473641039160296
0.34105455554540826
0.3445669421464287
0.3660377630527292
0.37255913051347506
0.375890199455464
0.37651339390217925
0.3742678415031576
0.3966193644482814
0.4029857914680821
0.4058983507215369
0.405857309848222
0.4025226080523362
0.38977353536433096
0.41672836311380307
0.42277089746488766
0.4252985638652848
0.4252851407568537
0.42466516558869993
0.42309014302977743
0.42061464193991654
0.41384504653213644
0.40585493046590104
0.43471655906033346
0.440467806764381
0.44237978912963155
0.44098213784055623
0.43897991872573017
0.43607661264979103
0.42808539728142
0.4194794802810145
0.402229133300095
0.384941146391685
0.3505913853168321
0.33475736124434025
0.31202408317947683
0.453796274358882
0.45871019198724955
0.45971881511283935
0.4589884625661832
0.4572179356248041
0.4540565406945008
0.45112240577119245
0.44171296772349544
0.4319933603607244
0.4155099638487512
0.3936884838199685
0.3785514353536936
0.35642434999717654
0.3386508063575651
0.31461295147969426
0.4634039425947711
0.46755690945285033
0.46804594791303195
0.46489079236272035
0.46184049127654253
0.45773126413217985
0.447501638178071
0.43701990068091945
0.41677041064941156
0.3964194377039291
0.380308638962441
0.356917246784969
0.3389075684168073
0.3133374584799484
0.47239741213996267
0.4754835349164972
0.4750074761885707
0.4708056519115722
0.4625108191307127
0.43992062049721853
0.39675326994972954
0.3548442371278787
0.30914547978914675
0.4781907580986598
0.4779452975920389
0.4754896895144431
0.46889743680300333
0.4633289982126591
0.4514113731381282
0.43889687736731336
0.4165484139041127
0.39392650329108436
0.37930181382708783
0.3504449295654987
0.332037776072416
0.30356842501228787
0.4781107593999643
0.47899721731824113
0.47647573116230113
0.4701251151219639
0.4645378495657754
0.4599667705005481
0.446866972096662
0.433451520249584
0.40811896252557334
0.38557908236822575
0.36547746080524146
0.3405670866509058
0.31891018529719495
0.29177323384938675
0.4754506860208904
0.4753426518530562
0.47205410238115086
0.4648776643117796
0.45946666392561797
0.45310141790796643
0.4391108878400286
0.4257928881328835
0.4006575238612303
0.37629460017609784
0.3609778452314912
0.32987925421955455
0.3084513129476863
0.2803672911533925
0.3023815499005499
0.30876361551097103
0.3228399888496107
0.3294524246606748
0.33276810227104753
0.3522534224564117
0.35892068461389975
0.36193716863515446
0.35775063191538237
0.38066535735441887
0.38726299521696733
0.38912569605686653
0.3895460035074968
0.3835996187477908
0.39928854490794685
0.4053044854497236
0.406774352377926
0.4071365684907206
0.4047024727691282
0.3995614567888896
0.3870910068283642
0.3724489384140985
0.41565149048620165
0.4213099241668077
0.42246564228925765
0.42240063217846074
0.41886571031144937
0.4130652572581005
0.3988289913115516
0.38305315608094254
0.349975709676985
0.31185029567013234
0.4326711909255293
0.43734165090026034
0.43794392969800905
0.437340965521592
0.4325151623606438
0.4255823745014574
0.41181870195396314
0.39181902706471283
0.35581620154775856
0.3144432548779983
0.44114762394181994
0.4449688131764858
0.44513757834198814
0.44403672549625367
0.4383896644652215
0.4306797386215509
0.41341587006168806
0.3945807433768623
0.3563283958366639
0.4485087662168335
0.4512763029670213
0.4490959681209504
0.4337266439853564
0.39496224679063463
0.35427775386847843
0.3089908250326661
0.4529875898255335
0.45340215463800365
0.4526510830734663
0.4502390632699814
0.44267800387752415
0.4329331443450929
0.41337864714864353
0.39220488515367996
0.349906632712552
0.3034217108135827
0.4516113672547129
0.451893457397803
0.4498516222600863
0.4474113162029932
0.43854466442296286
0.42777042318043035
0.40524046119026297
0.3839785184044608
0.350621372061033
0.34006783888236247
0.2916401953895547
0.4479950116528159
0.44729140297459047
0.44498103318451543
0.44131169373862367
0.4313177565915914
0.42038162508085636
0.39785935036744186
0.37478210654984545
0.3294169056065521
0.2802458297602461
