0.8319633121982988
0.8556340127365777
0.861367115032455
0.8318725595142885
0.7935001426054065
0.7585761383941806
0.721374195325073
0.6875655436739498
0.6382692048441112
0.5647797925306537
0.9285595979051615
0.9631751463244267
0.9762420405535358
0.9852933529207822
0.9655530305627682
0.9228896077789391
0.8808853081861481
0.835200648959547
0.7933961833049076
0.7513961128133545
0.7104065835245593
0.6761021264730579
0.6095469520711877
1.0330846731893615
1.048791842579341
1.0617289552517069
1.0774170738990099
1.0811468940348181
1.0840172260313437
1.0428321324713261
0.995200202859621
0.9414996610793671
0.8918357997192119
0.8417596346040421
0.7928152082508276
0.7518128853699431
0.6351263560604411
1.132765528717382
1.1635856619493823
1.1711757542337546
1.1837757470255714
1.1888489602235865
1.1918418166101497
1.163554189309796
1.1126263198245565
1.0510883011641867
0.993079225056885
0.93425025266999
0.8766276042791745
0.8283182632343843
0.778695948197161
1.2790055174200405
1.2973946126942286
1.3119489557090642
1.3288748438638227
1.3326372503871067
1.3362416039357303
1.2925505344420607
1.2219871519883119
1.1510880734034161
1.077953579390514
1.0059205574211685
0.9454398034091932
0.8833093476759666
0.8277912912213988
1.3835948420423543
1.4025973823597169
1.417840932548506
1.434032935749459
1.4380085866332974
1.4423920704496458
1.4232887492990347
1.3525671672460777
1.272982971555027
1.1886390322747136
1.1048999538578412
1.0344508749191095
0.9620743808612169
0.897406745098566
1.4326762789297547
1.3490590375328173
1.2578863509742242
1.1666463941543739
1.0897343896726321
0.9401026544264901
1.5119774903970178
1.5502412409433348
1.5656054778753847
1.5690637577736266
1.5215800858049804
1.435821171896849
1.337330300817376
1.2374178657556838
1.1529059480533204
1.0660345415489143
0.9884268813050449
1.590581217829386
1.6268654871693924
1.6422170692022822
1.624577441075925
1.5427199967572913
1.4366700407945756
1.3260282624152926
1.2317844531582922
1.1347850469602385
1.0481392897611645
0.9626582577464087
1.6511290678542545
1.6839552157589743
1.6989550229891852
1.6959916068763732
1.628781631088596
1.5190073017716998
1.3998631777273411
1.2974132487725223
1.191749295616787
1.0973554775036598
1.0042973344132606
1.7442561686092457
1.7561266071999442
1.758985230765603
1.7543197877657095
1.7187332379519003
1.6834446448303346
1.6098553524430064
1.4822982500053117
1.3707201502684285
1.2551764361445794
1.1519075026806453
1.0501730494452657
1.770486022285535
1.7996971445328682
1.8116247694211138
1.799293067593658
1.7011832341629494
1.5672686859852558
1.4465771270838998
1.3207008545043306
1.208018687601497
1.0970917797509585
1.8606483453173175
1.8680556353660525
1.8691919953715637
1.8586698807252862
1.8500252717573444
1.8099293248400208
1.7518004686003885
1.6748252967694173
1.54372266635397
1.4047348380495934
1.279849167490933
1.1566492783492583
1.9081053804851784
1.9135551615567807
1.912311455956819
1.8973529414101995
1.8704640849682208
1.8251313822369524
1.7761209662827213
1.6380455295463456
1.4867355216849267
1.3495456255281586
1.2144075202209796
0.8443757969095805
0.854838801504193
0.9496436230645492
0.9690699270156589
0.9606953399436793
1.0620002857821593
1.0735127758545786
1.171088732298754
1.1572850138328659
1.2962378489867212
1.3181022323651042
1.2866287025155103
1.4099667004927294
1.410643768187848
1.4198794003582127
1.4772663595439504
1.4948873049633913
1.5359784563943855
1.5118993533692509
1.5687346560432094
1.608771556422944
1.6066081464637219
1.652764224250768
1.6682405969610317
1.6196891786078185
1.7030379715740485
1.716819948441977
1.7662364173194371
1.7719846663033216
1.6933872075141636
1.8280813088365224
1.794345962744461
1.866999825032463
1.7679183167421375
0.7784124416128364
0.798234426125693
0.8556387018900038
0.8774418026164559
0.8923061007091835
0.9756744724926505
1.0001827663959377
1.0163774243428372
1.0262699262511463
1.0291865569351089
1.1050903615472933
1.1317281626538187
1.148591644344536
1.1586714952016894
1.1601116671352572
1.1444490888317296
1.1991395596381897
1.2266291787784722
1.2442331459359077
1.2509863609618048
1.2534095005777377
1.2547595999494447
1.253810130953821
1.2461392457107041
1.2337442217097312
1.2922699899425667
1.3213254178928568
1.3380173848946812
1.3465641573540612
1.3471330613624692
1.3451437304968132
1.3347146966912593
1.3203401776341783
1.287597675383157
1.252186248344695
1.178155379185194
1.143115340926507
1.091795249048563
1.4059472696853108
1.4344157799885442
1.450615114954597
1.4551091703786965
1.4572598921062578
1.4560936316270703
1.4531157428708068
1.4389026876493267
1.4210835487950197
1.387581194990053
1.3400748986444728
1.3059103217416417
1.2546009991234344
1.212781394598631
1.1550631016151867
1.4743364331279447
1.5021829509641127
1.517345786462055
1.5221881090230664
1.5204241532898757
1.5156641866405383
1.4988875437282174
1.4785194993795314
1.4352302117748597
1.388972166793204
1.351038608706946
1.294796544629491
1.2505145559595119
1.186711391054641
1.554304229341223
1.5802188140776776
1.5938780957954377
1.5961747452913206
1.5862133094031212
1.5423518928064952
1.4418320711260169
1.3369972028276322
1.2179580653663726
1.6236998138536805
1.6440524179037677
1.6465909563319363
1.6411112047966028
1.6323257536150226
1.6093451770874219
1.5821109191554072
1.5292255432489161
1.472950036871109
1.4354543934157344
1.3598530816999843
1.3106212516154627
1.2331519167648042
1.678023442144899
1.699289277891912
1.7074156338466508
1.7034521173267276
1.6950186625306434
1.6866345314749338
1.6589200558714596
1.62760453289025
1.5638200878947863
1.5042490177612668
1.4497326149264493
1.3807806829051004
1.3195637450778863
1.2414032287365924
1.7179520994465936
1.736070833944406
1.7414556039268216
1.7344532679155176
1.725325089411728
1.7127221991433752
1.6811381091197057
1.6483374142135803
1.5825308787631467
1.5153791947695956
1.4724211067247448
1.3827743324954398
1.3198581967562564
1.235639244644383
0.760710283121958
0.7822630021687589
0.8352548639782574
0.8589321665210068
0.875052569148063
0.9507831520166721
0.9770285794358272
0.9943406580520272
1.001222035915595
1.0744215641674575
1.1035103922826284
1.1151890040969032
1.1212230055318209
1.1255630705755173
1.1645333974685677
1.1935478040964538
1.2040561905260017
1.2116973165828346
1.2172574779256786
1.2136519193530295
1.1952120381297209
1.1686538640535922
1.252673962966592
1.2831446477412305
1.293619273265643
1.3005838893799704
1.3043228539465421
1.298973206208286
1.2760523183944843
1.2456558597602339
1.1759429154279668
1.0911397463037078
1.3596764019981422
1.3897596290487344
1.4010264565810648
1.4057347398287547
1.4069352316837618
1.398559398066829
1.3743889961845863
1.3332434663396904
1.2522889946930698
1.1543841687441305
1.4239520293645525
1.4523112156627105
1.4615152571997694
1.4670662841565012
1.4661479027826616
1.4554841910345657
1.4227942296048126
1.382017131984227
1.2924750765374022
1.498007596708409
1.524798407419172
1.5366006214355512
1.5188777017124362
1.4347579201191796
1.3346608426249984
1.2172839829584983
1.5622059505335364
1.573205919260302
1.579526686910452
1.5823633994428867
1.5755798614945309
1.5587690900687008
1.5165559650014737
1.4659190193815848
1.357554053504209
1.2324884119368698
1.6102599523352197
1.6314896249116202
1.6366423558655496
1.636503057283205
1.62521029196284
1.6042962423464495
1.551730801413547
1.497382614941932
1.407718124096492
1.3785359144406653
1.2407672584790348
1.644377502433076
1.6626952905253538
1.665826249557444
1.6639560481665658
1.6484526632395458
1.625356436915125
1.5703684062396746
1.508651009375181
1.3806137585610918
1.2350339059621769
