0.6831427260789529
0.7000676286791401
0.6964711964137937
0.6652730467708341
0.6271030258977606
0.5929838524977706
0.5569724542414597
0.524480370069645
0.47748663341269537
0.4084454629485378
0.755238395912541
0.7804061611499821
0.7889829411352578
0.7925878555956769
0.7680026692157659
0.7252093769922445
0.684497943102284
0.6408265617263826
0.6012291104169867
0.5617656359173683
0.5235407857499776
0.4917931316622311
0.43100297485324035
0.8317589081655744
0.8431396804110759
0.8522429996254673
0.8625911048069704
0.8648062873041344
0.8583715371372985
0.8155792848033668
0.7695161391851949
0.7186639647879762
0.6721693642951733
0.6257307053094335
0.5807157875140966
0.5433172934871039
0.4388313296580778
0.903180590756127
0.9247488988540047
0.9297510929528326
0.9373492035636708
0.9397040540367426
0.9393635816900521
0.9060365328595119
0.8563993003903403
0.798491384591634
0.7447545281700384
0.6908512478323039
0.6385405630608952
0.5950741507140682
0.5508401869014947
1.0051047590667015
1.0177471581774165
1.0273501840964716
1.0375483354680752
1.039455549346756
1.0343953472286382
0.9887081192987708
0.9222902337509773
0.8574041332959378
0.7914566979865361
0.7272236069071282
0.6738295941373036
0.6195251669530178
0.5715432251957836
1.0756431930330372
1.0884062382677913
1.0981630491595344
1.1074146924356287
1.1092347457631406
1.1102344557137118
1.084190733182051
1.0163457515238128
0.9438570894043925
0.8685514181334527
0.7947642788635405
0.7333651170380269
0.6709580011195363
0.6158863347438015
1.073848789256647
0.9976345023499347
0.9166307546441691
0.836766559200177
0.7702270359414708
0.6429234228433804
1.1591229673926151
1.1830843721586126
1.1903417068498927
1.189584426995418
1.1374341638695487
1.0588036090869473
0.9716558172337729
0.8847948216251693
0.8122530211175437
0.7385385670786263
0.6735006360047923
1.208293104565089
1.230308954074437
1.2367749736863805
1.2107197545716182
1.1339252051968398
1.0402687178512597
0.9447693485294428
0.8645891611135907
0.7830674015369764
0.7111852034593122
0.6411385717329402
1.2448481129393814
1.2643240496486843
1.2704877109834238
1.2601215856695198
1.1941828102546992
1.0969752107020756
0.9946117407084527
0.9080209786463445
0.8198698915406377
0.7421660471136936
0.6665296339968158
1.298446933893138
1.302999680977264
1.3019235251420516
1.2935019218051746
1.2568844048415513
1.2243561892196158
1.1593542913824841
1.0501100240548564
0.9564081727681754
0.8607271371620442
0.7764123763493483
0.6944226158764805
1.3123204806777826
1.3282871927349802
1.330463167770241
1.312653434021481
1.2218499419142073
1.1071616498303707
1.0063440938574606
0.9028452184971244
0.811668173850154
0.7228806922042236
1.3579915413163763
1.3593685362803076
1.3573325949283257
1.3427418625523853
1.3335202797069186
1.29592407618703
1.244643828057508
1.1791237746857808
1.0701049273979157
0.956665875967459
0.8562753966842713
0.7588781573268217
1.3775736824339222
1.377840329260747
1.372021313320724
1.3547687776665238
1.328994298894229
1.288600871214662
1.2465740135637466
1.1317626915073016
1.009025677354967
0.8997086650366019
0.7936319051732897
0.6892096198291857
0.6911914921599125
0.7675150068258446
0.7795595051504223
0.7641490092722388
0.8479779171264982
0.8500886009284695
0.9231005187853004
0.9011876607880374
1.01129773280502
1.0204752523088263
0.9842223152910093
1.0855315573496913
1.074663915289758
1.093340332501608
1.1228611747676842
1.141365866784675
1.1648167247682806
1.1302965207995386
1.1869584410580236
1.2091459679341297
1.1975227117677998
1.2364656933649052
1.2398185635131251
1.1876266037277081
1.2456033911671232
1.2705680283366725
1.2977130451409833
1.2930860636467862
1.2163595120853956
1.3244086708142495
1.284990822618685
1.3335469960310866
1.2409484041139471
0.6335347681199822
0.6481154329826925
0.6904273648737947
0.706206665552696
0.7162809971842793
0.7768852413701355
0.7941674293599232
0.8047312671204174
0.8099306189823192
0.8093046992233732
0.8672944308630399
0.8854766881200827
0.8959559037115433
0.9006063591367968
0.8982238055157866
0.879273585919384
0.9310201835373759
0.9493357222942227
0.9597749725142314
0.9628588183179674
0.963392054863387
0.9625464557380438
0.9597862479471021
0.9499193269680384
0.9367179625778006
0.9922350867585994
1.010967211597524
1.0203999768240737
1.0229427234325212
1.021285832812327
1.0175747670083084
1.0052021405616893
0.9904100512782933
0.9589766720578379
0.9262825060401835
0.8596513107930362
0.8285421879823451
0.7834047637010549
1.063980321111858
1.0816126940639843
1.0898974751738504
1.0911947062788403
1.090420597152439
1.0867751978678963
1.0824987815335358
1.066887455029888
1.0493058490122018
1.0180064395993889
0.9751645554677308
0.9449076326263939
0.9000873559972487
0.8637792645286926
0.8142145237605314
1.105163978068936
1.1217343673213087
1.128965906831902
1.1279551731858535
1.1241083028609156
1.1178728611267488
1.1001439187616682
1.0805437961181585
1.0409691443474538
0.9999720760341895
0.9669270864905168
0.9184493293894
0.8807169666032152
0.8266937290552535
1.1508497274253713
1.1654468710266928
1.1709632088027215
1.1676493904219116
1.1547553206231895
1.1122685827818202
1.023775221529738
0.9347560549258506
0.8356111971718893
1.188038614908035
1.1966439860246734
1.195187239701875
1.1859063441535547
1.176258025925165
1.1537974626388605
1.1288684040660124
1.082497068843838
1.0343978139819539
1.0028027496975025
0.9397905685864152
0.8992258181800996
0.8358661072702581
1.2123616223817166
1.2225261248549935
1.2232889853999727
1.2147768970197093
1.2051498021856009
1.1966613844395395
1.1707191571800377
1.142921983152977
1.0884286784910036
1.0386969319586097
0.9938713585794349
0.9376977431745619
0.8883251724056234
0.8258973904427462
1.2272271820599523
1.234829129017123
1.2334985758561396
1.2226610600731893
1.2128653424882387
1.200570148894209
1.171889108006052
1.1434554780813655
1.0881212187076648
1.03308676395846
0.9982126831411209
0.9263565332575809
0.8764625534206832
0.8102618046412184
0.6160982901544034
0.631767284086516
0.6705578819124602
0.6874760228268709
0.6979669457692284
0.7530302771721598
0.7712522797910378
0.7820397331804212
0.7815351551654159
0.8385330056886187
0.8580595805453078
0.8651739982415994
0.8683524239973649
0.8648878032024035
0.8988849163174336
0.91783070829002
0.9240338180638027
0.9278708865703756
0.9281300307252945
0.9216256883269706
0.9014635899071053
0.87551631671061
0.9560713743918519
0.975331663998127
0.9811976399267566
0.9842710633633706
0.9825967246884045
0.9745866476101424
0.9504942380827779
0.9215211252491863
0.8580632481555599
0.7829433752617744
1.0225360838461197
1.040632319263538
1.0462690207583
1.0477609546062832
1.0435385822440373
1.0329296011441575
1.0084835693641951
0.9702792436877502
0.8984608342381782
0.8137468149358199
1.0605652710221458
1.0769938373988033
1.0812453050980213
1.0826065760683938
1.0765097177628629
1.0639950801751077
1.0321110585487612
0.9950603123622513
0.9168380625556674
1.101783619895814
1.1163621048971952
1.119290439244533
1.095661846314218
1.0188594328143394
0.9331622149884345
0.8351619751809393
1.1351079585334556
1.1403402616335516
1.1422636459362292
1.1409608101573872
1.1300769905994057
1.1125707583681597
1.0737248918978348
1.029574978047039
0.9382438732049089
0.8354305583868916
1.1551608755388834
1.1645603938580043
1.164573678286269
1.1618734382251665
1.1474660374893049
1.1269349206300048
1.0802223257409171
1.0340801654817777
0.9600086166493998
0.9362192894571733
0.825489657797118
1.1663136042638693
1.173251550573632
1.1720197102554941
1.1671789350433506
1.1496618511429808
1.1279155204171836
1.0799826035223843
1.0286313894454577
0.9249571881062518
0.8098809136759249
