0.92653422965611
0.9491485078360931
0.9433260521704547
0.9002775987545908
0.8477924819762901
0.8009059675086196
0.7514212709927685
0.706736512035296
0.642043319148384
0.5467617635977048
1.0243122382120597
1.0580353908332025
1.0694160565050725
1.0738791574201059
1.0396566818173705
0.9808021578529212
0.924906864473362
0.8649701540394397
0.8105961920347263
0.756378724253435
0.7038197038088347
0.6601224428845849
0.576284146009741
1.128015675759585
1.143279583457697
1.155458180171916
1.1692188171266487
1.1721325008856267
1.1625016463150941
1.1035479639246084
1.0403271131174405
0.9705985338629468
0.9068286302175302
0.8431147876834865
0.7813171724853056
0.7299366975177879
0.5860611921854748
1.224978265641281
1.2538653784687668
1.2605323990363546
1.27056899948041
1.2735878157049763
1.272857340853469
1.2266657663896092
1.1585309605211522
1.0791826633158987
1.005549945884699
0.9316812078013132
0.859965825645636
0.8003432303359668
0.7396223704150441
1.363729506903088
1.3806824229566914
1.3935273274332305
1.4070627759262115
1.409554473795291
1.4020168631043404
1.3391160263079034
1.2481288697040225
1.159329450127651
1.0690840586510315
0.9811710594552246
0.9080708724150331
0.8336927476012208
0.7679442742087023
1.4601376458516624
1.4772826461341777
1.4903406085528024
1.5026196176198778
1.5049865982959194
1.506102656779464
1.4699977870634993
1.3770196980442315
1.2778587829347796
1.1748887092670657
1.0739967459440438
0.9900336503638398
0.9046651207438761
0.8292530480048903
1.4560528950383216
1.3518322265716958
1.2411124584613542
1.1319629997633438
1.0410204879475167
0.8669750830805815
1.5750361873902476
1.6071198204698018
1.616697093077775
1.6154682057191339
1.5437424282984749
1.4362184489972412
1.3171406199596691
1.1984806979788976
1.0993812397038307
0.9986677687588165
0.9098048645153886
1.6430701441842595
1.672713508008745
1.6812453492622803
1.6452999479299604
1.5402501653100749
1.4123170778585803
1.2819096908269874
1.1724255867107078
1.0611057327832714
0.9629514329545382
0.867286339702724
1.6941162802431868
1.7204310802747427
1.7286463696126273
1.7142806763076461
1.6240708908439532
1.491312713977254
1.3515673145461462
1.2333628906971366
1.113025214031639
1.0069562212202634
0.9036973578493177
1.76874907499178
1.7748827250637431
1.773355234608791
1.7618077885969947
1.7117566345482105
1.6673378314038938
1.5785973469499535
1.4294906428796208
1.301602388312943
1.1710141064204016
1.0559435829307062
0.9440406133271536
1.78990544211923
1.8116998043400727
1.8146747168102326
1.7904004939457518
1.666513503892189
1.5100159759317189
1.3724377326513828
1.2311830325075361
1.1065968438116156
0.9855789700402072
1.8557291658653217
1.8577177571983174
1.8550135933027438
1.835256630729113
1.8225125504788322
1.7714794982999729
1.7016231388656913
1.6122597917437886
1.4635057106234703
1.3086731945267036
1.171805119699003
1.0387085166604357
1.8865153062288427
1.887099517302796
1.8794062367140076
1.8562104880366423
1.8211459866680972
1.7661782712706795
1.708908492542862
1.5522981054990894
1.3847652122353777
1.2355099759298087
1.0906569313410066
0.9342758354176386
0.9361918944649789
1.0403912429879045
1.0562713832686128
1.0344533975201105
1.1492217596960848
1.1513133861538634
1.250878423683057
1.2201183757557992
1.3714669727993176
1.3831959210984237
1.333055329878932
1.4726701323842462
1.457108612180093
1.484573816445592
1.5235667521153082
1.5505467799185586
1.5818877687198891
1.53406911058558
1.613844785414548
1.6436246096822311
1.6273824782107442
1.6823809519141446
1.6866716540748579
1.6151555674587432
1.6963838604685968
1.7328939986262535
1.7699544041388107
1.7636740136706275
1.6590098764893753
1.8100159198018462
1.7564837209088637
1.8269937243732977
1.7011502481824086
0.858777016785771
0.8783084605404687
0.9357570035631826
0.9568781254860613
0.9702718172054801
1.0528656620812702
1.0759845258948686
1.090011908903398
1.0967447769041272
1.0955732960582547
1.1756061359447803
1.1999223224268778
1.2138217958594326
1.2197774487182023
1.216198870537333
1.189884687494104
1.2624075629621994
1.286908198785981
1.3007429876000962
1.3047172606679491
1.3053184903924733
1.303996671432441
1.3000747779584778
1.2863735592353385
1.2681681132207738
1.3461380827561442
1.3712266307829044
1.383723629343117
1.3868601926117532
1.3844467508420262
1.3792341157062409
1.3621299776852953
1.3417808239008684
1.2986712618806984
1.2539037352379778
1.1627482117092414
1.1201977499389424
1.0584712422316596
1.4449642130322788
1.4686380825578174
1.4796343106249301
1.4812652069131242
1.480068067932558
1.474948543315788
1.469089916878918
1.447540640302975
1.4234215162925332
1.3805789813788216
1.321994013891413
1.280637892666973
1.2193186809787415
1.1697822286420707
1.1020697778099495
1.5022192495475606
1.5245240546394452
1.5341480529445088
1.532564112144484
1.5272351693829993
1.5186220790197957
1.4942935816076826
1.4674645537381217
1.413349540002078
1.3573268811310955
1.3121932312358702
1.2459823324424522
1.1944452495390794
1.1206976291836694
1.5665465847844542
1.5863044153047878
1.593699739070513
1.589070629885783
1.5713974037246061
1.513314224710278
1.392475164038851
1.2709633621910015
1.1356253239728507
1.619352465380913
1.6310736537065265
1.62907894785668
1.6164015698816836
1.6032409177700897
1.572586269477224
1.5385618155575091
1.4752863796115288
1.409649158267899
1.3665360919460174
1.280545574818802
1.2251719603372508
1.1387207007752034
1.656603552849344
1.6707011119618818
1.6719377426900917
1.660484513408104
1.6474242090860685
1.6358950465181175
1.6005927211329167
1.5627563034213108
1.488425024143895
1.4205859973788497
1.3594290278446648
1.2824371508014458
1.2153849750279577
1.1301804682416825
1.6806919950176
1.6915055862636816
1.6900282419308443
1.6755541137145
1.662326865209015
1.6456833906472486
1.6067033670622988
1.5680008510514307
1.4925920886592776
1.4175443932910663
1.3699278008743696
1.2718652746971026
1.2037410652188207
1.113351310440875
0.8348465413689172
0.8558077256047751
0.9085041474012544
0.9311199338283203
0.9450024292911482
1.020178356266754
1.0445143303835476
1.0587657772826478
1.0574088349303798
1.136240745495461
1.1623096049849844
1.1717226718503657
1.1758624552960093
1.170469818240196
1.2184359611800686
1.243741852534197
1.2519547618245173
1.256953223573108
1.256940917628274
1.2477868713644635
1.2199347580322264
1.18429154543455
1.2966891299913246
1.3224550997842843
1.3302234620905087
1.334192373118957
1.331563826735672
1.3203894045001556
1.28720827719517
1.2474716663349328
1.1606045746361409
1.0578490585433393
1.3883305369629326
1.412591097967113
1.420055402764348
1.4220150379777747
1.4159050299080849
1.4012358997273247
1.3676805448138631
1.3153786833188654
1.2171173271302642
1.1014370737646746
1.4412854012699439
1.4633813948983911
1.4690475314465035
1.470749498560597
1.462214773773875
1.4450030387384738
1.4013277589686568
1.3506611369317951
1.2437961708184109
1.4995080804407126
1.5192520989096467
1.5231160111951667
1.4907035492676997
1.3857805505605654
1.2687920519661529
1.135013011740832
1.5470752711822815
1.5542194206302005
1.5568293385751772
1.5550521845117857
1.5401969900376298
1.5162875788953185
1.4633024837158655
1.403058217455434
1.2784300684068848
1.1381242032442138
1.5784933803905659
1.591585788514651
1.591712894261442
1.588148166803854
1.5686646188774998
1.5407994104259053
1.4771439204472283
1.4142343844169634
1.313195231952962
1.280407846519589
1.1296169507410323
1.5974538065478616
1.6074401615647687
1.6060024029439839
1.5996513508073267
1.5760236898413085
1.546538761539742
1.4813389798746783
1.4113762466345687
1.2699224039481403
1.1128201989467452
