1.3983401272119733
1.4334595520680307
1.428881865162637
1.367393962162822
1.291101176272218
1.2223333015741955
1.1493369249497702
1.0831436841616653
0.987090663183796
0.8466666505892377
1.569605501505918
1.6227493021485615
1.6412425162354012
1.6499992758971267
1.6016762351099072
1.5148687085119352
1.4314831051609662
1.3415345550770725
1.259605123302039
1.177711406605162
1.0983741613432616
1.0326746848592978
0.9084850446679392
1.7510754327931006
1.7755486596420937
1.7952254517220683
1.8178863283302615
1.8228549312424445
1.8122499111618442
1.724669638835404
1.6290244599654593
1.5228279396903206
1.4253253715034764
1.3276676540227683
1.2329917551460785
1.1545404921009341
0.9395876239165653
1.9244227223282264
1.9718673655198091
1.9830086873494073
2.000241520164198
2.0058653148640104
2.0061691231775223
1.9380983986340268
1.8338408434561062
1.7113644527128793
1.5971652084600456
1.48233886537377
1.3708883297643304
1.278491804784052
1.1849145091437183
2.177493669551963
2.2060701455081926
2.227968238882335
2.2516063186903557
2.2562095958663972
2.2479771318363655
2.1511831992055823
2.0082225840306105
1.8677926623850503
1.7246919291410923
1.585246373541305
1.4695881517201619
1.3523108626877827
1.249473065980223
2.356979286006384
2.386317388923217
2.40895418037154
2.4310556081283385
2.435597632895251
2.4387630652117447
2.384612518346085
2.2371978923346
2.078303668427832
1.9127545087899387
1.7504352174588087
1.6155771065154585
1.4788997672585389
1.3589311965727366
2.3785504258448937
2.2103565320168252
2.030928210290182
1.8538715829441275
1.7065548800416097
1.426137717147671
2.574424899567771
2.6311935561443924
2.6496266140596982
2.649215718262579
2.5362469960272493
2.361535984736928
2.1669285508022122
1.9727307784760728
1.8107239943518867
1.6464677983843918
1.5022370636090276
2.705044913331833
2.7582424561260086
2.775261522028789
2.720258249258471
2.548616958117875
2.337577429167521
2.121933145123215
1.9410412578660001
1.757470250378344
1.59627568119312
1.4403876085362464
2.80405253342162
2.851630000941488
2.8681751034416907
2.8473881121912514
2.6999073651273613
2.479424943521082
2.2465241286856616
2.0496276004770193
1.8495046768245005
1.6737563739691803
1.5038522547119415
2.947258346114246
2.959780532606836
2.9584971975959493
2.940722033524488
2.858819837753538
2.784899094116384
2.636286436649452
2.385868540804141
2.171046670828761
1.9520161202263633
1.7595830437662194
1.5736452603043167
2.9925899755403766
3.032678220854656
3.040797758240824
3.0021568028055525
2.7944566446184838
2.529698160590353
2.2967574880602735
2.057851481414406
1.8477604455875005
1.6448547609226032
3.121768762286878
3.126760477827938
3.123030277950657
3.091030645939236
3.0697591021261004
2.9834591396356642
2.8646580463446707
2.7119993723095264
2.457831765084796
2.193438671633285
1.9601773427343159
1.7349924092211833
3.1851237978851574
3.187334448282202
3.1752831572105897
3.136271878405896
3.076745411419536
2.9824900215354364
2.883915354295071
2.614206382425549
2.325796631870993
2.0695601457590236
1.8220964554880137
1.4119747539392984
1.4181193285370322
1.596673637310265
1.6229017096381957
1.5936279540259555
1.7877855260522746
1.7946571003004195
1.9710688859455805
1.927596572524672
2.1939975768519067
2.217164345741717
2.141225632819442
2.3832357358726797
2.363150999823169
2.4114558507198116
2.4839428222936317
2.5356472878896303
2.592427182875165
2.5198417771534016
2.6577847745407874
2.712344488465362
2.6896102760297897
2.788590391101291
2.7998558930488078
2.6845326363703634
2.8321525310004882
2.894363106173191
2.9628267511515713
2.9555469139287576
2.781362053465138
3.0454714998839787
2.9571610082567537
3.084844678265133
2.8702787044346327
1.2994563012287248
1.329546575065701
1.432053803267412
1.4652180430199966
1.4866466360231927
1.6379669053818262
1.6752513981669432
1.6984274543055664
1.7103250727500319
1.7098739758843098
1.8589859918998703
1.8993682984470672
1.9230605307637143
1.934288813183421
1.9302805341000882
1.8911817609622419
2.0184812089341757
2.060025222661224
2.0842405462069205
2.0917791476941727
2.093432904698275
2.0922612536945944
2.086837869072467
2.0663647649223926
2.0383470718195396
2.1749095880541787
2.2183098201986446
2.240742187902565
2.2479534329185045
2.244929105156098
2.2373933215499817
2.2112302941452118
2.179300198212672
2.110917413438443
2.0392361924525777
1.8930325522483569
1.8246909603230372
1.7254749540215557
2.362674735958362
2.404489715352904
2.425104049807928
2.428892871665922
2.4280430163348674
2.4207134846255247
2.4116258747335775
2.377880668800525
2.339179507905378
2.2698152175778534
2.1744311947452157
2.1069297187270934
2.006648416599909
1.9257325477939224
1.8150559037228138
2.4731137374093026
2.5132211177294526
2.531546226492519
2.531073109207624
2.5232473814528364
2.5098334170487435
2.470799771540619
2.427217007493969
2.3385032918902784
2.2462541851973077
2.1717353365664565
2.0624399684862245
1.9772937099337562
1.8555930150742617
2.59868847810728
2.6349580869059004
2.6497810481734363
2.644029936212879
2.6161049326465546
2.52057096689451
2.3192463578794533
2.1162109381004397
1.890226045839991
2.7017729198126714
2.7247535183630043
2.722742692982332
2.7029291654543335
2.6814654309930077
2.6306588475235277
2.5738393735768677
2.4674414179812385
2.3569532719776207
2.28424222241745
2.139311500902799
2.0459669704569374
1.9005486601030266
2.7786161158753186
2.8051904559177085
2.809267788518687
2.7912062038272167
2.76962314643932
2.7503247570461875
2.6906525753280723
2.626507936268281
2.4999221394198363
2.384233140920098
2.2797791616805467
2.149198507940465
2.034497693354148
1.889772216458873
2.82809198121414
2.8488511573280992
2.847776502700099
2.823983785227013
2.8017065071662026
2.7734684302416035
2.7069454030584366
2.6405516655943595
2.5104611096884932
2.3818824411013537
2.300161998622207
2.131840963651361
2.0151703716934524
1.8607858813440745
1.2647836404647415
1.2971877400830694
1.391904728119431
1.4275505459807896
1.4499516692764225
1.5886016341619686
1.6280782039981878
1.6518341069943678
1.6525569277901044
1.7980005797370453
1.8415517103944945
1.8576781732923542
1.8650978079628655
1.8597297587494162
1.949323152999722
1.992395870246867
2.006818883050512
2.0159990993962307
2.0179558576359073
2.0047875864678186
1.9621487353785647
1.906452042433484
2.095838914439698
2.1406238401943645
2.154525134565638
2.162257144736991
2.1601837673126707
2.143534862845219
2.091720905615898
2.028446828565615
1.889424117579025
1.7244228471781233
2.2703903721987277
2.313643719344873
2.3275828934246623
2.331736160775297
2.324138248722199
2.3014605209846297
2.247858293046505
2.163151545518603
2.0028839699893703
1.8139697067169989
2.3726442777578525
2.4126171269283825
2.423580407456941
2.427804266804194
2.415792687998339
2.3886741991532396
2.3178495269180472
2.2347883443322574
2.0586701382970687
2.486865708187545
2.523223950911793
2.532521453663268
2.4813911785376748
2.3076271749341366
2.1124359920478692
1.889159215935935
2.5799452974225727
2.5935009375636184
2.599167734964033
2.597518169833063
2.5742196852907906
2.5350150406942604
2.446545056991351
2.3454553764612576
2.135618072597743
1.8995062294084406
2.645267621336513
2.670395620063765
2.6719648274450294
2.666608136859499
2.634680694496556
2.588013006418763
2.480118931334169
2.3731067104745853
2.200934831596388
2.1456321617917715
1.8887874193351883
2.684939647973186
2.704223528682573
2.7026982823228027
2.6925485834128677
2.6530577427345596
2.6028735801673304
2.4907306742636153
2.3710770209564545
2.128446168951345
1.859861577711915
