0.9670075383481638
0.9954069816488874
1.0058810663511322
0.9751810668111861
0.9341478992044835
0.8965566448074742
0.8564661443291605
0.8200540926187792
0.767124826256713
0.6890540373142664
1.0916424795400654
1.1335864536499562
1.1498927572417104
1.1623544178039902
1.1435672184162702
1.0978062870488126
1.0520912400948896
1.002192397233705
0.9565181357599778
0.9106672291230891
0.8660772284950667
0.828940030173116
0.7575783737803545
1.2270430201850742
1.2463275413777228
1.2623559349633708
1.2821633970319954
1.2870113286380476
1.2950851289683103
1.2514558644924485
1.1992335347581446
1.1399462224814678
1.084983857654494
1.0295828630917516
0.9755674238338768
0.9304935279824071
0.8037406335728289
1.35866767299405
1.3973759500008498
1.4070853989638157
1.4236073003606875
1.4306318343068156
1.4357956552261264
1.4079379093967193
1.3519898245725508
1.2834053847650624
1.2184376260697947
1.152508629170215
1.0880294037932337
1.0341281673443974
0.9789660101615842
1.5557960698145834
1.579425198659922
1.5983724117895532
1.6209892362123157
1.6262329415716723
1.6354608670677406
1.5889963098173772
1.5096413827076056
1.428994755854716
1.3455281306343938
1.2633139567024108
1.194385347468765
1.1237303707437096
1.0607766757644417
1.6999641788275588
1.724810673611567
1.745058140038576
1.7673161910487731
1.773063050772698
1.7800379314311416
1.7635789077323714
1.6843862340619495
1.5930293545951304
1.4955815783717972
1.3986832791604136
1.3171952399585987
1.2335795117540633
1.158984451936728
1.792357339376874
1.6960212749796744
1.5899680257523048
1.48355017099564
1.3938168494910081
1.2194227936046034
1.8807732446954855
1.9327356097352808
1.9552016366824123
1.9618734737635506
1.912906663150701
1.8140133682780022
1.6986901173745148
1.5811550647685773
1.481636091641431
1.3793266311034589
1.2879637833666917
1.993865879504608
2.0439913838494865
2.0671145915148834
2.0537339741546337
1.9601542078420116
1.8351884493464894
1.7037915052233592
1.5916162551348287
1.4760564492827295
1.372793726662663
1.2710441529348417
2.0824153103177054
2.128332635891808
2.151317623051592
2.1534308936993414
2.0784439475977243
1.9487401292943187
1.8062928205899593
1.683348416384642
1.5563491445061275
1.4427832175618542
1.3308895969404746
2.2191174593227485
2.237676336678784
2.2437209322573644
2.2413487883666274
2.2028498994470342
2.161879869827291
2.0745035562117677
1.9210343583127067
1.7860234233384575
1.6458829551531442
1.5204123336072781
1.3968077735067437
2.2617784465673214
2.304192468641526
2.324778405833659
2.3152793368220164
2.201402329808638
2.0395796734768443
1.8924289401952834
1.7384283341961397
1.6002561569248865
1.464148490395558
2.4006308620416483
2.4135358419845554
2.4172221595059225
2.4087335896151933
2.3992692260223754
2.3533713284188646
2.283770025883677
2.190024198779868
2.0289332445339583
1.8571252897749975
1.7021889865524387
1.549512413375415
2.479092500401269
2.489224962451968
2.4914292676859673
2.4765033080395584
2.4459506507357887
2.391853571133716
2.332153606886287
2.161660229396215
1.9731624946715607
1.8015368705412778
1.6321442660984842
0.9831512786628926
0.998303416246526
1.118653314498345
1.1432561968845492
1.137816835086117
1.2650025101028317
1.282499540503515
1.4106402218597969
1.4002939830100938
1.5813015866619746
1.6129901505231505
1.5816179063212732
1.73939609725596
1.7476521735603485
1.7565345675174528
1.838169947397995
1.8623138009860576
1.9196626164966935
1.9004740020737594
1.9692495509773438
2.0260584652510114
2.030480772126967
2.0913431549149393
2.1172983217880517
2.066533527155177
2.182170144609199
2.193103503053992
2.2648111199492487
2.279099901114383
2.1910029769606187
2.365201816409718
2.332455818042061
2.435557704481498
2.3210106515419335
0.9077335014334533
0.9313668422192101
1.006612228368166
1.033025243764274
1.0513807959270982
1.1632258561816502
1.1936251888860416
1.2142113296140322
1.2274871841827684
1.2325694503261675
1.3361095883044078
1.3700621503129635
1.3921737146879987
1.4063801131083804
1.4102443043197714
1.3952538980333387
1.464518231802989
1.5003369023242905
1.5239665478253894
1.5336308119744624
1.5374666268323163
1.5403512278860092
1.54046391249301
1.533530943454262
1.5205638492296947
1.5941872506859815
1.6327967145581699
1.6558797684184632
1.6692391637301287
1.671324143457358
1.670310167540288
1.6602933915081026
1.6449216478487634
1.6084722322384042
1.5681979362515692
1.4831497556973035
1.4427485049481041
1.3834529111933862
1.7561505969170683
1.7949761253571517
1.818375013503272
1.8255675197340635
1.8299759131324278
1.830474347559
1.8280141643508727
1.8136643216195047
1.7940571804216507
1.7560042317066253
1.7010429680156227
1.6611997315617562
1.6010559509970235
1.551980000806031
1.4840711912387925
1.855884859495704
1.8946986525638545
1.9171217948603485
1.926748626381233
1.9263747734680225
1.9222497716290183
1.9046141832102776
1.8818450721792168
1.831930281219652
1.7777397418243164
1.7329521741035043
1.6663431296610773
1.6137570329824957
1.5377711154581002
1.9751973943991703
2.0123304911462974
2.0335321949867127
2.04033987713756
2.031697219314571
1.9826900806796242
1.8639607916941345
1.7381975249928945
1.594643658066229
2.080428155543596
2.1119589896006854
2.1179018259728672
2.114884671366334
2.1059355118030925
2.0803704992777696
2.0488018505556322
1.9859574119260346
1.9183086295427028
1.8729311320099218
1.7810884105458447
1.7211348929556856
1.6265654522989286
2.169102416412796
2.2014363136450843
2.2162598012305463
2.2156151570784957
2.2073137908608524
2.1982087933781247
2.1663830232091965
2.129318898376728
2.0521708334716275
1.9793364376961184
1.9122278567857893
1.8272095828041757
1.7513918226763638
1.6546499397697394
2.23625321179498
2.2648840696517842
2.276269086995212
2.271692787556306
2.2621996953697714
2.2481260885011207
2.2111422911052103
2.1716291727847774
2.091179410203067
2.00802813720518
1.9546710712393787
1.8428567907785876
1.7641911756137127
1.658681994376583
0.8885818566289911
0.9143983747618771
0.9843458304424219
1.0131703054982704
1.0333104944856932
1.1356068279007154
1.1683854946937524
1.1906738088566065
1.2022507442423411
1.3014529668150183
1.3387959736091215
1.3542280247984533
1.3625063722617259
1.3719836097891773
1.4250404598255697
1.4630411122885176
1.4772528745434108
1.4880037400112314
1.497479621305915
1.4954463148168886
1.4766259262857433
1.4475162797561127
1.54840935886578
1.5892344953874478
1.6037529609014
1.6139873959738968
1.621795537496871
1.6178031007149447
1.5937664786573429
1.559851266554935
1.4803014202128983
1.3826011429875693
1.7018185510899084
1.7433034063706896
1.7596881518332532
1.767137061733103
1.7724407458317195
1.7649530118861558
1.7389040106799214
1.6921519538286482
1.598023966160516
1.4831721086833092
1.7961226400365982
1.836056765895863
1.8498335728547757
1.8590661469735899
1.8619349319628047
1.8517545347225384
1.8156246455141645
1.7685862904484946
1.6632640941240944
1.9077078838237982
1.9464820205286193
1.9663171142668165
1.9516187276372752
1.8545265931337598
1.735056717253504
1.5937281205152969
2.005992702099087
2.022433530272395
2.033058820531572
2.0394696737772087
2.0353497164984917
2.017610755286282
1.968964067561465
1.908841415442971
1.7779676712074757
1.625655445784257
2.0858447208063295
2.1188419143414223
2.1287130138361983
2.130647370735094
2.120850177632114
2.097765123351307
2.0357395294750416
1.9699690477655438
1.860077688532322
1.8241223847701993
1.6537659681864234
2.144823551013313
2.1743531714943187
2.181401928024752
2.181824827110886
2.1666029293944047
2.1402500393173667
2.0745077858369028
1.9987298824465962
1.8398595447197459
1.6578333240486434
