0.5599735093561139
0.5713320903241126
0.560331306156266
0.5282572576305744
0.49095736640269655
0.45818158830702527
0.4239043126875383
0.39318301298405406
0.34896343806491176
0.2841176891825967
0.6058544399654012
0.6229941699838976
0.6278551401526996
0.6271447175627107
0.5996140745031984
0.5581974191690624
0.5199653470246601
0.4794784031632031
0.4430828827410613
0.4070634618050936
0.37224057041402037
0.3433995357287751
0.28821368557137206
0.6536741416300821
0.6613021516364935
0.6671202811092067
0.6730044641540375
0.6739800432875287
0.6608842234514029
0.6189708104742494
0.5763473485450175
0.530186955333184
0.4884422528885325
0.44706442998091145
0.4071491991365749
0.3741053717145436
0.2820629963688162
0.6962844327956185
0.7098435796559023
0.712665394131835
0.7161659346130272
0.7164201838356739
0.7136640845242023
0.678719046070629
0.6330869044374337
0.5814601536288774
0.5342207619780844
0.4872853317811787
0.44201914263211856
0.4045903203258981
0.36666322274309465
0.7538965719794295
0.7615222431701231
0.7669001410370978
0.7715990484308524
0.772059957948557
0.7613770437020752
0.7179239092962374
0.6596898543010811
0.6042292490514287
0.548570953529061
0.4948175350882311
0.45043443368526415
0.4055720457282136
0.3661606424628398
0.791223914757903
0.798602932087109
0.8037518687376032
0.807429600198146
0.8076254799358552
0.8062448455896006
0.7778964231071368
0.7182367420846505
0.6572342135049178
0.5949589498441714
0.5345819183295626
0.484748020709086
0.43446070878334986
0.3903700933414952
0.7536396911439343
0.6899231232369212
0.6236721663802276
0.5591496456069678
0.5058702079489671
0.4051161756698487
0.8323855519203064
0.8443314646365877
0.8455116406358675
0.842090571244696
0.7924268716623658
0.7268548099779929
0.6563456615415985
0.5871033945512404
0.5298486861016956
0.4721714855613637
0.4217250865244135
0.8545326823034473
0.8648855864883106
0.86493713847822
0.8365222094492667
0.7718303102724434
0.6968309962245136
0.6218213941829951
0.5595721612495024
0.49688694977050923
0.44213839881037265
0.38919446882237685
0.869746549312102
0.8784856446241676
0.8783622055020731
0.8646439186877544
0.8075896778847066
0.7300758076158752
0.6505190917542366
0.5841091873349191
0.517235905096882
0.4588701330883024
0.40253275425082313
0.8903040201782842
0.8897839197875568
0.8864550962195455
0.8768329154064631
0.8443556836313874
0.817746370714788
0.7663706802238216
0.6822849431738824
0.611335566425022
0.5397257013290478
0.4772819247721152
0.41710925513057107
0.8932119198237726
0.8989935528188534
0.8950994693956351
0.8764874608416209
0.8024684461927442
0.7147699483408959
0.6392962805111879
0.5628219506862047
0.49611408509999116
0.4319488008451145
0.9044096662135117
0.9020331906313591
0.8985000922295939
0.8836604826378313
0.8753826201721658
0.8447507298586074
0.8049094796826962
0.755457574832238
0.6747962002090434
0.5921836972001518
0.520025171059218
0.45064894783981085
0.9035694834033077
0.9008865597099504
0.893410335435314
0.8776019198750112
0.8563102895891193
0.8250356511573403
0.7932086036575543
0.7088485176852317
0.620525843407997
0.5430534762868917
0.46847542218100563
0.56089523320063
0.5561070825681389
0.6109588357147641
0.6169576131097708
0.5966480536901245
0.6596229278174094
0.6546293866822971
0.7016068359419116
0.6751818101799415
0.7518129528454587
0.7514629380424669
0.7147784297145398
0.7889746443795432
0.7713221210853028
0.7926354482277327
0.8007193931657328
0.8158672757785649
0.825319728931006
0.7876767260707048
0.8358630350137146
0.8441453466118913
0.8278424931489997
0.8560134527914611
0.8514046102097953
0.8033820022596161
0.8371767697064479
0.8641498727197585
0.8742749399390591
0.8641358218273221
0.7990651930245235
0.8749926995232008
0.8380343637015156
0.8646681029833091
0.7898455329818477
0.5140093608076033
0.5242754893555892
0.5503248847638339
0.5610479648078283
0.5671703987962209
0.6030616763936216
0.6141970554084137
0.6200878854233528
0.6215773337822476
0.6183826401927156
0.6549752021576439
0.665943121027055
0.6712075556753484
0.6716781069387384
0.6667478112480489
0.6467793857270931
0.6894074826865891
0.699892648927419
0.7045833052906683
0.7049076108099139
0.7040990516825881
0.701792016112243
0.6980221721597376
0.687445187934932
0.6747705810815136
0.720500686313694
0.7305822911999587
0.7342765374584702
0.7325874638284523
0.7295921606944378
0.7250723997710886
0.7125530749116172
0.6988671666174016
0.6712420126324644
0.6434349593859429
0.5879400778429587
0.5622918777233574
0.5254012835777747
0.7539802491924921
0.7627208846555027
0.7649901047037265
0.7640939350141532
0.7615173327632544
0.7566854448558425
0.7520991548215723
0.73720448269646
0.7216797687895441
0.6951854531078671
0.6599403813976882
0.6354240832196848
0.5994747734295244
0.5706127922646401
0.5314556727325969
0.7712071182563742
0.7787316639149156
0.7801618093760481
0.775595294238874
0.7708871840679387
0.7644528120801629
0.7482040014760838
0.7314042175107696
0.6987418732530318
0.6657869651744032
0.639623623927104
0.6015678783619826
0.5722106412554653
0.530453981116088
0.7878623157324325
0.793671868900308
0.7935358717548443
0.7872609674690334
0.7742269128696821
0.737999913171609
0.6680063048989083
0.5996658188198893
0.5248548622198074
0.7992785426416998
0.7997620614186783
0.7961274807786665
0.7858584449586522
0.7770114511356022
0.7579052293780663
0.7377036526432801
0.7014385063987618
0.6645896459936229
0.6406912913673117
0.5935081847366427
0.5633336758177397
0.5165746253978243
0.8009441118672216
0.8031313856112601
0.7996300957081823
0.7897453203443521
0.7808795477480768
0.7735578205657927
0.7524398591556346
0.7307079081029771
0.689400928618306
0.6525587311986331
0.6196068486392705
0.5786982049955414
0.5430586451257549
0.4983114941875013
0.7981354484188221
0.7986640286557735
0.7938444650599678
0.7825912404263623
0.7739560127563475
0.7637265010117514
0.7410775734085219
0.7194096743488452
0.6783442777483379
0.6383857931479144
0.6132329406547818
0.5620158943249057
0.5266564808453853
0.48020787098140566
0.4970207707292928
0.5078536041670807
0.5313873568735543
0.5426580349609811
0.5485607289382042
0.5810682399334004
0.5925118101935382
0.5979933568224013
0.5921051479720187
0.6294427217465435
0.6408761296814269
0.6442853648523592
0.645232174084916
0.636523899618036
0.6614475936168086
0.6719643929930077
0.6746985150206408
0.6756303487750251
0.6722411130238702
0.6643184951828699
0.644599421164656
0.6211928809310597
0.6898598741741506
0.6998678523349307
0.7021121387812954
0.7023525183094694
0.6971874913728071
0.6881669827502339
0.6655600183967983
0.6402745766973569
0.5869058872492691
0.5251080744988919
0.7199223602621446
0.7283669875595896
0.7297924762608401
0.7290918046675916
0.7218320764773404
0.7109546580775647
0.6890004987848721
0.6568009285157798
0.5984500513264399
0.531168373814103
0.7352677921069876
0.7423115672575338
0.7429678874942953
0.7415486081951548
0.7329467661169884
0.7207771473882355
0.6931087075149678
0.6626902773410956
0.6005734215246101
0.7492016716953304
0.7545560411262479
0.7517401831904741
0.7275900921754557
0.6649852082078384
0.598706441844987
0.5245915916461498
0.7583930297339377
0.7595482664970641
0.7585867984649386
0.7550242013554986
0.7432179828259525
0.7276630985466239
0.696091114293858
0.6616794469550867
0.5925944326518828
0.5163242419156113
0.757805777602073
0.7590672637573074
0.7561486577244771
0.752406403196996
0.7384021292720433
0.7211136680772732
0.6845295366063442
0.6498442130600625
0.5951806917759898
0.57784774040371
0.49808354300457625
0.7533169486800291
0.7529354847059605
0.7495133829736031
0.7438195127401247
0.7279013546749477
0.7102497031390808
0.6735971520764856
0.6358141849668147
0.5612260895099805
0.479999104143949
