0.5521729365773749
0.5670288082320794
0.5683240915329885
0.5467212863577336
0.5192815009101771
0.4944280125885533
0.4679905290662556
0.4439663803406492
0.40892383265911153
0.3566496389870513
0.6167484509618641
0.6387335337231267
0.646764927849475
0.6516396622220779
0.6360517065410017
0.6053652074191974
0.5755020416959883
0.5431337206826033
0.5135469950705318
0.4838386641513668
0.4548530896986781
0.43059889015788533
0.3835651231144156
0.6862118111841218
0.6962334721908474
0.7044107680883172
0.7141288905503728
0.7163699456750025
0.7157313425669657
0.6856246906938659
0.6517195563613772
0.6137487511761495
0.5787000798607757
0.543411583756702
0.5089465403601854
0.48009658590577864
0.39812962973758725
0.7526745281100864
0.7722413949087206
0.776974615578106
0.7846353084518435
0.7875139308194092
0.7887336099480036
0.7669077938291813
0.7304863050729244
0.6870019397423694
0.6461643983676183
0.6048373110474617
0.5644122998235613
0.5305632581978386
0.495834519290056
0.8505375666664182
0.8622758654065656
0.8714533150656083
0.8818634431404793
0.884084874366086
0.8843575192356855
0.8522045588415805
0.8022207652370525
0.7524172927923809
0.7012269923001876
0.6509233987175539
0.6087685013671291
0.5655379677323011
0.527002376191132
0.9209045202444507
0.9330461603062318
0.9426603765056418
0.9525957616777412
0.9549196179101705
0.9572167997191832
0.9416101326416719
0.8911218906517331
0.8352188773380668
0.7762896616176012
0.7179636454761497
0.6690122211389729
0.6188281312545932
0.574113087346344
0.9460732581346154
0.8872802119988685
0.8236230525272101
0.7601527854814045
0.7067949135338304
0.6033706277648043
1.0079253812325657
1.0322439100744303
1.0414445024163237
1.0429486892333566
1.007484336032651
0.9470326850550475
0.8782873321074585
0.8088616273395838
0.7503170888587356
0.6902862123778422
0.6368320677857259
1.0616652156746231
1.0847750906495175
1.0939068579904836
1.0793616784109743
1.021252739484538
0.9471988237064141
0.8703883168220748
0.805192371962329
0.73827171962794
0.678702501243132
0.6201145241366236
1.1034170641628358
1.1244047998780897
1.1334536578485892
1.1298266792967664
1.0815572927244725
1.004806131992474
0.9221227271687104
0.8513062842364779
0.7784824997000225
0.7136586717011203
0.6499586849940219
1.166554238901777
1.1737759453308336
1.1751104244858288
1.1710701150285139
1.1452705914301888
1.120359562387154
1.0689217941434945
0.9803966812274335
0.9033139271121098
0.8237427808960842
0.7528862373129116
0.6833172311289288
1.1871068558816242
1.2059576093619901
1.2129664099429656
1.2032563721834928
1.1340327698332413
1.0410481529077709
0.9576881707793585
0.871036686377935
0.7937672631378727
0.7179589529953591
1.2502464660971446
1.2547890453140311
1.2551916431092618
1.2471906595982372
1.2407840873165947
1.2126835538422636
1.172123742318842
1.1188855937588809
1.028176207483342
0.9324675885840485
0.8469006783290672
0.7627139210352548
1.286140397804286
1.2895343311731031
1.2882453960493285
1.2774525735028224
1.2585912537389488
1.2269915302854535
1.1929832656684813
1.097577723713371
0.9934042911559456
0.8993239449602021
0.8069650747804129
0.5591296858770723
0.5640432642249515
0.6292487103047334
0.640972746609746
0.6328703058992248
0.7033007046726293
0.7088326898410819
0.7750653704499418
0.7627985383910595
0.8600256326716063
0.8723949940050458
0.8483137483853745
0.9357509354075066
0.9332637578689813
0.9448616754370223
0.9794735652919158
0.9954087924486543
1.0209676702115609
1.001075644847953
1.045978078396038
1.0710214740511546
1.067407549254954
1.1025610630468776
1.111288238079323
1.0755005924331864
1.1347612540083674
1.150453865303163
1.1823783733299322
1.184869957819104
1.1287953189162165
1.226870438149851
1.202131295270369
1.2567360467724846
1.1873878730301282
0.5151958263193628
0.5277485266773004
0.566256974493541
0.5800529640495248
0.5892526088981757
0.6457434024461927
0.6612320243576982
0.6712213551779509
0.6769520347188418
0.6779953335214167
0.7317025814129176
0.7485200351557431
0.7588705877190282
0.7646035301201833
0.7645512351092615
0.7522681895152841
0.7944392122493268
0.8118319070224821
0.8225788725414697
0.8264549288361377
0.8276885745669191
0.8280628081334317
0.8268709565439349
0.8207083237086382
0.8114950931119965
0.8569010722053937
0.875253572388994
0.8854449317164935
0.8900751286415592
0.8898976971925552
0.8880004131600067
0.8799399559684036
0.869397570741215
0.845975582038404
0.8209589012335675
0.7690843374497222
0.7446196643434532
0.7088849586214147
0.9337529777111387
0.9517838017414415
0.9616477647116407
0.9641439433974113
0.9649970005414729
0.9635629665629639
0.9610579069377825
0.9504655734001288
0.9375964294510211
0.9138248052297344
0.8804681706075587
0.8566031408627063
0.8208765643089081
0.7918286712968255
0.7518385172075973
0.9804687344717165
0.9981364210972983
1.0073569529100337
1.0095798320657077
1.0078583256276574
1.004075019296416
0.9917219899781202
0.9771574696775754
0.9466295051231242
0.9142931986682318
0.8878821285554842
0.848837205494073
0.8182112657971485
0.7740812477059291
1.0358253028361164
1.0523578480883096
1.0606432378231367
1.0612352545541377
1.0534972948897463
1.0221288848606145
0.9519371197323961
0.8793663756862706
0.7973132831037009
1.0838690706274876
1.0965418088174999
1.0977105116289565
1.0931444853377528
1.0867095582699744
1.0702988445384172
1.0511220492777644
1.0142413712234037
0.9752102022308844
0.9492765975313071
0.8971060683406573
0.8632450708830935
0.8100142054882907
1.1244541864695345
1.138277008542636
1.1431943443407193
1.13984747254388
1.1336986807573626
1.1277365627579738
1.108243498221628
1.0864062731313624
1.0421961857297233
1.00105449601889
0.9635043977685718
0.9160873646796742
0.8740920510128977
0.8205805269403811
1.1548325068661685
1.1668372783618204
1.1700938381076922
1.1648813868666312
1.158405206000032
1.1495581872886147
1.1275713949792525
1.10483269557297
1.059379710421397
1.013151743316653
0.9835832627811852
0.9220940336843255
0.8790084502944121
0.821441678562159
0.5026380396891543
0.5162293229806699
0.5518135806903758
0.5667277018181215
0.5765628577169644
0.6281486753723685
0.6446549006031775
0.6551660217567852
0.6579018331770963
0.7100975452717482
0.7283713980986308
0.7354984826168535
0.739039522784137
0.739910406636637
0.7700850786949214
0.7883032643811883
0.7947228874225717
0.7991979587600748
0.8017544239950762
0.7983261275529886
0.7844666857893878
0.7653478546774122
0.8291065172224591
0.8482542700599652
0.8546294082610244
0.8586516083464386
0.8599484317726825
0.8553591386613126
0.8384062882134927
0.8166864091270473
0.7677241929777882
0.7084601732407799
0.9013806003117587
0.9203073593759984
0.9271300161152498
0.9297663623630947
0.9293496784788847
0.9227343685095809
0.9051348414577046
0.8759783367891079
0.8193627041982801
0.7513960656202772
0.9452634894517781
0.9631628377361258
0.968743473528125
0.9718268330714962
0.9700210906066209
0.9619039512592386
0.9384099391161547
0.9097036859694001
0.8473106431158063
0.996582668454166
1.0135762151300693
1.020399225669558
1.0064952104168023
0.9472395605105024
0.8778192373973174
0.7968683828137776
1.041074005032031
1.0479235806117122
1.0518385153371868
1.053211582452473
1.0476773973282945
1.0354949385467167
1.0057688623438412
0.9705135202876572
0.895573591978366
0.8095729407725144
1.0774076264994912
1.0911394678729192
1.0941973924937995
1.0938184473262358
1.085445738430738
1.0706484375289387
1.0340280079590496
0.9964171918422567
0.9346443730350525
0.9145724365296937
0.8201514670433461
1.1038566202653302
1.116169596898547
1.1178170718710374
1.1162930532758024
1.1052776151740669
1.0891589882606891
1.0510844838996758
1.0085621233272324
0.9206192061606085
0.8210277851474124
