0.7537653011231591
0.7755586113783618
0.7827133059242459
0.7579725495036262
0.7252125946858847
0.6952705727503808
0.663377940786756
0.6344414367107786
0.5924456301637298
0.5307452950796339
0.8512786817703872
0.8835852127589158
0.8960347295044492
0.9052904861707467
0.8896180424334162
0.8529671844641518
0.8165292856801086
0.7768363233740444
0.7405405642203202
0.7041591098804626
0.6688338139597159
0.6394698572464755
0.5832647995108358
0.9569842873887922
0.9718605097755538
0.9841937580591837
0.9993564466159465
1.0030389600999465
1.0082649267217858
0.9730661282903141
0.9313860838918488
0.8842055679569999
0.8405378110339617
0.7965836315948793
0.7537983507757701
0.7181624398773981
0.6184715265314128
1.0597721402099416
1.0895962961815548
1.0970417531018413
1.109630060405971
1.1149013493479305
1.118597026834787
1.0955384502344827
1.0507643302642247
0.9961508296775456
0.9445277521566727
0.8922244492492578
0.8411559429819626
0.7985431710795361
0.7550260909889912
1.2136837086674428
1.2319121416344334
1.2464825887359527
1.2637591058055557
1.267722809533007
1.273953385948021
1.2362619863386524
1.1729313976566635
1.1088146139065163
1.042592410919915
0.9774791875492805
0.9229861873514434
0.8672420763681611
0.8176860885415473
1.3262091122871047
1.3453635282360132
1.3609257372527426
1.3779073345780792
1.382238042478546
1.387389163292138
1.3731430585628983
1.309673183117916
1.236974815364457
1.1596390927262175
1.0828904521117122
1.0184643367778634
0.9524807148255466
0.8937493337207183
1.3942504095685022
1.317516083252723
1.2333279907950032
1.1490310272595514
1.0780813764685995
0.940592291839337
1.4672573411734386
1.50720339433376
1.5242088613910811
1.5290017656230601
1.4887672027924888
1.4098567267186954
1.3182553112256872
1.2251489946622758
1.1464547198094905
1.0657028866034342
0.9937454625353322
1.555398135469953
1.593912012147292
1.6113576720138107
1.5993262967919553
1.524331704006142
1.4249806029962084
1.3208621957168538
1.2321457628223393
1.1409215512682265
1.0595753090426527
0.9795990765033851
1.6243619323731395
1.6596312831145272
1.676978439169819
1.6776286792221546
1.6170831714553622
1.5138513465322736
1.4009216819994776
1.3036717309930652
1.2034031993765073
1.1139261316468785
1.0259567859955177
1.7302430747608963
1.744231305871545
1.748558561859143
1.7460940291378924
1.7147418950383957
1.6819316361195964
1.612345030139283
1.4906069285240275
1.383786155807032
1.273123572042718
1.174249832570707
1.0770518630851242
1.7638585896344148
1.7963439166692075
1.8116521534868109
1.8031496498746995
1.7118198939153508
1.5833369113929794
1.4668722742000928
1.345240742291754
1.2363387198906284
1.1292866798644858
1.8711345465557943
1.880737271735754
1.883269246118996
1.8757913234392511
1.8680309042362995
1.8311008089624008
1.775587110726856
1.7011287359193834
1.5735517353253436
1.4378139531009893
1.3156711198662125
1.1955586670076694
1.9317993923493901
1.9392868036332873
1.9404154851824893
1.9279633944802952
1.9032896118643527
1.860043047376544
1.812537704562217
1.6773815525531899
1.528397865173412
1.3930652744528862
1.2597734919034957
0.7658264208213014
0.7768245775729269
0.871718641910649
0.8904311659456287
0.8851485807665187
0.9857077586862951
0.9984727120803442
1.099005853452798
1.0895921128706414
1.2326932722432988
1.256447193378778
1.2305203193847183
1.3556977261731662
1.360736200141997
1.3698976928341764
1.4318614805487153
1.4522365706709315
1.4960735175640754
1.4790823301593028
1.5355584491383274
1.5789668841135713
1.581197022729682
1.630162178080123
1.649440867621493
1.6078038542709616
1.698618806001788
1.7098745141622553
1.7648329122106252
1.7749215309991155
1.7037188441889328
1.8422168020388332
1.8147947138973581
1.8960122314217749
1.8038578532389227
0.706951370230232
0.7251405631068802
0.7840493317182599
0.8043766707875049
0.8184244957139056
0.9061610692188766
0.9295563734340236
0.945304530378689
0.9553168223532995
0.958912116568373
1.0409319362259646
1.067060799934462
1.0839536921548343
1.094632588702182
1.0972060670343888
1.0846996677355591
1.1410051220945674
1.1685601922481947
1.1865970935497734
1.1938663358320625
1.196691921754102
1.1987100651761324
1.198546925750953
1.1926576997344935
1.182109496096876
1.2420178708620269
1.2717073267733412
1.2893006877117918
1.299231736107256
1.3005965538070812
1.2995356785376448
1.2911850518340755
1.278722578848519
1.2495061216169179
1.2173954594455738
1.1498346143950284
1.117803901125278
1.0708620621238745
1.3680977306258382
1.3979267118180336
1.4157127378097878
1.4210708081682524
1.4242178749582803
1.4242613000053086
1.4220939427604495
1.4102886761028834
1.394477456495833
1.3640351109006439
1.3202801339176247
1.2886389512289407
1.2409516012296957
1.2020948046871214
1.148393454210719
1.4456561095901845
1.4754448923274863
1.492444780425899
1.4993950147691195
1.498797127527474
1.495266309418871
1.4808351661167407
1.4625230583854327
1.4226678386672853
1.3795791756325897
1.344044743431182
1.2912758890496483
1.2496722593690868
1.1896327536533113
1.5383323143901264
1.5667941430248353
1.5827935462625042
1.5874958350439619
1.5800722302484436
1.5405590020503859
1.4461051809207566
1.3465210838865143
1.2331445257200202
1.619757588915648
1.6436265552286131
1.6478698595464756
1.6448691949093164
1.6374964945401238
1.616827963431358
1.5915613907386248
1.5415395680109671
1.4878743053453527
1.4519359650188046
1.379291642102317
1.3319714283914559
1.2573683954924721
1.6884961380054904
1.7131483485516503
1.7241175456091427
1.7229373032552182
1.7160226127574005
1.7086149359138243
1.6830251686695137
1.6534496641002583
1.5921598215191402
1.5344636555372602
1.4813944048206655
1.4142533541511426
1.3544577945315388
1.2782526680929662
1.7401898309852353
1.7619854207231735
1.7702658012935992
1.7659880314403704
1.7581774370653425
1.746791287951837
1.717159285340585
1.6856851124019248
1.6218531170977721
1.5560288917620282
1.5138862994353564
1.4256637439575057
1.3636782507409182
1.2806457592531846
0.6916859885225062
0.7115319982322692
0.7663007716067775
0.7884613127770999
0.8038229508454383
0.8841483058166016
0.9093480180114616
0.9263369430175988
0.9346210994924835
1.013330447713124
1.0420376316093338
1.0538084085333668
1.0600708998743487
1.0666101984514516
1.10955709935968
1.1387516181794828
1.1495968422443668
1.1577222084901808
1.1646135624617202
1.1625692539583752
1.1471712043903401
1.1238101813176218
1.2055781485438202
1.2369280728020902
1.2479858929323753
1.2556918116325964
1.2612294193875289
1.2576294659156666
1.238075622581782
1.2109120656860084
1.1476250237010854
1.0702023304514212
1.3248789000426087
1.3566986701548396
1.3691350304889232
1.3746898286945728
1.3782030536861136
1.3718338473201916
1.350739149430157
1.313372595653681
1.2385992810631261
1.1476970803947424
1.3981326820773254
1.4287323893716615
1.439172613111842
1.446021464931793
1.4476121132811988
1.4391093602708123
1.409989734490106
1.3724673085841494
1.2888870844437488
1.484704561655948
1.514356052941342
1.5291481385646704
1.5163800707091906
1.4387751107226179
1.344084552299278
1.2324356223113713
1.5606393767861173
1.5731421577753226
1.5811151539700687
1.5857148827648588
1.5817776136241357
1.567289535841519
1.5283265700916737
1.4805190923821847
1.376871094003085
1.2566639574171414
1.6224426722979883
1.647522017653122
1.6547873857224271
1.6559910451244182
1.6475786184030266
1.6288978218499182
1.5793863905309626
1.527187626416785
1.4402576384011005
1.4118596085179111
1.2775687621130163
1.6677913778112552
1.690137691904178
1.6952342574703214
1.6951558893564116
1.6824915680277108
1.6612730772046884
1.6088949982852094
1.548841181203179
1.423340631292192
1.2799895298147388
