1.4185405448480088
1.4479060949288374
1.4210276863560136
1.3394989813017608
1.2437724227751845
1.159031038654244
1.0698028620285631
0.9892939525577769
0.872646925476422
0.7007064842387767
1.5555381277716187
1.600478325704493
1.6133564482704041
1.6119248113652722
1.540798841035104
1.4326536449437584
1.3322060731756218
1.2252153351497237
1.1285019426735472
1.0322562146600411
0.9390780656956343
0.8617188881064105
0.714010700537239
1.6968471416678303
1.717132832609305
1.732639865333812
1.7483732741650646
1.7510307503472051
1.7168745851947236
1.6058288137104417
1.4923023231728307
1.3687567238723277
1.25651018696007
1.144823267377107
1.0368449977493348
0.9473546041359737
0.6994501498927103
1.8251429504967323
1.86167982708295
1.8693077764576809
1.8788161047059615
1.879510257114067
1.8722286569853197
1.778342818484611
1.6552076049409863
1.5153633624022123
1.386930506595398
1.2589284966793761
1.1352931880872572
1.0330024643198932
0.9294358420636568
2.0012343785580833
2.022135100281087
2.0368920586451513
2.049726164843786
2.05098016129912
2.0215205165392636
1.9020012363890524
1.741566653785218
1.5883798334521313
1.4343866649592008
1.2855827613710509
1.1627475964557927
1.0387355977872872
0.9301777218293391
2.11716508654676
2.1375062298109095
2.1516707777038677
2.161792869746995
2.162255110109548
2.1583044682571533
2.0790493164477457
1.9126246890799032
1.7422922570537258
1.5682619176493011
1.399567112115364
1.2604487377113514
1.120281136581903
0.9978430988300978
2.0168231477951712
1.8377550298085064
1.651526332228681
1.4702721826315923
1.320790653192052
1.0391318140162515
2.2466447092525774
2.2797553325216464
2.282729734944019
2.2727713934665847
2.131730513573911
1.9460875144042027
1.74662119821257
1.5509648644826066
1.3894595704359678
1.2270924152764902
1.0856934205177335
2.31720517218585
2.3459211444007284
2.34551148182533
2.2636443605281724
2.078751894578947
1.8649127829226848
1.6515090179387066
1.4748079968041525
1.2973212072649278
1.1429987375379245
0.9947385306053423
2.366211237453189
2.3903941254059355
2.3893908733533515
2.3492654801013386
2.1848256548481624
1.9624368724084666
1.7348874560435936
1.5454975100991368
1.3552556709221575
1.190042056466398
1.0316160585048126
2.4297289321854336
2.4275793043548837
2.417501687660564
2.3892284618896396
2.2947691813233257
2.217730782341333
2.0694364228026148
1.8275164180942143
1.624083953599192
1.4194749144764092
1.2419511335808096
1.0720661147990977
2.4437692290769792
2.459501497895724
2.447014688705402
2.391977835489282
2.176329012746959
1.922531045842065
1.7050426029400947
1.4854809559235012
1.2952599555015218
1.1132829677231977
2.4796172008921085
2.4720329489795416
2.4611303851939375
2.4169566868082106
2.3924557182125397
2.3024903521687525
2.186012684582554
2.0420355394291945
1.8081478408846343
1.5696920555899496
1.362758318136524
1.1653393214666288
2.4806923885278267
2.472037047057792
2.449109342436756
2.4019548954138292
2.339002220213862
2.2465198390701615
2.153612415480839
1.9075419723409852
1.6514639526139618
1.4282951304310583
1.215443378856505
1.4216073619556773
1.410243140295719
1.56944648938417
1.5854304384039597
1.5330746123106305
1.7132254442398482
1.7003413934133644
1.8399185506606037
1.7688659912707605
1.9957133338710449
1.9944749639746497
1.893431751293378
2.1106265227236967
2.0609273654156692
2.1281496570293625
2.149569342969446
2.2001028933836855
2.2259003441624876
2.1184965713893376
2.2641404699546106
2.286550987936599
2.2392546722924265
2.326167873512187
2.3118786858589764
2.1729923717574477
2.2744628015543102
2.3603376984045727
2.3876789935219396
2.3568477884338943
2.16670831913717
2.393058425879501
2.283391126187776
2.3649878981409453
2.144079448663052
1.3023956908964573
1.328721439752894
1.4080373348663033
1.435927312770584
1.4519065156206872
1.5639280379236173
1.593399077340732
1.609052228607335
1.6129823903601945
1.6044667147456393
1.720133377802099
1.749642491279454
1.763721942844437
1.7648835049277691
1.7513919679743126
1.696928537208379
1.8252793625549697
1.85376172967163
1.8663992978950106
1.8670782891807094
1.8647680741859043
1.8583564653439815
1.8478312623130817
1.8185404330390147
1.783469016512339
1.9214055246502981
1.9489828970035081
1.9588674895950153
1.953733433933182
1.945224548973181
1.9324853343387902
1.8973446783098555
1.858986951867855
1.7817029168646923
1.703874610289857
1.5486822623823444
1.4770637230570978
1.3739803667906407
2.026182065246385
2.0501655359142834
2.0560652099437253
2.0532473475146626
2.0456849505401995
2.031719650301912
2.018514871417551
1.9761497450547822
1.9319959103486053
1.856821780208072
1.7570050257554886
1.6876526992183383
1.5859665547493846
1.5044858647375867
1.3940815927420038
2.0809021424865346
2.1015085801152775
2.1048391442601364
2.0911682900225537
2.0775189261566327
2.058892094479801
2.012143879903944
1.9639893033606088
1.8707410307645187
1.7768157382292369
1.702280944259128
1.5940700265631682
1.510704794448571
1.392274967358648
2.134616164588263
2.150342107516964
2.149071250800893
2.130200891092201
2.092144729042492
1.987346905152701
1.7860260476779164
1.590405045812211
1.3770737420080654
2.1706685509201176
2.170658682997539
2.1596063370870913
2.1291316201957446
2.1032225080779168
2.0475076123218394
1.9888947227415938
1.8839191034713698
1.7777324365138192
1.7089924244749295
1.5733859998962438
1.4869825795617266
1.3534847604451097
2.179892353944481
2.1852672792055867
2.1738759658612983
2.1442322380659578
2.117862183319147
2.096342914467803
2.034359904205185
1.970949466360612
1.850835926157294
1.7438298228951155
1.648851148931319
1.5310703763680713
1.4287439521448568
1.3009449668176738
2.1742508385304755
2.17436612550559
2.159109899140382
2.125111573724392
2.09939534910996
2.0691797206848186
2.0025554440920788
1.9391127161420836
1.8189584644144605
1.7033612900276112
1.6305752891171361
1.4828598907152808
1.381544938551558
1.2486991581727453
1.2593385999926148
1.2871089195301144
1.3592257505688015
1.3885175728840917
1.4038408985268245
1.5059057883137803
1.5361438182601588
1.5505612859991604
1.5347082408110064
1.6512139575431892
1.6819194684140564
1.6909978136976986
1.69345375011821
1.6693306470891867
1.7487707343922358
1.7771748104686054
1.7845186111790252
1.7868239443313099
1.7771391913712764
1.7549603253037038
1.700366655995969
1.6355815156370266
1.8364251749790985
1.8635936748381297
1.8695462514833217
1.8698092056717979
1.855079082682931
1.8295782583882678
1.7661103554162527
1.6952160566740258
1.54585915255372
1.373183943915261
1.9303786027136038
1.953332911071915
1.9568495084650204
1.954481166854518
1.933415009498487
1.9022138997343356
1.8396780740862255
1.748326106781664
1.5831465936015356
1.3932960004442272
1.9788689799946468
1.997883711731968
1.99931584743206
1.9947817712899187
1.9694998099127383
1.934326604164758
1.8550561706366255
1.7682245264558376
1.5913234733690935
2.023903869851311
2.0380089673962978
2.028846868070997
1.958142475565166
1.7776024193739823
1.5877470747127211
1.376351177851265
2.052770584476109
2.0551812113051344
2.052057259035883
2.041138208460862
2.006119348184568
1.9606553669011524
1.8689310495782836
1.7696043475678214
1.5708536660615342
1.3527980281465923
2.0549514547127075
2.05722683671377
2.0478380308875397
2.0365226607247955
1.99471530006957
1.9439155446220058
1.8371688872505547
1.7362283475539475
1.5786260118235744
1.5287164247266019
1.300322125226358
2.0437779077293556
2.04090600501741
2.0300834655855295
2.0128054862846048
1.9653472890509343
1.9133169080213963
1.8056556327184377
1.6961882515894366
1.4806806898654992
1.2481317137243775
