1.1483783613535172
1.1769236758738117
1.1709210369747938
1.1184789174441547
1.054307748354792
0.996995910406539
0.9364494380943246
0.8817596984613133
0.8024796725849856
0.6851825336813326
1.263334727628028
1.3054009410657699
1.3197291220931133
1.3257341914911618
1.2846129944744946
1.213071730945134
1.145056416744256
1.0720378294928168
1.005763583988716
0.9396198154951751
0.8753866082422141
0.8218588078663055
0.7186702011402449
1.385616311008276
1.4045082428043874
1.4196121310960002
1.4367712170303197
1.4404371958700022
1.4296240125639688
1.3584203053195154
1.281799944757059
1.197184106208005
1.119745506186394
1.0423008404409244
0.9670556675059256
0.9043552955064335
0.7276458548457339
1.4988230580813047
1.5343758987952194
1.5426160101671391
1.5551001819542458
1.5589645011356477
1.5583210903458407
1.5030298445279513
1.420824844147313
1.3249259775454587
1.2358254400860846
1.1463636909587325
1.0593626250012962
0.9868788283603083
0.9128805610369027
1.6591192176950185
1.67975509606638
1.6954097734821456
1.712005938244435
1.715092166397326
1.7065209628756015
1.6312215406733193
1.5218636120745406
1.415045050897365
1.306340785960671
1.2002684741286629
1.1118965427895244
1.0217808359779614
0.941893007045534
1.769093247921042
1.789815515841262
1.8056257374366755
1.8205265917346332
1.8234457950863774
1.8249620965664204
1.7819981207949473
1.6707446118133755
1.5519217833892478
1.428379172212649
1.3071318133512682
1.2060363261280462
1.1030426975759158
1.011821605584883
1.7613924714251143
1.636801507810232
1.5042755857265726
1.3734188474347646
1.2641881077460706
1.0544929076972684
1.898190630231087
1.936673308092435
1.9481488935072322
1.9467383151737816
1.861321998421316
1.7331126995030313
1.5909529914914369
1.4490723014348141
1.330368081211157
1.2095123022411738
1.102613797003622
1.9735661396755437
2.008723284335653
2.018788948690656
1.9759811785337027
1.851044488330415
1.6987769342003063
1.5433444000361451
1.4126242354180827
1.2794994810695182
1.1618371711920799
1.0468374132991265
2.0292156338254506
2.060191449027477
2.0697459012881736
2.0525147376850903
1.9453339358257145
1.7876743622148332
1.6215320162106495
1.4807687815710493
1.3372501459007549
1.2104576665997648
1.0866942728718063
2.1113763807101003
2.118361152983932
2.1164220385192136
2.1025679875248677
2.0430668209903633
1.990394680074907
1.8852280369069614
1.7084129623208717
1.5565548955798612
1.401256553266892
1.26412254176319
1.130422379886617
2.130559827248004
2.1557428623755293
2.1586206961260093
2.1294770597884582
1.9827027307136305
1.7975530486147295
1.6346392070118925
1.4671179079062373
1.3191029919102764
1.174980851842183
2.1988480538400523
2.2006578309450506
2.1971984223444823
2.173358951976427
2.158427318038772
2.0977130642459083
2.015169280231452
1.9097118155411483
1.7341235623345763
1.551196102961608
1.3889844235440063
1.2312556946497868
2.2260139656741442
2.2261385715937654
2.216458257264371
2.18858526142637
2.1469275132149597
2.0819837700946406
2.0144934649723627
1.8300862459709475
1.6327736614769683
1.4569461264525383
1.2854623687279616
1.1586684781421364
1.1620406457389736
1.2838623335452295
1.3039740733130758
1.2781810172992347
1.4124842796946562
1.4158803700793219
1.5314856467582099
1.495033330890227
1.6689952163321526
1.6837384971569387
1.6238831824357602
1.7847449346870774
1.7664931233725896
1.7946989949571976
1.8418768239047525
1.869185972203389
1.906677436636767
1.8497812358292798
1.9388680492274695
1.974147652935793
1.9547204085040952
2.0150870702061128
2.019898905303604
1.9348035929996195
2.0249961371305734
2.0636614752676157
2.1063079848058037
2.098225616804223
1.9739341976269682
2.1444731709479594
2.080306675554118
2.1548927210901607
2.0055608079006295
1.0649871042891792
1.0895507775016449
1.1564616699703054
1.1828758306983203
1.1997357844732783
1.2944479675426424
1.3231204541558337
1.3406110866949255
1.3491921642237794
1.3481124660544757
1.437441256359773
1.4673122772420513
1.484496369448222
1.492034332058603
1.487990527751429
1.4565572559124893
1.5373953166637218
1.5672664106707361
1.5842231688399804
1.5891925596239174
1.59000854844287
1.5885307072972064
1.5839269254862718
1.5675882998049169
1.5458058289341667
1.6326817959660533
1.6630109364596621
1.678201106941213
1.682125908589868
1.6793325237613304
1.6731663439414888
1.6527512147155403
1.6284391935535065
1.5768244842432393
1.5231806268443169
1.4137963698277978
1.3626663671407753
1.2884414576599659
1.7433551148616235
1.7716700359766187
1.784802217714628
1.7867724435256742
1.7853614173518497
1.7792888827368811
1.7722742331553267
1.7466121335523188
1.717849450047752
1.6667177053643982
1.5967514557631561
1.5473263320608854
1.474018033290777
1.414716151052826
1.3335982753074882
1.8062712247455068
1.832690257631511
1.8440792225148526
1.8421150163597002
1.8357337617835978
1.8254655666888269
1.7964532916739622
1.7645148321365196
1.7000480826570388
1.6332859278809853
1.5794809204986295
1.5004873973939663
1.4389718657909034
1.3508115554292393
1.875279106096303
1.8983683844534378
1.9068740939772586
1.9011606797598684
1.8800028432667844
1.8109065389660828
1.6673083518473397
1.5227854499005868
1.3615892343600873
1.931342598677564
1.944601574582545
1.9419783348030601
1.9266791550764952
1.910944408571088
1.8744727822587446
1.8340748665333617
1.7590292760065906
1.681172538937106
1.6300214861447817
1.5279712921918207
1.4622164139617726
1.3594073966727795
1.9655837735352142
1.9813117608324082
1.9820777393023106
1.9679669841054632
1.952290470485916
1.9385207788444918
1.8965929448593741
1.8516854771282476
1.7638038774028282
1.6835924537987534
1.6113066344146667
1.5205925507144604
1.4408186371820952
1.3398450838879299
1.9858119466499924
1.9973532338359736
1.9947562106140142
1.9769829817957314
1.9610866567421195
1.9411854230811196
1.8949245431272315
1.8491905924218641
1.7600991081627777
1.6715633061043773
1.615406124935752
1.4997180636313867
1.419205188725565
1.3123739138777377
1.0357131711414787
1.0620986195330355
1.1232492626958754
1.1515556339064525
1.1691119157625636
1.2548270414585037
1.2850274445023901
1.3028894970591836
1.3019238620410514
1.3899929451667428
1.4220257679191457
1.4336690577562536
1.438847196474013
1.432898462277248
1.4845827789913286
1.5154613124240346
1.5255217270629706
1.5317154807924624
1.5319484593219386
1.521123948542559
1.4877833662566864
1.4449917244186676
1.5735042271696897
1.6046470146692782
1.6140992262297964
1.6189770067000173
1.6159754248868767
1.6027003475735848
1.5630305130784077
1.5154399508178187
1.4112163270324805
1.2876926095578538
1.6758727251703938
1.704856627501445
1.713796169638081
1.7161097313271911
1.708867424935876
1.6913794903311246
1.651328376999409
1.5888588825854668
1.4713920020898672
1.332843789120673
1.7338875714627853
1.7600239071194672
1.7666696457893305
1.768662458327277
1.7583932340231205
1.7378651531623361
1.685786306111486
1.6253792144734345
1.497895185611212
1.7959045130288878
1.8189120527547182
1.823132035896255
1.7842799563851328
1.6594290949534871
1.5202318962561971
1.3608700073686495
1.8459293164197457
1.8539730230365277
1.8569140914335847
1.8545171511953251
1.8365542479385164
1.808003722297097
1.745008368136324
1.6734650473699075
1.5255002982563644
1.3587119176347884
1.873617463373869
1.8880166478020348
1.8876582337213481
1.8831376448046337
1.8595714416310236
1.8262330233893245
1.7507366088042753
1.6762426072336412
1.5566579929068616
1.5182391616379738
1.3391966693083113
1.8880813354413817
1.8985305795760434
1.8962299830812308
1.8881599813986187
1.8596285866077322
1.824511110330414
1.747173980991807
1.664487303181203
1.4974955250294633
1.3117689263188488
