0.5884077032685794
0.6062455547826282
0.6141498676198673
0.5966407649944993
0.5727628112665653
0.5507735685412402
0.5272414427463809
0.5058038870294564
0.4744963788455286
0.4277945899473285
0.6625455699029523
0.6886298947069283
0.6989246727304217
0.7071814283592308
0.6972604995909277
0.6708479411711572
0.6441956780535908
0.6149739679132804
0.5881302155022479
0.5610857324632273
0.5346663514330794
0.5125415341292143
0.4695877297956114
0.7434571138671163
0.7553852582547348
0.7653432876872263
0.7777653123330701
0.7808420948967273
0.787272785358903
0.7624918836723431
0.7321759883239818
0.697534740962674
0.6652973026129301
0.6326790479993382
0.6007368339120784
0.5739440510011199
0.4975768562087264
0.8218550032307707
0.8457844556784597
0.8518363513176445
0.8622481112056545
0.8667941984340394
0.870377713603561
0.8553927951071248
0.8231356029575336
0.7831810831715119
0.7451554939356246
0.7064131520726865
0.6683606386209363
0.6363931166473824
0.6034997604223032
0.9390026403524098
0.953520907503943
0.9652254474627512
0.9793584085228662
0.98269146484194
0.9895759348235812
0.963534284831039
0.917619248188499
0.8705938704561736
0.8217000710575726
0.7733298077987383
0.7325910969628855
0.6906267294468753
0.653048168347555
1.0244986310882054
1.0397433126035744
1.0522357351829255
1.066129440034369
1.069790611843808
1.0743745173341699
1.066359542769935
1.020976580354005
0.967899631886807
0.9109627933377791
0.8540887691519599
0.8060478165653779
0.756524808993181
0.7121086710475858
1.084633210573528
1.028825345258581
0.966967524630758
0.90459887125706
0.8517772460195279
0.7484137516724563
1.1315882525723842
1.163518078728235
1.1776712660156532
1.1822170380457864
1.1555076492462482
1.098471980054746
1.0313539755848566
0.9625872106358894
0.9041044561007976
0.8437249012302352
0.7895359149514678
1.198546638769407
1.2293184026084771
1.2439322946355353
1.2379828481615964
1.1845075572355594
1.1120121496516824
1.0353045021130383
0.9695201614689225
0.9014658918449603
0.8403657058877957
0.7798492312702126
1.2509758747048867
1.2791439649970298
1.2936354538444415
1.296180572463268
1.2539583926296163
1.1789838033252955
1.0959713005780551
1.0239924458666143
0.9493282918475815
0.8822541769983971
0.8158407360550322
1.3328971885639358
1.3446076162139866
1.3487225449223017
1.3480869027364426
1.3267692413658467
1.3033768879217904
1.2529748661726623
1.1637695021709338
1.084873166247391
1.0026326176974303
0.928667393320878
0.8554565364942306
1.357248181479195
1.383295060265387
1.396554256752632
1.392271739817087
1.3274841225070018
1.233699513131247
1.1478774729403853
1.057664310558973
0.9765198498624681
0.8958988709621604
1.4405891404332998
1.4488610932861024
1.4514982899402118
1.447524051660876
1.4423635233591843
1.4163936526943923
1.3764923025815468
1.322273995154169
1.2285777409455538
1.1281575612921164
1.0371839774004568
0.947128007466974
1.4873628160030021
1.493922241571112
1.4959879450631401
1.4881721810245658
1.4710106113619197
1.440131171864593
1.4057659532754596
1.306916914604279
1.196979140837579
1.0964022295398907
0.9966822010759343
0.5990473691916237
0.6095057434051089
0.6798819658004887
0.6955322574726197
0.6937472046043688
0.7677436466977604
0.7796150887413686
0.8551316930309169
0.8507516577538973
0.9555963899492824
0.9760097316428592
0.9590715851593667
1.0499297804539607
1.0567646415365155
1.0583953631823608
1.1096896163331917
1.121344392558818
1.1569111239451522
1.148037649976444
1.1846482989193745
1.2198395520733467
1.2240527842277704
1.2578238031357825
1.2745826589446887
1.2468231758519055
1.3144100473075873
1.3168280725690535
1.3608382802894528
1.370699379739972
1.3212662683199878
1.4211068201301447
1.4039224932734518
1.4638129599482936
1.3991152640600544
0.5532180943285897
0.5679802454562145
0.6125677658671678
0.6290225766119625
0.6405721725454108
0.7063345634235588
0.7252063252046942
0.7381168602476015
0.7466459204123522
0.750247649330447
0.8095607217344192
0.8305629883197313
0.8444040551886851
0.8535421914382644
0.8564691677173356
0.8485279369871027
0.8860567666951266
0.9081659473950301
0.9229371156875137
0.9291250692230627
0.9316600570621147
0.9337072511467196
0.9341117717816112
0.9305769363527758
0.923359356033134
0.9631873555999965
0.9869755533635576
1.001402601789659
1.0100801768765197
1.0116537665139025
1.011426235882931
1.0061008512092464
0.9974743392989592
0.976569539022897
0.9532405155021925
0.9036275997897704
0.8799477258837066
0.8451039061840548
1.0594495236320292
1.0833286883189408
1.0979536833525128
1.1025931226887848
1.1056228776989492
1.1063576811119518
1.1052033466621753
1.0973703495218952
1.0862770963092736
1.0644100257212672
1.032542689334605
1.0093363522153993
0.9741959315287452
0.9454296330972879
0.9055217452233697
1.1187083288264283
1.1425698800357038
1.1566242385101206
1.163099622747276
1.163262005884453
1.1612170708282696
1.1514849569792391
1.1385461691172183
1.109791434295149
1.0783458203406804
1.052248134862659
1.0133137268968375
0.9824936279891991
0.9378529233507993
1.1896332327284713
1.2124566353936617
1.225810616289906
1.2306386468852846
1.2263243730275006
1.1986363551115733
1.1299096442245682
1.0564627802745254
0.9721783956126964
1.2526410399564536
1.2723717676989665
1.276407741118959
1.2754115229049183
1.2705729789586955
1.256203494230271
1.2381474799944931
1.2018532108018392
1.1625342833707357
1.1360817388573778
1.0823798818580703
1.0472299874069333
0.9916296060487715
1.3052026923926348
1.3251986267027362
1.3349635579412906
1.3352318300478987
1.330834963538774
1.3257877004030094
1.307770429990788
1.2864872332704804
1.241857076554852
1.199485056435869
1.1603267714154364
1.110574006328529
1.066087352067468
1.009178209762096
1.3454868599740222
1.3632927496969003
1.3708315914905203
1.368996941342226
1.3638524306742448
1.3559842012315098
1.3349253524930718
1.3121970500551527
1.2656094630074102
1.2171823591255166
1.1860639690108015
1.1206066464312463
1.0744260390040652
1.0123269032728406
0.5420622947403424
0.5582131296424577
0.5996112940726197
0.6175969646825772
0.6303417383817168
0.6902873140209874
0.7106667627895542
0.7247295214534653
0.732785244069407
0.7894354963806977
0.8125719836002352
0.8222479379320627
0.8275147258483573
0.8343971481940552
0.8631748025572386
0.8866751457499219
0.8955578958809742
0.902384206276412
0.908759730732776
0.9081428934458566
0.8977422438462456
0.8810534888101001
0.936662388114636
0.9618578573978299
0.9709410709224696
0.9774561644288579
0.982866202412763
0.9810974562722464
0.9676792595794635
0.9481894388462573
0.9019004925945328
0.8445862702149965
1.027969783985193
1.0535390669049918
1.0638122828615055
1.0686029516399265
1.0725680881542028
1.06875511152735
1.0541046985730174
1.0271778796998894
0.9723625386324837
0.9049767400593541
1.0841096876914647
1.1087121428881557
1.117344763850281
1.1232988494634664
1.125851750244927
1.1204540792027173
1.0999797488375747
1.0728314639258805
1.0114545794721135
1.1505509563803327
1.1744660247038525
1.1871650840222892
1.1799969752336816
1.1242356801450946
1.0545691077177428
0.9716247517505544
1.2095435074138365
1.2198722027186744
1.226484886617685
1.2308124540702006
1.2292485038803507
1.2194572891502584
1.1916565753711936
1.1568459427888786
1.0804997025428917
0.9910795684544459
1.257002815507061
1.277471352620879
1.2838969177814512
1.2854271891104674
1.280543105560516
1.2676023925562692
1.2320069074811806
1.1938614550794018
1.129751790244834
1.1087149589187695
1.0086438791250238
1.292497512521424
1.3109381343204225
1.3156357650873745
1.3164044373897832
1.3083047298991481
1.2934247958006972
1.2556189355390754
1.2116253243183366
1.1188013792333287
1.0118135418974301
