2.0494418100086524
2.108171986668416
2.1245146473084784
2.0540586013960374
1.9617559829671576
1.8776005623649121
1.7880932143225163
1.70670492972216
1.5882664762470795
1.4127323211980654
2.2991214127369317
2.3855247402172064
2.4184302858153464
2.4419276387753097
2.3957405225751986
2.2928104443889956
2.191068283745781
2.0804768542553087
1.9792058157392272
1.8775544609004617
1.7785655682157073
1.6959418346608799
1.5364729451319092
2.5694248871395806
2.6088830256259854
2.6414721166044224
2.681223426267288
2.6907565690820716
2.700768306945586
2.6015656871047823
2.485741517100289
2.355076883464986
2.2341108795805633
2.1122187571572493
1.9932796908199122
1.8938695860407666
1.6128022194402698
2.8294009212763958
2.9075419829764857
2.9268974598726887
2.9592815869869105
2.972539997488427
2.9810198671534094
2.9140955596614613
2.789977969418291
2.6395897437003555
2.4975227020960507
2.3535250245977086
2.212662086208074
2.094784524711748
1.9739736377797517
3.214190031940793
3.2613074446741632
3.2987478463211244
3.3426610081026875
3.352556789043849
3.36471537510259
3.258954277314215
3.085603025084965
2.910773686141288
2.7303407981519383
2.552748330768553
2.403825982131113
2.251082271455883
2.114863526270176
3.4920441661297206
3.5410886277834575
3.5806275779955135
3.6231308766971364
3.6337443945521715
3.6458560979759205
3.6020266662110276
3.4282127783130782
3.231102200806793
3.0219154999281947
2.8142107745368086
2.639641830260671
2.4605147713456637
2.300677296471415
3.639143484482776
3.431619052109313
3.2048115235594548
2.9777254586035684
2.786438506246269
2.414841088682722
3.8362424616770925
3.9364731899218888
3.977762899728388
3.9880907114967843
3.873940536405218
3.6608259955170994
3.415018749058996
3.1654707331374854
2.9544476094801357
2.737675927029105
2.5441956489406663
4.048880370299429
4.144593771683192
4.186411086975077
4.147113091569696
3.9439875979207444
3.6784814552224865
3.400982219517658
3.1645749454688867
2.92133773901863
2.704205110626941
2.4902584910297287
4.213814825068483
4.300891712432847
4.342045968977444
4.338313746874001
4.172605403069751
3.8973530113658432
3.5975599185099676
3.3396613146172975
3.0737042779323316
2.836201268431924
2.602296110100546
4.46726861135532
4.500076342113108
4.5089867840865265
4.4993460971301165
4.412342131898417
4.324224701633664
4.139221860266756
3.8173736545661985
3.535486996921572
3.2435458660213796
2.9826173005347543
2.725783868923999
4.542830718742248
4.621491376181282
4.655733846542938
4.6280948772509225
4.382937263881021
4.044277823069539
3.7383387238985364
3.419099551020204
3.1332930005175945
2.852084250765936
4.793240058851941
4.81462576136169
4.81902816937696
4.795184153108636
4.773528163701324
4.674023737685965
4.527333984847463
4.331984174251228
3.9984866285330827
3.6442918084760256
3.3258111455171986
3.012440997884868
4.929630876023219
4.945807129960683
4.945110461531838
4.90932771880877
4.842440771189158
4.728016010072529
4.603514551712026
4.251398419856153
3.864599708697803
3.513654181894577
3.1679743810082943
2.080950654268375
2.1084540563216256
2.3526087199299077
2.4017489573275674
2.383687372186736
2.6435574221709524
2.6745557339280523
2.9289498203297697
2.89833514766178
3.2604704789092587
3.3187714119887173
3.243926664676923
3.56328109893566
3.5697735267864465
3.593560933585743
3.746104152976459
3.7945862717568013
3.9031824927633925
3.849043664267599
3.9948585689191534
4.101518624430426
4.100732164492327
4.222581090251124
4.266477359160995
4.149023573881173
4.371520626164194
4.404457604845008
4.537465833399709
4.556877856157521
4.362563157015411
4.713338805737421
4.633175616563137
4.829554014166403
4.58191141433372
1.9193802819503925
1.9684928789177145
2.1179678983376284
2.172363754421405
2.2096470482599715
2.4291747804719743
2.490945537276168
2.532085183735829
2.5576581848051543
2.5659101157311976
2.7681215620873374
2.836049336722475
2.8794415111037823
2.906021167354134
2.910983388787946
2.874207766159266
3.016748204666777
3.0875923487552313
3.133258033964266
3.1511932923139696
3.157866051665389
3.162068434149293
3.160483919855971
3.142734988084819
3.1129796242427497
3.2650081371792035
3.340434565037956
3.3843358860547728
3.407830172748405
3.4102042157583017
3.4061328646947118
3.3816211135959
3.3467411743806865
3.266410358090854
3.1789613208914376
2.995675055285768
2.908868301307428
2.7817037475488218
3.571045084518757
3.645789462503979
3.68920515276488
3.701701202102477
3.7082820633024487
3.7066051829302262
3.6997278282710018
3.665899525315107
3.6222452462219987
3.53940808293576
3.421299730567137
3.3361816675280225
3.2081628638493647
3.103837871770974
2.959759274110846
3.75706833450723
3.830770403227166
3.871735905468666
3.8864590120952403
3.8831778410261433
3.872243290833091
3.8316427792903314
3.78147734433917
3.6738309048889324
3.558302685465669
3.463333642625898
3.322440019984843
3.2115328081034256
3.0513733104454692
3.9765705406360135
4.045953774522432
4.0835872193607505
4.092074197933981
4.069159691735495
3.960997834418437
3.7089630328464045
3.4449632232927625
3.1448725747626223
4.168092421340174
4.224188115558873
4.232530825474667
4.221061499035746
4.1999651206247615
4.143330369942165
4.075378435930317
3.942398753195094
3.800437471567607
3.7056582848948576
3.5143665655947616
3.389768130853578
3.1936418604809917
4.323445183021561
4.381758260739948
4.4056718855526045
4.39842417307655
4.3783410026844445
4.357803118315545
4.288754449205417
4.210038034919584
4.048606331492925
3.8973563311739476
3.7586430937863278
3.583212159273914
3.4272339001602545
3.2282727041266006
4.43883781140658
4.489419275468257
4.506330510309129
4.4911938109100715
4.469095755053758
4.437979128215314
4.358760637681223
4.275782933724203
4.108567939037584
3.9372973435998397
3.827570777919762
3.598471116780861
3.4375812953810194
3.222215295276526
1.8766217486790089
1.9301017655779142
2.0685272794058838
2.1276928857537367
2.168283561389365
2.3683917526712417
2.4347076200478264
2.4788542698829117
2.498118836262076
2.6926627312097615
2.7670355583086246
2.7971718014908324
2.8129374539989653
2.826532663388259
2.9312601028921716
3.006065639917388
3.0334514570290767
3.053623285832258
3.0693983495741484
3.0619010890800777
3.0178770775347523
2.953110598204877
3.166667857159577
3.245984143066802
3.2735957894934686
3.292342999981262
3.3039554199571537
3.292103483401427
3.236852332579706
3.1622233712333245
2.9899904896575102
2.7800141559204494
3.4554791315415585
3.5346960197789565
3.564946095750598
3.5779698979460814
3.5835757697920747
3.564202671735703
3.505377722233362
3.403655162481166
3.2021757870028216
2.957995319797646
3.630581868125611
3.705928591189753
3.7309223804357146
3.7466018120363294
3.746938714336212
3.721841379387322
3.6415963731296563
3.5402525992094103
3.3163998042635843
3.8346534692032472
3.90663402017122
3.940174905516099
3.8998807628220638
3.690501059393026
3.438849910638249
3.1431027679426222
4.012476143896056
4.04254673438742
4.060389539725679
4.06954960797315
4.05513133926411
4.014363793125201
3.90924188634274
3.7820136992959217
3.508326758537029
3.1918928167489766
4.1509817709055365
4.209673380684348
4.225273500329745
4.226225454064991
4.200217205632987
4.148776114774783
4.016793075322441
3.879266155357292
3.651517182989731
3.577283072428866
3.2265872341422375
4.250908126166821
4.30228851769236
4.3124120130932
4.309512802417179
4.272597263179357
4.215164625179466
4.076448273582242
3.9195074642460583
3.592744269109417
3.2206054924412406
