1.0201273536675672
1.0464558092839598
1.0451609246083944
1.0021256038971122
0.9484694067906744
0.9001939884336249
0.8491050054864769
0.8029438005547544
0.7362276754973691
0.6389878145639326
1.1408164385799549
1.1802564093461234
1.194232958339409
1.2015778876300542
1.1687904406346745
1.1082094291218965
1.0499272992049906
0.98715823031139
0.9301287758650912
0.8732614858423476
0.8182773206564365
0.7727733290544763
0.6864796867166991
1.2693930225563594
1.2874521201448172
1.3020568196327043
1.3190787626414702
1.322886095295717
1.3176501094259092
1.257220911661766
1.1906839785096661
1.1167835547357838
1.0490418629424658
0.9812982905308156
0.9157046820468209
0.861356534968981
0.7113939822422136
1.3918444384551707
1.4268902438349897
1.4352149641447538
1.4483259861998516
1.452875270370388
1.4538653903550327
1.4080923240388257
1.3360178513892806
1.2510736456895513
1.1718816253540607
1.0923305475875893
1.015149746902163
0.9511447311467972
0.8862252700097308
1.5704316033039898
1.5914375289856992
1.6076640383069163
1.6255358467296357
1.6291542138884918
1.6256997853684623
1.5600787242767917
1.4615684926582013
1.3645324967571775
1.2655959205627567
1.1691462311280971
1.0890431870080521
1.0077250828616986
0.9361071195398923
1.6970856584852823
1.7186710583833258
1.7354960098364758
1.752301287850552
1.7559537898860185
1.758982673646873
1.7239933239838146
1.6232404352811627
1.5138120904115142
1.3995552882413744
1.2874210024463628
1.1941131148278834
1.0993596330448319
1.0158464760729218
1.7227590060299638
1.6072304797664834
1.4835579191139616
1.3613367389735884
1.259456730664318
1.0647461778522351
1.8508056892104117
1.8929788600385304
1.9075581706528204
1.9084161544866247
1.8335141088747173
1.7139835694127123
1.5800807234595935
1.4461556609987005
1.33418319479261
1.2203887242110905
1.1200739309249863
1.9435024799215381
1.9831030215580134
1.996942316503628
1.9623157670667397
1.8458065643126593
1.7009697570180369
1.5524725128065027
1.4275506964339204
1.300452630052551
1.18839571974486
1.0794113482350187
2.0139735063573165
2.0495027643134867
2.0630302438278942
2.0511556221479785
1.9521733278279865
1.8013049480418601
1.641138492705216
1.5052642268023393
1.3667777875028417
1.2446574432913624
1.1259408338199426
2.1180631232039553
2.128471453875055
2.1287402916297458
2.117944001056838
2.063616960147368
2.0135727220297985
1.9121427142539071
1.7401879860340081
1.5920823826325654
1.4405934173540664
1.3069524247653488
1.1771071079908548
2.1493060508394706
2.1797491594665668
2.1878835192659185
2.1637680836817954
2.0236856243583117
1.8423200633130996
1.6818858542025792
1.516792101271993
1.3709382482474657
1.2293200317476387
2.244962968644756
2.250008921465853
2.2484684566983395
2.2284384652822062
2.214503097027564
2.1567556873524567
2.076006782691128
1.9716199622264277
1.7968812287842355
1.6143311837489407
1.4524958754749253
1.2954059380860248
2.292516367991942
2.2954887024407293
2.288880399186115
2.2637604470588357
2.224168972958162
2.1604908860267975
2.0933854759113344
1.90842955348397
1.7095135605902116
1.5318406241659421
1.3592803813122534
1.0311076117788727
1.0372672104262088
1.1617570245233757
1.1818238244071864
1.1629153763343216
1.2978703842669692
1.3048717621180939
1.4284881215518994
1.4004840257854276
1.5844313537226504
1.6035183267788078
1.5528929135201353
1.719169321438374
1.7085714360068756
1.736290449195407
1.7928061644951174
1.8247670804039822
1.8678165040247336
1.8217459616854021
1.9115036636826337
1.95306600832798
1.9403955846505074
2.006318388291296
2.0172300147181197
1.9411603744213448
2.044558195339007
2.080527013655891
2.13238012133447
2.1305281922921018
2.0143038394183836
2.194669726471029
2.137957692023006
2.2270765177278755
2.0836032734320606
0.949101496868067
0.9715699794284774
1.0435376709307065
1.0682425768964612
1.084409738873183
1.1898772367685886
1.217581882038748
1.235064448314988
1.2444874728346649
1.2450748675108951
1.3467267077765461
1.3766981707769452
1.394639457801824
1.4037619066080333
1.4020114730903748
1.376084055658912
1.4598964703571822
1.4907222150043666
1.5091462051567825
1.5152817793005489
1.516917547200932
1.5167007886930957
1.5134969019768256
1.5001436505803638
1.4812967786206817
1.5710010009214785
1.6032505428212536
1.6204521054998966
1.626984961612032
1.6255661309156448
1.6209255077688383
1.6037464897030316
1.5822653886893243
1.5356727175417826
1.48656573256844
1.3858142197797392
1.3386542970028605
1.2701113700835516
1.704758192654477
1.7359655823509292
1.752037798580264
1.755487766641082
1.7557564915594355
1.751520970864681
1.7457779000543356
1.7234874996742844
1.6974206830661496
1.6502123110333655
1.584869076207755
1.5384840093420704
1.4694340109311814
1.413612173498694
1.337135855856218
1.7838238802608064
1.8139101552743935
1.8284689025273588
1.8298211437863416
1.8251587017640403
1.8166112712798563
1.7907652582277649
1.7613665767136217
1.7009531945048315
1.6377633696915217
1.5865543888949174
1.5112811005089783
1.4525264056034985
1.3683664470517767
1.8743395543842674
1.9017660261072709
1.9140166321700434
1.911822588848934
1.8940517906910523
1.8300245293611448
1.6924608239683354
1.5526679653925282
1.3964175928154874
1.949977007804113
1.9686964356194079
1.9685190891442759
1.9564939712759957
1.9424749607669067
1.9085896768737611
1.870193897635376
1.7976320026536443
1.721853082990079
1.671840347324307
1.5719121036745054
1.5073745782430403
1.4065937500591241
2.006667470237422
2.0275393681689473
2.032355436322094
2.021826589021133
2.007913564966854
1.9951831961488757
1.9552171153226645
1.911722047225611
1.8252164440724203
1.7457804934263819
1.673809967329643
1.5835679385469834
1.5040886520786414
1.4034574677110714
2.044809460701163
2.0616544174194416
2.062952744013559
2.0484296930249597
2.033944598481016
2.015234627822439
1.9704661830349621
1.9253577740322496
1.8367747580180778
1.7479065729246612
1.6915252432275474
1.5749795482581377
1.4939268207005951
1.3863049248026855
0.9245126242949627
0.9487722473113726
1.0152105204775583
1.0418387005639675
1.0589206649677965
1.1552896642057227
1.1847168280166553
1.2028718885177647
1.2052963271456207
1.3042549470116969
1.336688063199088
1.3489828505409038
1.3548384420086201
1.3532867020116928
1.4119434115829301
1.444072301436307
1.4550749859820786
1.4623812770100046
1.4651814854148641
1.4570373276622914
1.4285330275771098
1.3905557773636996
1.5163370483796799
1.549803483628208
1.5605258259769685
1.5668430343908262
1.5669657515549849
1.5564750546347683
1.5218026216547613
1.4787560722421915
1.3831924533709257
1.269343191261219
1.6411720972941084
1.6736802925572185
1.6846787365402842
1.6884120981325574
1.6848511306299372
1.6702741649563355
1.6343822635384353
1.5767182345052768
1.466702273256109
1.3363433397895208
1.7147420273115181
1.744956003921661
1.7537182838651924
1.757772738828739
1.7512576957100394
1.7336516553231225
1.686066031293698
1.629482680737404
1.5085460704487308
1.797534443110321
1.8253529156664536
1.8341461019139125
1.8018668343685225
1.684070505444992
1.5499283412227105
1.3956383070649399
1.866400507428509
1.877116067049377
1.8821978292323103
1.8823180317449633
1.8680832649749388
1.842288695708442
1.7825748800489087
1.7135467295318734
1.5692291409620613
1.4058311996154194
1.9152048313919618
1.9353410725990075
1.937947604341776
1.935157138865937
1.9150165997937547
1.8840294382701934
1.810952663493355
1.7377282952298616
1.6191781924782624
1.5809715972146217
1.4027346744641016
1.9464537835967308
1.9626189555409346
1.9629413197046939
1.957141971344041
1.931713134830649
1.8982164005680655
1.8225128248131293
1.7400732801677141
1.5725016726660175
1.385624099901942
