2.3521929566568804
2.4114251010859573
2.40506640323841
2.3007602809692114
2.1681005983215145
2.0451258765925937
1.910686832305461
1.7843327299074068
1.5914465907807942
1.2804074330069295
2.6721110170781657
2.7627449415125827
2.794366942592229
2.809373268339504
2.725325095088233
2.5716064131611613
2.42031233868636
2.2527341590350813
2.095074881995846
1.9316781524185818
1.766501598812513
1.6234664940600168
1.332361836191751
3.0092972961968294
3.0514800826496318
3.085370809127766
3.124272817643509
3.132791803010681
3.1121369176690803
2.95393086986779
2.778006670765924
2.578144844570559
2.3891785252249553
2.19361669269885
1.996575927572739
1.8265854712796408
1.3165613609277804
3.334187550714967
3.416450194226362
3.4356553707610566
3.46499071076263
3.4741061544444096
3.473502337834554
3.3463641310282566
3.151605456150261
2.918648307020903
2.6958490625372913
2.465128896067603
2.233298015997564
2.034026309458993
1.8241989174956026
3.8093637022297155
3.8592354474689072
3.897090739406944
3.937014917670663
3.9444039830329576
3.9225490777863734
3.7348750634838246
3.4580243073717747
3.1811920368141164
2.892253128587426
2.6025127786573576
2.354717237907057
2.0953529138275644
1.8599048715242268
4.145074848780312
4.195812727540081
4.234428858998073
4.270832331662235
4.27760313352834
4.280462684184107
4.167011302164228
3.8759814349221005
3.5599600533468516
3.2244785800077693
2.88749750631295
2.6001344303776417
2.3006690224590867
2.029936017215087
4.134622473884043
3.797891808411405
3.4333906182856504
3.06598579885786
2.7530299870302897
2.1344268434315667
4.546286133766979
4.64137351332014
4.667819308337447
4.661208850860645
4.423697652323143
4.070492116704021
3.6739399727679114
3.271072070770156
2.9280280802534153
2.5723863534690574
2.252757896670795
4.7818867924012585
4.86897416667694
4.8901066270587945
4.761828800660203
4.408034178373869
3.975509246457864
3.528317003929447
3.1467993144907274
2.75225505560923
2.3989823322655037
2.050365100596906
4.95633629755944
5.032383379957944
5.051378542542543
4.993934582764156
4.681159385700522
4.2261960027896235
3.7430022196448416
3.3289368798385364
2.9012898546127404
2.5194562217193193
2.1439668652503787
5.193079864566134
5.205044693297847
5.19410221384303
5.147987827344558
4.968257164069746
4.8125774527465515
4.503464987947565
3.9829442334248166
3.5324498103008963
3.0672287211676994
2.652922429589697
2.2470672938663343
5.271535237785511
5.329294076244702
5.325135386838294
5.227531226735614
4.78281351344048
4.230409194346792
3.742976480447368
3.238406358215898
2.7900588000185076
2.3524324733604867
5.457364351333926
5.453958906492829
5.437389205230778
5.355018611740058
5.305714994140681
5.116520731474794
4.863952609034193
4.54381294128277
4.0125133259009385
3.4576378763975604
2.9651983107583413
2.4860909018513735
5.5323982752518885
5.5229130681013485
5.482351706467645
5.386605545245202
5.25229068319485
5.048305864481404
4.839191076544368
4.274038288733508
3.671638316280761
3.135765487214852
2.6156145466758027
2.3760504518109027
2.3870625189048407
2.7186584303514403
2.763284081961158
2.7116094537832187
3.072074685700451
3.081758507991595
3.412167062971929
3.3280331587882377
3.834038513200612
3.867967777000232
3.717307364625343
4.181238980209453
4.128819043681256
4.244898794822131
4.354444194163866
4.4692082733418745
4.559198711851975
4.394488731974599
4.68759968115031
4.77084024670779
4.7070179402907
4.908010871442438
4.908714426698223
4.653923404290571
4.920899961772356
5.087243529061106
5.185483657835772
5.144587296406561
4.759929871336458
5.286534529920711
5.070491389555776
5.296249005230957
4.815875241513146
2.1886439341874784
2.238949225065881
2.4320105937882395
2.4880022889125146
2.524064112367367
2.8129019247981
2.876368034603309
2.9154633432434642
2.9346464946952246
2.931868329730623
3.2230240116060016
3.291953419003749
3.331315009595751
3.348098614279819
3.3371124179936498
3.2591954010864477
3.517892998216687
3.5885112680520774
3.6277605092692693
3.638297074349344
3.6394297903900257
3.6347755659034036
3.622025316071006
3.5791889190773296
3.5226694617082663
3.804101120435131
3.87682355586017
3.9117435773668605
3.917898154974439
3.90855079304822
3.890852605752545
3.8349096831574916
3.7688992589240784
3.6298184684764068
3.4844793108798764
3.185284403818507
3.0435956517777125
2.8353136414724975
4.14021116398989
4.208011243301389
4.236940504271568
4.23913701247495
4.232082063690519
4.212070523946164
4.190562447789801
4.116708784094263
4.034837026805548
3.8904284154963364
3.692895989084937
3.5528335615304534
3.343510976836696
3.1731549955668585
2.9378699418655274
4.331168592218061
4.393771552701669
4.416576001989052
4.403494497933081
4.382448658152339
4.350403356093809
4.263785780429034
4.170617756216152
3.9839724472056277
3.7911258496871483
3.6350511089523896
3.4050815928908476
3.224904950112699
2.9646740980105046
4.538425394705771
4.591216390397723
4.604420811455054
4.57811319822678
4.509166893760771
4.299007581941693
3.8726370154338814
3.443702834420676
2.960951806514349
4.6936478092696845
4.714258041167338
4.699197942082171
4.644252941031124
4.593286447148141
4.479013831178666
4.355327991474526
4.1281422036940665
3.894116700275143
3.740433944337662
3.4332985059599594
3.2348138003909637
2.9234389358060677
4.793376925489139
4.821610483645548
4.808651798881716
4.753296532148182
4.699339011619373
4.6540166886055845
4.519588564415599
4.379611244458659
4.108544705796617
3.8632145195571668
3.6425365851094957
3.3663203026835706
3.1233490668252393
2.8160357826391467
4.837697532887269
4.852372503616443
4.828142972769129
4.759170686704014
4.704079288643056
4.637966245794347
4.488749216068079
4.344136858175615
4.0658389374953074
3.7940800944333692
3.621672226777478
3.2677875943966046
3.022358876880602
2.6976201452762645
2.1306872788272027
2.1847004686304294
2.3634594055693143
2.4233779459281655
2.4604785290460156
2.7258163764779626
2.7926139623336175
2.8316515926639987
2.827784367698499
3.1119405881738342
3.18549866628483
3.211682929260051
3.2229416293247595
3.204241142324293
3.389045824802954
3.460872339759401
3.4838783590189277
3.4970248553607908
3.493924626401656
3.463680528848211
3.3754359449306617
3.2628295997220453
3.6538250218351727
3.727202472053192
3.748102250529678
3.75765896770369
3.744660868909308
3.705838337875186
3.5961575322386845
3.4656758022996588
3.1790892792992547
2.8335495044685812
3.9606517201859583
4.028291539642738
4.046517641638395
4.048751489715737
4.021646346741483
3.968386279123541
3.851991596569374
3.6733303823205334
3.3371050180608037
2.9360750615892277
4.132976279896019
4.19276019293948
4.205472241941425
4.205061637324213
4.166775856896765
4.102944426553813
3.9480226120791495
3.7713573440517716
3.398725138959795
4.314742381671395
4.364180491093288
4.361887911947444
4.230729917206156
3.852823934382872
3.4374328218793133
2.959247819190898
4.447155302664402
4.461243730844374
4.462021502578532
4.446339207285338
4.380852580373772
4.288236853848796
4.092452366699097
3.874729834397568
3.427252991311502
2.9218055355446473
4.5220228932082405
4.543220101469212
4.530108424162727
4.509423506853487
4.423668365191508
4.314143008876009
4.075423807532048
3.8448408887226804
3.478234674248499
3.3606313817960465
2.814543334463841
4.546390401992148
4.553314559589949
4.534575785698272
4.500050096179699
4.39769333382579
4.280991102058512
4.033299304451439
3.7765587418826194
3.2624937425132887
2.696258770902949
