0.9123676211462688
0.9300215229058514
0.9093686254266711
0.854769352813227
0.7916844994952281
0.7363579027932247
0.6785278875292515
0.6267236716657899
0.552293144223371
0.4437417458933103
0.991522327557401
1.0186930364753222
1.0260262313634525
1.023698774711719
0.9758860148580492
0.9053549658119864
0.8405278184127738
0.7719760536990781
0.7104193256023352
0.6495568052425011
0.5909590765856833
0.5425407276475361
0.4504310255739611
1.0733040292380465
1.0855144099834462
1.0947254316020611
1.1037589078303114
1.1051417277816795
1.080986313453131
1.0089958297413446
0.9363952817210588
0.8579739995558094
0.7871724585582602
0.7171362270216192
0.649770142160898
0.5941816770063055
0.44067443235470827
1.1468478805242392
1.1685079238783334
1.1729022525093658
1.1780346383712195
1.1779797451001435
1.1726806253607542
1.1117778176159006
1.0336365457361172
0.9456156263523854
0.8652676472473142
0.7856198258888557
0.7090466564975171
0.6459435511736389
0.5822348180150575
1.247169815757554
1.2594787455931404
1.2680385277928292
1.2751316874553233
1.2756504682554857
1.2558757618466614
1.180540886492838
1.0806252364436355
0.9858814761607396
0.8910582169682861
0.7997981701985589
0.7247175854523854
0.6491059942879049
0.582999568888188
1.312953635461531
1.3248990886356424
1.3330865460722396
1.338554445886329
1.338599598955548
1.3357590322757462
1.2857047382666231
1.1827643310095735
1.0781482754563425
0.9717300686023996
0.8689413998069186
0.7844149947947492
0.6994423920064536
0.6252992993017323
1.2450046435651858
1.1354670862237461
1.0220386323858925
0.9119970196611561
0.8214800028824314
0.6513432521307433
1.3865638466629766
1.4057825243393625
1.4069456203795212
1.4005190522638837
1.3136964311411556
1.2006241737562704
1.0796389035719864
0.9613086643048995
0.863854950038971
0.7660582195473091
0.680938181822271
1.4269387784674739
1.4436298621131043
1.4429438200126046
1.3926536307628339
1.280613250259043
1.1515317534214273
1.0230336495236134
0.9168296691392877
0.810299936524315
0.7177089284267892
0.628689466020795
1.455241181020168
1.4693935987354936
1.4685012167681126
1.4439946210199313
1.3447610624250261
1.21102391314024
1.0744706148996497
0.9609385183770633
0.8470834729796506
0.7481841299470425
0.6532656637559887
1.4925694284762168
1.4911962424647587
1.4851188339323822
1.4681445665645023
1.4114732658523113
1.365323792424178
1.2765547251045624
1.131881346932322
1.0103326812541926
0.8881337434577093
0.7821411354088047
0.6805282062914789
1.5013039242112112
1.5108217209904857
1.5035326854521014
1.47079187766134
1.3423470450106267
1.1911105014476222
1.0615212892068788
0.9307175915936772
0.8172359793376454
0.7086688260917757
1.5245943396155432
1.5203396404956513
1.5140457337300093
1.4883406025113555
1.4738983481341918
1.420550942244627
1.3515463686781781
1.266134817938002
1.1272629060509323
0.9855850970147171
0.8624699884179187
0.7446430902121904
1.5280833854798135
1.523399829876477
1.5103688491148808
1.4829473537061382
1.4460489808199541
1.3916098197553821
1.3367889299424836
1.191207815421153
1.0393444699756949
0.9068136376940912
0.7799839158113694
0.9125011433850013
0.9025135267125594
0.9983688528022092
1.007039221123513
0.971047472108693
1.0810430234705213
1.0707146106191683
1.1527552599993631
1.105948279032787
1.2419112232891718
1.239382080645847
1.1753218149095301
1.3068410169023632
1.2747204078466652
1.3165480236783365
1.3272077094562096
1.3577383992772651
1.3722473632389143
1.305710742596996
1.3944221073200134
1.407192652872956
1.377963328578848
1.4304872203913779
1.421499021602485
1.3376272224905303
1.3992338435537741
1.4511363880568284
1.4677962519333494
1.4496127702577994
1.3365222966878771
1.4733018583308062
1.4089661620913008
1.460470200369201
1.3309473230755433
0.8356605215758854
0.8518011000799354
0.89723492140079
0.914149220454316
0.9235246530013683
0.9872556381428866
1.0048908368161844
1.0138956718383578
1.0155318530297914
1.0093856019595746
1.0766823319378762
1.0941247842015416
1.1020978743745247
1.1020126920811746
1.0929134409969843
1.0579999013064922
1.136612091016466
1.1533395182012172
1.1603962709901339
1.1603912471758067
1.1587166362574568
1.1544183009317242
1.1476259048705173
1.1290464008554735
1.1070443787874429
1.191372714821175
1.2074863683243109
1.2129296550679378
1.2092223259609904
1.2037376265332023
1.1956942052199837
1.1737772929802743
1.1500372587066827
1.1024279476607928
1.054639160222913
0.9597968895989044
0.9161058754045195
0.8533682383376667
1.251307809234208
1.2653698784189573
1.2684917413503032
1.2665945340014517
1.2618540280125976
1.253154819305628
1.2450622465504653
1.2190768022733467
1.192173016195696
1.1464680145058928
1.085925183573044
1.0439253283370296
0.9824514529157452
0.9332289693558655
0.8666359101820884
1.2829756648857749
1.2950812054281067
1.29682876954476
1.2883849809742103
1.2800405801490524
1.2687154411422485
1.240410689628439
1.2112843946073129
1.155013619815182
1.0984056197960663
1.0535520017522915
0.9884678117233495
0.9383624216780765
0.8672897218521617
1.3147896439704123
1.3241498765922386
1.3233734161073578
1.3120799826452545
1.2892571868922802
1.2264617822623651
1.1059981652675062
0.989060143404286
0.8614648237969578
1.3370649410219972
1.3373301937437976
1.3308432541209416
1.3128213326477953
1.2974438308809912
1.2643241010193849
1.22940831719346
1.1669206098366476
1.103620861139374
1.0626237999261607
0.9818525287817729
0.9303694458192867
0.850752639992558
1.3452341742246234
1.3488583328790715
1.342636671600301
1.325504825703796
1.3101204538249973
1.2974606922424423
1.2609476713319467
1.2234777508524701
1.1523572652388439
1.0890407251550314
1.032524123615227
0.9625330861972445
0.9017028797853232
0.8255440346627504
1.344868775247292
1.3458940081537167
1.3376077745662878
1.3181966290206018
1.3032985014735405
1.285661775155648
1.24659657420515
1.2093693274497168
1.138591132862905
1.0699518912387185
1.026800462004531
0.9391151230391741
0.8788637858659503
0.7997784008680948
0.8069965369527026
0.8239535321654855
0.8651673958267415
0.8828571608775575
0.8916643419706695
0.9498203074886817
0.9678394705866447
0.9759574356392017
0.9644890756424241
1.0330385150833736
1.0511165252114139
1.0562304383637109
1.0573923212688754
1.041099495773615
1.0886968635937129
1.1053447880374556
1.1094381480060092
1.1104690176883754
1.1038404847659469
1.089693286373147
1.0554691819697655
1.0152070629600987
1.13871140289304
1.15459220215168
1.1578762683337351
1.157715120022704
1.1481694830982807
1.132220212610625
1.0928747357990394
1.0494322889789227
0.9580854729747365
0.8528848226193576
1.1926628291792187
1.2061183468710823
1.2079711397563442
1.2064135653148573
1.1932771013007417
1.174187544222015
1.1361089714512556
1.0806765053581895
0.9807426649834204
0.8661583527893175
1.2209575206447942
1.2321629730360786
1.2328973399700764
1.2300575784879288
1.214680643324342
1.1933770028858974
1.1455336816533563
1.093206402439347
0.9868004621121357
1.2479601894285017
1.256484214538639
1.2510570396086331
1.2088019949411377
1.10088388472297
0.987439084476455
0.8610208579422115
1.2663365768914834
1.2680565168729923
1.2662350592016827
1.2598890704807448
1.2392527772855435
1.2122782546138453
1.1578051884083163
1.0986637639189645
0.9802980925044996
0.8503271093287184
1.2704965721102115
1.2726128744123162
1.2672682449277783
1.260908219236298
1.2367603943319472
1.2069504256964094
1.1439676726616412
1.0843671769994834
0.9907174101362043
0.961068777442478
0.8251511398112573
1.267198546038972
1.2666835533015925
1.2608430928310457
1.2510852251287747
1.2237118381781698
1.1934595833209731
1.1303445287219622
1.065482650853219
0.9377405227159759
0.7994138857330075
