0.7079592055101721
0.725609193466093
0.7222507309232538
0.6902334618157177
0.6510374088732027
0.6159221717315012
0.5788437146036247
0.5453671385925478
0.49689967027323406
0.4255074377796125
0.7824206611031518
0.8086106809000845
0.8175820595671354
0.8214788817735044
0.7963976644541442
0.7525027545964972
0.7106321188040384
0.6656878041821896
0.6249080290914216
0.584234061853749
0.5447954287203698
0.5119972300597717
0.4490422510776478
0.861571264269213
0.8734041612477843
0.8828810703401033
0.8936896319676079
0.8960154010626012
0.8897401142019198
0.8459378100482124
0.7985951208959489
0.7462755794932036
0.6984206913809239
0.6505755757234754
0.6041500955361708
0.5655325168698823
0.4572909964374975
0.9354729642771841
0.9579153360668681
0.9631368676634805
0.9711011321479168
0.9736125598324278
0.9733807800114574
0.9394350620764443
0.8884727660766248
0.8289422707655012
0.7736406500491452
0.7181250553617653
0.6641962494365204
0.6193327388820516
0.5736199296891096
1.041051303540127
1.0541995531748063
1.0642080097745443
1.074883916164726
1.0769083923510303
1.0720926545120177
1.0253454975834302
0.9571223414751954
0.8904072245839012
0.8225239299283786
0.7563395493432051
0.7012625655267858
0.6451814965945085
0.5955579750497294
1.1142333872821513
1.1275370296821194
1.1377311972898243
1.147469579344009
1.1494162155496643
1.1505551460575711
1.124138553480972
1.0545619091243545
0.9800597945082007
0.9025756827654503
0.8265741482579698
0.763266117240454
0.6988429048587255
0.6418729088967257
1.114135286645581
1.0358517147030313
0.9525263750294012
0.8702827283724447
0.8016886518274229
0.6702241866653833
1.2011979029433986
1.2261412699501752
1.2338592501984686
1.2332359022464892
1.1800458061289916
1.099339411289712
1.0097232764614723
0.9202948803862264
0.8455261839366546
0.7694678335422509
0.7022764018164038
1.2524327010980023
1.2754575831713069
1.2823983233097571
1.2560729180491017
1.1773566659976085
1.0810950108544497
0.9828007446828654
0.9001773552541309
0.8160841197262004
0.7418410869610621
0.669391014743153
1.2906995398495382
1.3110995734734778
1.3177344950596004
1.3074219439363375
1.2399852358513073
1.1401281395192169
1.0347965917283926
0.9455843319013655
0.8546658104511089
0.7744227150658595
0.6962062340077405
1.3470262846003367
1.3519697753009503
1.3510176236434182
1.3425747837919155
1.30521406810066
1.27187888817915
1.2051272199231076
1.0927505869829712
0.9962283352386585
0.8975586432034477
0.8105003140816666
0.7257264127429367
1.3618123738794254
1.3786488272367237
1.3812718068853993
1.3633210091349597
1.2703192708689732
1.1523969528218465
1.0485677423077402
0.9418452853947044
0.8475924641331948
0.7559173456662874
1.4105347456872073
1.4121884159767084
1.4102545226404124
1.3955500245757302
1.3861790725928504
1.3476770572861103
1.295099669184103
1.2277469929866955
1.115505900189569
0.9985829167947929
0.8949082748675317
0.7941212982269026
1.4320612465793001
1.4325731844128637
1.4268587339541146
1.4093936411457457
1.3830752821796766
1.3416780225158327
1.2985149598515253
1.1803677948745523
1.053843258244009
0.9409885570632885
0.8313237630845536
0.7144325069688455
0.7167777855232293
0.795350420879565
0.8079847811086085
0.7924045774029868
0.8786679733195805
0.8811628536442403
0.9565486201126329
0.9344136762850233
1.047778797721118
1.0576865579863062
1.0207005119754307
1.1249970924903796
1.1142768297351673
1.1329685853221279
1.1641611703847479
1.182982953270554
1.2076044700265074
1.172653488597447
1.2305994161654246
1.25394091188858
1.242405322652723
1.2825105623336608
1.2863933396130014
1.2331889042636366
1.293518001388649
1.318709982838105
1.3473253432807166
1.3430291919128803
1.2646188282435618
1.3763165542847622
1.3363197260319961
1.387335842396626
1.2926582916462135
0.6568184967503762
0.6720025024581067
0.7156861927418463
0.7321124373635608
0.7426335887371325
0.8051794846359683
0.8231700072949741
0.8342067799686617
0.8396995673788286
0.839197463333565
0.898847319753622
0.9177915365589336
0.928790356018154
0.9337557864140372
0.9314388218389175
0.912118990261762
0.9650115552829149
0.9841007634297791
0.9950360973189196
0.9983221428479048
0.9989361729945664
0.9981414123015289
0.9953752996590148
0.9853378832724264
0.9718324785805355
1.0286346999233602
1.0481756872638286
1.058080172299727
1.0608897550395169
1.0592706347956424
1.0555223651362313
1.0429223596427653
1.0277844877175146
0.9955376089480122
0.9619467944050917
0.893399914454428
0.8613654911498176
0.8148616582896345
1.1034172457028641
1.1218409757567303
1.130594418007045
1.1320349729421015
1.1313448929632726
1.1276986611702613
1.1233705498913746
1.1074426320271844
1.0894343242072697
1.0573207017711574
1.013291739981881
0.9821680016968584
0.9359782959678082
0.8986243758019414
0.8475464817127033
1.146516669264902
1.1638691192357171
1.1715492621145975
1.1707292044295732
1.1668763112628289
1.1605434224521125
1.1424346996534165
1.1223649887896852
1.0817372623718702
1.0395899028116848
1.0055897862833159
0.9556743847129092
0.9167882260552487
0.8610966932861714
1.1945795382537077
1.209918578858624
1.2158829903767505
1.2126909404375736
1.1996261965644406
1.1561399950446045
1.0651946368296947
0.9735224030075745
0.871278671698171
1.2339611506383839
1.2432185065751031
1.2418864312206772
1.232539890978286
1.2227373756189697
1.199770305183463
1.1742082053556127
1.1265663685455436
1.0770780276161056
1.044548435384945
0.9796121155850158
0.9377750135266641
0.8723991528088119
1.2603582336063748
1.27118917773367
1.272365075470735
1.2638210031500936
1.2540437673618103
1.245391771300606
1.2188444134822964
1.190336249265963
1.1342825528781926
1.0830868194865384
1.0368943188111495
0.9789585600054089
0.9279998076283809
0.8635136876758625
1.276966325610861
1.2852213242367123
1.2841624648745746
1.2732978668816883
1.2633441617338212
1.2508020519127776
1.2214188559663208
1.1922182037250701
1.1353081479611509
1.078609832588697
1.0426463542274287
0.968493232046702
0.91696014393799
0.84851992346689
0.6388878946622956
0.6552109858816089
0.6952602627308224
0.7128806003552106
0.7238581778708051
0.7806678885495767
0.7996414318507391
0.810955258333765
0.810732844387576
0.8693444714936484
0.8897035262963419
0.8971521019184515
0.900505358015046
0.8972166467187223
0.932008694515287
0.951765606321937
0.9582668838073151
0.9623279878799509
0.9627713930810488
0.9561989614624629
0.9355900626019373
0.9089647288238426
0.991491485835393
1.0115967126668555
1.0177620035952222
1.0210350089294804
1.0195082744392714
1.0113917240571129
0.9867467760194402
0.9570105821325858
0.8917523935361061
0.814382592138981
1.0608458587408602
1.079780893913386
1.085744959426262
1.0873851070297298
1.0832488439218224
1.072461427110921
1.0474473210333854
1.0082242310919811
0.9342898442552416
0.8470604296117829
1.1006987264513604
1.117930245054186
1.1224668184327908
1.123995435949271
1.117942570247783
1.1052052510993104
1.072547814102038
1.0344917458852383
0.9540004816775471
1.144143492599491
1.1595156120373633
1.1628437852772988
1.1389053884895102
1.0600873875187264
0.9718646074562513
0.8708107475932337
1.1795574453686875
1.185134600077876
1.1872703384415793
1.1860994911220049
1.1751396833757508
1.1572664047288173
1.117448694225701
1.0720620836476233
0.9780013647772245
0.8719447763165048
1.20153780698965
1.2116569526095853
1.2118423884386251
1.2092249470307397
1.194658421253122
1.1737009302901598
1.1257367099451312
1.0782751682917104
1.0019508418888998
0.9774151674664131
0.8630870965450959
1.2142711498362533
1.22187634652414
1.2208243955466114
1.2160531159877421
1.1982618719802454
1.1760303343229097
1.126817191666756
1.0739572654225646
0.9670289910472417
0.8481202708982001
