0.8255122211116992
0.842180315215487
0.825672162350078
0.7781257090716477
0.7228624435644225
0.6743365531966967
0.6235986975726231
0.5781259209836352
0.512724684254042
0.417014660169119
0.8939801432749267
0.9191980835027217
0.9263199524272034
0.9251511830105847
0.8842130335393671
0.8227635502162105
0.7660812450168252
0.7060821630911217
0.6521528316992575
0.5987716189474175
0.5472927888885011
0.5046640231101093
0.4232313184482823
0.9652140771790684
0.9764592802368678
0.9850252684691795
0.9936585589314163
0.995078507455067
0.9754487294612344
0.9131601548856222
0.8498960487387613
0.7814207645721245
0.7195079727520636
0.6581753334047289
0.5990687455014054
0.5501814798008972
0.4143067645094386
1.0287643203105967
1.0487553608126778
1.0528997374894005
1.0580160555841072
1.058338858618155
1.0541813629575796
1.0021309024583274
0.9343204476124735
0.8576617260419671
0.7875372350820302
0.7179078010763328
0.6508184615595546
0.5953938749646256
0.5392795106652531
1.1147450301817483
1.1260026457716643
1.1339321344120803
1.140814486326895
1.1414723047268536
1.1254114332805245
1.0606912681046692
0.9741044714587969
0.8916563438737454
0.808987090139069
0.7293039797637199
0.6634156779772414
0.5969572652424332
0.5386374906438439
1.1704867523954514
1.1813838991745986
1.1889730958963713
1.1943430143075104
1.1945778893443628
1.192486846898666
1.150129987102664
1.061314946136809
0.9705411789993397
0.8779670010807202
0.7883003350024073
0.7143484182443863
0.6397915264372831
0.5744890020285487
1.1140713899167696
1.0192124742066286
0.9206786335786094
0.8248060833316225
0.7457066111899311
0.5963698318398821
1.231961905698822
1.2495693008442281
1.2512078036148235
1.2460372407071687
1.1718944757200362
1.074218687580968
0.9692982884185031
0.866353799901908
0.7813089931798285
0.6957103021055647
0.6209203392960838
1.2650237686820842
1.2802750760559953
1.280231858172635
1.2377040657710625
1.141238198451938
1.0295469694994217
0.917964799782549
0.8254469496032435
0.7323618761074324
0.6511467511292957
0.5726989473845745
1.2877421015990644
1.300605911523787
1.300308400040596
1.2796996153156772
1.1945378879287705
1.0790324060922898
0.9606338571416799
0.8618808835370873
0.7625375097914822
0.6759208135090191
0.5924119993115671
1.3182349031766547
1.3173555600926767
1.312337264860774
1.29794219106388
1.2493760794507232
1.209664917548247
1.1330864214797431
1.0078753695061353
0.9023269663293746
0.7958954081238409
0.7031854055478679
0.6139475968333185
1.3227099737829642
1.3312369039294034
1.3252445299031024
1.297340765922359
1.186857121286154
1.0561933990529653
0.9438607126664299
0.8301515048676359
0.7310685660650406
0.6358730461332806
1.3392216594891666
1.3356060242218268
1.330239437085089
1.308008842881587
1.2956166720223183
1.2498707157750475
1.1904357970836104
1.1167255182576818
0.9966046125505292
0.8736898123775115
0.7664717220410484
0.6634991916099081
1.3378975304459146
1.3337977476989484
1.3225343340433917
1.2988816098666234
1.267088695198291
1.220164313780643
1.1729114536877172
1.047204069006619
0.9157493622898673
0.800573026239311
0.6899297637847859
0.8267296628706302
0.8194426350496471
0.9013615063703095
0.9101047966529603
0.8798333217290994
0.9738078618203792
0.9662011161880101
1.0363350096912818
0.9968971640289711
1.1114613733295884
1.1107200584662664
1.0560319798302893
1.1668701706466442
1.1403820900270913
1.1726696960731358
1.1843021960145814
1.2073038947858983
1.2211418360156696
1.164847222578097
1.2371632492454754
1.2492772050466494
1.2248084322601978
1.2671062225431649
1.2600363653186695
1.1882924120100131
1.2387154415263928
1.2794646423667972
1.2942967505629455
1.2789908257418423
1.181805242643459
1.295211362231531
1.2399397918824877
1.2796668705575536
1.1679201953174545
0.7575109461288693
0.7725957842142831
0.8115430983076255
0.827314911723814
0.8362922580896164
0.8900809686864869
0.9064766575782035
0.9151204105640824
0.9172416639674019
0.9124264721191931
0.9674678475309128
0.9836260653974458
0.9913427866482917
0.9919493639000072
0.984551873909897
0.954799385663688
1.0188160575267606
1.034275748137039
1.0411443688018553
1.0415583697646351
1.0403308503980067
1.0368684693259334
1.0312214023534612
1.015445512553452
0.9965680888663846
1.0652063149219757
1.080072649417382
1.0854660045840832
1.0828545909947633
1.0783618544541205
1.0716095164488912
1.052925715289402
1.0325394227657465
0.9914169971464418
0.950031912388568
0.8675297434359682
0.8294465961350994
0.7746728124566193
1.1151334135707867
1.1280416902815342
1.1313157270700487
1.1299329348023386
1.1260407503649628
1.1188132537086921
1.111953014394927
1.0897297521146456
1.0665781506070537
1.027109615564463
0.9746584285669806
0.9381936040602465
0.8848019154936567
0.8418562413640587
0.7836940965119518
1.1408546267487019
1.151945479388796
1.153935542704968
1.1470594007565253
1.1400159903885216
1.1303852960611196
1.1061194393696268
1.081049868109031
1.032423639004822
0.9833683444928997
0.9444492948915041
0.8878609693514385
0.8442249084671093
0.7821965450061676
1.165674870009393
1.1741995419833353
1.1738855753486777
1.1644285737658304
1.1449338398524167
1.0908935587475173
0.9866536789157149
0.8849775808126578
0.7738330472376045
1.1825819992351256
1.1831373686962066
1.1776593864791989
1.1622829669611205
1.1490580772312458
1.1205427983065344
1.0904232230900652
1.0363879154949835
0.9815326742701618
0.9460030941750377
0.8757928590895793
0.8309396230700896
0.7614747580418381
1.1850329794221202
1.1881685557060024
1.1828037882338645
1.1680233895640344
1.1547631226566564
1.1438294718166366
1.1123126606553506
1.0799127376287774
1.0183858238388874
0.9635242730550964
0.9144929239418703
0.8536596729074127
0.8006535535593396
0.7342311373350983
1.180765650299277
1.1814358588183556
1.174141565938695
1.1572756218221563
1.1443648296909017
1.1290838190532284
1.0952956164832315
1.0629894995144724
1.001814983770062
0.9423366338090182
0.904907628329414
0.8287461594899489
0.7762157899670399
0.7072500454969038
0.7323452457955957
0.7482572536867846
0.7834643720484031
0.8000350753149059
0.8086687187186709
0.8574292126532599
0.8742735181234603
0.8822874792762656
0.8734044378116015
0.92951332577696
0.9463543286523775
0.9513468912415232
0.9527068131794367
0.9396240467564968
0.9772316293186014
0.9927237100105919
0.9967322852051829
0.9980526232205884
0.9929269783138804
0.9810547598384929
0.951718814400788
0.9169126916433081
1.0196071339768598
1.0343461792631046
1.0376243909855176
1.037860984326886
1.0301526651119033
1.0166832081593595
0.9829993184153112
0.9453511790031343
0.8659988621585147
0.7742390471074951
1.064441790890398
1.0768576144720303
1.0789210347695946
1.0778250060115298
1.0669313873619832
1.0506748226651825
1.017940758075698
0.9700069850953277
0.8832841634441112
0.7832689282466453
1.0873104272661613
1.0976620742595475
1.0985829225009192
1.0963992881034148
1.0834849555129331
1.0652874314059715
1.0240711565585474
0.9787832097015232
0.8863879539854997
1.1080561539092162
1.1158762237301296
1.1115584262047913
1.0754500047484454
0.982175156086121
0.8835563785428221
0.7734434711018549
1.1216280057925139
1.1231623994269058
1.1217965105269165
1.1164211278661402
1.0987472975485133
1.0755267286813766
1.0284578434218759
0.9772187159052822
0.8744395616176399
0.7611043528392065
1.1206889127533206
1.1224776554186267
1.1180542142605283
1.1124386899213268
1.0914833041354837
1.0656806084883301
1.0111624994282544
0.9595016070000368
0.878174239888444
0.8524006906676701
0.7338941640140518
1.1139658894336908
1.1132544139194593
1.1080878631497784
1.0995433936427335
1.0757498763403963
1.049405578720417
0.9947791648549974
0.9385273374554748
0.8275776522677195
0.7069416854276639
