0.40870838316565666
0.42033418167314746
0.42315053290414506
0.4086633542360734
0.38981296333246707
0.37265371520326085
0.35437188328502206
0.3377537835211005
0.31351441113307404
0.2773529624428231
0.45616747902037463
0.47316781252692847
0.4795830537041329
0.4840309305466986
0.47433627017545754
0.453380699943368
0.4327456020764013
0.4102987636732223
0.38975420754782375
0.3691085072286564
0.34895366740481437
0.33208082937726535
0.2993247452254581
0.5075288896612529
0.5152432812464003
0.5215968519804312
0.5293017527831038
0.5311336666437699
0.5325450374203583
0.5123179447055897
0.48891980085352293
0.46254280758662414
0.43813573705564074
0.41352647314347485
0.3894629400473038
0.3693006316651545
0.31187741691589904
0.556524963411656
0.5716621568559882
0.5753900908183699
0.5815789583073983
0.5840707930993528
0.5855416536415117
0.5716520152638717
0.5466391470333978
0.5164117843450065
0.4879103616610368
0.4590016071858658
0.43067902787604195
0.4069279013991585
0.38252413445270855
0.6284397486125272
0.6374731765026669
0.6446223527739462
0.6529388872779265
0.6547866103540482
0.6565631164164997
0.6351106705595562
0.6004547996337992
0.5656280405899433
0.5296966063502244
0.4942991308680777
0.46457190271907817
0.43402630150071403
0.40674631818128765
0.6799052480497065
0.689243808241412
0.6967340597932501
0.704691420806744
0.7066458761726412
0.708802117530382
0.6994350263239637
0.6647043407912573
0.6256162285407946
0.5841825784312827
0.5430382829994355
0.5084169176855379
0.4728404568796516
0.44104658979863465
0.7041375050394223
0.6630719304560403
0.6182867612692157
0.5734601424836755
0.5356656483210775
0.4621146262445611
0.7431416107284018
0.7619517836643215
0.7695095631825621
0.7712154200169632
0.7479181459380885
0.7058058579490647
0.6574294994170653
0.6083454301370814
0.5668194511643598
0.5241255453195605
0.48597774081850553
0.7819011769624106
0.7997457595951885
0.8073057396345975
0.7986716129843099
0.7584858237821045
0.7064018961350608
0.6520507776687229
0.6057462546979145
0.5580786058491533
0.5154921457025259
0.4734681352428827
0.8117887142032885
0.8279406272931252
0.8353307328745904
0.8339030653683761
0.8009237140708145
0.7470168376493768
0.6884924961126868
0.6381581759229807
0.5862311447821523
0.539842768968695
0.4940966069799908
0.8577591455360581
0.86361390640659
0.8650311093313356
0.862762700264362
0.8453133838756413
0.8279924451512023
0.7918584627794668
0.7292057435725662
0.674388992247861
0.617612817890085
0.5668604102086414
0.5168511267009717
0.8708318004494933
0.8852405826764613
0.8911299552424674
0.8851151055565809
0.836971889921837
0.7712033565641374
0.7119114780488377
0.6500544824295152
0.594680894000876
0.5401537125649006
0.915518316546488
0.9191914688309052
0.9197711854740389
0.914645623209668
0.9102989547251634
0.8907503832153236
0.8622167943421284
0.8244160607817209
0.7600132792191997
0.6916850171764866
0.6303435668261242
0.5697806273942015
0.9392237636428419
0.9419395348698038
0.941372839296801
0.934070090370739
0.9208961360740644
0.8986550347253895
0.8745941428018086
0.8067744997951821
0.7324248105799823
0.6649989293321874
0.5985655216971812
0.4148058767731591
0.419944471375387
0.46652112868804096
0.4760639523006855
0.47195077773961064
0.5217319776605259
0.5273865917821002
0.5753501937803556
0.568573312469157
0.6369099264473003
0.6476542481356142
0.6322021907842328
0.6928749740092748
0.6932236817701276
0.6978090899100636
0.7260221357676447
0.7347559936169863
0.7549597978814728
0.7431613948118527
0.771179357658113
0.7908760617800055
0.7898402988717897
0.8126261422123475
0.8202615905294925
0.7964536268715675
0.8375950933754469
0.8444527218651487
0.8688050000170833
0.8716818840354799
0.8331361272070579
0.8995660947928075
0.883079461294475
0.9190878509362201
0.8705527763689629
0.3824111963753343
0.39214617702405535
0.42035280443276923
0.4310602041011836
0.4383598840700353
0.4793404078289937
0.4913759666031618
0.49932857635497385
0.5041867307663647
0.505618543517698
0.5429639583187654
0.5560466054979096
0.5643290956925336
0.5692796712662105
0.5699871965456613
0.5622939752292561
0.5892264996377057
0.6027534013295393
0.6113770580873681
0.6146948374855725
0.6158854958480235
0.6165492090030253
0.6160833976333097
0.6123170004100792
0.6062296330110415
0.63506744173484
0.6493427498282291
0.6575449304528723
0.6617470030165836
0.6620284490408529
0.6610529838740469
0.655933242996931
0.6488748770353168
0.6327940991595955
0.6154002465906981
0.579032197328038
0.5618158976605201
0.5366012146700038
0.6910791013522474
0.7050736498583561
0.7130399177892852
0.715251829274738
0.716312843193019
0.715743418618233
0.7142533327392644
0.7073130661378605
0.6985618581626535
0.6821095857721973
0.6587753464442869
0.641993799953943
0.6167872558285216
0.5962401872504423
0.5678794147607032
0.7248207932915881
0.7385163799788783
0.7459788300265779
0.748370892071009
0.7475105303285035
0.7451781399007202
0.7369466688767795
0.7269484470851408
0.705689961124727
0.6829693175500731
0.6643361116782477
0.6367054315793369
0.6149613739628718
0.5835982090283122
0.7643409580288011
0.777098210711072
0.7838309814128378
0.7849799054024403
0.7801046698753134
0.7585814912151742
0.709215105941719
0.6577132854699308
0.5992193786854294
0.798676523900895
0.8087174201430481
0.8099830329151397
0.8073153406293386
0.8030124137154984
0.791740415980717
0.7783724705353989
0.7524039524445364
0.7247626750943053
0.7063427327769668
0.6691841464080285
0.6450082840365634
0.6069382776870125
0.8257527381812292
0.8362557702096148
0.8402929449654993
0.8383853886199877
0.8342620305639759
0.8301554809611015
0.8165636048134362
0.801194766003998
0.7698725161758865
0.7406095869285434
0.7138252568642509
0.6799431914470683
0.6498548694931516
0.6114428922999351
0.8457100371128422
0.8547066961006867
0.8574077728324532
0.854017869965812
0.8495559511161387
0.8433846261815997
0.8278941646651805
0.8117883824177801
0.7794809439724035
0.7465071011340835
0.725381960169891
0.6813278370068867
0.6504052339360452
0.6090022943895705
0.3737177962569075
0.38430238891018753
0.41034101841929504
0.4219702523189887
0.42988606199080187
0.4671173318750427
0.4800057035565334
0.488506708069867
0.4918836572356018
0.5279045250635233
0.5421902405328511
0.547925717649037
0.5508890532318383
0.5530190638103357
0.572233435999929
0.5864849119317812
0.5916465651774179
0.5953999018812316
0.598131771367854
0.596361280181052
0.5873002734187264
0.5742581413934456
0.6156233549673519
0.6305943085124157
0.635741430013479
0.6391641821790495
0.6410038973012082
0.6383786869992831
0.627122517700949
0.6121921843328566
0.5779452910546286
0.5362791779431438
0.668357096110621
0.6831362186043156
0.6886866129512013
0.6910035552494346
0.6916045489876276
0.6874935792406548
0.6756267754431915
0.655419393190732
0.6156509810134454
0.5675457137659055
0.7000769860909893
0.7140270869186586
0.7185569623328596
0.7212919662945612
0.7208543696841255
0.7156258936046654
0.6995768546939176
0.6795502746831399
0.6355640913669022
0.7366931965535785
0.749884012471107
0.7557087216926082
0.7470368235287904
0.705735642482268
0.6565639320921058
0.5988876954406556
0.7684745975216178
0.7739018406593895
0.7770206618686997
0.7784339954651497
0.775128851881136
0.7668882357692649
0.7461698019451425
0.7213026237323469
0.6680525277830647
0.6066115791051832
0.792467555899441
0.8029586796569617
0.8055222321627747
0.8054738517994097
0.8001176375055228
0.7897171126997103
0.763916647647005
0.7372271539647484
0.6931769553622186
0.6788370147813737
0.611129341650157
0.8095870500727457
0.8186662553792825
0.8202420307745343
0.8193569968022159
0.811787571934353
0.8004627762985166
0.7734855357295884
0.7431895516991764
0.6802620195626362
0.6087034738811345
