1.5443336429108212
1.5843447442901823
1.58364880979361
1.5197758115532636
1.4397268535774912
1.3675242370498917
1.2909885297409047
1.2217324301679675
1.1215022919692994
0.975298160109342
1.7344235949953903
1.7946234165245154
1.8161289721997196
1.8278703403619179
1.7795606632368277
1.6889428493562069
1.6014579229819883
1.5070510964090706
1.4211699536749365
1.3354196341278795
1.2524472903336115
1.183764080459209
1.0535714797925237
1.9372045923996912
1.9649083195143817
1.9873674803134258
2.0136844615114864
2.0196197405535146
2.0131865335914587
1.9227750260852403
1.8226133015840364
1.7111301438345954
1.6087378697828234
1.5062357532538602
1.4069114465699246
1.3245925304234847
1.0976612887077872
2.131948125748819
2.1861232475455132
2.1990595852300094
2.219591295876881
2.226864754368951
2.2289162150491637
2.160890530196586
2.0521769601685764
1.92362409178777
1.8035476630878764
1.6827617213980042
1.5655014589018492
1.4682171455656907
1.369526826533823
2.4186954649105856
2.451475944108527
2.476889167229229
2.505103898682175
2.5109064141132467
2.507282081177265
2.4085335392793072
2.258910285122034
2.1110898206572855
1.9601370233059
1.8128455166831052
1.6904532914283783
1.5661697590943666
1.4567297429818469
2.624391334061763
2.65829021304925
2.6848586786179904
2.7117064515935145
2.717664776437051
2.7229292851810882
2.6713621475429887
2.5182185270280315
2.3510192396788145
2.1760833619644226
2.0042060348417885
1.8610930138376571
1.715702853552772
1.587555475083187
2.6786518261587604
2.5018757042016206
2.3121421892472314
2.1243925688813707
1.9677733635634311
1.668275871207941
2.8771302769957945
2.9443696556494174
2.96837051625928
2.970625638822394
2.858023598736251
2.6749462021076362
2.469087300053136
2.2628636073688306
2.0902919747078235
1.9148103836923693
1.7600630331181384
3.0315929139031113
3.0953164407370166
3.118538474091098
3.068022819036584
2.8897274432235855
2.6665714586889995
2.437267368383314
2.244150180726479
2.0475235097811195
1.874089351256779
1.705421944430243
3.1504649443664845
3.2080288849499867
3.230915219180916
3.2148383665942113
3.0639852221139807
2.831277096139168
2.5834283916661684
2.372875982787206
2.158083092042582
1.9685672890207981
1.7843159093599803
3.32602333650231
3.343943271052963
3.345453151086374
3.330097959148452
3.2477660038144687
3.170851628938721
3.0141296110707745
2.747497569402162
2.517405696773421
2.2818190694297025
2.0738115923743226
1.8716725019073994
3.383699922682529
3.4341489599141055
3.4495612790427645
3.4145636193210644
3.1992139530980666
2.917560741877409
2.667737423905953
2.4102518548393457
2.1826211673253475
1.9614737646876732
3.5520615692202036
3.5618104241223865
3.5605440284830157
3.5314968829612727
3.5104520880291115
3.4218615127941048
3.2967791052549775
3.1342690295164486
2.8614534969335583
2.5758505355584402
2.3223711004888696
2.0761599405018707
3.642712513611233
3.6491740993077095
3.64085237330417
3.603554485837013
3.543070021259296
3.4445356850770947
3.3400515635487262
3.050822849103088
2.7387308195379894
2.459547878834248
2.188151946576209
1.5614825980040115
1.571741032568863
1.766915726432717
1.7979191311804785
1.770639045960696
1.9817898740803712
1.9936930211715447
2.190027446038213
2.149213690265456
2.4418799412816323
2.473014203619364
2.3974156176865007
2.6611125287080153
2.6473853191369288
2.692311199557571
2.7838909251264803
2.8377501022376745
2.9071120194886753
2.8395788567127824
2.9828605521053038
3.050403826377278
3.0335263284772402
3.1414409459689403
3.1612657532776876
3.0465606942040018
3.2174988328404472
3.275372661386891
3.3611707749967006
3.3615743839094754
3.1842195352418194
3.475897291680607
3.3916655611718154
3.5443428127537855
3.324207806828417
1.4381776361165293
1.472261083444511
1.5863022587020696
1.62397598591775
1.6487443789101102
1.8176158161781049
1.8602050919838922
1.887256996757747
1.9020816557848075
1.9034688606336911
2.0681176347624617
2.114638045256679
2.14271125175232
2.1573493332327183
2.1553419031928227
2.116787595492438
2.2507508686852478
2.2989638761470745
2.3280838777092416
2.3380056463632677
2.3408163317765895
2.3408924337971113
2.336371247642271
2.3165889211828192
2.288235717554315
2.4319032724314784
2.4827915492176325
2.5102742337716473
2.5213710206299114
2.519644385781548
2.512959847451828
2.4873490176021487
2.4548845980927765
2.3840394546680725
2.309076591954084
2.1549430196983757
2.082711455525477
1.9776521539277658
2.6529785385491023
2.702775314563236
2.7290005396551296
2.7349631813499697
2.7360002543552575
2.7301607820290026
2.7217002592574406
2.688223921644646
2.648590476964323
2.5764398834264606
2.4761827577905846
2.4048926210852795
2.2986193224635274
2.2126650479223913
2.0948151938949313
2.785696450654283
2.834202424700302
2.8582666770085448
2.8617801063774624
2.855229708233815
2.84258770897654
2.803553985404136
2.758717608277922
2.6660071373322127
2.5687161883455176
2.4897274696147345
2.373508910934117
2.2827255548184056
2.1525730166103245
2.940335191580646
2.98522739247627
3.0061020042775977
3.0043060958108003
2.9781380698596815
2.8804146888886146
2.6680263506737956
2.451353620164464
2.2087308021288363
3.071166256086884
3.103195203944612
3.1041589876885443
3.087022884252091
3.0659954675487575
3.0143301347285396
2.955248375584946
2.843039882015321
2.725482782733974
2.647748492900961
2.492201469560194
2.3917559249164193
2.2345681624349245
3.1768413732429437
3.21245772440894
3.2223275386715917
3.2079679381836037
3.187244828883384
3.167966371329863
3.1066610984227894
3.039458727914739
2.9049903562109542
2.7811062760189054
2.6686496732087153
2.5275220420034277
2.4030524252877092
2.2448014434038446
3.251164972957794
3.2807574756400513
3.2854158612088193
3.2648930051115386
3.2431999585367453
3.214779045795875
3.145816957829383
3.075806813151984
2.9376797050177132
2.7985262238500415
2.7101345491978988
2.5272074423149054
2.3997857897626798
2.2306054956626276
1.4015143682395463
1.4383465740055603
1.5439069528271008
1.584553000627037
1.610784722723989
1.765553710555473
1.8108596231619567
1.8390304053615796
1.8437248998761757
2.003784394615163
2.054208049160497
2.0734774269694456
2.08276842046106
2.08168224162393
2.177838010421257
2.2281717559135266
2.245574173722335
2.2572890721311127
2.2624701452761196
2.250665775043639
2.20789234075711
2.15035228240026
2.348412719349479
2.4013241044048677
2.4184570741127787
2.428797560122974
2.430078711438489
2.4147064343095717
2.3624119609076613
2.2968884722479554
2.150843974337481
1.9764483782388145
2.555335728352044
2.607365946108315
2.625367051118211
2.6317421757411736
2.6275973893490527
2.605962299502878
2.5515640607044823
2.4633596027133313
2.294312804797024
2.0935624507087596
2.6792289992260105
2.7281062008740062
2.742660023833784
2.7498919862529934
2.7412419839851427
2.714977795062446
2.642491607569286
2.55561849545032
2.369172850237093
2.821522556869226
2.8671943876852315
2.8830789606216363
2.8356691075369147
2.654659506762441
2.446977245427279
2.2074815487081705
2.9414211608932264
2.9592023279757043
2.9685415427500215
2.9700190298773825
2.94965126037443
2.910655366956444
2.8189448284407645
2.712171361441657
2.487888841669317
2.233337528240718
3.034135879292807
3.068928167594568
3.0742423024459464
3.071374110175261
3.0419080092367854
2.9948093636731303
2.8819520672435623
2.768081370092687
2.583351163368134
2.5233058691009678
2.244303316101404
3.0970342701933435
3.1260095436553494
3.1282201020962397
3.1206882205960524
3.0829529021206183
3.031732832900135
2.9144743234597614
2.7857548293895187
2.5231494503144587
2.2294836819751884
