0.8955029759047879
0.9205192105964082
0.9253058715763309
0.8924453345816664
0.8500861021995019
0.8116305257033078
0.770725800885222
0.7335972525107294
0.6795504853027877
0.5992742865669807
0.9999368800426588
1.0366850962351981
1.050406881268851
1.0595304497449394
1.036893376766024
0.9896540530586835
0.9433718784437679
0.8931337153190001
0.8472306762087659
0.8011787969660071
0.7563069870626263
0.7188232003581055
0.6463359000963815
1.1126398686229628
1.1293451495605713
1.1430609717439681
1.1595822565898533
1.1634713293941201
1.1651466493249008
1.1192369320000892
1.0666835587497387
1.0076227553210255
0.9530815067314059
0.8981804698395811
0.844607850928433
0.7998105880911803
0.6728788093723336
1.220164267115649
1.2528915227262052
1.2609023627182285
1.274088180370061
1.2792804339714474
1.282073836915309
1.2498683457639121
1.1935337048994432
1.1258022149434352
1.0620945619974533
0.9975985892381953
0.9345319379515719
0.8817528987967113
0.8276428223360777
1.377889442304796
1.3974444406304898
1.4128570180796012
1.43063148766535
1.434522760043962
1.4371723251896802
1.3882571551212262
1.3104206291003406
1.2325138467880308
1.1523215314375734
1.0734821973153337
1.0074057676883896
0.939651512753738
0.8792397954020067
1.4906615717941318
1.5108632953996106
1.5269920374666024
1.5439588603314816
1.5480525768268762
1.5524113901650223
1.5300675385513973
1.4517411464922396
1.3642098733138057
1.2716984331444223
1.1800369909764163
1.1030649013739662
1.0241300046736632
0.9537516830238942
1.5385545486507444
1.446501351060422
1.3464704848584983
1.2465870807154427
1.1625479209461238
0.9995067792528594
1.6290405192246065
1.669549425144724
1.685464625815761
1.6886833784157083
1.6350139796875522
1.54044507198127
1.4323338095771718
1.3229365515372202
1.230583618845494
1.1358243710394327
1.0513462990663067
1.7136907729348265
1.7520791376920362
1.767905761250808
1.7469582921522213
1.6563333295593807
1.5398219490177891
1.4186382149811374
1.3156328520760867
1.209811348549961
1.1154816468421762
1.0226140963642985
1.7788602783363254
1.8135751746383304
1.829041475949097
1.82464924094409
1.7497647710908386
1.6290168384598787
1.498472856225376
1.3864777273200106
1.271180590226163
1.168410712768204
1.0672965232297575
1.8784057623858144
1.8906206153100855
1.893237521341357
1.8874884606235676
1.8475748544319774
1.8085378370967282
1.7275471498496875
1.587704122592166
1.4656995642622734
1.3396099878697676
1.2271515672530897
1.116593486990075
1.9071828654780867
1.93799929914862
1.9499470908526586
1.9353864035986554
1.8267310418326301
1.6797898742947448
1.547774502322856
1.410371963586306
1.287652526537427
1.167085609337933
2.003352815627772
2.0108120374036713
2.01164460991646
1.9993229138847486
1.9893224623794665
1.9450659795403507
1.8810129451147775
1.7965238306212128
1.653033080136079
1.5012059630230616
1.3652271250440795
1.2312936264650827
2.0541414602654537
2.0595520554952103
2.0575521367749534
2.0405218378139556
2.010594045462726
1.9605471093923783
1.9066655346673254
1.755402583369019
1.5901256848150596
1.4406326884156548
1.293690059041274
0.9081508468525648
0.9183010452715706
1.0218086299551554
1.0420989974507084
1.0316804444083825
1.1426222986767434
1.153860590373225
1.2597516719241555
1.2431342443716622
1.395324145132082
1.4176542150330838
1.3818937419252368
1.517484403962084
1.5164627001024438
1.5292208118990929
1.5889249298509036
1.6098555662325174
1.6530291046035612
1.624597875960703
1.6893692439810382
1.7314141104771301
1.7276040588194832
1.7792186517969535
1.7947367384232207
1.7399786135017403
1.8306665924904377
1.8488419596116836
1.9009705262485816
1.905939963016139
1.8183411776957787
1.9667781795783341
1.9282717007995167
2.0077725236627817
1.8978317502973134
0.8369987794410668
0.8580193520375218
0.9201475874162254
0.9432720131195798
0.9589207947982334
1.0493910539772948
1.0753823920762233
1.0924242979835495
1.102632659217202
1.1052908864081368
1.1887122111131463
1.2169570229729412
1.2346701316514215
1.245005868104982
1.2460000117580836
1.2280800723848255
1.2899379271722784
1.3191247845197613
1.3375388984873853
1.3444738379069152
1.3468739445406075
1.3480346427281673
1.3466938532130828
1.3378201192885109
1.3239065181750012
1.3901435085323148
1.4209144621974734
1.4383861108487919
1.4469837777733714
1.4472704039817632
1.4447906476052816
1.4328831835840932
1.4168094618394402
1.380559276141769
1.3415426135418869
1.2602699536203648
1.2218792432581216
1.1657325335765645
1.512375151129903
1.5424930089826954
1.5593786005252643
1.5639127306766616
1.5658567102264391
1.5641913671219199
1.5606125783077496
1.5446304578338348
1.5247904804655428
1.4877672814270493
1.435505597641195
1.3980111651667608
1.3417891270105868
1.2960304578288937
1.2329556200307203
1.5858457626485112
1.6152634427724717
1.6310098830663717
1.6355563993643005
1.633286288706515
1.6277542273427712
1.608890174797812
1.586282002998993
1.538527078075643
1.4877009145102953
1.4461092937309767
1.3845350370246785
1.3361487003927623
1.2664522254952213
1.671671838632998
1.6990017970944675
1.7130886233804479
1.7148453925135365
1.703304248891228
1.6545187816094145
1.544025862700653
1.4293098661582038
1.2993859009529103
1.7458160464707864
1.7669082301734358
1.7691878915105592
1.7625275159123361
1.7525959860332367
1.726993896539562
1.69689630517592
1.6387387939509592
1.5770503573266632
1.5360131328597277
1.453363406015015
1.399669569835997
1.3152288852364857
1.8041263422080724
1.8264045877155053
1.8344970328764958
1.8294594663120856
1.819870746416237
1.8104881332735874
1.7797494514707801
1.7452468685163227
1.6752295400200254
1.6100271930208798
1.5504463517846274
1.4752038247502208
1.4084739426948947
1.3234079901376812
1.8466279965499501
1.8655778097149638
1.870721357732086
1.8623930802325812
1.8521045367149314
1.8380696211701255
1.80315158384257
1.7670559685467357
1.6949288493275694
1.6215453289569675
1.574593524773629
1.4768540737092957
1.4083516798490245
1.3167631000165052
0.8174767736748115
0.8403057487833697
0.8976676782863292
0.9227518077599518
0.9396562219501907
1.0219527379357256
1.0497502322617398
1.0678818356132642
1.0743206254504414
1.154920111498176
1.185727724160246
1.1979766066233348
1.2042265969859103
1.2078105239101995
1.251820654935421
1.2825168481617264
1.2935349669908198
1.3014385851989423
1.3067975595617811
1.3023345668964275
1.2815548402531245
1.252125925088581
1.3465598010881186
1.378774907726953
1.3897285065100464
1.3968878367492379
1.4002272479499909
1.3938609696616366
1.368169187253489
1.3345398463911529
1.257901104181361
1.1650320011002777
1.4614854079327806
1.4932262259831262
1.504958399034024
1.5097248505029914
1.510267175912418
1.500589755934036
1.473603338247008
1.428178424822601
1.339313101677781
1.2322299567864738
1.530446939770674
1.5603479778829414
1.5698975148218313
1.575474736740406
1.5736891806418216
1.5615270810468376
1.5251739361313348
1.4802391690443588
1.3820486408121768
1.6098264635781165
1.638000514524164
1.6499187639202502
1.6292840386089409
1.5364348542948418
1.4268071972398
1.2986653957247674
1.678297067434987
1.6897877640415988
1.696234762286814
1.6988231625722567
1.690673682177231
1.6718015070705579
1.6251298591585432
1.5695047756832012
1.4509006806009712
1.3145197067510548
1.7297961290252213
1.7519463436010088
1.7570114779346828
1.7565189280803597
1.7438167800319269
1.7201826163365563
1.6622419437018183
1.6026571144701636
1.5046493512620815
1.4727989715523795
1.3227282790406831
1.766083264649058
1.7850847511805321
1.7880219150132382
1.785562111169899
1.7679792881618703
1.7423399095029921
1.6818605019786512
1.6143224766929534
1.4745393171852397
1.3161161556509433
