0.20357498489518444
0.20541193433055324
0.19456434855760107
0.1776791174988649
0.15948742579473535
0.1440357196803689
0.12824731631984881
0.11439054143176354
0.09493736809655218
0.06752413514301485
0.21354372225628918
0.21698669830247053
0.2170204969450979
0.21382728151179287
0.19794859852456084
0.17797365451628902
0.16045486673957135
0.14242741325060657
0.12660330016171123
0.11128144629754032
0.09682018114961068
0.0850928281218321
0.06336169255605781
0.22314582277276673
0.22469858903336035
0.22562250218688068
0.22585680637065708
0.2255901869690377
0.21488816832233054
0.19434219892662252
0.17516289824172124
0.15514282435343374
0.13752344851502216
0.12048082545228003
0.10443341106672675
0.09145781938804728
0.05694806390030198
0.23068388149242597
0.23287979797045633
0.23303672114645135
0.2324273159166816
0.23133292262272412
0.2285574227283924
0.21012706138286932
0.18972795823842692
0.1678138142954626
0.148396706373158
0.12960963559347122
0.11195256889140202
0.09770907860980275
0.08363229693248084
0.23917033585460343
0.2403024822834219
0.24074814506365322
0.2401704916448746
0.2396324730857771
0.23135378186156116
0.2110824475093626
0.18683146149811516
0.16477678391776637
0.1433308810559347
0.12320881037939482
0.10701445753883299
0.09108640352971967
0.07747149924363192
0.24323484342910118
0.2441710998731387
0.24440597459903723
0.24344259502168814
0.24272434155058423
0.2408610840582576
0.22582891268793442
0.2008267299610946
0.17700063129156465
0.1535834388204724
0.13157421414290874
0.11390973233509409
0.09657587266984886
0.08182236878119423
0.2091800909569863
0.18446148993158032
0.15990330890473628
0.13670895626595675
0.1181252947270789
0.08445103641854015
0.2458945028504064
0.2461461097066013
0.24390765272648082
0.2410148052199677
0.21824365040961807
0.19282794558830157
0.1669877407670118
0.14251557623354738
0.12288447932795225
0.10368251260859454
0.08740708839123791
0.24597396290291448
0.2457806457921118
0.24297693843664908
0.22835498316340969
0.20291226719061642
0.17572443100598958
0.1496727128415862
0.12874203468817677
0.10829660233495955
0.0909990947144257
0.07481202174754306
0.24512799365401974
0.24468461997180405
0.24194747347477302
0.23400591691223216
0.21082758907053561
0.18282961664720473
0.15554278096149252
0.133540743008549
0.11206512887176123
0.0939305337550338
0.07698182235211025
0.24217819794194148
0.23984335296901388
0.23735831349217892
0.23235701900695827
0.21882247232717797
0.2088127334414294
0.19049557253358637
0.16195896052737643
0.13879613039840158
0.11617876503355994
0.09710109358470505
0.07931866007069978
0.24014892548146122
0.2388477419078101
0.2346011895195658
0.22562070188139877
0.19803458972262586
0.16846511290847724
0.14415900963519745
0.12036829014926334
0.10032112917669789
0.08166974032425856
0.23304941539536325
0.23057186678256136
0.2283413831163193
0.2215460334293762
0.21809551540786862
0.2066866784886209
0.1928548604328475
0.17651715102339574
0.1508687478881985
0.12562155939046837
0.10434177569811613
0.08459880073030607
0.22603297632463623
0.22374323582517672
0.2197572403305325
0.21311042542885714
0.20516514134980557
0.19428111633009626
0.18383783704409423
0.15720166107589564
0.130601974661124
0.10813245659883185
0.08728903268270102
0.20032218460570275
0.19313019464705128
0.21134751506999644
0.21045507697133467
0.19700009958754439
0.21976648952328678
0.21292875228238467
0.2248576011243233
0.20907969122881137
0.23366273237769405
0.22849199117584765
0.21020542100621462
0.2359865377184341
0.22402646209102633
0.23725433889954642
0.23098613980588198
0.23836436768335872
0.23650829595364073
0.2170162323570347
0.23807573625239567
0.23592803285592867
0.226136391288903
0.23620644855513784
0.2306619425396263
0.2098031183832525
0.21709026227128217
0.2315173873543894
0.22953405888908612
0.22266630204366714
0.19725459458762354
0.2210712134022943
0.20516238400623923
0.21020109710923113
0.18311767521056663
0.18239390805759287
0.18462381453379273
0.18998964679676086
0.19212455257356317
0.19266202301061874
0.1997763664434837
0.2016927551804715
0.20188087498829715
0.20043131386505256
0.19731534416496968
0.20770615637785933
0.20922074465268162
0.208996351023238
0.20697852575221232
0.20317490602267668
0.19280673803207052
0.21180288428553803
0.21295281923830167
0.21233059348148356
0.21108265834857506
0.21000750189347553
0.20815355572791133
0.20579730200236052
0.20028473326240626
0.19438714665431175
0.21435359863708855
0.21509711177129884
0.2141449414381183
0.21129713301002728
0.20922178977352468
0.2066641128927266
0.20057268729307512
0.19452686658276888
0.1831108099990606
0.17214474321599044
0.15113154923271807
0.14166159178356622
0.12832027768152893
0.21526250369193853
0.21547945887907125
0.21391182217609972
0.2125064552759134
0.21050039537817666
0.20766851164146855
0.20533547738602914
0.19863424595504553
0.19220434407938775
0.18184260629333376
0.168662688961023
0.15974804097681883
0.1469682014558624
0.13687838352972792
0.12347443753292414
0.21438076324668157
0.2140921134505974
0.21230408281622312
0.20865755312187115
0.2060883116423058
0.20298766802690013
0.19600191964065808
0.18933158308922812
0.17706019276332416
0.16518174832557958
0.15600118376349756
0.14291220550540676
0.13303439243574386
0.11919777715277063
0.21164654648002346
0.21081527090999294
0.20849789911153135
0.20438149750521664
0.198327651446177
0.18415931762291987
0.15953058858992025
0.13683780612482804
0.11294879547976824
0.2077349918156796
0.20482739748474244
0.20233892567308587
0.1972965109150585
0.19358013888677106
0.18613377126138203
0.17875524528474707
0.16623854578076036
0.15395073517620103
0.1461736167075515
0.13111959711271567
0.12170053681544651
0.10739534493524813
0.2010952091895696
0.1992520964585476
0.1961324121502226
0.19121255733598166
0.18751317349198962
0.18468048706433385
0.17700780276067102
0.16951378653016394
0.1559497463461016
0.14425672573550194
0.13409829585065075
0.12168721756477739
0.11111034190276695
0.0980828282614384
0.19426819962087755
0.19203510112583708
0.18869489836312636
0.1835958544256518
0.18017562038557208
0.17638982222404279
0.16854363625441815
0.16137850800869638
0.14835546708603126
0.1361728404634894
0.12863414284521008
0.1136403797384435
0.10354177255270273
0.09052428046194307
0.17394212249317903
0.17613402402316697
0.18086842368480482
0.18294175983249283
0.18297864653512788
0.18967080160043173
0.19142335117631876
0.19106400255825845
0.18503160238857297
0.19661116059872827
0.19793712516783207
0.19764732407885405
0.19693031702941896
0.18989781381324866
0.2000252447799065
0.2009316292420183
0.20054398103509607
0.19954616142534443
0.1960917663694158
0.1915320560903872
0.18227024446427187
0.17228342155700513
0.2019524513672022
0.20241034570123068
0.20180022953394505
0.2005527441956979
0.19650074626365402
0.19172411108235646
0.18165393329588872
0.17135105654364804
0.1508827940914028
0.12825355638719377
0.20212586382710543
0.20192537612264663
0.20076171541986493
0.1994555573505045
0.1947582668660785
0.18953240483456255
0.18033054490836528
0.16791405802714618
0.14673444712323575
0.12341258843900042
0.2009208050211662
0.20030722509118565
0.19912671112797792
0.19731465126121261
0.19227399956611843
0.18676675515281463
0.1757306505766689
0.16446779858140065
0.14269307553139046
0.1976762565945374
0.1964930285744332
0.19297355325000926
0.18174572382774526
0.15886154614567496
0.13663535354772996
0.11289659052007316
0.1934519414401499
0.1924303762051731
0.19094791662799213
0.18849991523640533
0.18278703960132897
0.17649949939401843
0.16506125107301234
0.15332674382268763
0.13093318859741818
0.10734742715544186
0.18665209794705923
0.18434420069328983
0.18202690806569366
0.18001371478287934
0.17395196339308336
0.16745417761200324
0.1549304368454455
0.14370206893814266
0.12676846022533433
0.12152221210360144
0.09804154239105678
0.17980085661628417
0.17716524652853657
0.17491252461926782
0.17213813196445954
0.1657721106754552
0.1594769382692138
0.14739514594857098
0.1356656483496795
0.1134928632078899
0.09048798823776709
