1.1309618924055875
1.1631803378387378
1.1711750843030664
1.1312768357608973
1.0793332950141528
1.0320331845746107
0.981650653850765
0.9358766310993412
0.8691657325169416
0.7698489046906355
1.263440088481488
1.3106107266385132
1.3284434088212427
1.3408594210543725
1.3142395485101388
1.256449088574948
1.1995021827320267
1.1375607812368673
1.080892118339153
1.0239734444466682
0.9684519190069434
0.9220142265093684
0.8320229309491775
1.4067892406298301
1.428218636091832
1.4458767179396845
1.4673112134540378
1.4724148654663836
1.4765848416007776
1.420804281443677
1.3561749721035554
1.2833086065668073
1.215905069343084
1.1479662784051998
1.0815901803384596
1.0260140962233657
0.8680801136309331
1.5436904532222544
1.585807438205131
1.5961895218089928
1.6134477042466264
1.6204158061946503
1.6245863218496026
1.5863842725098503
1.5172483521824764
1.4336822759076038
1.3548669358269896
1.2749679781739218
1.196733608951848
1.1311727289810323
1.063864272013874
1.7448191874340233
1.7699954481136122
1.7899346418267077
1.8131578618072326
1.8183290434322033
1.8235436122707547
1.7642787633521329
1.6683450393205368
1.5719093080148336
1.4724321138808558
1.3744746615943906
1.2922535134032405
1.207821159045679
1.1324098593110834
1.8888776907822868
1.9149378889028768
1.935845366429393
1.9581116697049785
1.9635941462005886
1.9696726406578822
1.9439708012832098
1.8477959170932332
1.7394545248660536
1.6246132590262172
1.5106099669771802
1.4147228756492514
1.3162409788229583
1.2282805862497777
1.957939199131245
1.8440603313577206
1.7198499656078772
1.5955553722887497
1.4907996554337013
1.287078174249796
2.0659524134814933
2.118527657870999
2.1397296232018834
2.1445919038276586
2.080222111725428
1.9633909552881563
1.8291314671011225
1.6929296837047187
1.5777379026914642
1.4593541819625302
1.353621024022426
2.1744841440096985
2.2243969202748732
2.2456217281047164
2.2219647874590747
2.1104587395158076
1.965806213977913
1.8148612884651112
1.6862958264185999
1.553991133566083
1.4358315877596706
1.3192970538003836
2.258164530378169
2.3033466778957092
2.3241032674352673
2.320368235008473
2.228892478210296
2.0791027626664045
1.9164671494634014
1.7766169178921556
1.6323960543897293
1.503575957509693
1.3766134461546407
2.3868124386052028
2.4032586693285527
2.4073042378685026
2.4011009087119413
2.352717837748917
2.304589655293152
2.204129525941911
2.0299108558544567
1.8775001344381663
1.7196816188192492
1.5786467548403684
1.439738613656898
2.4233576439936746
2.463608891616392
2.4802364432843635
2.463663544468974
2.3298259021642327
2.146840270075297
1.9818756640619835
1.80983617561698
1.6558376546500242
1.5042656258718954
2.548150511090513
2.558496376252709
2.560143935428041
2.545971951962475
2.5338988228710337
2.4795129326673844
2.4000923607885225
2.294841782528604
2.115542653904639
1.9253314163375272
1.7546136536413697
1.5859529947143218
2.6140861504639323
2.621708016470203
2.6201837688361405
2.5998790470409476
2.563202492648775
2.5012496380389573
2.434214826997274
2.245285672229633
2.0381781524600773
1.85040756821023
1.6654656231648706
1.147920103502454
1.1623011571151982
1.2922481474507932
1.3187795549360175
1.307626162102785
1.446372580928422
1.46226887526683
1.5962750321438628
1.5778289789864506
1.7686000936343393
1.798756716635445
1.7561842147739228
1.9253227923818224
1.9266712251247373
1.939303150587391
2.0183549860318895
2.0427310030573156
2.0992815504259354
2.066960044008554
2.1447389494088194
2.1998951807638076
2.197333661762157
2.2607675490376278
2.2823119934546545
2.2164201713224125
2.331179523903198
2.349764379895515
2.417934301393555
2.4261748143234305
2.3191207412566532
2.503825387604781
2.4581067880446676
2.5581725363713423
2.4229418409794374
1.0583203628646216
1.0852951083825138
1.1641275216064049
1.1938364084254323
1.214109790850268
1.3288178550686733
1.362274019706531
1.3844108085198563
1.3979704196724256
1.402044763384949
1.5066732271669174
1.5431191670724638
1.5662303234082817
1.5801045290308326
1.582191971319576
1.56106283621619
1.6361310390890762
1.673863180774445
1.6979588993352235
1.7072608781899712
1.7106205021373728
1.712537570627326
1.7113155123776222
1.7009852348291596
1.6841908229021665
1.7644719880966524
1.8043389483766392
1.8272939135046224
1.8391371183478435
1.839993795295137
1.837360447487524
1.8232766421427162
1.803776574438234
1.7592721971785312
1.7110859965130116
1.6103202743329346
1.5626248965191099
1.4927680058351727
1.921339257099384
1.9604672791415105
1.9828094771950486
1.989049265686714
1.9920893353015388
1.9906048220284627
1.9866077704555927
1.9673673069934696
1.9431421844884553
1.8975387929035767
1.8328207662839047
1.7862662684770527
1.7163328366283421
1.6593384331421845
1.5806712873464577
2.0158311667516404
2.0541576703705786
2.0750986856894937
2.0819264851148223
2.0796179818929814
2.073234872347155
2.050445124414601
2.0227292904118577
1.9637530054099719
1.9006848309265512
1.8489482274273932
1.7722378055221677
1.7118318845906504
1.6247631272233904
2.126444695774932
2.162173184901468
2.1810933521092872
2.184457978458591
2.1710318254050427
2.1113326305190117
1.974182367454322
1.831060501381197
1.6685353131713518
2.2224818816750003
2.2506635692463184
2.2542878350309588
2.247001582114572
2.235075295233269
2.203795021364025
2.16665781768551
2.0944591699284705
2.0175999103336664
1.9664047423070155
1.8631080395044106
1.7958178347250784
1.6899758158755696
2.297953674065525
2.327361607765383
2.338721491147166
2.3335159306270863
2.3220849076865773
2.310676959533664
2.2728792594850273
2.2301193946974105
2.142945214579096
2.0614966607111
1.9869301407876014
1.8926436765943273
1.8089149879324793
1.7020288974797326
2.353458833084697
2.3785573047677175
2.3861556317321395
2.376766505814346
2.3643598013794143
2.3471856890049683
2.30406300738087
2.2592065502886864
2.16922647529734
2.077337716923189
2.0185568397342037
1.8958733611104348
1.8097747445252044
1.6945163002730088
1.0343287554516425
1.0636665079765844
1.1364816753009725
1.1687519167088953
1.190752022767778
1.295014495372378
1.3308553916607417
1.3545441490699253
1.3641315943969967
1.4649815145057468
1.5047981154788381
1.5208069243627511
1.5290953130376235
1.5352713631966046
1.5890399805159243
1.628805343588947
1.6432357668759097
1.653752269626321
1.6615028737673334
1.6567210061376736
1.6317674530290052
1.5957122954261003
1.7105369883916728
1.7523658043276569
1.7667720971782472
1.7763869162426935
1.7816851070297621
1.7745326135501749
1.743463012604447
1.7021447555032518
1.6072898057174945
1.4918696690114168
1.8582408967416715
1.8996183779379938
1.9151663130442094
1.9216922428693044
1.923564194633788
1.9122758360210543
1.8794577218036226
1.8234566028505852
1.7131621005839985
1.5797396919034155
1.9470736728888882
1.9861304918457514
1.998848623474276
2.006578385492097
2.005552073113723
1.9911409917953216
1.9466957940897593
1.891143527003885
1.7690518747366932
2.0495561552955057
2.0865245687913476
2.1029527305802875
2.0791133104107917
1.9644700382055407
1.8278516509550893
1.6676090529148015
2.1384463676889656
2.1536553125548723
2.1624442470077283
2.166479977035147
2.1574327484429543
2.1346048424167425
2.077058647415491
2.0079418650783065
1.859949257653684
1.6890636847245442
2.2052605092888835
2.234657844135189
2.2419442749064
2.2418036780040307
2.2265635272121114
2.1980922186884078
2.126331620568645
2.0520592777610127
1.929463497203639
1.889557540084903
1.701154234971957
2.252752206877219
2.278152724066452
2.2825907711026496
2.2801642438343177
2.2591391947156216
2.2276380872838746
2.152507281447887
2.0680878434805017
1.8929023544928683
1.6936836679498346
