0.6155499543016546
0.6303092282971309
0.6253897728398506
0.5958942808110617
0.5602086721346651
0.5284181147734953
0.4949010315770856
0.46465932171799057
0.42085171680307376
0.3560425707923472
0.6747385160844659
0.6965550545689619
0.7037759597939671
0.7062124502718552
0.6825684954382579
0.6428123609539893
0.6052446972119536
0.5650148983668104
0.5285574026490972
0.49220893073576977
0.45692919255332487
0.4275374462710221
0.3708885429305801
0.7375029929444846
0.7472766301344803
0.7550275150120724
0.7636762193156967
0.7654619271296543
0.7579641137095297
0.7182432909612969
0.676025936483356
0.6295810294966272
0.5871643433014603
0.5448000338494066
0.5036733046476557
0.4694228665530115
0.3729594094647799
0.7952108039327088
0.8134114605556587
0.8175580573010682
0.823670868644177
0.8253765230537049
0.8244916423053067
0.7931157409286963
0.7478461759112721
0.6953560657017973
0.6467549497366696
0.5980230878994436
0.5506849705661919
0.5112791432395
0.4710847499534238
0.8762913612406388
0.8867875958922532
0.8946588459002267
0.9027783440531728
0.9041956142909735
0.8981440901682346
0.8563094790799293
0.7966254848180917
0.7386237550595235
0.6797447616293618
0.6223834649061945
0.5746519033686033
0.5260379661884641
0.4829906897120694
0.9314229762571633
0.9418942581123488
0.9497730202290174
0.9569321825769005
0.958216023758345
0.9585451634397422
0.9338660351369974
0.8730573115864708
0.8087118308628625
0.7420391653920579
0.6767385840996326
0.6223744480057586
0.5670639449775238
0.5181472691318603
0.9195611316513506
0.8521526610913138
0.7807705013610023
0.7104553952354358
0.6518605898281861
0.5396236927955992
0.9956175985066806
1.014603075989448
1.0197308311854483
1.0183487263623998
0.9707882702226948
0.9014294669955123
0.825001170094899
0.7489425371372269
0.6854310183932518
0.620865945268442
0.5638685358749689
1.032639387151033
1.0498861057528985
1.0541576580824032
1.0295099543619521
0.9617524079822011
0.8800241925274751
0.796917730122932
0.7271852926660781
0.6562891009775131
0.5937496622217381
0.5327188586931755
1.059775799925622
1.0748854425576166
1.0788997159627134
1.0684524335846262
1.0099714125696542
0.9253965522010232
0.8367247948486892
0.7617985800797857
0.6855464815427614
0.6183187632472052
0.5528047768643375
1.0994029823345832
1.1022392150970883
1.1006566553876937
1.0925893084984428
1.0599344184504245
1.031522510756212
0.975192836100931
0.8809764847063583
0.8003161991584622
0.7180042152367883
0.6454722612064782
0.5748843786249671
1.1083969770763429
1.120349085425513
1.1206997353124502
1.10409736961905
1.0249671788137367
0.9264109671388214
0.8400415351829724
0.7514481730629863
0.6733454783762741
0.5974370996279934
1.1401830246110483
1.1404244377767458
1.138159654723524
1.1246679385077545
1.1164827754378406
1.0837259110873838
1.0396318556488537
0.9836270921374302
0.8907136920615172
0.794223332750795
0.7089271094711407
0.6259948815750805
1.151922161497871
1.1513754028113488
1.1455774608895335
1.130138885505495
1.1076752504776122
1.0729782942903927
1.0371358629655991
0.939665793753182
0.8357743979456618
0.7434476745694598
0.6535888495940197
0.6202019803131776
0.6206529436981404
0.684689112419836
0.6946486226971778
0.6791605121259097
0.7503382738417171
0.7507040995258007
0.8103570278560387
0.7889166345216019
0.8800333930678114
0.886223886157961
0.85248111450389
0.9375614966365273
0.925795740451463
0.9426216597850853
0.9644499819337119
0.979517375292675
0.997550856294994
0.9648158147536143
1.0136729813423937
1.0304997095789075
1.0185222848112319
1.0506467187850912
1.0516156333319757
1.0045509682065297
1.050642295638595
1.0734042799367458
1.0937841137541318
1.0880361875809255
1.0204747923161488
1.1104394214840254
1.0748129735988075
1.1128930673074853
1.0325771787710214
0.5697408755602489
0.5825460257962143
0.6168285836561578
0.6305180137793743
0.6390997247799236
0.6873644385864963
0.7020939706892985
0.7108797669031758
0.7148798349247951
0.7137117788828028
0.759810520382549
0.7749940594644628
0.7834928040115235
0.7868060624510553
0.7839728862995554
0.7660889233835801
0.8100213712617311
0.8250817905429536
0.8333437976394541
0.8355250850200542
0.8356887166795398
0.834534102677961
0.8317192318449568
0.8223732275720606
0.8102378381519654
0.8574995169991644
0.8726513457006264
0.8799274858962531
0.8811926953545604
0.8793263148960679
0.8756710728253553
0.8641504076778158
0.8507057830029808
0.8224920835868754
0.7933680898232195
0.7342439789236794
0.7066665068772389
0.6666977343201054
0.9120750908414529
0.9260621443770031
0.9321308067962167
0.9327540403576303
0.9315718886801945
0.9278732074691869
0.9238479690987588
0.9095482296044307
0.8937932234270348
0.8660387053532981
0.8282902454157749
0.8017071543294226
0.7623671138537068
0.7305836033079613
0.6871767744057484
0.9427346926100844
0.9556339988354743
0.9607691438655835
0.9588762832718032
0.9550756273518087
0.9492540773083065
0.933228635900678
0.9158285645427624
0.8810122305249117
0.8451467903409332
0.8163315051458387
0.7740959876642687
0.7412503790721912
0.6942678515098861
0.9759450486333557
0.9870139430229472
0.9905628224699152
0.9866959674780362
0.974734471555197
0.9371392505004066
0.8602127769955759
0.7832560691451073
0.6976881724065481
1.0024434401729774
1.0081561103054009
1.006205482563224
0.9973586066845698
0.9886656067833054
0.9688284264107014
0.9470706284613766
0.9069495710892478
0.8654929807054146
0.8383146033197609
0.7842167491733733
0.7494063191949043
0.6950601177977616
1.0178333584061958
1.024885889505027
1.0245762730179047
1.0161602395093827
1.0074836271315073
0.9999766496880987
0.9773781664579673
0.9533606710826465
0.9066432449602839
0.8643268258264342
0.825992966297627
0.7781400209462064
0.7361285170639162
0.6830183907580619
1.0260203794674647
1.0310547678901225
1.0288646856250763
1.0187780748966107
1.0100709398552419
0.9993026899073285
0.9745148807863604
0.9501898508395089
0.9030049997207162
0.8563190179224067
0.8267351246700807
0.7659304450798836
0.7236782554858738
0.6676886732748419
0.5534818607458941
0.5671925549483834
0.5984525365623353
0.6130710810982747
0.6219019298051189
0.6655693185814539
0.6810161964298754
0.6898667373533708
0.6881426689775119
0.7338837998725566
0.7500870253615753
0.755807281837762
0.7582222024294031
0.7537159420641908
0.7812622777856757
0.7967538531450414
0.8016426031295057
0.8044780053409099
0.8037972163315034
0.7973859647357079
0.7787336383387469
0.755224274358315
0.8254274086254679
0.8408964688783788
0.8454147479190219
0.8475150275348998
0.8450624408404549
0.8373592445130472
0.8153519901685733
0.7893681112962097
0.7329154392364069
0.6663138595336838
0.8757039816616047
0.8899059713552706
0.8939958462064959
0.8948080244775661
0.8900535493337373
0.8801350336883305
0.8581100271764146
0.8242319608073668
0.7610216223650138
0.6867919623122126
0.9038532543358268
0.9165109976341627
0.9194620295753042
0.9199690944886034
0.9136275559798652
0.9021172575511389
0.8736873976828825
0.8410930204577378
0.772771738190403
0.9334608345874692
0.9443930616258196
0.9455132195430961
0.9234856879196968
0.8561864261638011
0.7819558854095081
0.6973236434391256
0.9568985993847473
0.9605480834249506
0.9615756636069229
0.9597397928966175
0.9494108703360084
0.9337331434482318
0.899788787635582
0.8615634012125023
0.7829614361445559
0.694708408147574
0.968904758728176
0.9752586584593586
0.9744348329959164
0.9716708481473625
0.9584755363355864
0.9403775623184036
0.8999908850639518
0.8605893392023352
0.7972171621266869
0.7769476659485496
0.6826911610082428
0.9743507843811411
0.9787159526128947
0.9769670224375204
0.9722737475156532
0.9565379306029856
0.9376237040854795
0.8964338971566632
0.8527272634168372
0.7648060127150826
0.6673838778275899
