1.1973304727209229
1.2334853267862733
1.2492789146764895
1.2134758108876365
1.1647357972849166
1.1198666264934904
1.071858311129019
1.0281521819162265
0.9643235015013221
0.8692144469994831
1.3494244156019883
1.4023947603978448
1.4232774261890964
1.4399635489473421
1.4195279328720274
1.3655473100561457
1.3111171842988676
1.2514567064248372
1.19668353767175
1.141501124613791
1.0876166517143018
1.0425177081636068
0.9550464826659317
1.5153450966372213
1.5396008068232723
1.5598459931594881
1.5850810837575533
1.591328691108748
1.6041903841394236
1.5534566633200035
1.4914919437213159
1.4207012409736939
1.3548892620198354
1.288287761090186
1.2230931359716155
1.168438868926717
1.0128636429288835
1.6763772671966262
1.7250917999862247
1.737405707757589
1.7585761187629199
1.7678032321259758
1.7750462539527254
1.744231709319945
1.6782334585977483
1.5965413600080054
1.5188366889555411
1.4396752316991546
1.3619509496623576
1.2966921933454865
1.229575428879776
1.917417868946059
1.9470388059123032
1.9709091105244005
1.9997118677662888
2.0064987346639613
2.0204045919385623
1.9669940388528768
1.8730005388478188
1.7767954153355834
1.6767839045428434
1.5778800965704853
1.4946172022562636
1.4088875499683216
1.3320993596514557
2.0936896509756435
2.124813930020345
2.1503358998146886
2.178697172524712
2.186162024836514
2.1954964935089825
2.1789314363193673
2.0859297939676456
1.977251376249986
1.8606935888851643
1.7443064686374072
1.646035409405452
1.5447731757083203
1.4540021924979347
2.217245735427152
2.1029154999847397
1.9762211675797872
1.8485259250881696
1.7404196911112393
1.5290033548512971
2.3149378586602745
2.3802732722374373
2.409213398691386
2.4184856770815233
2.363627263616704
2.246714017769518
2.1091694186017556
1.9682962877199333
1.8485343815201682
1.7249306527726354
1.6140532993535532
2.453569694214954
2.516615338513462
2.5465423652892314
2.534268284562051
2.4245845761710894
2.275916521360354
2.118669206430063
1.9838601955340387
1.844443444524497
1.719328314739496
1.5954699025563723
2.5623125260006465
2.6200845444457475
2.649805297011906
2.655007737083004
2.568365365294964
2.414509444856825
2.2442775746037515
2.0966908184891038
1.9436424817110576
1.8062098645930513
1.6701933480198605
2.7318917984354876
2.755945129752185
2.7643898969623386
2.7631099720313355
2.719369934186512
2.671347862164398
2.5678922381000264
2.3848217373938434
2.2229528817261848
2.054266212341859
1.9026136605667756
1.752570704612662
2.783419825197541
2.837032584293771
2.864301929826678
2.855559592368754
2.722546880399952
2.5299782619963507
2.353794940259699
2.168638461762229
2.001827129978923
1.836810994265687
2.9569045568646035
2.9739988824990995
2.979459123728317
2.9713838907623806
2.960801179480888
2.907489968449029
2.8255293103670187
2.7141416012456645
2.5216591601659935
2.315394400180955
2.1285936725411148
1.9437418892834093
3.0553749346801213
3.0689661532940242
3.0733254705421817
3.0573679191333247
3.0221639747989824
2.9587329655210097
2.888106601021289
2.684926865788921
2.4589561753972258
2.252280390788173
2.0474296987009226
1.2188064773108598
1.2398439885054435
1.38453961491771
1.4162655867884613
1.4123812206538184
1.5646175878511528
1.5885950771678004
1.7439616393426358
1.7347692892735336
1.9511629322905542
1.9926989293144257
1.9578802388534562
2.1455125103598847
2.1593122335749824
2.163933678134255
2.2687041156128633
2.2939252271017225
2.366658716704308
2.3483285606733055
2.425035903209367
2.4971243856892698
2.5057095793503343
2.576324428698483
2.610691176281712
2.553724301946161
2.693986617752234
2.70033993444953
2.7908762642125664
2.81120971111927
2.7097628805389733
2.916953410206289
2.8818169254941743
3.0071608045116522
2.8743963915005244
1.1256360549130862
1.155573753399106
1.2471738579349358
1.2805795147948273
1.3040073203833529
1.439472589760546
1.4778411461652472
1.5040739583078973
1.5213745669361658
1.5286304639574912
1.6515668712603933
1.694347500833359
1.7225123545506211
1.7410844117408488
1.7469784465533622
1.7306310308521806
1.8090412804983784
1.8541238562114402
1.8842319331341066
1.89682761596631
1.9019802633578229
1.9061273251197526
1.9069147032053222
1.8996237840830754
1.8848013324350414
1.9680818701279916
2.016674048470231
2.046117499172275
2.0638042343650453
2.0670450947609256
2.0664995216575566
2.055540408563188
2.037847553312056
1.9950297432330213
1.947247804591797
1.8456682725204758
1.7972208202679611
1.7259378545176232
2.167018459462522
2.2158792749650704
2.245801350617948
2.2552825291397807
2.261443393560185
2.2629459327344827
2.2605646145224383
2.2444984224190474
2.2217464740881594
2.176918653317374
2.1116124170434314
2.064064901717648
1.9920733443074639
1.9331576432638542
1.8514357466489642
2.2897691668164546
2.3386623130351607
2.3674538598510018
2.3807168485667902
2.3810449740847694
2.376839599092618
2.3568659480165026
2.330314856744385
2.271378414997082
2.2068961371120235
2.1533980330945344
2.073599286749675
2.010459690135605
1.9189672842008074
2.4370632418130147
2.483935738673323
2.5113469508098074
2.5212658851723453
2.5124277517731177
2.455622338899086
2.3146298351033945
2.1639919216497896
1.991169683119413
2.567987267907394
2.6085685450793403
2.616889929077617
2.614879247978783
2.6049677438028924
2.5754906658881196
2.538437103508904
2.4639472781001714
2.3832569073773566
2.32900000362354
2.2187413922005335
2.146655077176673
2.032594407996957
2.6784558750081846
2.7196909824474518
2.7394910128695633
2.7405237054669365
2.7315340090118947
2.721194188555154
2.6842257086356884
2.6405410398917906
2.5488858522350575
2.4618729872168634
2.3814410107340542
2.2792711465806437
2.187929342603099
2.071095834148507
2.763325616972347
2.800151568631435
2.8158120773733692
2.8121827827141193
2.8016702319457685
2.785535716041904
2.7423411232213883
2.6956789503520127
2.599362170309929
2.5004529756250595
2.4364923597271746
2.3019976547664607
2.2071179681320943
2.079555605788541
1.102863485440192
1.1356141281322252
1.2207117524707105
1.2572209424890628
1.283057397221275
1.4066670821537273
1.448101796272948
1.4766624437610125
1.4929164833259438
1.6103891390789442
1.6575135770681766
1.6772068994875369
1.6879179111874618
1.701807793721107
1.7621828313019157
1.8101111875751206
1.8282178841622803
1.842120090490038
1.8550685628556194
1.8537400705933678
1.8323954839704075
1.7982317634209266
1.9137399870496252
1.965201693678752
1.983740202498442
1.9970396550489249
2.0080317556002716
2.004361303742292
1.9768515208287953
1.9369197415070531
1.8421367984379395
1.7248793691001294
2.10247300396177
2.154797182397769
2.1758121784029
2.185606447883545
2.193702634479935
2.1858608180259713
2.1558128331450823
2.100624876559304
1.9883182897200558
1.8503194154008804
2.218784105441098
2.269213745815208
2.286906800915829
2.2991004025086124
2.30431306603272
2.29323773079906
2.251262388147676
2.1955901231200623
2.069787278958696
2.35684582962715
2.4059453925496377
2.4320339168681326
2.4173545380061547
2.3029800171393338
2.1601034412442535
1.9900326602332756
2.4794721501975996
2.500477450803041
2.514324738751311
2.523250289377094
2.5200897627478858
2.5000223522292577
2.4429887030369866
2.371564187285334
2.2148761365006355
2.031463400318805
2.5793791003022752
2.6216144240568626
2.634902138794965
2.638102045751746
2.6281692035075856
2.6016584251994916
2.528603339361675
2.450292375627367
2.3186427746499385
2.2754420574166496
2.0699949291353428
2.6543423301657847
2.69250084059169
2.7022739886541514
2.7039626325135204
2.6874587392278833
2.6569713253888994
2.579365209047069
2.488992919277812
2.2982736228101364
2.07849616437992
