2.0898113428418923
2.146347181011879
2.1528022542996452
2.0726025433316995
1.9704562378151138
1.8780280762641506
1.7799802200138333
1.6912552372005956
1.5628298545848724
1.3750658251281889
2.3467583575933606
2.431063330690259
2.462063826004666
2.4813840310058635
2.4238019126154358
2.308793125424565
2.1968247508210794
2.0757222860140794
1.9654272786893043
1.855227214557177
1.7485017243846614
1.6600187516035991
1.4915554882305229
2.622527366107667
2.6612256432207575
2.6928586186302503
2.7306088308649374
2.739373377316934
2.7387860167807125
2.6255299774199568
2.4975559970752936
2.3544075441534953
2.2227152728547472
2.0906823978779476
1.962569099155424
1.8561944118767109
1.560892808094621
2.8876328697788725
2.9637941509040155
2.98228742727376
3.0123724603707958
3.0238167389429074
3.0291368226742117
2.947310665065163
2.809044082586998
2.644014639916079
2.4893509396412177
2.333456456791901
2.1818361231724626
2.0557757135574692
1.9275393897694577
3.2789287660776134
3.3249753229855976
3.3610881313045895
3.4022129375467314
3.4110643053005947
3.413702404372025
3.2911377833811315
3.099645164569204
2.909063823894447
2.713777052439605
2.5227283190042886
2.363564728992802
2.201458173975711
2.0581212036050465
3.56038077506918
3.608173223090784
3.6461215522075956
3.6856136267923167
3.694903091174643
3.704327683748614
3.6453998191622374
3.4509026079552334
3.2354617999240722
3.0089160523162275
2.785532706576443
2.599005162347001
2.4089066779217903
2.240650617533578
3.667696336775323
3.4402112655625934
3.1944142413005965
2.9501695302842115
2.7457939901007604
2.352902161860472
3.907271262959345
4.00342603059357
4.040208473577198
4.046557767453026
3.9095381891482717
3.6746455146400003
3.4079224423634513
3.139449286617361
2.9139869086673222
2.683926798116954
2.4801815627363935
4.120107719719871
4.211545281957786
4.247887327795586
4.191749478732971
3.9648006119209516
3.6759589717905463
3.377223250929234
3.1246075280310737
2.866448662813479
2.6377441947468934
2.414245129843001
4.284251065541356
4.36711782675073
4.402947467678351
4.388954966792608
4.199619129628863
3.898926535407081
3.5759564696794905
3.3003075613057984
3.0180079411461387
2.7678127105436494
2.523386454129056
4.530955040116898
4.5592677504888695
4.564352150606529
4.548270516107206
4.446410306899874
4.348217914228719
4.1458030671151755
3.7984420248068216
3.4970193316183393
3.187089434310322
2.912181658073353
2.6437217676135885
4.607949839470398
4.681570885581921
4.70849676748872
4.669242311996671
4.394911255442492
4.02837583614524
3.7009866008474495
3.3619930758635093
3.0608335204940547
2.7668414543972752
4.846684002381901
4.863567312505564
4.8644488448835
4.831390721483901
4.80555577795533
4.693244299602542
4.531896572922331
4.320309486167264
3.962817569886205
3.5865382649785014
3.250884313797032
2.9232153729168773
4.974636385779941
4.98661875345844
4.979708649617973
4.93484457140562
4.8585777031360955
4.731907907453493
4.596254788437346
4.217654484857869
3.8063848683623647
3.4364295351045846
3.0749442893753347
2.116726398034542
2.1365758618223074
2.3952010462959112
2.4406361741285503
2.4116266972665716
2.6894226598131
2.7122216804479082
2.9762164413812964
2.9313638214150775
3.3172197375299266
3.3670112390835265
3.275934180893747
3.620204957386646
3.6126701970361665
3.6576346793687278
3.7957879493838353
3.858507654050897
3.960068984679506
3.884314974249316
4.058662503772277
4.157902955163157
4.144654619199255
4.281165728873869
4.3159046657906055
4.175764707272353
4.405042848529172
4.46329048669003
4.58812468053389
4.596946481982023
4.37436001339938
4.75249537968848
4.651954662642856
4.854081000167313
4.57454220818141
1.950741832207894
1.9985290425587234
2.15262773254224
2.2055381975713506
2.240995501694325
2.4685096341065043
2.528514792500893
2.5674740182505533
2.59016789428533
2.5948895517505415
2.8115696629964404
2.8773825831647786
2.9181803659797447
2.9412419869934516
2.9419273116719493
2.8961596537075773
3.062378316318381
3.1308333530295323
3.173478358059901
3.1890746832761185
3.1942118338467504
3.196168205497642
3.192034546009496
3.1690501155997928
3.1341373574429823
3.3118418850499616
3.384416227302205
3.4250556044167646
3.444066383056488
3.4438092219753025
3.4368981432021495
3.4064525442905307
3.366148145340719
3.2763242144053217
3.1801967771399164
2.9810871637587084
2.8874268694881287
2.750837499592323
3.6174108155986207
3.6888560494154055
3.7283181217279404
3.7384805339102343
3.742241367925399
3.737054986519974
3.7277209505521345
3.6869405194427367
3.6372390914695085
3.5452421887790133
3.4161011840572177
3.32378767678659
3.1857078206083362
3.073725774808104
2.919785800149221
3.8016211915704243
3.8716517388152356
3.9083628841438633
3.9176712084239234
3.9112208541419875
3.896713855535665
3.8488020318455094
3.7921979837380944
3.6734161886913514
3.547642173927829
3.4450222256319307
3.2935743166155604
3.174924454826225
3.004374146142334
4.017148498436934
4.08245218688193
4.115226170790875
4.117647656231242
4.087417522151569
3.964477220262532
3.6898158701618153
3.4066952623181614
3.0878712886793784
4.201768676629005
4.25123852553278
4.255674927508917
4.237427146842406
4.211899212611015
4.147096544854451
4.071600365491913
3.9264819121289163
3.7733290900317473
3.671718976378474
3.467673603801596
3.3353152456401167
3.128061088973399
4.349902148818712
4.402988717938683
4.421045893663291
4.406692161354758
4.381800405101136
4.357836964454442
4.280030844696825
4.193452838493674
4.0185274802638
3.8563151954266854
3.7084606545598104
3.5223825163675992
3.3576679600871286
3.14869610060691
4.4562006326831956
4.5010848324908
4.511828404180941
4.489108161427622
4.46253329057413
4.426789781288669
4.338536194948212
4.247817864631884
4.067460129514048
3.8846599353737825
3.7680419444413844
3.5259868973187016
3.356887443790449
3.1315664873396756
1.903649923123406
1.9554790821819066
2.098177635902375
2.1554865112962145
2.193531233712394
2.401614484351451
2.46573398604896
2.5068978599349574
2.5190844296984096
2.728744803607313
2.8004567050383558
2.8286118111720717
2.8427522317870184
2.8480729069235626
2.968510893205884
3.0403794039910097
3.065922258566323
3.0839050518859366
3.094958093782916
3.0826378657397453
3.0304472193418177
2.957764747411858
3.204135382768801
3.2800332382224644
3.3054612537704444
3.3217525961743095
3.3279923617664715
3.3110432181548157
3.2465902855224416
3.1634032402933787
2.9754135753528814
2.749161857092083
3.4911411000835106
3.566354131256044
3.5936681416009906
3.6045506719194793
3.6038141144300373
3.5787247555260393
3.511020896846708
3.3984141734732267
3.1797398631873333
2.918039467579226
3.66374977070601
3.734823600823821
3.757140785869397
3.7696851698283873
3.7633239761860393
3.732117590703275
3.6410383841640424
3.529565521553611
3.2875609313050886
3.8629263502115245
3.9300092817535477
3.9571482391557966
3.9029820536448803
3.6713563287292534
3.4006214706213727
3.0861266705537247
4.033049629203855
4.059878602543243
4.075141087865521
4.080333222696011
4.058300626277063
4.010292463301411
3.8932750575369206
3.754938510155005
3.4616860908334517
3.1263413931798456
4.163695716885837
4.21635735947665
4.227588870536055
4.225398167954379
4.191112252889371
4.132053980973019
3.9867629795172257
3.8383153393473535
3.595283635131753
3.5165264006974404
3.1470469615853625
4.254231697434985
4.298962067114088
4.30499911210084
4.297753666223313
4.252210490923028
4.187213818778903
4.03547212704755
3.867010770253389
3.520350926549484
3.129998472783991
