1.8377457257190757
1.8408405745914578
1.7128546517331396
1.5440195542637198
1.3696680149155485
1.2257354023433145
1.0826131435631186
0.9601502907657815
0.7935572481702056
0.5696927575867973
2.0198407023908236
2.037944784120118
2.0296010921030168
1.9855300083369805
1.810418345429082
1.6048427552080022
1.43048009604146
1.2562412523071174
1.1073538449173879
0.9669025381630282
0.8379417823601847
0.7359559160522134
0.5529595580597204
2.1863834027455815
2.196344078900584
2.2001798516326363
2.1936925214535146
2.1882543321332455
2.0545407869135173
1.8284291799341845
1.6260805873084405
1.4215570777347502
1.2465564937982359
1.081857919964516
0.9311584120101063
0.812436705199796
0.5102436438561764
2.336781985649786
2.348611171510868
2.3466656780774784
2.3322493957587622
2.3152395685209277
2.278543537390109
2.0598798073873654
1.8317878004592594
1.5955247565563808
1.3923679550628625
1.2013817339284167
1.027176440549588
0.890455240759661
0.7585643070340495
2.535922659756561
2.543345365308226
2.5431734315238126
2.5278672959666952
2.5189642863827264
2.406496435708854
2.1579094404750427
1.874815285267376
1.6259500352909437
1.3914182698785906
1.1782332891894187
1.011818251987049
0.8522803212847841
0.7195021139437155
2.6604661904236413
2.6658251352372675
2.663009661075032
2.643824831452277
2.6321994042226593
2.6046692246085357
2.4055145251625305
2.095658769889204
1.8116634238909448
1.541785795175554
1.2966280768010967
1.1059177100691087
0.9239158248460358
0.7732053974006884
2.2348216090195883
1.9302196553880595
1.637763044786508
1.3718046613258932
1.165265467867166
0.8064006386283045
2.7891812779128684
2.7805826645897924
2.7435367554442474
2.700717114781587
2.3931805015934264
2.068115064223813
1.7497747214026314
1.459278536914567
1.2339793808947652
1.0201552923932604
0.8442395930375325
2.850458914416675
2.837278055899137
2.79170175901496
2.583490769532879
2.2423746020663655
1.8928459221383849
1.570846504813076
1.3211786124726916
1.0849506147941193
0.8914141289435035
0.7158251103110534
2.8869913617129135
2.8718180422256245
2.8271084147542687
2.709749669820094
2.386761339034191
2.0141223579295717
1.6656216931466372
1.39495031795067
1.1393676181079309
0.9306766711410527
0.7420451216303855
2.889906582258103
2.8515583873789736
2.8124120974482585
2.7375234676218305
2.54278611746017
2.4022520647734833
2.151017511112835
1.7734162101012745
1.4786625361422618
1.2007090950727903
0.9745122214792586
0.7709225022631793
2.920238294129658
2.893661377649282
2.825558701791078
2.6896626652171562
2.2924229712208652
1.8869064023871869
1.5668294516272951
1.2649596661801572
1.0200380421231845
0.8005173727222147
2.8712955760393544
2.8307767248538567
2.795213141918708
2.6891152512135372
2.6376990694180877
2.467307831225703
2.2665555464342164
2.03427350062787
1.6821477586254263
1.3486224771015896
1.0788383654650748
0.8380957592011906
2.8232462183056595
2.7855190820005253
2.721205945545956
2.6170322873049203
2.4958167478667503
2.3321540550435187
2.1775162736143363
1.7967026963816994
1.4318192324824988
1.136769990739883
0.8743603215981067
1.7890771440792081
1.7004762537862692
1.9770388075883314
1.9543509699556427
1.8016893121063544
2.125338506380776
2.0354393500566292
2.240413018370891
2.049181107258613
2.452524189831914
2.3748849991578864
2.1483311315793454
2.547796101525269
2.3847294395674865
2.6242402100801088
2.5182996735783703
2.683525986607819
2.6449987185168213
2.378286365048633
2.7376398581022228
2.695701947041808
2.555405695007172
2.7512196557228106
2.665988501274721
2.3736380364168395
2.519797844080971
2.794164939883475
2.754983486747636
2.649018913003015
2.282010524184034
2.6868596671098803
2.446091387550256
2.5748780311310253
2.1674721030141995
1.6255638817838014
1.6379338221492596
1.7464261005031594
1.7587386092869735
1.7567673259115253
1.9205309244451467
1.9318136306072538
1.9268792006234117
1.90538515597582
1.8671970381201055
2.087929701784061
2.09640945981732
2.0871484641449034
2.0586401927374616
2.0113831704757503
1.8904888558022823
2.1951236152701856
2.200848067761506
2.187272932045887
2.168962555110344
2.154500473962987
2.130663694655224
2.100995739615167
2.0339621988132834
1.963804783645163
2.287202395351728
2.288952858915455
2.271705540419554
2.2319483606271615
2.204380245059671
2.171529805983536
2.0956720786228624
2.0213246454127947
1.8844240331509665
1.7553024563330082
1.5140441250648078
1.4082409989862135
1.2612378626456688
2.376129493171886
2.3723920601944535
2.347724923907814
2.327688181403364
2.299866191676102
2.2613982316277577
2.230424165115188
2.143826325526623
2.0618571385858013
1.9321010798881812
1.770476083321233
1.6631200518867784
1.5112492572932594
1.3940048467518489
1.2406355678906906
2.413557400784556
2.4042923531527665
2.375747619512067
2.3240958864640624
2.2892105784265144
2.2472653430771006
2.154480541885594
2.0674661078906995
1.910461019434696
1.7616240068868796
1.6481942425336054
1.4894977571602508
1.3714676238281036
1.209919555963765
2.437096836008771
2.4216930172671187
2.386036806902136
2.326881278543485
2.242666712782271
2.0508545574336203
1.7298920298422633
1.445285080782549
1.1562813208559193
2.426376565030239
2.3808127197183686
2.344353608254931
2.2715898871080675
2.2190888339831907
2.1161595990009916
2.015799138898143
1.847080397379544
1.6857984883564001
1.5849947650295666
1.3938087238527426
1.2765137251462382
1.1018127221151486
2.3974685433251475
2.3680130422206926
2.3197619612656184
2.2475779557383126
2.193409187287139
2.152536146805569
2.042665133230269
1.938053310733635
1.751072990469427
1.593395185430155
1.4587653033034393
1.2980475556220847
1.1636088407378136
1.0018755776330739
2.342367553220989
2.30731540077373
2.255579526180969
2.1782279025878393
2.127695924662616
2.07234394863502
1.958468949016167
1.8565066203583211
1.6742697002055218
1.5070428946217302
1.4056550526974938
1.2080820422522105
1.0781101883808255
0.9143930480120137
1.539120674690744
1.551038654208282
1.6497760830526618
1.661383977901032
1.6539781217723826
1.8078707340920641
1.8177437868597928
1.8065019493145678
1.734643052554231
1.957475565630555
1.9642227288416572
1.9569412509573012
1.9463613082445352
1.8603700542295565
2.0518914612050487
2.05498059542534
2.047361187253264
2.0326980599568816
1.9883201219408733
1.932836116924356
1.8245644865900652
1.7106428716911768
2.1310337485452546
2.1298356232998907
2.1192991892594986
2.1016286266810513
2.04930336492658
1.9895446260540075
1.8680213924450235
1.746426784130729
1.511297620994634
1.2605115081532583
2.203907138965052
2.195758824837895
2.177828627994073
2.1594570360711236
2.0973118716656223
2.0299604530147843
1.9141963981477226
1.761699783910272
1.5085561898500968
1.2399374877940172
2.232221176455398
2.2194020581118217
2.2021499603997445
2.176595451357306
2.108363683272772
2.035930419594165
1.8942891827125399
1.753029874042079
1.4869146921498164
2.244339518402702
2.2242207719393474
2.173529709067551
2.0201720803058385
1.7216050698812202
1.4428429203541429
1.155672961122952
2.2252494177696858
2.209086949179899
2.187187764647721
2.1518907094844852
2.0723121869681407
1.986484670388367
1.8320536714489264
1.6779330534912533
1.391533444669252
1.101252348355208
2.1879629386107657
2.1528377525431828
2.1182103980587565
2.0889045849373917
2.001491992368862
1.9105981786325197
1.737758432282004
1.5862851952144352
1.36377568857904
1.2960194311739048
1.0013973805630547
2.1294629541970225
2.088048472378423
2.054378812557399
2.013475584005849
1.920608975777929
1.8308576797006937
1.661608113797796
1.5005129548045735
1.206280577521158
0.9139829608745162
