2.6504439070914882
2.6745131764371917
2.5570331372635473
2.3672248868449044
2.1617258897712657
1.9875811631702363
1.8110236334700254
1.6571396681187547
1.443533428407315
1.1476713067936468
3.0013709703934826
3.051548989199268
3.055670735266672
3.020755275770994
2.828592134784071
2.5816647026113726
2.364755608826922
2.1430237119343847
1.9495940679545014
1.7636825188409808
1.589943966383249
1.4502534811971033
1.1935528834672338
3.3455417784847503
3.370902612260387
3.3874156014588745
3.3962055704662886
3.394398527127329
3.261722251732712
2.9889022752297434
2.73183627688856
2.464774341063967
2.2310058330409412
2.006491561532269
1.7970878713214566
1.6290801548773894
1.186419523626195
3.6771404160855927
3.7205869935404077
3.726278450924256
3.72409289375576
3.711642426370871
3.6770033359917047
3.4182646426488885
3.1241633248187304
2.8085294988191283
2.530036702878632
2.262425509961812
2.0132280258644393
1.8137738704970747
1.6175678291497892
4.157382316942941
4.1853401119787215
4.200969190579903
4.202354796233476
4.196598845947215
4.077753717032273
3.7582631937693454
3.3698445166298563
3.01665625805406
2.6753250681919716
2.3578586694835546
2.104621486794715
1.8565525326940397
1.6453162174123657
4.493498381937431
4.520057962891946
4.533506772485243
4.530017691425547
4.521306851070384
4.4951746237327885
4.249931418955857
3.8210469118108707
3.409210697959909
3.006332583450625
2.6311271510278957
2.332446036887926
2.0408065758429315
1.7933293300267157
4.108563065679294
3.6621327988276198
3.219311525569109
2.8058450917756517
2.476974803069402
1.885118579906808
4.891129833506654
4.924528749984458
4.898809041890647
4.852691623798046
4.43888867612074
3.9584531013173065
3.469385562680063
3.010184496780438
2.645020340188034
2.2898881055047315
1.9899600486596292
5.121173028021699
5.147220521427471
5.1104843282152554
4.8411249796252935
4.336165868810032
3.791008284793496
3.2723008408129113
2.859255974649656
2.4583950679834996
2.1209364651850278
1.8063615473288308
5.289412124997188
5.3091028105896845
5.272314604999333
5.125942419369785
4.652039928914481
4.065497212997017
3.496170791928031
3.0413048259075097
2.6003686374325885
2.23009602484292
1.8860382689272575
5.46020434134396
5.426471905022048
5.380766497674386
5.28191317703654
4.997001607900841
4.779478080663411
4.37748874381736
3.752212575328434
3.2488422436570956
2.761017447141077
2.3523954710839985
1.9740586562988798
5.585545226779289
5.58601966783692
5.5142581050247355
5.326506091813676
4.7021032974026316
4.023123967314431
3.4683007850348573
2.9297749137998736
2.479620624607778
2.0643332319583956
5.697330922326075
5.653465377566759
5.60825454929931
5.457076831116885
5.379009121882472
5.107717662308079
4.774866123602919
4.37718289540549
3.756690778277988
3.150393852284444
2.6442293701203683
2.179290254957504
5.750747058603232
5.706898411908884
5.6189323950837
5.460995904978466
5.266157107410121
4.991423242265903
4.7241457846244925
4.045065131309611
3.3708091181396154
2.8070988655057274
2.291156784749913
2.614465536817407
2.5389816090838644
2.978148429865479
2.9741379729805284
2.815101143223866
3.3111622055987042
3.231574445311555
3.615531904322691
3.400423999781207
4.085057984814805
4.023605892338865
3.741312607892555
4.395455273021266
4.212480534427941
4.5420972325471265
4.484547974264604
4.748708034138511
4.750117468647361
4.410447158426278
4.961392992424464
4.957002223617963
4.786820439540817
5.126182694265389
5.040342224237547
4.625477152272556
4.950022848942447
5.361940982144386
5.370995213377315
5.242677716217395
4.6797523972396835
5.418006016027767
5.061710899936668
5.368756908574961
4.7011831964648465
2.3963297915227275
2.4261229621983267
2.6396543383286253
2.672215587405513
2.6843021602293025
3.015571158231063
3.0513495341273913
3.062881254388271
3.0509745176571306
3.0144782466359956
3.4152958509329228
3.4515829187942706
3.459176853111678
3.4394111378677694
3.390481690831105
3.244585997171482
3.698918401219157
3.7344589126262053
3.7383593743452415
3.725420775044215
3.71211318255473
3.6874232152093813
3.6537031813861134
3.571582497216227
3.480670865768937
3.972127156996754
4.0058356469957435
4.004581477716791
3.9689946870392134
3.938146449283935
3.898675392385299
3.801395453090086
3.700704438846021
3.508643408825561
3.3216345121335866
2.9628307489266765
2.8023874606944497
2.5758710472128463
4.288453377595993
4.315757366791361
4.305372269514012
4.286961754306192
4.256565131674595
4.209661875722052
4.169533791885608
4.051639810305769
3.934553168401598
3.742964220153732
3.4973070712403067
3.3309778625097604
3.0916990456979776
2.904487991301147
2.6554480265559146
4.465116240367522
4.485829671148258
4.468340635065118
4.4116392669036015
4.36762195809379
4.311370230254227
4.179901094331175
4.051276988670401
3.811099285663021
3.5771858304244035
3.3954552675212115
3.137437425711662
2.9422946604479585
2.6712793076951704
4.652451485299722
4.663748233183782
4.635144740320866
4.564062536256699
4.447624842328524
4.1569575931773555
3.6383735983994274
3.1593288064315113
2.6570072264193945
4.768900712493952
4.734539444781829
4.691125242962725
4.591706210977997
4.514448470228847
4.355944290738627
4.195838985197504
3.9176559474948736
3.645219285325889
3.4718439372690995
3.137682786635731
2.929219146016037
2.6135382233623017
4.862700518062195
4.84898509087619
4.794526287131268
4.694521754977502
4.61305227770408
4.549083001950684
4.370673680695099
4.195489877358992
3.8723159184791505
3.5940871534461474
3.349816598618236
3.0551868212131206
2.8042035274176547
2.4971787189647214
4.881534072314961
4.855744938104236
4.791892027314801
4.678308723745776
4.5988020866598225
4.508986342317289
4.316953594966286
4.1395200005472725
3.8129781186232856
3.5072605259511223
3.3187690579947557
2.9441631973245785
2.692956415054416
2.3706559234405877
2.2955833221461286
2.3267648233043494
2.5237066904474212
2.557571872143398
2.5658580127133264
2.87484203484037
2.9112236599225874
2.9167119391583296
2.84980492712782
3.243067128501983
3.280537743710503
3.284903101539678
3.2799037050858715
3.1922528766647797
3.503856386126302
3.5381054946275694
3.541009564853755
3.5329793203878794
3.489979968898555
3.4246898689011847
3.28509287799885
3.12991116989707
3.751415637093213
3.783386733177173
3.782674674678312
3.770211616512969
3.7151524913751452
3.6409506198011967
3.477183663577435
3.304279734887742
2.957239915012409
2.5743135560557677
4.033797431291271
4.057963240560632
4.049198390877104
4.032615326226963
3.960763193255579
3.871534567424977
3.706958547013348
3.479245698791898
3.085918241344616
2.6538641926170885
4.188992510054721
4.205809383736357
4.195555936982699
4.170765969838296
4.086971006090791
3.9869926448654747
3.777435867394842
3.5589148033083733
3.1316979408080896
4.3486486075846855
4.354322615483965
4.304637562326671
4.091899358157561
3.6200192876206
3.15366100709032
2.6555045337519276
4.441997453418363
4.43384808917251
4.413212395342727
4.371325227508179
4.261306429127234
4.1317519565489835
3.8840730344707715
3.6272318659411646
3.132217573012814
2.612100406260649
4.5083616263191315
4.48675809822021
4.446696137635765
4.407553211651396
4.277813246456372
4.132728927193487
3.8411086140506367
3.5770240918252494
3.174593097392065
3.050056707729567
2.4958761874877142
4.509457293202459
4.474018689265803
4.431563400228604
4.373718004875872
4.228675190394834
4.078914733660502
3.7823053310981436
3.491023503391046
2.9394184583821557
2.369483148988645
