1.938928076773498
1.9564193524183926
1.8709140299425069
1.7322469710082016
1.5823460919321104
1.4552637232731551
1.3263428258000989
1.2139169558765543
1.0577911112679619
0.8414705837848148
2.199904704567851
2.2365079241210317
2.2395548903514584
2.21411170159539
2.0734791665902534
1.8930983798070207
1.7345772864747773
1.5724331074269877
1.4309082372893398
1.2948315417467036
1.1676328264537557
1.0653481989160944
0.8773859756212933
2.456302766221966
2.474852691739387
2.4869339787686044
2.4934072174516593
2.492096831301514
2.3947633541225968
2.195221710090265
2.0071081052361537
1.8115569993643879
1.640289310358804
1.475737096515505
1.322220585983326
1.1990347491973088
0.8744762869407029
2.7042938851720377
2.736238624220983
2.7404560038372803
2.738890705421444
2.729579041099394
2.7039681352500216
2.514572795058579
2.2990885835682304
2.0676681447070795
1.8633604347545147
1.6669561717591899
1.4840172164962928
1.3375731204419299
1.1935002748773702
3.064965787954946
3.085418814454786
3.096914358550434
3.098096551908459
3.093940766241414
3.006945212928949
2.772503253883291
2.487176605240067
2.2275525307345276
1.9765306277866004
1.7429898553042469
1.5566635769916894
1.3741158933000968
1.2186816969259373
3.3189582155583848
3.338665937538589
3.3487385302270956
3.3463854029478717
3.3400487023096535
3.320953701717924
3.1409525379490826
2.82551629217343
2.5223439024319645
2.225608060696837
1.9491601829228344
1.7290452842429316
1.5140829658217334
1.331676785288765
3.0416427508976356
2.7127297211470838
2.3862739390223036
2.081343180882497
1.8387405150331675
1.402050846716103
3.6220665827122214
3.647324855184957
3.628764282940445
3.595001395673718
3.2904955856829017
2.9362321207057858
2.5753131152250406
2.236286701830533
1.9666084945261557
1.70427671639822
1.4827183953790048
3.7991196925571877
3.819106123236078
3.7925340711369246
3.594460879824625
3.221830820131037
2.8190442670015994
2.435579811166903
2.13011702253462
1.8335822169934826
1.5839278435400104
1.3511298302542276
3.929758189537972
3.945143303858056
3.9185950912774694
3.811107841441195
3.461332449731716
3.027593470252019
2.606263198162764
2.269489880211497
1.9429188415950027
1.6686548763543032
1.4137037940485198
4.0645173346788335
4.040181062371088
4.006708637061291
3.9340064415384512
3.723695576447233
3.56283020098446
3.2652528318712766
2.802003024630869
2.4288541857852706
2.067082037367271
1.7639938251542688
1.483230377240098
4.1642483242152375
4.165807129111049
4.113671526280838
3.975412225256249
3.513267874601944
3.009717424786049
2.597914550136057
2.1979995749009027
1.8636348493960677
1.554982833918811
4.259308635102897
4.2275350804922684
4.194426409383657
4.083071311654618
4.0253542921656855
3.824446872740269
3.5775177311138777
3.2821571126095894
2.8209289799878388
2.3699201537481653
1.993272966357802
1.647038860999363
4.310201047617932
4.2783908283713785
4.213858929472809
4.097264374436541
3.9529456104740976
3.748994507813569
3.550316852019057
3.0449825258394028
2.5425567847632795
2.122352993702177
1.7373951955872171
1.9127134238497803
1.8577666795209686
2.1829936084549457
2.1800865232142255
2.063626907956969
2.4312786699168236
2.3727038954865036
2.6589010156951787
2.5014823985169765
3.0118993686424482
2.96709670704582
2.7600186742085846
3.2473961639424114
3.113307686556052
3.3593648745986253
3.318097036428003
3.5172129654568063
3.5190550274560515
3.2694139422577746
3.6812539754270173
3.6790153001657613
3.554127322617568
3.8099324678032556
3.7474201338245354
3.44154476400627
3.6886310212894466
3.9979001992819128
4.0065996987627575
3.9127177378358184
3.4965215094674282
4.052771134877041
3.7898811479702172
4.027775192081416
3.5329704476210306
1.7539273105852164
1.775608073235571
1.9347109930363
1.9584472770965784
1.9672811959265841
2.215085897280316
2.2410594458466115
2.2492455334951864
2.2405092204691637
2.2138796792341244
2.5141871038293515
2.5409212174572673
2.546580915567666
2.5321570081884377
2.496362981147882
2.3894508244454706
2.728078520206971
2.754352718583527
2.757387525243429
2.7479765428822716
2.7382526156893285
2.720180862156319
2.6954653646909565
2.6352243293844153
2.568479448050857
2.935378837847139
2.9604840291473677
2.9597950380498887
2.933836658967831
2.9112199448160587
2.88225628368204
2.810809774867648
2.736762110561371
2.5954737404065336
2.457788735671379
2.1935371424412557
2.0753438664724233
1.9084395998246775
3.177606085461945
3.1982022874588782
3.1909522506019283
3.177551902800662
3.1553036009190936
3.120863532258922
3.091358577066398
3.004603222486748
2.9183332455297823
2.7770683366101436
2.5958413010012507
2.4730904540420715
2.2964429968692337
2.1582174101352987
1.9742983277746358
3.3145231569166755
3.330446211671311
3.3180016093628732
3.276547975819104
3.2442227349266286
3.202828428433868
3.1059389102570205
3.0110584347177167
2.833715652798644
2.6608940031853785
2.526572397575759
2.3358174173768345
2.191505876021127
1.991058557411603
3.462067685303608
3.4712543236484854
3.4507620573557785
3.3986983852485033
3.3129760431980158
3.098290835133357
2.714548233593155
2.3597354782965514
1.9874659583842902
3.556428950915173
3.532056993311626
3.5003768434810114
3.4272545770396565
3.3702685441872577
3.2531292523488364
3.1346450119471143
2.928557765672983
2.726590239339301
2.5979964292239432
2.350067756983695
2.195351376544876
1.9608425688172844
3.6376709783898042
3.6287850244056195
3.5893391438688003
3.5159228312128374
3.4558128181725185
3.4085331846469558
3.2764207426694627
3.146517508148535
2.9065553941980196
2.6990133306528414
2.5181558357156812
2.2989984127569874
2.1122499441905003
1.8836936258703791
3.6614466976513595
3.643777814154572
3.597429943785986
3.513923480398829
3.4551973598482677
3.388738489232453
3.246374675455627
3.1145076886356415
2.871635461705121
2.644025765478559
2.5035684687663156
2.2244146079103517
2.0371010455502385
1.796679457484482
1.680513467370983
1.7031850846248178
1.8500979210530737
1.8748038002185659
1.8805374822388148
2.1116548429950814
2.13823233167272
2.142310478286001
2.0933888140475023
2.387910184184399
2.41548376115908
2.418752668514919
2.4151359897056803
2.350989570673443
2.584761241607159
2.610128757835244
2.6123606598693083
2.6065505474063526
2.5751061001997133
2.527226278146443
2.4247501686410122
2.3107388389467225
2.7729125213542605
2.7967865908560126
2.7964063734165725
2.7873732387362855
2.7470903382188574
2.692601287971342
2.5722115671694827
2.444949632866843
2.189396693678974
1.907284576219743
2.9897231373390567
3.0080982003520784
3.0019045883523714
2.9898400200790216
2.9371965513691034
2.8715740061829518
2.7503380454092485
2.582423131107984
2.2921426462955594
1.973117991924863
3.110478112939069
3.123588331612328
3.116329661068153
3.098298483176216
3.036821763951537
2.9632278685000446
2.8086504718322844
2.647279694656807
2.3315339402288875
3.2371730149584375
3.242270177602848
3.206282239152156
3.0496979520270586
2.7008145384666227
2.3554859253673768
1.9863360859663213
3.314057091362929
3.308535343439849
3.2936969240021527
3.2631427630924446
3.1822517069742697
3.0866200330705476
2.9033657025209814
2.713083146196474
2.3459533145069362
1.959756376570833
3.37432106657944
3.35972067178528
3.3306919058287807
3.3020531407923395
3.2065022603235183
3.0992226967088534
2.883005579910038
2.6861219022877827
2.387743608452864
2.2951083867601403
1.882700547231306
3.3843548084592725
3.3596898413812037
3.328922970137422
3.286520444616379
3.1795992349760067
3.0686244187305944
2.848372342503295
2.631687970403136
2.220793098773105
1.7957780865621598
