0.595772074387401
0.6018582786880632
0.5781688773377475
0.5377306942819523
0.4936425367348029
0.45610917604894957
0.4179278600579005
0.38454757459042443
0.3380749035803437
0.27346457650834793
0.6792747889398939
0.6914385652872885
0.6930107152985153
0.6863469677235207
0.6456702403413913
0.5924854904761302
0.5454505870619948
0.49716869597823915
0.4548992184884597
0.4141504576524932
0.3759743644071116
0.3452138671691766
0.2885375718884927
0.7621327421889625
0.768269196439839
0.7724227884663074
0.7751578946232016
0.775006672012099
0.7476925591109875
0.6888953463431936
0.6328910375931233
0.5743981034303368
0.5229853382810445
0.473440597232682
0.4270950613262215
0.389820576212939
0.2912042310354698
0.8430090020630007
0.8539338483013842
0.8555914781133582
0.8559233573518685
0.853587594091419
0.8465302141413658
0.7911002553382975
0.7268154246414602
0.6573152718710069
0.5956920448082235
0.5362504889963046
0.48071771358679083
0.43614083483500743
0.39217130877947604
0.9620460030841144
0.9690845016046319
0.9733268399634845
0.9747766702796291
0.9738397168488006
0.9492871659225596
0.8795536712049306
0.79348512169568
0.7146749443657556
0.6381531656010226
0.5667042814267365
0.5095134957389907
0.4533064020909053
0.40528941271902275
1.0470253467200539
1.0539574984187607
1.0578838648407094
1.05833729105277
1.056795234880781
1.0516300754583083
0.9987885603492204
0.9035624788165889
0.8111728725510761
0.7202754941934676
0.6352450595296454
0.5672944933136048
0.5007020512622612
0.4439855317049673
0.9739804680297226
0.873563200185412
0.7732916066752528
0.6792116001527471
0.6040705465995454
0.4680622680653056
1.1499394375148018
1.1599778103426044
1.155747965816968
1.1462745124707177
1.0551561063583546
0.9468633552710107
0.8357025296327784
0.7307610303111189
0.6469368955538047
0.5650733954087227
0.49564125131651265
1.211092989395736
1.219552743494329
1.21301010957293
1.1544590902519583
1.0406082366185538
0.9162083236875161
0.7970734437679443
0.7017380467978463
0.6087987962286878
0.5301984271119665
0.4566083087316438
1.2568603627953938
1.2637837592771266
1.2572272885449352
1.2258430764572292
1.119285181990792
0.985118698108945
0.8538656708545391
0.7484312590588057
0.6457370087140558
0.5590800843683911
0.4781849609879943
1.3067517335409238
1.3005739797418274
1.2910272723842797
1.2695014717119764
1.205545856576303
1.155988991676222
1.0636709546895329
0.9189890923801599
0.8017974139323287
0.6876429164961326
0.5915282211652346
0.5020989372455056
1.3413685715639052
1.3440576209188524
1.3297698531725342
1.2883971826835818
1.1456636921584291
0.9880786312536222
0.8583733826278139
0.7317747519769109
0.6253745262599217
0.5267044965842954
1.380323752276054
1.3715761235870632
1.3619210030455033
1.328393994354873
1.3107335715200816
1.2485643169892573
1.1714777459566978
1.078667823316554
0.9329430144767101
0.7896435730538507
0.6693086843964391
0.5581582891284663
1.4025811756584674
1.393615879127059
1.3744470717454405
1.3388197783203843
1.2941075464673955
1.2303170836374933
1.1677925721836102
1.0077643393083602
0.8476557821200668
0.7129662936768731
0.5889096247059606
0.588993694025841
0.5741277480107954
0.6755929713486704
0.6758443476535463
0.6426117057035992
0.7566738342916915
0.7408195810120571
0.832437478154316
0.7869820932748587
0.948003843304508
0.9366928074329539
0.8755845582149164
1.0282886753555134
0.9899720639345786
1.0642472661601616
1.0564756907109145
1.1184586365601201
1.1219684591776495
1.048364089990816
1.1753424036738844
1.1776600164247903
1.1414387190671882
1.2221845758444905
1.2052459564185523
1.1128461098806408
1.1941199049387965
1.2885489117696154
1.2949359943054926
1.2679424346959487
1.1401613258954095
1.317092111752359
1.2371940194771274
1.315941256669088
1.1620391257484752
0.5409447619018908
0.5480521843154711
0.599168676272853
0.6070382208575157
0.6103482694698453
0.6903845221723337
0.6991640299997001
0.7024565733690025
0.7006032696312123
0.6932620550482839
0.7890134135791949
0.7982961311493696
0.8009932125318123
0.7975676881910159
0.7875214256937496
0.756191506280145
0.8604799324218126
0.8698145236758642
0.8718755859230273
0.8696549125423007
0.8670531822654917
0.8620076870591116
0.8549073857318424
0.8372397954442092
0.8173876550125131
0.9306390525888543
0.939862838088677
0.9408463897505727
0.934037799235254
0.9276007074770402
0.9191808989497909
0.8980395963176989
0.8758313875181001
0.833108530164303
0.79119964785494
0.710346138595853
0.6740575684746345
0.6226740807825566
1.0140481267369907
1.0220495774685416
1.0211872874797965
1.0176732550546503
1.011431066004877
1.0014269963683755
0.9927053400475745
0.966726418059469
0.9405870490130824
0.8974645102158849
0.8418047511495999
0.803962678197103
0.7493311926010469
0.7064857682158836
0.6493052275704331
1.0621692347452778
1.068874925711029
1.0664015335816657
1.0548026812114777
1.0453459106650103
1.0330272368785829
1.003768102351147
0.9748313449345606
0.9203282860035832
0.8669168430181065
0.825243513783972
0.7659055357263715
0.7208776005406614
0.6581769175574347
1.1152824423118821
1.1199700647119397
1.115066618863801
1.1001196599316347
1.0744643290206777
1.008715824388278
0.8895172796094732
0.7784203588193834
0.6611897366947443
1.1512367538928527
1.1457031221181577
1.136669206906492
1.114905612463608
1.097595869544588
1.0616283976375742
1.024950657813275
0.9606988690786805
0.8974229221010346
0.8569940594447727
0.77880647661743
0.7298816268905575
0.6554978367872185
1.1834157946345014
1.1824724971849296
1.1714966295180242
1.1496300173205691
1.1313048517249158
1.1167574463054726
1.0757551207824578
1.035160150335123
0.9596712145989643
0.8940646427500081
0.836676002332777
0.7669591475455457
0.7073603577622437
0.634200580731807
1.1961863541823794
1.19239038171206
1.179106346965541
1.1538669889105795
1.1357973941288422
1.1151914347787841
1.0706711454880256
1.029151317422305
0.9522722498725358
0.8798464012117297
0.8350523368369692
0.7456792123435442
0.6855168430987241
0.6080421908960217
0.5193354834560797
0.5268324563399575
0.5741517331657185
0.5824237796748961
0.5849433578272085
0.6595798714350989
0.6686799017360696
0.670883368363104
0.6575349953109124
0.7510834471406791
0.7608051432528966
0.7625010140757973
0.7618788515624577
0.7440028984832816
0.8172062905691055
0.8264083075381692
0.827771601637205
0.8266454451138964
0.8180915511823144
0.8042219197603211
0.7738118645403822
0.7395372477540424
0.881261819058946
0.8902627295587909
0.8908928388233509
0.8888137384326245
0.8776019917586281
0.8616391665830138
0.8256056939444972
0.7870441668161202
0.7089963197220448
0.6222940383485089
0.9564876687097366
0.9640134896764355
0.9630636024495083
0.9599372243746276
0.9449194149590058
0.9254291446952425
0.8887716124553013
0.8374228770817846
0.7479162488566901
0.6489130543097734
0.999329418038101
1.0052755262106252
1.0038924552419655
0.9991081648399396
0.9812886313252018
0.9592427177795335
0.9121284484769615
0.862446230280307
0.7644879072256014
1.0455889963946299
1.0491405068792645
1.0396172061939861
0.9927742904823589
0.8849769582938315
0.7770040067348738
0.6608091426701429
1.0757191437565563
1.074954637501425
1.07113010312147
1.0624398772709693
1.0383136824801507
1.0091176235926425
0.9523615157247514
0.8929347298878042
0.777427921706658
0.6551298943474595
1.1007513535242397
1.0981364234584372
1.0900052518381325
1.0815778446288964
1.0525995364059926
1.019462642954009
0.9518212596996176
0.8897507334463728
0.7951264230031749
0.7656461593302553
0.6338614672101988
1.1086792056929482
1.10278886905742
1.093915989916832
1.0812605219907898
1.0484505554700256
1.0138495388295932
0.9444822241443712
0.875697831281813
0.7444505740889662
0.6077326750396855
