2.69205112872313
2.7068519200972005
2.5559485786465084
2.3373972622429906
2.1060833585252228
1.9121132627321085
1.7168601723801868
1.547825988778754
1.3149364105455592
0.9960939050752454
3.019734714007256
3.058768053998777
3.0550503599905774
3.0055682212565733
2.780092906700815
2.5036101677033185
2.2644660206531233
2.022220808170567
1.8125691252515097
1.6125506503594147
1.4269322131515878
1.2786908876827723
1.008972212083528
3.332987045154526
3.3533503819320076
3.364716655333614
3.3646597594509426
3.3598176844123144
3.1940101840836848
2.88798585469696
2.6066007101552104
2.3176746085127093
2.0670909761284735
1.8284113387169232
1.6075422512302164
1.4317033197016282
0.9752705490212265
3.62960002231044
3.6608693267120658
3.662450569282012
3.650826594969414
3.631784926631942
3.5868472160182217
3.2923523832376933
2.9717418523214043
2.6331232007445466
2.337587541496573
2.056205160954685
1.7964736502685874
1.590346099533757
1.389297008782534
4.048970353300543
4.068949721873799
4.076990248850828
4.066498141409585
4.056968205259529
3.9120283194522387
3.561335799204128
3.148287969045782
2.7783351264314486
2.4247006391276136
2.0990762689989904
1.841812294256212
1.5922141188732915
1.381903557827803
4.3348198373772195
4.352771254340822
4.357829532125914
4.341894366087311
4.3287352465476285
4.294674108828067
4.018372826281181
3.562812716496237
3.134688749400421
2.721245226880657
2.3404338331661836
2.040407151671818
1.7504487994555662
1.5071804050807929
3.8272702436569035
3.3647540678933647
2.9126489479234277
2.495458395329842
2.167181655797813
1.5858211657261978
4.664282702058873
4.675959402432777
4.6350687687320695
4.578963776842007
4.131493046331277
3.634819437353366
3.138021032370405
2.6774891262653906
2.3153736280186976
1.9670581020235594
1.676448823028963
4.848741394216107
4.853320863697619
4.800333931524387
4.5026804038776
3.9799595326814075
3.4289108355744258
2.9121451495176958
2.505537647793501
2.1154190661738808
1.7910801769590383
1.49248780527254
4.980025831447567
4.980022832635974
4.927682048488721
4.762783892200608
4.2694647176198535
3.678122232323848
3.1135909723472963
2.668216519914843
2.2415413842126255
1.8877858735888053
1.5632506153418362
5.091573585712819
5.045603748535471
4.9922927205515055
4.883988733085445
4.5866973115780105
4.36543607826427
3.9624722035039324
3.3451329036684445
2.8548635701107745
2.3854794688344367
1.9976074848660443
1.6426966726018886
5.198597218223595
5.1803891497150705
5.09246612187033
4.891221194702022
4.259695229847904
3.591481322562638
3.05361703624672
2.5380858491457277
2.112758705079705
1.725616316797998
5.24924520448877
5.196492565108285
5.146207893607628
4.986651171598966
4.906416397476278
4.633395578024791
4.303966500696541
3.915599681171832
3.3169365766073744
2.7397137367639184
2.2642633587563608
1.8331633589563323
5.268933286465763
5.218331574295037
5.123994890086463
4.9620284101449
4.766775797431271
4.496110003937732
4.235793559346778
3.582538363133566
2.943877320493527
2.4164150123316954
1.9404172429677877
2.639383497902907
2.537845374574031
2.9773681599358817
2.9591261332285956
2.7668462313609252
3.2712832655244664
3.1645627147947217
3.527121839625428
3.2752709537689206
3.949837480779755
3.8604659963594967
3.545418825790241
4.200218454059388
3.983305249632411
4.34481578461384
4.236192984252912
4.510683954023717
4.483174432733375
4.105325823251974
4.6800088156210435
4.647148780479203
4.452750385356218
4.792629263285642
4.684154579828818
4.245381092683253
4.544073739378964
4.983382505719505
4.961619155351895
4.8150860394591675
4.239671831359169
4.961855150790359
4.5920641127034365
4.87890240207689
4.215348866115251
2.4111321359326805
2.435257582440165
2.6334776093547654
2.6590436335346737
2.6638291586343983
2.970030288687092
2.9964418324561644
2.9985416845583286
2.9766028691304895
2.9297822514739766
3.3176598485036006
3.3425966143111876
3.3395960629202004
3.3082156433402803
3.2478646455541185
3.0825972054139776
3.5585893984158874
3.5812173085288155
3.573113233711756
3.55272999806472
3.535030734145237
3.5044432099908773
3.4647855760198785
3.372111654344611
3.27246533627004
3.785025809160435
3.8039387786137127
3.7903987152059226
3.742128822968346
3.7053804427059034
3.660183665125815
3.552641202510871
3.4443099131590422
3.2413425897475774
3.0466065595842124
2.677642594550042
2.5140989293896805
2.2848753821761525
4.038717192573169
4.050471412567618
4.026753656569591
4.002135490632483
3.9653814781972665
3.9118602043691855
3.867529559967027
3.7405953759032484
3.6174740147647357
3.419154572838528
3.1682986325168017
2.9999291547452533
2.759558291175612
2.5726419334311204
2.3258771419923754
4.174862033172636
4.179326767437269
4.148957859700342
4.080540209245207
4.031178720061825
3.970005849650854
3.831015975579625
3.6977057026014513
3.4526998642801225
3.2170005502822003
3.0355057731024235
2.779496918138485
2.5873300646342137
2.3222342943347303
4.312547986245469
4.307900683686271
4.266595860630295
4.184906260737158
4.0601586419670666
3.761783601288332
3.2446314478316602
2.775530926533467
2.2905853485608714
4.3847502323085
4.33358787266051
4.283607553164447
4.176483736244539
4.096140178279948
3.93450354414754
3.7737320926333195
3.498400905993169
3.2315752176366725
3.063077313858483
2.740629072528268
2.5409483185721338
2.2407621657687553
4.441363016534886
4.413938420727748
4.350014479724528
4.243289056292428
4.159488372538544
4.094759211504943
3.9169079618459945
3.7444680008310294
3.430413378307215
3.161731679752626
2.9296519316033844
2.6502506527609007
2.414163142365464
2.1273479809493043
4.433725696689566
4.39621036691962
4.324955988705203
4.207294382866975
4.1271748858991435
4.037699964151072
3.8493187992733424
3.6772236624465733
3.3652020487356444
3.0734030819377494
2.895217252128138
2.5442655307826336
2.310706427801734
2.013292906666753
2.29775195240156
2.3221990435258695
2.5042772166702383
2.5299530418666203
2.5285084895811063
2.8149612695959525
2.840710516077571
2.8351337824175777
2.747663959175707
3.1322681165041386
3.156433059826833
3.1531954764252044
3.1427083752567384
3.033294961941868
3.350873535575909
3.3707854771490005
3.366552626523951
3.3513667625085257
3.295822163808175
3.2203770540642087
3.0668173140649233
2.9008076456786465
3.5532284039174793
3.5689726431889794
3.560664091905447
3.5408942603356186
3.472959595987459
3.3893543158936223
3.2126493918757477
3.0309054424791464
2.6726684185164693
2.2835188434290856
3.7757535309412376
3.7825851372765893
3.764559047800085
3.742086044085631
3.6577560451062947
3.5602871832671616
3.3867115357474296
3.152173044702215
2.7544814289477877
2.324515152373382
3.892781238125737
3.8925287257443717
3.874361003634593
3.842172440581815
3.746943655907212
3.6398073245409885
3.422622928774011
3.2008060377314766
2.774492157128618
4.00615562562127
3.994978547298781
3.9312584686408796
3.703663457038445
3.228484428851415
2.7706226110295074
2.289309588486208
4.058825743346053
4.042982222700187
4.016050526419819
3.9678112408044677
3.8500318738063544
3.716775748318283
3.4687696673904522
3.2158210531464273
2.7359136327589066
2.2395444885281393
4.0930324136197225
4.057360695634631
4.010954144452994
3.9685964703009247
3.8344739589229313
3.6889654113271484
3.403009992093545
3.1468453813064756
2.7637795034232444
2.6458318350999037
2.126243228849403
4.072084674217798
4.0249639924056
3.97818511680059
3.9174245863538526
3.771117073692521
3.623713300255749
3.3382727026584518
3.0592789893461934
2.5401696187309137
2.012292771938917
