0.6879213862392172
0.6924483106549976
0.6557654660217774
0.6012691411527997
0.543395205303155
0.49481751892622755
0.4458887526176727
0.40350563485372426
0.3450471672108366
0.2648063854062089
0.7702937508986923
0.7811464191423344
0.7807272765490223
0.7689681979554535
0.7131399916735119
0.6440664279593684
0.5841898456565803
0.5234697913925408
0.4708701112845532
0.4206283495746381
0.3739368121905498
0.3365849344643956
0.2684280490573745
0.8492571489441476
0.8548141764261575
0.858068612164616
0.8586282708732522
0.8575799728610132
0.8171541049519702
0.7409092075210564
0.6705064027233333
0.5980919331891962
0.5352099092551578
0.4752300717838776
0.419632745328448
0.3752857499084746
0.25965103573346654
0.9236226427655326
0.9323576031276235
0.933010291344408
0.9306073467228716
0.9261282467462569
0.9152395258982731
0.8422544786662844
0.7621463078142436
0.6773160488762563
0.6031587243116618
0.532438180840417
0.46703611514591364
0.4150227014623861
0.36417534911439503
1.0280477448026406
1.033528152292725
1.0359609748416332
1.0339308708185482
1.0317162188130795
0.9963316700316835
0.9090853628047314
0.8057595158675142
0.7129921684536149
0.6241438076664236
0.5421585678277928
0.4772356946631985
0.4140916676560141
0.3607275166208508
1.0985266369658875
1.1034759807915593
1.105154478650187
1.1017079335629423
1.0985952375022232
1.090365719484092
1.0220419019342366
0.9083004054517707
0.8010495678030393
0.6972442073950375
0.6014150818466588
0.5257345189794905
0.4524101171451442
0.39069993746938275
0.9733405183917827
0.8575637599124991
0.7441164776637782
0.6391857967089862
0.5564184606261087
0.40925189272477985
1.1786341857884401
1.1823974460955118
1.1726924188596062
1.1589718557537305
1.047771698031399
0.9235755799900387
0.7990108427547457
0.6832617927199351
0.5920273950063502
0.5040453432595856
0.4304181442468724
1.2226203265933926
1.2244586952878374
1.2116736759607574
1.1379202373643706
1.0074178584637683
0.8694068004270402
0.7396636161412318
0.6373317277526854
0.5389126155574384
0.456830327435092
0.3810230609538141
1.2532980621257708
1.2537938858667739
1.2410831229825032
1.2002665813719222
1.0772690523429185
0.929317085553082
0.7877255954186433
0.6757583093862309
0.5682394546191539
0.4788233920552782
0.3965396419912013
1.2786926952628095
1.2674170986632742
1.2542339305459287
1.2273277270049268
1.1532270503445958
1.0979758658289918
0.9972243585168047
0.8425752622988565
0.7194858748059078
0.6013711028878431
0.5034383269591233
0.4136682468166242
1.3017142823855925
1.2973323801931125
1.27550088079053
1.2253612072832105
1.0676711179617782
0.9004897356571009
0.7656518523642958
0.6361427500073205
0.5290286302284345
0.43123332575213147
1.3092656674715806
1.2960318158253492
1.2834566107745322
1.2435642454250746
1.223540450670391
1.1553356584468137
1.0730521940074906
0.9759895679792127
0.8262022464205341
0.6815381880047249
0.5621078574795835
0.45358934921896066
1.3082807052639271
1.2954896781636627
1.271772287618823
1.2311854583721094
1.1823565085252326
1.1147434129167593
1.0497462616819309
0.8866210496893495
0.7268159262218263
0.5947934538583158
0.47531802529334855
0.6754918815055391
0.6510822602996659
0.7607119258965379
0.7569921988513233
0.7097165709872832
0.8352212375723367
0.8095678079165137
0.8999016357703664
0.8378585935413225
1.0043258197176215
0.9831347528641082
0.9050042836676753
1.0662876030772293
1.0130916639495535
1.1001464927290903
1.0749613198973798
1.1404948194163065
1.1346738943778238
1.041127075953596
1.1806753284249603
1.1733124714354903
1.1252992144881164
1.2070790634790125
1.1804663499952315
1.0712040290400326
1.1425436674207516
1.248078881381769
1.2428499900154582
1.2063714510509578
1.0626843957168721
1.2376067319485349
1.145115157262486
1.2107725057713936
1.0447489232503495
0.6170696072863862
0.6237539999731374
0.673418046830262
0.6805187629273194
0.6822746167563901
0.7583766160957949
0.7657525402210349
0.7668757671303126
0.7618954310253618
0.7505816398125875
0.8455567094010676
0.852582001877127
0.852438170051762
0.8451198134107947
0.8304192484359085
0.789501376523882
0.9054580136434304
0.9118827145853263
0.9104539682456216
0.9056786785347013
0.901422968428117
0.8939783750794645
0.8842422648477847
0.8613134155940463
0.8365336145959698
0.961161061361402
0.9666225867859992
0.9637715904224338
0.9521633077448542
0.9431658204634265
0.9320203920571906
0.9053360423295765
0.878356782334253
0.8276412006345292
0.7788729465711137
0.6862560446833103
0.6451315197181102
0.5874061206533139
1.0224710595962119
1.0260012446515947
1.0205068826515868
1.014539782809298
1.005524942326045
0.9923242632196225
0.9813382786368582
0.9497516312300825
0.9190260402057642
0.8694225996881305
0.8065540717307716
0.7642977262523748
0.7038955181603271
0.656862501003526
0.594673539640478
1.0544982556575009
1.056084373589668
1.0488437737857328
1.0320152575800214
1.019783505504582
1.0046219109004533
0.9699392321182552
0.9366287588046497
0.8753030591663503
0.8162097540326526
0.7706449043478081
0.7062999366758224
0.6579352185804925
0.5911158209444081
1.0855292017396199
1.0846290027908636
1.0745135600661624
1.0542427661822678
1.0231483487425463
0.9485732286212545
0.8189755207201964
0.7011305005527907
0.5790071622175553
1.1003459472150723
1.0876528318154324
1.0751894948537595
1.0484423062775587
1.0283524426438528
0.9879234961217688
0.9476880867565208
0.8787168284156193
0.8118091890928026
0.7695242335951027
0.6885212646145851
0.6382906725150507
0.5626774548073197
1.1084300727549508
1.1013625994730094
1.0852173341212774
1.0583912636396315
1.0373776719562944
1.0211477722253381
0.976590936787088
0.9333879892934797
0.8547441534931447
0.7876401809303668
0.7292324509232732
0.6591239455856758
0.5998260415730811
0.527672485829275
1.1012080858009858
1.0913770274414152
1.0732303060595314
1.0435293089327267
1.023382794465748
1.0009106772718717
0.9536727769607302
0.9105871025436129
0.8324349855394888
0.7594499651956275
0.7147973439310908
0.6268835306861754
0.5683077988660552
0.49366929488414496
0.5886644106470147
0.5955073954408956
0.6410687100383832
0.6482791571264287
0.6485773270710915
0.7195782767805534
0.7268631739333581
0.7261647293268843
0.7051053248253062
0.7991858644921048
0.8061156721305738
0.8057316919709783
0.803378914778295
0.7768059357718013
0.8535395821432439
0.8593388503191326
0.8586369126964585
0.8551635761596683
0.8417415274294912
0.823162042248313
0.7849951587734014
0.7435282860996629
0.9032422177883459
0.9079515622870161
0.9062062821937165
0.9015467695153593
0.8849697475581035
0.8643033146492693
0.820297143739475
0.7748508009107434
0.6849796896705982
0.5870573811503432
0.9567917197648668
0.9591090059957644
0.9549141385262675
0.9494750003790455
0.9287031212910395
0.9044915082052692
0.8611735364423967
0.8024520041893349
0.7026032366320635
0.5943267516528654
0.9840817273115099
0.984478845695779
0.9801306529991005
0.9722948605926278
0.9486765041265669
0.9219843937800103
0.8676948184960074
0.8121131354628038
0.705034300780923
1.0090846626559564
1.0065315515388444
0.9907733076817321
0.9339815411864123
0.8149263646582702
0.6999020233240838
0.5786890040245674
1.0190478607610476
1.0151099544725344
1.0083864609065931
0.9963206125840995
0.9668497385782032
0.9334866748263703
0.8713370516107495
0.8078909339251805
0.6873526552424946
0.5623775794405691
1.0216764028601208
1.0124562053958939
1.000702384932266
0.9900091312406095
0.9562694423123997
0.9197339550268225
0.8480138620479836
0.7839928162976999
0.6876561081028421
0.6580491054942813
0.5274070395957431
1.01127579399466
0.998914389353482
0.9869551335354563
0.9715293763444106
0.9346049219975311
0.8975627448355866
0.8259042083938664
0.7560276477139688
0.6259050557240647
0.4934347966973029
