0.9845993941089131
0.9814208093865121
0.898689850093534
0.7978265221073646
0.6960072152631233
0.6131736123198771
0.5318200452079321
0.4630645984434787
0.37093284539216514
0.2502292037837001
1.0697708220881628
1.0742292432406475
1.0662753558151088
1.0366575530594673
0.9311238034804381
0.8119742055294565
0.7127359494567042
0.6149067887654398
0.532392266257131
0.45554424722910275
0.38592521641310396
0.33159741938286635
0.23609090387067339
1.1445038232270337
1.1475217864569938
1.1472953984226943
1.1401233885622768
1.1360042214240915
1.052801497217237
0.9219705420147312
0.8077201799515766
0.6939855708796265
0.5980104232302363
0.5088614645054818
0.4284136418954768
0.3659044253359375
0.21122987805783291
1.209908710572394
1.211209093356797
1.2085621100224708
1.1973271551948326
1.185999002924518
1.1630337957938524
1.0356342681826567
0.907536704944452
0.7772343193758384
0.6668398837315436
0.5644553139500035
0.4723844702520295
0.4011383094289607
0.33339254235204074
1.2930319653201459
1.2941334000925209
1.291379816782504
1.2791916515730763
1.2732027776115324
1.2055242939064075
1.0657258243792784
0.9110207010228895
0.777362614232617
0.6532120914169258
0.5420031881552452
0.4564411627658456
0.3756130498380481
0.30941592608199386
1.3421169860016324
1.3420532644162773
1.3378032455455044
1.3237375456052312
1.3162300746225148
1.2993226174937014
1.1858447964872425
1.0169621894585377
0.8654953014933987
0.7237724452471711
0.5969556051789479
0.49973749126415457
0.40832538215420383
0.3338480402460534
1.0838171193172164
0.9218814167461996
0.7689645696991132
0.6320202475947632
0.5272275344988948
0.3490973795674574
1.389097905076745
1.3781037140097936
1.3543367782850608
1.329147110032933
1.159996451364151
0.9875915500571396
0.8218576215548938
0.6729863248901077
0.5593100830008843
0.4528600582020464
0.36676087810906116
1.4084571364773537
1.395547466275683
1.3673497442448779
1.2517287987805379
1.070853693711301
0.8896538404836726
0.7254872918817078
0.600098673738593
0.48321098655355543
0.38899701402540154
0.3049412446025351
1.4178021405588435
1.4046344163743554
1.3773198657709977
1.3117274308791471
1.140039457931621
0.9473299149468692
0.770297886939171
0.6348899331229976
0.5089154763359031
0.4076989329404066
0.31774626500049524
1.4044920104188832
1.3815765489899297
1.3594502209580905
1.318452821413145
1.215032066196489
1.1418308480056003
1.0126562618065404
0.8214946619243555
0.674594311266916
0.5381128508058358
0.4288203579783546
0.3320586140110816
1.4162854814694115
1.3980730047968457
1.3590977821771604
1.2859595018738956
1.0804177212935486
0.8756628345071342
0.7166801903692122
0.5689526720998486
0.4510035226770261
0.3469381920457978
1.3776545527002209
1.3547893608303487
1.3354157174416708
1.2791663745898045
1.2523741338528385
1.1647154146799625
1.062871150448458
0.9464301361092744
0.7721241253415188
0.6095272431234198
0.47998939085785647
0.36627503023593627
1.346454492595011
1.3257470845571082
1.2915421117010375
1.237510043155917
1.1755613073117213
1.0929763036536688
1.0156875055395809
0.8276464477875077
0.6501973875427077
0.5087579822602887
0.38528577245936096
0.9508608002000837
0.8922013645450234
1.0387123970590555
1.020422882727199
0.9266551812568117
1.1008287592119332
1.0430704435674292
1.1437062340632118
1.0303003838881697
1.2399164973855623
1.189835901202837
1.0610439547576254
1.2712330327954722
1.1757057373173982
1.3112641587956215
1.240513629783897
1.3305206504011353
1.3020187027583858
1.1528553998702689
1.3470751680792563
1.3174482179724571
1.2382642901159922
1.3407419485998067
1.2907595884878573
1.1338319368977912
1.2041458475203675
1.3529446681099349
1.3254504692124256
1.266685991904241
1.0755427936019542
1.2808892522294453
1.154749831216764
1.2176428293707273
1.0110011566978963
0.8607156064218819
0.8644221547181242
0.9151908336777376
0.9184750917424822
0.9142091994858201
0.9912015241061145
0.9934357267155821
0.987266616710161
0.972154420669222
0.9482215600135266
1.060940813702454
1.061265927464007
1.0526717284540201
1.0337338836982084
1.0051545807981357
0.9356792948685356
1.1033353381908837
1.1020503206384522
1.0910123702521606
1.0790560512475282
1.0701064923178527
1.0558081802890145
1.038476697524002
1.0003010235645735
0.9611545589954219
1.1375096426562379
1.1338750834206694
1.1211737721082549
1.0967065263989566
1.0806314663961525
1.0618926075288153
1.0195603910979392
0.9788495288539697
0.9049896776995198
0.8362158046335814
0.7094922605256399
0.6545291950725669
0.5788467071918626
1.1666939191815489
1.160422592746015
1.1439705617393592
1.1318990839981737
1.1157687228386535
1.0940791475433314
1.0769346898474084
1.0298061795200053
0.9859270724322545
0.917362585265511
0.8330040591614136
0.7774815312230573
0.6995921344288291
0.6399394051763738
0.5626056927748888
1.175886290199065
1.1668488556257148
1.1487611552776127
1.1190917160078266
1.0997144518572954
1.076871070286092
1.0271828547377433
0.9812667256622937
0.8994762752830439
0.8228282979251063
0.7649344997504485
0.6845559631727207
0.6252904666239367
0.5448546735999752
1.1764078914361291
1.1646383034018697
1.1432327201211108
1.1103003532058904
1.0650935167890887
0.9649729615652495
0.8013738801956857
0.6589800755296824
0.5167807594356373
1.1612019738999357
1.1340392987209604
1.1138766792497823
1.0748915558123908
1.047342665734988
0.994032066075396
0.9426467904873538
0.8572821517703563
0.7764966407449232
0.7263992645464319
0.6320763786904181
0.574766861238517
0.49010845236226036
1.1392661433343259
1.1214327934005361
1.0949029067217928
1.0567474156372774
1.0286996534352952
1.0077425717457205
0.9519924551824944
0.8994111219672598
0.8064651067196638
0.7288040568648484
0.6630760374080871
0.5851264812193024
0.5204952717417243
0.4434366086382543
1.1065208907631092
1.0864961052977906
1.058841466327539
1.0188480608358108
0.9931102627106569
0.9651528665594239
0.908191486889771
0.8576635813146886
0.7681195095473993
0.6867326271715697
0.6376905790985515
0.5429299514225582
0.48113320159734474
0.4039866916331949
0.8094988215620809
0.8125701041625496
0.8587033901057283
0.8612017139104043
0.8533585264321892
0.9266717914289071
0.9277349545898851
0.917616324476581
0.8724772680714167
0.987847556473039
0.9867535517016943
0.9803484762379417
0.9729662617377505
0.9209228908066658
1.024174094932236
1.0211875640637962
1.0149600117548285
1.0050746259361858
0.9780967027558856
0.9461651492339074
0.8858155406258822
0.8236820724442627
1.0525193402429875
1.0470897466178204
1.0393882870584303
1.028093584396426
0.9972580768661561
0.9636368363880962
0.8972055602977472
0.8320385562934459
0.7082214302321675
0.5785176750639934
1.0746942430127768
1.0658331906901266
1.0541062857128884
1.0430538492987567
1.0077140872911887
0.9708455829459376
0.9089564386403957
0.82892077430528
0.6983589891628083
0.5622923137811533
1.0801317768441647
1.0692287904023208
1.0583503869098718
1.0433693774321282
1.005427153404751
0.9664545853809178
0.8919392114462787
0.8188533488756367
0.6833793069501459
1.0760192113256708
1.0617860928476284
1.0325623146982223
0.9506589376424036
0.7975618003075525
0.6578719815112688
0.5165091389144885
1.0577555296252619
1.0478142479997041
1.0352643952286784
1.0158638404807336
0.9735768898923444
0.9290244585483224
0.850343919809744
0.772887756299461
0.6310449891518438
0.4898578161594351
1.0330192116013939
1.0123984649450275
0.9935686995380315
0.9780454712944385
0.9328517844233254
0.8866870295350565
0.800328308960288
0.7255425021823996
0.6169929577923791
0.5842039396382521
0.44322067144826943
0.999726804821933
0.9766913384619093
0.9588865246060818
0.9377148875261591
0.8905955625113382
0.8457711639996424
0.7622723613441923
0.6837270471291155
0.5421046009679285
0.40379881769023596
