1.5115596046440412
1.5273943865668156
1.4683981632829601
1.3666431684514198
1.2555577744952064
1.1609426195565808
1.0646674321950076
0.9804782923343073
0.8632354670422585
0.7001568325340723
1.723554614065687
1.7549081372678468
1.7592060625412744
1.7428257593631151
1.6407090237676765
1.5067323367802783
1.388141928822956
1.2663550978099414
1.1596991771912475
1.0568476174060886
0.9604599227281078
0.8827719077062279
0.7395658499320483
1.9341616500484786
1.949948232267901
1.9607016796955612
1.9679954581962131
1.967728773368802
1.8996156628825223
1.7516091139273986
1.6103990341387688
1.4628195744574048
1.3330478940992123
1.2079432650195256
1.0908731423750246
0.9966822467611519
0.7472994956148782
2.139737142765287
2.1679591317618385
2.1723306769617468
2.1735439892858253
2.1678629660548463
2.1503339405569384
2.0110665360216164
1.8490097327822148
1.6736324171863393
1.5180436347651505
1.3678944084981082
1.2275573137767597
1.114858698998469
1.003647770071515
2.44234516612338
2.460507375024759
2.4715658128024574
2.475721638212623
2.47349989455134
2.412283990094729
2.236732472526223
2.0195542134575875
1.8205108879832108
1.6271334445229344
1.4464777961689859
1.30179910091184
1.1595360336906977
1.0379305527261635
2.658368767273485
2.676293454592195
2.686587021014936
2.688239541150682
2.6845124531881157
2.6717445400028526
2.5390995912205736
2.298920468071297
2.0655639349921153
1.83580369783532
1.6207404852202958
1.448778440653133
1.2801581803666282
1.1364513396428184
2.4774981035006736
2.223874334709056
1.9703963126810713
1.7324081874147543
1.5422137294791685
1.1976575674263534
2.9199029538176764
2.946210954486187
2.936119563603543
2.9125398324443714
2.6832089594149555
2.4097410991218413
2.1287180854999876
1.8632186265032924
1.6510086206757337
1.443633099788825
1.2676437562294114
3.0752346023052155
3.0975221270975735
3.081625271183288
2.9345955391162803
2.6472330230350654
2.3327459227744303
2.0313044304288552
1.7899137050510407
1.5544357948363239
1.355161550530785
1.168409477292713
3.1914035557816933
3.2097197423293142
3.193758810484232
3.115107991380095
2.8463477527008667
2.5084103006391154
2.1750912086851235
1.9081063758214063
1.6478830235274495
1.4281582748693953
1.2228325100779436
3.3186586403175466
3.3035241818097116
3.2796877278802596
3.225629156618989
3.064397964964479
2.9392419398386083
2.7058695130440564
2.3397784775562416
2.0430071463261688
1.753719762470313
1.509997084405448
1.2829824272370451
3.4055024500952906
3.4130394303301017
3.37753755293358
3.2734751503786232
2.912972483232196
2.514270592861644
2.185807878699193
1.8649800533594443
1.5951660620801082
1.3446784058093255
3.5044087068085
3.482626529793124
3.458417084668013
3.374005613449585
3.3294632754430706
3.172435331010375
2.9775313242658124
2.742684937083519
2.3736859227531943
2.010548828742042
1.70533814700325
1.4232456331350973
3.559875113054692
3.5374614605825014
3.4892505088737895
3.3993768633664763
3.2864341806296657
3.1251433391150654
2.9669551431091317
2.561797171416135
2.1561091371428054
1.8145540741959045
1.4997180596348472
1.4949483994138142
1.4581231883644117
1.714937379172238
1.7161250346808585
1.6329278990553886
1.921367212930908
1.882132918545005
2.1144918865806654
2.0005848967962407
2.4077960998527628
2.3802407344835452
2.2266265198880553
2.6123723098216516
2.516659891315963
2.70268109154222
2.685092095413212
2.840633673514942
2.8507117502123953
2.665918313171399
2.985111322872678
2.992146356449287
2.9014647879023316
3.1046529050955094
3.0627179454477065
2.82995865810419
3.0353320459561934
3.271655126243734
3.288999662641771
3.2214727866914314
2.8989748828309785
3.344928991837102
3.1435371680513717
3.3412864108359703
2.952341214566729
1.3731164110804024
1.3914150172954922
1.5211807835822355
1.5414601959839638
1.5501598609385532
1.7532136911853278
1.7758767019351502
1.7845961790716156
1.7802824580555725
1.762054137022245
2.0041746543644816
2.0281962891173024
2.0354689482010198
2.027245681784051
2.002222024783621
1.9235323720326616
2.1860402583458565
2.2102433402874486
2.2159626239643684
2.2106372495502056
2.2042210142403578
2.191670498590052
2.1739134878249824
2.1295566666038934
2.0795919852259948
2.3645620628545814
2.388551497869153
2.3915542915577612
2.37482798316763
2.35876542682686
2.337670207421421
2.284530097399923
2.228589702053346
2.1208115777254783
2.014995558117988
1.8106631362659695
1.718906020931195
1.5889254429991309
2.576729217572766
2.597640753527857
2.5960084535385155
2.587368921927768
2.5718324007579394
2.5467799089672565
2.5248807562000875
2.459490593647385
2.3935760545303895
2.28470903701392
2.14405915034609
2.0483786710153593
1.9101825191455672
1.8017580072289159
1.6569966237317548
2.6990483045519627
2.7166911739226167
2.710970549398392
2.6821055561230946
2.6583967925939738
2.6274326544589437
2.5537140541746957
2.4806960365147805
2.34301063451549
2.2079705581319296
2.10254692531606
1.952377514614938
1.8383711555333577
1.679554034819202
2.833873178618957
2.8463709043839525
2.834478907021265
2.7971244402349225
2.7325842158272065
2.5666443738623785
2.265202531245312
1.983924802611117
1.6868671088766756
2.9252514008121926
2.9119275161838654
2.889352232018472
2.8346443906173593
2.7910080289069215
2.7002157134644547
2.6075330123533047
2.4450187755392165
2.2848658083797764
2.1824915737300694
1.9844189775744834
1.8604233009901647
1.6718226801538443
3.0059052692126085
3.0040193827176624
2.9766311629675832
2.921622201469221
2.875404875399014
2.8386736355800832
2.735050639982553
2.6323758693390413
2.4413040353658593
2.2758377468874835
2.129734431211351
1.9530226680387546
1.801884310132162
1.6162875520690327
3.037404416272744
3.028196252202001
2.994875493863835
2.931238122941663
2.885605797852186
2.8335285577907117
2.7208789329366607
2.615847643705311
2.4211717423499666
2.2376603194650806
2.1241507144704914
1.8975247502454848
1.744910278367487
1.548295660485586
1.318650798654786
1.337979547913545
1.4581147110434305
1.4794639478691742
1.48623448274273
1.6755284712485994
1.6990610336811942
1.705103865949249
1.6720338415635168
1.9084742623259014
1.933683517930788
1.9382994680282783
1.936944808304876
1.892488799305852
2.076834378905272
2.100762021113004
2.104514309804676
2.1019565102791633
2.0807909948455134
2.046053728415676
1.9695489208786583
1.8831313530955396
2.23990403230146
2.263390061606493
2.265307193825052
2.2603453379520535
2.232475148974216
2.1924328490199976
2.1016881980532647
2.0043993436271696
1.807218022531041
1.5879543387823365
2.431340343963372
2.4511225998973982
2.449102424085529
2.4414431728565664
2.4039483739809895
2.354959733925526
2.2625545253825763
2.1328860910061525
1.9065714432246483
1.6559946337479705
2.5402799422595113
2.556038693785447
2.5528685791120598
2.5410736433572554
2.4964657437298174
2.4409873161156437
2.3221144707651113
2.1965730357676514
1.9487602815290619
2.657726134099749
2.6673961032539903
2.6438876409742886
2.5260498839748076
2.2536319660903072
1.980312607187502
1.685895561096814
2.734316800773732
2.7326927296946284
2.7232746287621223
2.70155710387628
2.6408811230928144
2.5672307527868337
2.42378923674446
2.2734334163625722
1.9809052773769051
1.6708841371963654
2.796827077648999
2.7907284849249816
2.770414139247054
2.7492356561383207
2.676172076350509
2.592455182441884
2.4213357211758555
2.2648593779152075
2.0244095690698427
1.9496807337470747
1.6154241503840467
2.8160161989469943
2.8015070061894147
2.7792274359420466
2.747336199233917
2.6644295860335148
2.576980607762527
2.401378006633157
2.2271181565671703
1.8944023342289296
1.5475091849475675
