0.9111320233766538
0.9106540381044127
0.8406552580418836
0.7521215468791567
0.6617436969025071
0.5876757743988029
0.5144664581937589
0.4521934479258064
0.3680691835602723
0.25629800001481784
0.9945444488061091
1.0010557653347547
0.9953290455983245
0.9707685207106562
0.8785829096095681
0.7725086601427513
0.6833599083026898
0.5948654274765924
0.5197176997668519
0.4492569345901864
0.38495597169226414
0.3344108727224257
0.24452775156908746
1.0689484268735276
1.0728329956140952
1.0736975122707233
1.0687917983719042
1.0655414580101357
0.9939692167613814
0.8774685056927479
0.7745056410006115
0.6712136419651002
0.583431213561845
0.5013303972346776
0.4266869938918704
0.36825069330363847
0.22137220288141474
1.1349728521706701
1.1384728405233908
1.1367636787499547
1.127985463483317
1.1185340901219856
1.0988222575338933
0.9857956437108326
0.8701280244615689
0.751404201033771
0.650057188427023
0.5554043367585175
0.4696375150249702
0.40276354915486495
0.3386772868477482
1.2200985469241354
1.2223765806623932
1.2210060935860063
1.2115196411237814
1.2065320829274013
1.1473671814636026
1.0212996142743496
0.8798580359024785
0.756607801754591
0.6412800456775206
0.5371755054644654
0.45646272167799956
0.3796162987675665
0.31613372855609856
1.2713820568700582
1.272579122803601
1.2698343854641598
1.258483980745496
1.2521114219124236
1.237450305784742
1.1357327323499213
0.981227802305983
0.8412107679184072
0.7091716803837673
0.5901014579695607
0.498123658911049
0.41096180920989017
0.33933802911422084
1.0450234530966491
0.895166396905204
0.7524875912633261
0.6237090381053456
0.5244133442620694
0.3537096417481218
1.3217378671589919
1.3142103118946897
1.293911731499371
1.2716227973225926
1.1175364571054018
0.9578811835447893
0.8030257435136146
0.6628206259645283
0.5548675546267214
0.45315169437649905
0.37012402644349024
1.343573974061345
1.3339801494386192
1.3094871158963308
1.2045521892362798
1.0370863103883796
0.8675619670727432
0.7127110028946738
0.5935392782709641
0.481608280145281
0.3906311953224933
0.30876923192294126
1.3549909424104338
1.3447630126295986
1.3208710574213833
1.261452891766789
1.1026638387199574
0.9222523606229238
0.7550980671693381
0.6262763028932893
0.5055363677103433
0.407732772549691
0.32006729805987566
1.3469117512530164
1.326644201758084
1.3066658570313863
1.269172013500486
1.173460313297376
1.1051661154608823
0.9839651304190344
0.8033115256398836
0.6634383837529378
0.5325317887378013
0.42685507205640927
0.3325405971045509
1.35798302306317
1.342531142427519
1.3074221270881878
1.2400273680519647
1.0476992059457817
0.8540896880108619
0.702606749893531
0.5608449014364426
0.44677166577544924
0.34536483350982133
1.3246066363736377
1.3038284865293042
1.2859739383491504
1.2337544426716174
1.2087776545183704
1.1265060800611069
1.0304362496792334
0.9201186657659471
0.7538782909697908
0.5977963732703723
0.472517895926268
0.361701894751932
1.2953534873484105
1.2763366901805708
1.2445396853588417
1.1939167799878803
1.1355906162837555
1.0574987707766257
0.9841607305577649
0.8048422847718059
0.6345038403925375
0.4979475954926762
0.3775348627616675
0.8836412629072303
0.8345698116065029
0.9695255753878517
0.9555174481804655
0.8743502126458408
1.0337022484967258
0.9847442366087604
1.0804827351193298
0.9806945935223574
1.1748434329113506
1.132366607544943
1.0167917384734455
1.2105775987709373
1.1259794966267893
1.2468608349741042
1.1874801387907088
1.2686436133150527
1.2455669409139023
1.110633496412604
1.287479399108011
1.2629621125734738
1.1915585390164414
1.2856924390385314
1.241242836832437
1.096652003613577
1.1629411489618455
1.298234179501964
1.275043187187838
1.2214483485171812
1.0429825454678503
1.2345590321190056
1.1169028960753131
1.174847511019573
0.9796591704522873
0.8011814978521116
0.8060324832829279
0.8555461263569445
0.8601699701553635
0.8577411091891053
0.9323262798751835
0.9361612240856098
0.9320837042203697
0.919766394902199
0.8992397870186345
1.0040081811408157
1.006196032536884
0.9998842828892335
0.9840301658518276
0.9590917908802152
0.8970274567621254
1.0483857225854
1.0490933223127483
1.0405370049232143
1.0304452982634513
1.022699533215531
1.0101668749580206
0.9947968985490538
0.9605479298707024
0.9250966771642581
1.084945891406695
1.0835110417732694
1.0732484942344238
1.0520090351634523
1.0377334049301887
1.0209268517045587
0.9825828062604165
0.9453963480378675
0.8774526924514121
0.8138226515127586
0.6957467644363967
0.6442446687824119
0.5730081738546615
1.11752807401996
1.1134457848589523
1.0995540701178788
1.088951277392396
1.0745591876345775
1.0549919288081782
1.0394006221979009
0.9962125800537953
0.9557202131332504
0.8920722498175963
0.813314199757993
0.7612484316299714
0.6879108556842931
0.631512999006137
0.5580717783842148
1.1289965574459955
1.1222095755855088
1.1065906000679149
1.079978430174968
1.062362912620436
1.0414227467625312
0.9955673433756523
0.9529177619455997
0.8765181049520102
0.8045418149822985
0.7499480927979273
0.6738638832938935
0.617527238422171
0.5407252976838482
1.1323125195091153
1.1226905422522293
1.1037406390766609
1.0737636192836622
1.0320346898502264
0.9385823342720828
0.7843183301300847
0.6488906868098302
0.512547784578292
1.1201598491316713
1.095975188218555
1.0775345985797549
1.0414729838719539
1.015789713347377
0.9658474169454146
0.9174891056177837
0.8367609328512283
0.7600312506328473
0.7122684947612283
0.622030119381556
0.5669703938515596
0.48530140911100605
1.0997893148775433
1.0838189572257242
1.059383435834425
1.0237859002071321
0.9974734420283149
0.9777339964954633
0.9250314479234314
0.8751683067096577
0.7866489262207502
0.7123886747029393
0.6492998291083647
0.5742701717359485
0.5117993544648516
0.4370059249498858
1.0685696403236467
1.0501831182007955
1.0243671753306152
0.9867038362903064
0.9623630087451587
0.9358559965209632
0.8816938804944477
0.8335050191161353
0.747826772027696
0.6696787982141585
0.6224757229300895
0.5309324329418925
0.4709627105991094
0.3958251738223413
0.7560729304861135
0.760525145688357
0.805483350372091
0.8095648577936267
0.8041389870376247
0.8746252567799365
0.8775529997363732
0.8700828200556453
0.8313873685743428
0.9380093527129233
0.9390893310295622
0.9342852369666986
0.9282268150695496
0.8828090937508221
0.9764755836383364
0.975719045072702
0.9708938723477899
0.9626441357504125
0.9391226862444486
0.9105998031894939
0.8558955165206124
0.7989984283414628
1.0072217961668586
1.0041978454521485
0.997949390385993
0.9882873253502499
0.9609958499710013
0.9306410297380002
0.8698744978436387
0.8097415766385019
0.6944964361250239
0.572681730259572
1.0327155823241971
1.026303142595233
1.0163124462604374
1.006591161989399
0.9747736337324734
0.9410585964833829
0.8838780113209533
0.8093196787254919
0.6866974755704635
0.5577613969005131
1.0402923989681647
1.0317345378014824
1.0222989190361773
1.0089505069884281
0.9744411812562677
0.9385110106892476
0.8694786629534016
0.800654586974425
0.6727076067086806
1.038773322881679
1.0268093232845021
1.000503271111385
0.9246697454215769
0.7805982003864815
0.6478059522474287
0.5122813232471469
1.0232874141466373
1.014496141003492
1.0031279266631308
0.9853098837240718
0.9460189373197893
0.9042711490029042
0.8300187319181133
0.7565201626974972
0.6210253674761399
0.4850574629697536
0.999744627143114
0.9810173702451759
0.9635844961078093
0.9490782375394917
0.906554112807606
0.8628833008320046
0.7807228259855299
0.7092398205259228
0.6049809171033935
0.5733816352015849
0.43679950794447686
0.9675912463114393
0.946209963654475
0.9294885131125911
0.9095004225122043
0.864795325983191
0.8220879279569753
0.7422195264149177
0.6668018178353706
0.5301473767347309
0.3956491728104058
