2.87776909275255
2.9028991440067475
2.774429485979799
2.567524023285246
2.3439263938840575
2.1543186478981196
1.9619090857102335
1.7940598928019615
1.5609040207431568
1.2377989857059237
3.26864895813381
3.3221452930169946
3.326135568902505
3.287488972682492
3.0771095900004832
2.807815988114176
2.5711879601033183
2.329116427926514
2.117778850987176
1.914552026171291
1.7245736019910731
1.5718119264846835
1.2911518846190775
3.6528199302818845
3.6799647304326952
3.6975163062274485
3.7065323745238428
3.7043963781591795
3.558001943179476
3.259750843100183
2.978790159644695
2.6867339541305064
2.4309124851351944
2.1851117215006
1.955794128111311
1.771823733746684
1.2873452754394012
4.025135643675408
4.071800250239843
4.07780992249994
4.074913174319832
4.060709915559977
4.022097308444947
3.7384546054997294
3.4163747773914706
3.0705853591863472
2.7653058064446436
2.471846370318938
2.198548982769668
1.979795011567075
1.7646557878868365
4.568343048025709
4.598384222084998
4.615103697057594
4.6162142417391445
4.609819454296888
4.478829160528251
4.127805473506774
3.7010769850092493
3.31286376731722
2.9376049448880908
2.5885366339453424
2.3101195552782365
2.0374450990953297
1.8053946968954615
4.95239790545787
4.981366320947524
4.995989066588948
4.991891151693617
4.982221257706906
4.953347084528783
4.683264845281109
4.2110981997545665
3.7575080686948086
3.313655196848704
2.9002604512228887
2.5712152212588406
2.249998314901717
1.9775892414224463
4.5376085811200895
4.045297880824683
3.5568113833426933
3.1006697595961548
2.737892307859958
2.0853315720354852
5.413017982113378
5.449995119038081
5.42169857852152
5.370851995640506
4.914299872592983
4.383772563403832
3.843475502860182
3.336115941800484
2.932684790946489
2.5404082494653535
2.2093029583525743
5.683787035746602
5.71311175295692
5.672920214568526
5.375679902238659
4.817282965470932
4.213953909211581
3.639761754327166
3.1825355599960856
2.738855844341364
2.365547252169882
2.0176770117729492
5.884782288270255
5.90748126153751
5.867458108636134
5.706127014577775
5.181731113378075
4.531726173439208
3.900514950753555
3.3961570171895583
2.9072813502182586
2.496891283668992
2.1157550613872065
6.093258130350959
6.056715055090693
6.00648497809384
5.897448265791622
5.582088899812355
5.340900814042962
4.894729626590116
4.200318428126872
3.641136870859671
3.099205062335694
2.645339266742856
2.2253501938928633
6.2504325170521895
6.252951026171136
6.174939540116828
5.967705112986744
5.2745905531291735
4.519338734222962
3.901823705403121
3.3023180333328064
2.8012642375581587
2.339142099610363
6.40441936892385
6.3570830240586975
6.307585612988944
6.140823033187853
6.054282322000702
5.752961041521134
5.382425725425407
4.939153139237848
4.246930964673007
3.5701647675639334
3.0051334118843367
2.486146313020731
6.492985972672327
6.44572026141504
6.349385142124803
6.174788964538179
5.958391629698402
5.652310986726799
5.353999526109535
4.59492320634687
3.8403662846620366
3.2092746056317276
2.631534550906225
2.837945999471522
2.755008153198873
3.2424540894129423
3.2371529836899704
3.062537873931456
3.6138918542715865
3.525329913980139
3.955254948569593
3.719044072076053
4.487876030991981
4.419605391532651
4.109255557823242
4.843833470503051
4.642099285009876
5.015891790095613
4.9520456487393965
5.255821659503706
5.257511043495907
4.8828373595933465
5.507044775105677
5.502935703886362
5.315378352777484
5.704776213747242
5.610767057686981
5.152094810123795
5.529477818977796
6.000600547885318
6.014037581667907
5.873463260154358
5.249398117871071
6.094641067667443
5.700824666109332
6.069706359038484
5.327722528829241
2.6028804108118146
2.6344593936992218
2.8730666320503264
2.907650292159931
2.920179005205338
3.2929633585956823
3.330853778953312
3.3423986614962375
3.3287731872634287
3.288539886659467
3.7423377284102872
3.781351517903766
3.7891062277065006
3.7669290151431136
3.7129722211858667
3.552674428719881
4.0648020001700065
4.103192822611255
4.107040158790586
4.092593241242952
4.077854523046387
4.050593426466095
4.013418184398777
3.9230376638290525
3.823038763857304
4.378572642646725
4.415307526165156
4.413670195697199
4.3743076318511545
4.340250454294782
4.296732955799912
4.189582925666378
4.07862559431889
3.8670952759163195
3.6610336106113865
3.2657253032301257
3.0889553589408103
2.8393907404361016
4.747438130718287
4.777653301437136
4.76635589008938
4.746098009996631
4.712589246465293
4.6608318883851485
4.616542783847461
4.486462747257649
4.357188534382168
4.145607165888929
3.8742648351580287
3.6905214358799374
3.4261422971853333
3.219319179593071
2.944190287683468
4.957614018555574
4.9810977736810385
4.962074167573539
4.899728616466652
4.851203348852708
4.7890954950153235
4.643838925730429
4.501661614635721
4.23598317535342
3.9771390966518734
3.7760150216480204
3.4904155970385555
3.2744062215248677
2.974453305662436
5.186592263174516
5.200269738121051
5.16945803626318
5.091375489932726
4.962860807450279
4.641063642121172
4.066012122347663
3.534482583698793
2.977019344283973
5.335367415286718
5.299020948993023
5.251608252230507
5.142076568444125
5.056676420354619
4.88110063352515
4.703477434660825
4.394529533689731
4.0917759849472874
3.899016322781722
3.527440135478682
3.2956137256175393
2.94429514645035
5.469747441882219
5.457120634657473
5.398457116499441
5.288745522723193
5.198746825457162
5.127929989158841
4.929906288873013
4.7351141707117135
4.375157924552224
4.063792136676887
3.7924644072048443
3.463697066511538
3.183616097255435
2.8408913352636516
5.516270335563745
5.4908343646610716
5.422078884406714
5.297425028871625
5.209616905613124
5.110026639973532
4.89659447799042
4.698772776551139
4.336137465835318
3.992480935697619
3.7815734462119166
3.362528579531833
3.08133845748838
2.7204627428254806
2.4934876520741525
2.52644100140286
2.7469001705446283
2.7828257672394465
2.790634269716701
3.138616369926255
3.177303998069628
3.18255810075278
3.1085159672942297
3.5536608295988383
3.5938151552103603
3.5981880559672588
3.592462138451816
3.495624126337594
3.850495808742815
3.8874571601365067
3.8903737024253218
3.8812975602623694
3.8337137997840447
3.7617498669049505
3.6081619921276102
3.4374992805973124
4.135460462811123
4.170291000755468
4.169339671914361
4.155493947133393
4.094737943055267
4.012896978573272
3.832475261552643
3.6419280941282395
3.2595654055822276
2.8376728327599863
4.466040234057909
4.4928979203182005
4.483296883026173
4.465035526115982
4.38586411647415
4.287403943546647
4.105713925947505
3.854238743641118
3.4197238037012903
2.942428277617843
4.651804275102699
4.671027535309302
4.659976139978031
4.632797084344815
4.540485346093374
4.430134438374337
4.198495754807211
3.956774978671952
3.484006300347476
4.8492840918399445
4.856859792570483
4.802884222579829
4.5681814902441085
4.045400866494069
3.5280998281317713
2.9753200915500373
4.971649489800253
4.963477912113551
4.941358101112354
4.895660039585907
4.774540728604844
4.631256712006134
4.356627474704598
4.071442010626047
3.5212385517899865
2.942654598042804
5.074128087293539
5.053055331207695
5.0099127652816
4.967201775653101
4.8243188883313675
4.663659819906391
4.339546068333866
4.044280148181788
3.59674935660965
3.457795782048748
2.839379322911038
5.099581034230424
5.063876312313943
5.018282953728232
4.9551491436339825
4.795270715629805
4.629163665329653
4.300794183681366
3.9737940424275027
3.35700119913444
2.7190793333133834
