1.7801903813106166
1.784315392975203
1.6638809875414964
1.5029734684763076
1.3362607335217034
1.198368918003747
1.0610265499069358
0.9433242591272533
0.7829114353574562
0.5667143714800793
1.960359797835409
1.9792611262606525
1.9720068177260408
1.9307998154538901
1.764134947802097
1.5673345921164388
1.399976047653568
1.2324395275208129
1.0890369458830544
0.9535398089075777
0.8289259210298352
0.730221832234846
0.5526972138305437
2.126132734895762
2.1363575357009217
2.140645983436144
2.1352922790489384
2.130329929948308
2.0037413827499613
1.7872042373758015
1.5927343091490829
1.3957617812347636
1.2269153786551743
1.0677375129233115
0.9218408126033365
0.8067108728487984
0.5126862250347576
2.2765255831031537
2.2892958432211508
2.287829238513224
2.2747720604887838
2.258864826295996
2.2241754172645414
2.0150001310106176
1.7955871560547956
1.5677287288662403
1.3714065228435401
1.186515089688306
1.0175684789445094
0.8847430052524032
0.7563841612703889
2.4769980908628
2.4849761890956823
2.4855354610829092
2.471787572960635
2.4634910501463736
2.3565148081669385
2.1174256810793857
1.8439647988059134
1.6029764024052708
1.3754209871731535
1.1681852143751315
1.006116852996074
0.8504563567316076
0.7206458048453714
2.603514652276863
2.609537461192439
2.607582234159987
2.5900582588147656
2.579150744548779
2.5530773206393214
2.3619682887447153
2.062504867574027
1.7871545854304027
1.524921684064217
1.2862297777445086
1.1002034198836534
0.9223257867295048
0.7747260739602821
2.2002602407569163
1.9047525533159089
1.620352399849561
1.3611851801992705
1.1595296431340414
0.8081306413844047
2.7358219571511055
2.7293930296352107
2.6946482454776333
2.6538071220659014
2.357058249188238
2.041551937668871
1.7317293785931154
1.4483898645481945
1.228203410550103
1.0188179333056446
0.8461849580697983
2.8000600674074656
2.7890809877579144
2.7460837866619348
2.5455575714318615
2.2144492581843114
1.873991086286405
1.5596080224637996
1.3153293813639817
1.0837410075361338
0.8935930018280432
0.7206827241164783
2.8392949370019935
2.8262028085949744
2.7839413069791448
2.6710882184908025
2.357726347048602
1.9945803919042155
1.654059151818672
1.3890184872574578
1.138239229009403
0.9329925272853239
0.7471050878100871
2.84767023651982
2.8113039392887633
2.773761603821308
2.701509286363535
2.5125773062220436
2.37577739851861
2.1307008892820045
1.7614821976017063
1.4726179980122758
1.1996716694660745
0.9770135805296292
0.7761688797589182
2.879301332303042
2.8549395414798333
2.7898483854687055
2.658375214734123
2.271297593734597
1.8745571462602546
1.5606364138509934
1.2639352914832722
1.022664261308203
0.8059175086697583
2.8373224838015294
2.7985163006570404
2.7642180059252857
2.661346480426783
2.611360154612969
2.4451599906947394
2.248905637790341
2.0213523518016965
1.6756606900359636
1.3475972034534962
1.0815745739620966
0.8436483644852985
2.7939190821013518
2.7576559510923957
2.695388772492029
2.594019280611694
2.475702835133697
2.315570943292741
2.164000812125882
1.789986955655045
1.4307373377599275
1.1392432012007288
0.8799762904815494
1.7349169946275758
1.6518629307786776
1.920953850872773
1.900485680215943
1.7556275112480209
2.0697454973746416
1.9851037354179581
2.186927895939113
2.0045237126811113
2.3984371219097262
2.3255187649739155
2.108012094773128
2.497237593643051
2.3415236733536307
2.572169379257091
2.4735684613393296
2.6339387081445658
2.598947797533817
2.3423571615052103
2.690927487329073
2.6525078919708065
2.517822964640582
2.7090419782436306
2.6278519721407494
2.3447307398679276
2.4898059528172447
2.7556188084606994
2.7199930367292153
2.618104388216114
2.260954059357646
2.6580149798181294
2.4240801165621773
2.5521320095799473
2.153993844260981
1.57728910503265
1.5899446821431629
1.6973762329567021
1.7101097677481312
1.7089930381574945
1.871277339132491
1.883181071749982
1.8793082737669147
1.8594150540079164
1.8233193258740095
2.039733476800923
2.0490827815993153
2.041087803040386
2.014453762090079
1.9695488143652362
1.853695988217676
2.1485033106384255
2.1552704501867823
2.1431626951333134
2.126019342967268
2.1123412921110836
2.089671987328588
2.0613230035967187
1.9970075568935093
1.9294685652981667
2.2428558463703743
2.245880956603328
2.2301704764550414
2.1925694249511687
2.166233494874517
2.134733570924873
2.0617270989325998
1.9899470825740186
1.857473311874347
1.7322703193887543
1.4978803430095673
1.3949348278620135
1.251725125283442
2.3355847899199706
2.3332740625403035
2.310372241524082
2.2913708496994083
2.264793513466502
2.2278524745534978
2.198011839330268
2.1143482496478425
2.034931837735357
1.9089544763738249
1.751742832229926
1.6471758928729892
1.4990688693644505
1.3846165877901329
1.234698714535974
2.3759306529729263
2.3682611111278185
2.3415037320308842
2.292111801941563
2.2585327923319833
2.21803533791124
2.128162817342844
2.043671407206323
1.8908960965422419
1.7458103590008762
1.6350880313476532
1.4800161496109356
1.3645377427481615
1.2063014975747042
2.40359675901432
2.389877786993367
2.356132646635295
2.299282405419889
2.2177889280765792
2.0312314581706645
1.7178194801524873
1.4391193934958528
1.1554396482284632
2.397223505950767
2.3541190648440242
2.319069049190857
2.2486711350818904
2.1976753898205574
2.0974534966977174
1.9995268809541504
1.8345803941814591
1.6766398864351328
1.5778052473620903
1.3901382471905424
1.2748596399652374
1.102937465169362
2.372785369105324
2.345131421753394
2.298789508249119
2.2288478057211485
2.176139970830904
2.1362896168557515
2.028951467123579
1.9265686375640705
1.7432201018381455
1.5883608224939512
1.455940787598265
1.297713974954469
1.1652058871044095
1.0055635546156463
2.3217572513870395
2.288475731485257
2.238549018902282
2.1633362637794615
2.114036834519155
2.0599434393156857
1.94843004476573
1.8484047796016285
1.669349588571911
1.5047566439855868
1.4048729768292814
1.209967742930847
1.081575329150945
0.9196229702703014
1.4947559093590388
1.507088774250081
1.604927839672695
1.6170883913173446
1.6108792822639644
1.7631802342564329
1.7738381673387973
1.7640101972913056
1.6961382128703621
1.9141343799049626
1.9219535744516207
1.9155813894481213
1.905797072241628
1.8241207281703367
2.0103111651517596
2.014616529439568
2.0078417769238186
1.9942054127500615
1.9521178291165302
1.8989865707347964
1.7947600402303816
1.6847211070764823
2.0918170699351015
2.092067680610615
2.082463598717291
2.065882123876807
2.016016439356742
1.9585942671074124
1.8412686685861737
1.7234899465876472
1.4951556850152425
1.2510019307136582
2.1685277522307045
2.162042608845812
2.145334839043877
2.1279149887234574
2.0683645236366983
2.003374958377608
1.8912190520482508
1.7430357873656834
1.496389421453235
1.234001538797365
2.1997050624548273
2.1886077077764257
2.1724325181242556
2.148111965146858
2.0824939285258637
2.0124180318608413
1.8748463059898528
1.7372690001855575
1.4774413699774853
2.215848789611405
2.1975760317956294
2.1492391013928103
2.0007595593493064
1.709565913838396
1.436679709902193
1.1548294745106826
2.2009347071177725
2.1857712763279378
2.1648535767580444
2.1309462672555584
2.053874804983261
1.9703679333336142
1.8196124429750267
1.668793770256694
1.387861544556076
1.1023744208752222
2.1678295836625283
2.1346467890306093
2.1013271077036855
2.0729663904498903
1.9879436660088259
1.8992011420596862
1.729927881315053
1.5812527789437605
1.362404487682718
1.2956800558702755
1.0050819313611736
2.1130518145497046
2.073539754587913
2.041000969618842
2.001275419892045
1.9106662342076934
1.8228011013106322
1.6566917947898607
1.4982191278644712
1.208158429159216
0.9192092859358911
