0.380328505141925
0.37752239227570383
0.34057083799994076
0.2981942273371914
0.25626390457350817
0.222625203011041
0.18997666934905497
0.16270467503753958
0.1266613670618224
0.08047903821545871
0.40629393871773456
0.4061229090747333
0.40190545526201316
0.38856918328892726
0.3442373203936603
0.2957158126725187
0.25595748634286863
0.21725723917454437
0.18500142267941935
0.1553128627015672
0.12873160303354733
0.1082286065336902
0.07280783117168076
0.42744207206877877
0.42785285541902
0.4270317592906324
0.42309435398878315
0.42112442619993035
0.3856113665420954
0.332655412582587
0.2873655073246735
0.2429004877017603
0.20584127578516745
0.17183180850251956
0.14150829744154145
0.11822544725453753
0.061981510534048434
0.4448436995277531
0.4436927179117978
0.4421613580429687
0.4367568870333729
0.43174287106323245
0.42194867734150837
0.37035246742675826
0.32000048479141063
0.2695989934923118
0.2274578722843981
0.18885801321799983
0.15457051332627292
0.12835988445125573
0.10374657150565729
0.4646066646927798
0.46406239270758104
0.4621406040781033
0.45623407099300023
0.4535781268372106
0.42567894810291884
0.3709861015199381
0.3119300846728035
0.26170734114394373
0.21566753581726114
0.1749520295121571
0.14401664013749524
0.11517348730253407
0.09188160295259869
0.4741579223911322
0.47314055834122587
0.47062395020813425
0.4640718398271471
0.4608311288470749
0.453777385105905
0.40906360598209457
0.3449989137898744
0.28865416189299714
0.23668800096172055
0.19080380684752207
0.15608026733511937
0.12387135246052591
0.0980032219511658
0.3656555262923559
0.3057333040808167
0.2500256056150048
0.2008191503556734
0.16366078833025777
0.10177994734859382
0.48016993868639846
0.4738242030761025
0.4635872730774687
0.45342688500601963
0.38898194781834095
0.32548872879247326
0.2655180373273632
0.212426482087845
0.17240565147247783
0.13550234411911785
0.10607651857958468
0.47991159837597364
0.4729619056002448
0.4611030152924374
0.4167121934934276
0.35028004215418745
0.28519539693671003
0.22716205854696814
0.1834533390632628
0.14329753788498917
0.11141939335810162
0.08344961659337999
0.4773765977190858
0.47055395168842495
0.45914667624239863
0.4337860789249105
0.3706606891889424
0.30177794230167165
0.23961521378712797
0.19276771421148886
0.1498194406571581
0.11584495181787909
0.08616180803252321
0.46410832640715866
0.45465905161589576
0.44599989356652125
0.4304473000139679
0.39247698848847523
0.36616178607472216
0.3203731567829803
0.25370082417812156
0.2032717307578248
0.15712192745713013
0.1207543079461
0.08911980417714135
0.4640348290804843
0.45555896822035985
0.4400388110694352
0.41274544099501276
0.3394545012732053
0.2684527441118145
0.21428680986743587
0.16474259487622805
0.12583186170646413
0.09211764561111903
0.4406828350408828
0.43163497666988254
0.4242483679854503
0.40351472712797176
0.39386269350216807
0.36285398171200667
0.3274066620469083
0.28748997554148514
0.22860986079988393
0.1746196943841392
0.13233876019708077
0.0959059291322724
0.4227371114778864
0.41469280987057927
0.40193841571508987
0.3825182835218073
0.36069729153769636
0.33220022148801764
0.30582043602591474
0.2427396307347392
0.18434012059276864
0.1386848675614823
0.09950996856897223
0.3645879346521607
0.33809547700262255
0.39146431017441596
0.38246105978325357
0.34258332336552705
0.4071855061131517
0.38205158961039054
0.41496236606736864
0.36845638232511346
0.44181440033929376
0.4201898689075095
0.36937461696182655
0.444082954358335
0.40561299156873615
0.45693894878571634
0.4257231399963497
0.45772265778230525
0.4443240255589257
0.38663190507920625
0.4568417585620402
0.44320721976351335
0.4123210819784811
0.4472111138742822
0.42700477761462263
0.3686917414900832
0.38905177069213787
0.44247526468343784
0.4294350770624036
0.4067302839182186
0.33797041640258646
0.4056862240115844
0.3598518269956484
0.3765626650148048
0.3045708347100403
0.3285894644853355
0.3290997034795725
0.34451983989138296
0.3447455053093764
0.34208656005706645
0.3652832614482029
0.3649423545480515
0.36147238589060204
0.3545791480406169
0.34436251422621234
0.3822101384237528
0.3809852094426468
0.3765749875348276
0.3682490042141064
0.35641131484156563
0.3286910787735317
0.3908806717423284
0.38896273185613606
0.38359890575938455
0.37841084501881384
0.37465511087851566
0.36877810297820557
0.3618117411899898
0.34674227895770193
0.33154719588943093
0.39609546683878244
0.3931913702529773
0.3872781185785265
0.3770645028101536
0.370625461587298
0.363239022126868
0.3468505731812079
0.33134910844049353
0.30357550255921534
0.2780422407671607
0.23155611713666882
0.2115862765398292
0.18431721623650713
0.3971770087888484
0.3933223885793407
0.3860397429400398
0.3810717605391072
0.3746261310513569
0.3661832939957022
0.35962130093338557
0.34180337847098874
0.3254986556294715
0.30031359399960605
0.269698105338893
0.24971842477376224
0.22191917723764465
0.200780271499993
0.17360664137671003
0.3943521534662694
0.3894645209734547
0.3817022426981849
0.3699286820353544
0.36247619763777567
0.3538342696975669
0.335384172354182
0.3185717682644142
0.2890159086858871
0.261635601364059
0.24113676727391092
0.21288656235091602
0.1922320579642328
0.1644268543298631
0.38684209939294995
0.38101002616559343
0.37213774957210705
0.35937928295795774
0.34252355157404396
0.30632271881121326
0.24868348540672616
0.19947727559707587
0.15118810166886815
0.3747251329709572
0.36339483503668674
0.35559279975747765
0.3410479959714584
0.33100791951297054
0.3118933598375558
0.2937237708829784
0.2639507623516706
0.23609696259303564
0.21894760355125986
0.18700344949928752
0.1677496295083798
0.1395854499867965
0.3596202163720958
0.3518352049022421
0.3415073541658227
0.3273412281486762
0.3172505757427572
0.309797811148274
0.29027505057953407
0.27211393389149574
0.2404449521124515
0.21431173718025115
0.19240764456801954
0.16665390903124672
0.14549951992316254
0.12057477072776113
0.3424193925843249
0.33401275390900625
0.32347112983942927
0.3089357564154808
0.29982173755986274
0.29006695083908074
0.27042395450936924
0.25331282587905024
0.22330682156441534
0.19644862646487676
0.1803800874950096
0.14966032372027716
0.12984796333359802
0.10540810169724789
0.3071392449715074
0.30730016555938267
0.32123645551579666
0.3210449056878177
0.31683030467352064
0.3393177741094517
0.3384113921594083
0.33327847428155444
0.31402082129360886
0.35354022910045246
0.35163480086780424
0.3484243563048441
0.34508781927494747
0.3235552552778219
0.36034391430938445
0.3577146410241253
0.3546755587328448
0.35030799827806586
0.3391391279258878
0.3264431910959648
0.30304271715575676
0.27938419982849655
0.36389918098961344
0.36025442477314
0.35669033903421515
0.3518527310982388
0.3393840522369335
0.3262848543158196
0.3010112364313816
0.27668027202643714
0.2311507808341331
0.18421533004170765
0.3631045141299226
0.35818646935534787
0.35306634790135055
0.34853299959327516
0.33462184678412815
0.3206265959082598
0.2976246009444179
0.2684944079265183
0.2215392762859771
0.17351331907267104
0.35940113890519104
0.35381582976927267
0.3491555980747168
0.3430805408433268
0.32845078725663596
0.3138822806065735
0.28665850568824736
0.26040781124321877
0.2125328170152894
0.35083150446037775
0.3440941903865096
0.3323478922198279
0.3019122059625501
0.24754055690647822
0.1991551821873553
0.15111257827279787
0.3382097095087487
0.33393009434487314
0.3288567508873632
0.3213664135395255
0.3056805917969781
0.2896201510418289
0.2618907190908191
0.2350419404019663
0.18671224599556038
0.1395181998146035
0.3228801323948273
0.31409614693389054
0.3068025959691728
0.3010067985457505
0.28466176724665165
0.268417965580735
0.23869449817520547
0.213397528215487
0.17722402130876738
0.1664060596800575
0.12052043463382468
0.30610823889092037
0.296667984153022
0.2899125004919442
0.2821646546715472
0.26543893437615407
0.24995976287024255
0.22169072979404067
0.1956354432854212
0.1494480986552301
0.10536359247568995
