1.9013133126452122
1.9233496309264004
1.8577541509582478
1.7373489881618804
1.6046204218626454
1.4910296468843478
1.3750891870069901
1.273422006276391
1.1314759833687145
0.9334565093839581
2.1820826607719686
2.224337675204269
2.2317973134560978
2.215043546483154
2.09536256654392
1.9347673516323833
1.7915814948018691
1.6439443070490103
1.5142176414903845
1.3887781930301775
1.270967344705239
1.1758499012961368
1.0001423540731467
2.464082868251215
2.485349379959966
2.5003212198935314
2.511976538578021
2.5124865117529565
2.435714059315815
2.258390033813689
2.0871597082707574
1.9072447830727288
1.7484083147610296
1.5948017085624566
1.450689103496956
1.3344925928826272
1.0258297020969183
2.7427124743470017
2.7819937806686657
2.7887446628933876
2.7930683350812724
2.787737354008525
2.7685225246679974
2.6030303243695037
2.405977408928489
2.1910803193522135
1.999497752404114
1.8139394007251963
1.6399848817592488
1.4999312348659983
1.3613974042862378
3.1593148175655585
3.1848940760895426
3.2013750969352626
3.2105205290581305
3.208939887353704
3.1397104847724737
2.926968194316532
2.659283807536492
2.4121586908577175
2.1709487141012898
1.9447701982205365
1.763053679868704
1.5838358740379463
1.4301560516656668
3.46211635523658
3.4879405288918406
3.5040011255962438
3.5104479081407534
3.5072481617285565
3.493759499382888
3.3357488408725806
3.0393337495509645
2.748093432886422
2.4596637181050953
2.1885072110785546
1.9708931539136887
1.756767172038399
1.5736154072267001
3.283105824431816
2.9657770102136776
2.646417314705309
2.3451235022259977
2.103372379851898
1.6629827733380875
3.8359006785312766
3.877899445697562
3.8708566010825796
3.8445838201163927
3.564734341934042
3.221949764415753
2.866566636161889
2.528960387286044
2.2579249016170886
1.9919971268473107
1.7653596252520385
4.062928711528243
4.100240433295363
4.086615489796802
3.9102392974306115
3.550181253830941
3.1509475915930447
2.765684077834383
2.4556509488425062
2.151873524502929
1.893609975985085
1.6506375015066879
4.2358809261012285
4.267895233138403
4.25424718185833
4.161649555362693
3.826171550816171
3.394676081441905
2.9686013828231195
2.624202149569098
2.2869323366219465
2.000746044215016
1.7321964838873503
4.435630581780438
4.421932994582819
4.394913562933073
4.330071807097033
4.129359372866615
3.970907404432232
3.6728177569668947
3.2014379495354257
2.8168977110110633
2.4401230687231417
2.121021492440776
1.82246124846796
4.566347605022766
4.5852886699519555
4.547888549068977
4.421361103068536
3.9634604692811077
3.4485811731388867
3.0211924777774652
2.601377138429992
2.2463160833265405
1.9151333195816953
4.7389825475986145
4.716025915712607
4.687818449072742
4.584419962737848
4.528583914447869
4.328726465771204
4.077730356372095
3.772785362504464
3.29043648883184
2.8126554607291085
2.408740421292082
2.0333013700201623
4.844261834626196
4.819735522162169
4.762048269287204
4.64980298877908
4.505920430836158
4.297729574836439
4.0918849201344605
3.5605240261080326
3.0242508496518212
2.5697225726415867
2.148455384512855
1.8845424704372413
1.844886989723778
2.1761726412489106
2.1814031031572343
2.0854955043434127
2.4554484315858653
2.413425482574017
2.7225796494270753
2.5895018517569413
3.1238721889209797
3.09804906739317
2.9137389098411925
3.4160922787661496
3.306223183914996
3.5390773515730793
3.535529707134807
3.73860798516984
3.7627267279116436
3.5416606438977607
3.9508523548832666
3.971690284101906
3.8658613797200903
4.134907073344505
4.0912400159160045
3.803979406004215
4.089891204439527
4.3898924139147155
4.427721421105902
4.350527077449551
3.944223535739817
4.538753484668192
4.288878146466669
4.569460414042556
4.071470913662348
1.734444177154218
1.7587450643527416
1.9316371691822831
1.958915400986605
1.9717569269211679
2.244684012968999
2.2758317380600435
2.289420371650974
2.2868324068141628
2.2668037707430506
2.589213524044467
2.6231997718235247
2.6357388596511595
2.6289521917237675
2.600853718261058
2.5072566421383606
2.843223541483939
2.8782877628824237
2.8896157919369823
2.885361783963376
2.8786917313871387
2.8647397190161903
2.844181181799734
2.791402325880093
2.73087820199511
3.0967982957471376
3.132706288255193
3.1409878959811066
3.1243158992671423
3.1059883570287976
3.081209589261283
3.017316990454762
2.9488628490349167
2.8156580652447087
2.6838067543991104
2.427693549635957
2.3122478450923
2.148228439963838
3.405008476996008
3.4379327338650167
3.4412528907869264
3.432731575170323
3.4154729655324423
3.3861382434558225
3.359874216552631
3.2800806239504037
3.198416830396537
3.0622613178002567
2.885052885585949
2.7639840799111393
2.5884387612887143
2.450390067173646
2.2654747097559347
3.587433664082502
3.616994258627231
3.6152348232889726
3.583429343575496
3.5554435644346642
3.518001119690487
3.4271002422000034
3.3359010177144772
3.1622476352462385
2.990763382861567
2.85627973556303
2.664136595510198
2.5177704759058086
2.3133308923585476
3.794717886694719
3.818286872636759
3.809138233366086
3.7664155934137904
3.6879154611294744
3.4796091463196337
3.0943084659081457
2.7313476387940563
2.345558199940484
3.943642253688889
3.9353227029019515
3.909899795711418
3.843980317444299
3.789860210077818
3.67555928956646
3.55760464882708
3.348881253510677
3.1419494545222553
3.009125459816153
2.75122826790616
2.5892388123378525
2.3420592664466184
4.083430887475721
4.089155074382113
4.059875275111551
3.993782209541778
3.936271944987275
3.889959690706491
3.7576789605456775
3.6254858014910525
3.377231050123773
3.1600298854960163
2.9690689788268245
2.736317419214702
2.5365320978384256
2.29035784925927
4.152887660066877
4.149013249056782
4.111656469870827
4.033688056685246
3.9762425061381435
3.909961622887385
3.7648000770252947
3.628207277619381
3.3732198385377443
3.1312506137160727
2.9811123837585995
2.680114824491581
2.4766468089802065
2.213534038063614
1.6692538884683503
1.695126960939534
1.8557361698935833
1.8847142161577146
1.895679570712907
2.1503409909026003
2.183071970468081
2.19390197030331
2.1581287862953684
2.471762951108804
2.5079067861158446
2.5161758226325848
2.5162147619486728
2.4668289304821376
2.708302196682925
2.7435986641917065
2.750810695610995
2.7500091015116164
2.727429666097983
2.6867806005755197
2.594417473801786
2.4883887089188543
2.9414994467756124
2.977412812786638
2.9826511361395776
2.979040385518379
2.9483624339813725
2.900857883410388
2.7901620929088247
2.6696222616918597
2.423043000822519
2.1469034841910073
3.222040256896842
3.254425168741021
3.255637863806217
3.2482829231625305
3.2055966231090713
3.1465059470316703
3.03236676884828
2.869901826119362
2.5834981181550045
2.2640878288562547
3.3862802690203466
3.413951797802555
3.413401232610236
3.4016031644076437
3.349725054772767
3.2820973080063625
3.1338056505889598
2.9751793924430796
2.659143761485067
3.5697245000909135
3.590307015721063
3.567183758648709
3.424049397521448
3.0783208080230264
2.726305702490857
2.3441839545740484
3.6981247261201644
3.7001381964233104
3.691482529445747
3.6671826884386407
3.5939447199457
3.5020117425608572
3.319454323953884
3.126022764045303
2.7462803933316904
2.3407188019429435
3.8118672409576226
3.8127800724523806
3.7908451145957645
3.7659262633219868
3.6758226044310063
3.569782961841012
3.3492128285930383
3.1445487310194395
2.8300089717503685
2.7315484933884835
2.2891058183075286
3.8629811054814684
3.8528438021112903
3.8277198666161194
3.7894227833095586
3.6855965132352506
3.573496084768445
3.345204115261478
3.1162430193057515
2.6756128395560532
2.212379801586031
