1.2686937376928062
1.2814926319247562
1.2301362440835837
1.143178151592597
1.0485241502727822
0.9680183069428876
0.8861746562668714
0.8146653446545596
0.7151627250350779
0.5769098572923061
1.4442982207007122
1.4699559666010693
1.4731060610236109
1.4585291204035615
1.3709939485022038
1.2569205258385714
1.156165892270077
1.0528194224432696
0.962403962818067
0.875288518245089
0.7937080998755105
0.7279963714117627
0.6069668995742605
1.6181577535511353
1.631093172749291
1.6398007227749944
1.6453835819374252
1.6449779643528335
1.5859303276326238
1.459868657926743
1.3400271009619018
1.214979352681634
1.1051526094162074
0.9993801639766932
0.900486056085883
0.8209796197824393
0.6107476260881289
1.7873508905757076
1.8102334500713242
1.8136379570918542
1.8140669726908825
1.8089165696905274
1.7936115270435866
1.6746894620315997
1.537242207536813
1.3888358039154456
1.257367499150297
1.130639271949955
1.0123098351649784
0.9173688204922393
0.8237586592313132
2.0354179580517253
2.050110901936321
2.0588728156069855
2.061561476676975
2.059446817424697
2.006453536274168
1.8573779811843736
1.6738617646245042
1.506033389828294
1.3432126135660452
1.1912857826504901
1.0697444793840758
0.9503541208079133
0.8484100684864825
2.211710284451427
2.2261049657257446
2.234131185822745
2.234647306249205
2.231218259083792
2.2199784581326565
2.106781893076208
1.903867643606723
1.7073597534931402
1.5142205173422807
1.3336839195577763
1.1895023023989588
1.0482843856119841
0.9280775932917973
2.050821715071659
1.8373732760210462
1.6244891006286928
1.4249149421557685
1.2656248802866872
0.9775784289421461
2.424097105856361
2.444483700603519
2.434908886274042
2.41443649966307
2.22003935821414
1.9899785535853651
1.7541758132245147
1.5317758256110034
1.3542614327748947
1.181016292156541
1.034194189085984
2.549532875164809
2.5665057515554497
2.551936775595099
2.4267297998153894
2.1849178346219813
1.9212766500268228
1.6690827449064694
1.467438070115032
1.2710075551093236
1.1050217694877031
0.9496841861469388
2.642910482693471
2.6566340319527786
2.642021012555062
2.5747273940277178
2.3483155850621173
2.064147798466734
1.7865424882912244
1.5637527733103944
1.3469270136807963
1.1641283462462395
0.993562216863777
2.743436548471596
2.729738299541362
2.7091572156960844
2.6631356883954007
2.5272081551763415
2.4221814984811356
2.2268258919739075
1.9210840095790567
1.6737032316813323
1.432942311769399
1.230431582538938
1.042098859333627
2.8134419928371357
2.8180844897085837
2.786943567448751
2.6986868934898243
2.3964117723346576
2.0636535582372297
1.7901235994796032
1.5234070399450772
1.2994815882607882
1.0919369813575581
2.889197062455919
2.870118725640257
2.849386285383047
2.7779389942381334
2.7404609271512927
2.608870719578192
2.446053167868373
2.2503157942214975
1.9433484782749626
1.641836177335112
1.3889415685048003
1.1554870240709767
2.930839945630689
2.9113843274522933
2.8703679880106026
2.794699440508996
2.700083071280046
2.565423641506062
2.43363934658178
2.0968316096677526
1.7603420505726468
1.477595022649248
1.217438984868478
1.2538623137780989
1.2215128487410756
1.435976673519476
1.4361520257630036
1.3644851843242038
1.6058078989087552
1.5713242472660531
1.7637040839976372
1.6659609627735252
2.004752334848001
1.9798119801935952
1.848992224225159
2.170682027593396
2.08818171171772
2.245379618855979
2.226955313049492
2.3569903881977057
2.3632498166636307
2.205756991916018
2.473508008725557
2.4771536933665206
2.399382004207934
2.5684431970117116
2.5315091655652604
2.3348242265136627
2.5032927279961625
2.70232218737409
2.7140567723451747
2.65591767506609
2.384927519353605
2.7550455631906305
2.5851707748441504
2.747072491438373
2.421688672466124
1.1510729915367373
1.166113308948539
1.273441420663868
1.2900496151649283
1.296923816295676
1.4645622819245159
1.4830072309980995
1.4897635722136648
1.4855403665171167
1.4696287951779032
1.6703503449295036
1.6897326288606327
1.6951358173754705
1.6874960441005376
1.6657901871091594
1.5986165426272085
1.818826408663605
1.8382144768369384
1.8421817585847076
1.8372164913771898
1.8315448016667186
1.8206337871385139
1.8053613464216212
1.7674996010035071
1.725066639330176
1.9639538755285164
1.9829722839799833
1.984604857133822
1.9696923445384635
1.9558256500581486
1.937756782675333
1.892535272098196
1.8451601296405076
1.7541492771657803
1.6650023929436524
1.4931658456088797
1.4160911043644695
1.3070103838899372
2.135453123346384
2.1517567202857193
2.1493613085768244
2.141653521707684
2.1281606238792774
2.10668922673483
2.088040792650326
2.0326204463828415
1.9769922640434665
1.8853535154513112
1.7672158781165692
1.6869553472758148
1.5711558586893541
1.4803737004844757
1.359287372287243
2.2336669883376823
2.247110023110441
2.2412896684561256
2.2161883152088864
2.195918120074431
2.1696109922110907
2.107312385750472
2.0458239598031316
1.9301943079601347
1.8172820912584882
1.7287633294437157
1.6031781574522326
1.507933093841341
1.3753645681902555
2.341085582167117
2.350165630328332
2.339115992214068
2.306940493516743
2.2522086275936486
2.1126580501177057
1.8604235089883054
1.625711689257262
1.378311997936573
2.412604293952272
2.3999160072343444
2.3804151747310476
2.3339184982467995
2.2971078333289605
2.2208160696270074
2.1431626087429163
2.007343759147521
1.8737269765432685
1.7884179507573406
1.6235302367027251
1.5204154136403685
1.3637269429892638
2.4749516449134443
2.471989648448929
2.4480943414581384
2.401341471052949
2.362397302848722
2.3315494751730106
2.244796040133957
2.1590479536772795
1.9998495098393518
1.862208829670856
1.7408496888942424
1.5941843109451928
1.4688806157289023
1.3151584861155192
2.497310810937047
2.4883095242649613
2.4595673150412356
2.4057636671883476
2.3674356550202527
2.3238147884380793
2.229749526135455
2.1422588600238273
1.9803989652114222
1.828099765154842
1.7339688519510645
1.5462844038514956
1.4200329454654732
1.2575593777211809
1.1046800604669695
1.1205245807242425
1.2198011901987773
1.2372318562363884
1.2423708509620228
1.398648136419633
1.4177241713998379
1.4221063180926823
1.3931235827272164
1.5893779350930366
1.6096247525794662
1.612991849533822
1.6114959956054253
1.5728288221922735
1.726586950947544
1.7456339415307955
1.7482834553177073
1.7456488332458908
1.727060134816851
1.6972732003008923
1.6322445828778203
1.5591281305429214
1.8588929143035202
1.8773711381059877
1.8784249050049877
1.8737399291688266
1.8494708548067287
1.8152679257437239
1.7383584605476747
1.6562630423513767
1.4903313842976078
1.3062138972995874
2.013248541537168
2.028446134331859
2.0260340656179037
2.019163767528563
1.9868062444970664
1.945159792260887
1.8671117298900533
1.7580291114720228
1.5681943399683376
1.3584683431425173
2.1004504188911746
2.1122335649731165
2.1089300833741413
2.098451739627568
2.0601771531439264
2.0131531006100243
1.9130237978137037
1.8076550179276587
1.6002176115272355
2.1935963731663053
2.2002044035547708
2.1792869298146016
2.07933433471356
1.8509504459133095
1.6227625861854822
1.3775216970616115
2.253023260189872
2.2509438433365965
2.2424680504502073
2.223687606712444
2.1721543213619596
2.1101353971662387
1.9899695399893258
1.8643835784171536
1.6206669165376462
1.3629650309674597
2.3006449563488007
2.2940737892497918
2.276395470435533
2.258310863446286
2.196622195370878
2.1264112494973624
1.9835486700358738
1.8532589913105066
1.6534831036835027
1.5914681160938053
1.3144595809482555
2.3131253892842722
2.299618065581756
2.2804323621307403
2.253353902182452
2.1836831296417136
2.1105289716292033
1.9642668435679689
1.8195203070709864
1.5437513594515504
1.2569241116340322
