0.8044753566985468
0.8126537420051886
0.7805838756849588
0.7259766481683176
0.6664036514078936
0.6156868280055176
0.5640923391303432
0.5189835760706616
0.4561805604760382
0.36886608948868643
0.9174161321582905
0.9337927333564724
0.9358917461455293
0.9268479529789534
0.8718925025772322
0.8000149232780607
0.7364512399704403
0.6712011326516177
0.6140748015562704
0.559003029854246
0.5074082349822057
0.4658362476065832
0.38924057680342006
1.0294861410259633
1.0377529658725893
1.0433413900736845
1.0470044295425518
1.04679132423592
1.0098642104424798
0.9303831220366855
0.8546879845396833
0.7756300048874708
0.7061404290886086
0.6391755345334644
0.5765353785457323
0.5261568873448803
0.39288291940373776
1.1389169401603392
1.1536476045701352
1.1558830318365594
1.1563224333768103
1.1531529463311219
1.1435937733390125
1.0686374002249914
0.9817359096858624
0.8877902042755673
0.804491799173856
0.7241430498307102
0.6490794285196612
0.5888269862997058
0.52939757990666
1.300116060389998
1.309604799672335
1.3153169153943924
1.3172468011236442
1.3159723165377553
1.2827362794059345
1.188436643048168
1.0720702147488022
0.9655213728229275
0.862068792675734
0.7654775794504275
0.6881651142176112
0.6121861344535445
0.5472779741393818
1.4152430101416897
1.424592410491017
1.429880278299592
1.4304657493715893
1.4283716388092769
1.4213733666175972
1.3498870694657705
1.2211150565962947
1.0961893312562638
0.9732858889793561
0.8583198300817895
0.7664511779887614
0.6764235025537172
0.5997465947934516
1.3164973854252413
1.1807040825868684
1.045114091702898
0.9179021614401235
0.8163040267443964
0.6324248650290072
1.5547854580555807
1.5683198805315677
1.5625744302792695
1.5497480577880316
1.4264890408388495
1.280029273241598
1.129699364053708
0.9877870957630241
0.8744377094253147
0.7637457573805243
0.6698714323113159
1.637788542246621
1.6491985990616755
1.6403288956077116
1.561108382520366
1.4071091855709534
1.2388534848090587
1.0777271331181595
0.94879555910003
0.8231115330186172
0.7168280005984737
0.617327980632319
1.6999667555687046
1.7093109083173978
1.700428256506891
1.6579612385548277
1.5138107074358318
1.3323259575302333
1.1547908281832981
1.0121857129763092
0.873294275371709
0.7561027595272534
0.6467132410421694
1.7677859186699985
1.7594231327276761
1.7465043134157199
1.7173804417740164
1.6308562205064576
1.563813371128817
1.438923134710614
1.2432002860303693
1.0846725276383986
0.9302609205847543
0.8002614015483003
0.6793145770231609
1.8150128669386396
1.8186537964344813
1.7993276904411906
1.743355723516575
1.5502447321682409
1.337041261919072
1.16156207143003
0.9902934394293201
0.846350827823529
0.7128955769593135
1.8682916703631505
1.8564687799992958
1.8434108086314263
1.7980581259675603
1.7741640838796984
1.6900487278817409
1.585742568874112
1.4601584928590117
1.2629735989877084
1.0690736090004596
0.9062578941496988
0.7558791865323828
1.8990271684936115
1.8869176793286386
1.8609984797355892
1.8128057505620159
1.7523105957141756
1.6659908901680842
1.581376580014381
1.3648038025143183
1.148119682044197
0.9658096339394978
0.797965859083352
0.7952764169911364
0.7751319340068721
0.9123866976623843
0.9126749338483021
0.8677649429039046
1.0220353318380144
1.0005867431733688
1.1245660980187386
1.0630772427478214
1.2810761293301467
1.2657252957865748
1.1830757031247456
1.3898370913324964
1.337975237662403
1.4386944060030826
1.428085370804118
1.512200872960802
1.516894785083642
1.4173084947497665
1.5894249513973966
1.5925197590878066
1.543503945594464
1.653037131571599
1.6301055276492258
1.5051020809681657
1.6153983819448203
1.7435389023872838
1.7521891549583064
1.7156744394143377
1.5427975959531928
1.7827376200904737
1.6746528583858642
1.7818136018224193
1.573580815410969
0.7304260081317232
0.7399954197927221
0.8091455660495677
0.8197386070298804
0.8241910388279303
0.932549165664001
0.944382424074315
0.9487987677596483
0.9462664322945927
0.9363255978906292
1.0660290984215297
1.078536688392847
1.0821509324131133
1.0774919769560654
1.0638902377949393
1.0215161259822947
1.1628050167447215
1.1753839495112808
1.178139059026251
1.175119835166469
1.1715933286430917
1.1647610211434087
1.1551517201055534
1.131251893981321
1.1044030784680285
1.2578715272871697
1.2703045334349323
1.271606133082187
1.2623754990666374
1.2536610234612338
1.24226757736454
1.2136694597497149
1.1836324160770124
1.1258579774136723
1.0691871871750822
0.9598620912580366
0.9107968375575622
0.841324145124385
1.3710003695612116
1.3817908202122067
1.3806030724960552
1.3758412711630825
1.3673898295717526
1.3538506145809655
1.3420502668417726
1.3069075514147768
1.271551823010222
1.2132291691493664
1.1379546817088717
1.086779336244719
1.0128998690078723
0.954960409032027
0.8776403143621652
1.4363493502707065
1.4453969455597937
1.4420344254769688
1.4263334185129033
1.4135373469892716
1.3968705567360342
1.357289868261764
1.3181487675126338
1.2444289557087713
1.172188724536547
1.1158264778218
1.0355751030569817
0.974679243672849
0.8898860493558242
1.5085972313196172
1.5149302548370276
1.5082901693942958
1.4880663501304248
1.4533585089400611
1.3644152387624766
1.2031750083110142
1.0529014335178597
0.8943395050846304
1.5576053997956758
1.550123401317813
1.537903891715811
1.5084625474781603
1.4850467823463966
1.436389179440687
1.3867699147383674
1.299847789303858
1.2142468019316937
1.1595540490706204
1.0537838545579146
0.9876007882528138
0.8869817163327172
1.6017798684684987
1.600529900913036
1.5857000544034623
1.5561302492849232
1.531342245060392
1.5116632523919946
1.4561914953149788
1.4012679598665327
1.2991285852740897
1.2103584434701422
1.1327082449078862
1.0383776887628815
0.9577404166176058
0.8587569526151972
1.6196094079924692
1.6145181435350242
1.5965758054109291
1.5624500519401197
1.5380096274068247
1.5101348864359887
1.4499005370556108
1.3937193530025411
1.2896861809903268
1.1916690732728434
1.131058758856118
1.010110538831467
0.928695377083884
0.8238538734994738
0.7012274394988312
0.7113149409868581
0.77534778117597
0.7865067450919326
0.7898830211856374
0.8909218394040953
0.9031750721042942
0.9061181568667106
0.88803353709783
1.0147573009510245
1.027851431772572
1.0301212869572447
1.0292652556077602
1.0050582510880886
1.1042984391876263
1.1166954013426942
1.1185193877851691
1.1169793051928438
1.1053891948411705
1.086620835594895
1.045491291449757
0.9991447040299295
1.19110230845231
1.2032317604652705
1.2040657485058677
1.2012391741300452
1.186056746504726
1.1644577658718216
1.115721206792178
1.0635729511099388
0.958038463954256
0.8408107142525068
1.2931510110303688
1.3032970575209621
1.301995524077453
1.2977585928464335
1.277431570924661
1.2510631937889036
1.2014791133551077
1.1320317343991888
1.010987273371208
0.8771101949448904
1.3513479107038748
1.3593684669840949
1.3574884702811956
1.3510086495921134
1.326895114421662
1.2970709974694428
1.233341553809144
1.166143672366183
1.03365813092101
1.4143103312986294
1.4191075511570432
1.406220314218884
1.3428499675515901
1.1970324602849036
1.0509850617377767
0.8938244621236483
1.455428567416828
1.4543952650146894
1.4492243679479582
1.4374718672061828
1.4048373875019473
1.3653423344557154
1.2885636912183691
1.208171713689996
1.0519176164698891
0.8864834767161762
1.4899074358972588
1.48640210556856
1.4754161928780598
1.4640235057107573
1.4248325445097338
1.3800082760929657
1.2884956406612738
1.2045144329938908
1.076486335358886
1.0365984506197068
0.8582971916269748
1.5011604576720428
1.493244350810388
1.481262233761936
1.464158305724269
1.4197470822797258
1.3729815415062407
1.279126878869495
1.1860459746427394
1.0084440438104447
0.8234337397124291
