1.9319852057062257
1.9508623726619547
1.8702428986524016
1.7358571508254794
1.5898149571622562
1.4657689348019969
1.3397771641291254
1.2297849114298793
1.0768555696151851
0.8645769739151381
2.1951499086829727
2.233450249000458
2.2376797631794147
2.2144185128923737
2.0789143034729163
1.9031039866198274
1.7481216067600478
1.5893343766626682
1.450548696652421
1.316936894051756
1.1918971491606434
1.0912369684893108
0.9059641092968974
2.454895405410985
2.474208328359863
2.4870735728288054
2.4948877973673222
2.494044504967706
2.4019514858458355
2.207698474425163
2.0235980515268253
1.831782268971851
1.6635036125635132
1.5015855029283014
1.3503132517652616
1.2287793759419665
0.9077574569662985
2.70672003314002
2.7406580535422527
2.7455578964147906
2.745522577401764
2.737207620145242
2.713156054678326
2.529607402649392
2.3186572616957632
2.0913513513875155
1.890257890395497
1.6966158813845738
1.5159660040726448
1.3711356475324712
1.228436916823474
3.0744662665897105
3.0961064199617283
3.108768342019337
3.1118460662604748
3.1083116492498646
3.0256679488790037
2.796780632618604
2.5161971145316215
2.260094489879343
2.011951572053612
1.780655290261949
1.5957916347389325
1.414357800504934
1.2595740289734922
3.334194702419778
3.355252374714832
3.366664223524778
3.366327576039949
3.360729438475315
3.342973838533866
3.1685386845671113
2.858472897228095
2.5590591994859966
2.265240130151445
1.9909254101170015
1.772080358425086
1.5579450865630768
1.375854428080256
3.076910557112426
2.7519306438302595
2.4284053107880768
2.1255102769315877
1.884027337694644
1.448026874813761
3.6451652096155955
3.673914025563317
3.65792593526943
3.625941695898992
3.3281954953419284
2.9781321574281607
2.620158313284271
2.2830359453340225
2.0142808907971403
1.7522853004081698
1.5305066316820173
3.8274666745485817
3.850942206118205
3.8271958000780923
3.634716091761942
3.2667982687709167
2.867015638689798
2.4852727898735294
2.1804586274635387
1.8838886354667748
1.6335978916394838
1.3996412043628728
3.962314012129192
3.9809335443689258
3.9571182472456337
3.8532591368031905
3.508512733701426
3.077895025125829
2.6581360516812382
2.321763816274759
1.9948223743995934
1.7195537224932094
1.4630310351543958
4.104775582059193
4.082633894815042
4.050625237970569
3.97990801484165
3.7728367880563716
3.613505855971506
3.31780443106856
2.8559840162022008
2.482951055061218
2.120409700087397
1.8158936873404812
1.5330801380256862
4.205356128523342
4.21006785624647
4.160958491399435
4.025796365111776
3.567663032757479
3.0654687482612735
2.653490872437301
2.252389388870751
1.9161398923013377
1.604932908751738
4.307894210367196
4.277817596841957
4.245773493808581
4.136557955572737
4.079583639728654
3.8802814225821445
3.634416436869622
3.339474225174685
2.8777392344863117
2.4250070580700926
2.045824256536807
1.69644542651611
4.361740611927742
4.3312863487601785
4.268264190122364
4.153143805023071
4.009896082247257
3.806699215374609
3.6082574553323243
3.102131489521951
2.597554401039408
2.1742345197377078
1.7855233785785358
1.9082253545652477
1.8570940848547826
2.181124519590369
2.1803599237836493
2.0690248162390104
2.434123051101829
2.3797939015499177
2.667858365828581
2.516412331544068
3.025712139150506
2.9854803537312447
2.784154789277987
3.268746086828367
3.1405759564887035
3.3796883488814973
3.346954661750574
3.5425009718520606
3.549133768829358
3.30681045200202
3.7115554696522426
3.7140976837349204
3.5938152290248504
3.8470844314327146
3.788688631898553
3.488397434328069
3.7372135954224057
4.038510184872601
4.052384986393845
3.9621494130423054
3.5506150216697816
4.104017612937109
3.845139576957713
4.082597542756251
3.590605913503946
1.7507948279004806
1.7733465572596956
1.9339261118151132
1.9587260563139794
1.9687353347306942
2.218991026651977
2.246388990234984
2.2559736126043437
2.248789839449599
2.2238040902339806
2.5242067907937162
2.552729046301464
2.560067285322008
2.547517878319437
2.5136065342734586
2.4099935982675245
2.743248235456748
2.7715586962366077
2.7765336734752206
2.768352513552925
2.759363862150312
2.7422930171432367
2.7186035169441354
2.660232455597032
2.595087671581388
2.9562110328887035
2.9836821477845983
2.985022086306906
2.961236811735402
2.939668798890293
2.9117433593499062
2.842221607446726
2.769692428046148
2.630693636887276
2.4948167612532592
2.2333137634982356
2.116138742928204
1.9504399118342792
3.2060328853737614
3.2291641949267302
3.2241763293169035
3.2118705064162785
3.190785940656793
3.1576013741084816
3.1289287411910767
3.0440587054036055
2.959181996010729
2.8196809949043837
2.6401767813210832
2.5183638300032634
2.343433374219579
2.205224379544927
2.021913320084817
3.347823596139867
3.3664253863066804
3.3562295440297794
3.3169574532692954
3.2856898107278134
3.245331177051236
3.150196486808785
3.056577579248682
2.88096054298431
2.709352151568635
2.5757175159386474
2.3856862539451122
2.2416983295542163
2.0414290683884353
3.501210434122294
3.513074109967637
3.4948486423261187
3.4448992107725687
3.3610754932668514
3.1489346080630676
2.767217172522482
2.412899871939138
2.0400680867262584
3.6010265911847075
3.5797068038018542
3.5493539905661393
3.4780048312124774
3.421894519095978
3.306019285270825
3.1883941980412023
2.983133682113938
2.7815166365074817
2.6529352489479874
2.404631813895229
2.249496806602989
2.0139610920316526
3.6856434097496624
3.67915703026655
3.641597486983408
3.569829229140668
3.5105302946509878
3.463705229627048
3.3324124256906633
3.202943168574714
2.9631129805033876
2.756055577299226
2.5737727023364543
2.3536162323637995
2.16570993082201
1.9354135314926868
3.7117091595107037
3.6961455989522363
3.651380282838092
3.56916841716886
3.510975372669375
3.4449287100707853
3.302937111419662
3.171180408225755
2.9278804346261476
2.699350098155374
2.558220664996461
2.2771503642537687
2.0882779855182574
1.8454641304239072
1.6792229243285495
1.7029194884691332
1.851360114187359
1.8774037898684397
1.8845805307735248
2.1177585839973716
2.1459701086607894
2.1517930148416156
2.10613841961994
2.400214979156061
2.4298795833519393
2.4343626623761523
2.4316332337186375
2.371106919999333
2.6022733482863534
2.629923646116038
2.633316556303875
2.6286916725019
2.5993804588465306
2.5532911732256185
2.453386668228524
2.34149154937065
2.7960203470544793
2.8225129588674793
2.8234031705955593
2.8156137533761454
2.777599576918808
2.7248645503802287
2.6070399874508774
2.4817402404381665
2.229082356476168
1.949254379639921
3.020239293424548
3.0414757410674254
3.036875200903962
3.0258612596067724
2.975553070319053
2.9116166109924206
2.792450459410758
2.626481742431917
2.3383793340436885
2.020699272031905
3.145675309698556
3.161638924558493
3.155765414417124
3.1390879785977988
3.0798754471061507
3.007869407143236
2.8553933497869006
2.6954423095481292
2.381294990357061
3.2778927138043183
3.285879608215313
3.2525146268378036
3.0993995768176394
2.7531728805476883
2.4085400340645973
2.0389041848809337
3.3599129441148543
3.3557614165555183
3.3421040037247174
3.3128354045610604
3.2337959638955507
3.139414186178911
2.9574024457689
2.7676986156422347
2.4004100508266126
2.012842245818913
3.422980005208835
3.410900818548982
3.3831687189696416
3.355282346659238
3.2611590961633694
3.154711542266924
2.939061433508741
2.7428697962973465
2.442708241706518
2.3496279222927554
1.9343921878404922
3.4347906907362926
3.4122909926809135
3.3824498208386213
3.3408858446107206
3.234922034363146
3.1244148403313408
2.9041430187686026
2.6867471975302273
2.273443390100732
1.8445394025227433
