4.169134804307113
4.194000579971565
4.020499987791441
3.745415223921846
3.4402871157104418
3.173987056344675
2.896524666856742
2.6477577479312577
2.292133142722689
1.7809329315438764
4.942812865043997
5.004663201731756
5.006296219946037
4.9504227458038335
4.659541584277274
4.280580864596068
3.9386577484373104
3.5799757915847117
3.2585128056600943
2.9423064788324678
2.6407979747145816
2.394425622434165
1.9337032777180545
5.727289929710665
5.7614107239503864
5.782876507582272
5.791737786803661
5.7878412876874
5.57545256571845
5.143033432826831
4.726000183777915
4.282045172864458
3.8832454715715308
3.491678335426733
3.119508941689762
2.8164641356692828
2.003467728277248
6.5475931894464265
6.609658060518687
6.617014182406771
6.610335683145041
6.587998093618362
6.530278445585213
6.1053392184233495
5.6137875905462495
5.0740608026066285
4.585877430248184
4.106750014050017
3.652615440537287
3.2840795204357875
2.917595035182348
7.857611234659676
7.902686119932781
7.927719426247925
7.928185146097674
7.9179450107612
7.7115968845693725
7.152567628650369
6.458615308627727
5.812576730966334
5.17562648057393
4.573414733401451
4.0869519167655755
3.6057688127248664
3.1938797169889184
8.885238244709223
8.932132914509127
8.956369866859335
8.950777253104526
8.935128192738516
8.888502410548032
8.44585818866907
7.654310549971533
6.876067006814113
6.099732219830617
5.365233543876993
4.773478358534806
4.190322090453171
3.693142949644754
8.456800624020609
7.596204822095601
6.725639236253247
5.900017858344179
5.235533492857089
4.026293199905872
10.267600788643975
10.34078000976664
10.29762735730505
10.212836685862078
9.422081110857095
8.47541995768916
7.4917984462041165
6.553671748996322
5.798874972278059
5.058159665840253
4.4298010686104945
11.188816678597457
11.255592548264817
11.194359747168326
10.673929702026616
9.654426845770159
8.52712297130305
7.436741044470214
6.558075309592076
5.697489502322076
4.969629806836797
4.290031341813008
11.94700328775695
12.007406601914957
11.948963191150048
11.667657361014776
10.695841632589095
9.456199614033563
8.230908833472853
7.23969013076781
6.269693244453312
5.451073500730337
4.688796645656343
12.831638519819908
12.779559772286648
12.693724226136784
12.49698632362678
11.903494842502528
11.438794465374913
10.565822983956256
9.185155035630467
8.05834421724973
6.955239530267114
6.0260906444314415
5.163342223965114
13.62001218029586
13.660841282336973
13.538895063673197
13.154988620548655
11.786558253601399
10.249330842897523
8.972655752355186
7.719532188337568
6.6652902590629735
5.688975805220729
14.677934812495831
14.608771839247323
14.522403823165522
14.2080727945887
14.037087151003028
13.429176011672189
12.662334103457763
11.729940362612359
10.252605923519509
8.78900549529308
7.55728937294704
6.419752893880179
15.613452292781975
15.542666749415613
15.369766880820638
15.028055666407205
14.58370925321591
13.936220254743578
13.292778590262953
11.626208875527208
9.940161680068089
8.515691370553276
7.20216430415875
4.111723608461237
3.9964089158514398
4.898618286968422
4.885053947066971
4.640240635075354
5.6625123067065575
5.530305360126212
6.433840717301074
6.0767954358529535
7.728882801449976
7.618664098082608
7.122947367942638
8.70763224624588
8.37681162938958
9.26133830086593
9.162105917107922
9.996860529378631
10.010083959449227
9.364608877485983
10.871264607870076
10.881911682051069
10.558925208476992
11.630442016395808
11.479052179009189
10.63601411343031
11.79294031953077
13.103796895066807
13.190554327430492
12.94870535471427
11.729916529570952
14.066057522240746
13.305466198869839
14.765470845111265
13.224698420418395
3.8198326064957664
3.85408460696972
4.3441485397223385
4.383627917153554
4.395228794519831
5.219043015377787
5.265574320697002
5.276989913906306
5.253218130316795
5.191361971869501
6.249545622425404
6.3024629944271116
6.310058128483531
6.272248662015768
6.186878937874397
5.934508239763407
7.0646553666999905
7.120919976024713
7.124586982579512
7.100137725583662
7.075738937466338
7.031008650963839
6.970210688698391
6.822757527341903
6.658768279779929
7.937273566336612
7.996980137929108
7.993582350748241
7.927737422819034
7.869716264175316
7.796434482209005
7.61662226254969
7.428084616710518
7.065033161600856
6.708180483895403
6.015086141720137
5.70193036147788
5.256366698781915
9.100358249285408
9.157316616398068
9.143153845687717
9.109784161669353
9.052843889059536
8.962854190643988
8.884872087504062
8.654781845960617
8.423514520848594
8.04187150186531
7.54731248928905
7.209937434022595
6.720562054809042
6.335692155913899
5.820303342879182
9.864672672304222
9.918921411932544
9.892780847366168
9.786024328984771
9.699920895947779
9.5877438848256
9.322976668650599
9.060915872931876
8.5651682225174
8.07739214694032
7.6956154134317645
7.149856321449492
6.734571691726888
6.1551287974736955
10.845107616632003
10.89133418912441
10.847701484516243
10.711545608566194
10.474696079433116
9.860568587250743
8.736458918512339
7.680811800294902
6.560523869101821
11.622377548797745
11.582344844029015
11.50156520354337
11.299294097997821
11.136894423788567
10.794771411714978
10.442744194313923
9.822305611479546
9.20791740399428
8.813657044106888
8.049411790113638
7.569941293445404
6.839683884483462
12.663728823657362
12.682772836462851
12.594987051545306
12.39518540387523
12.220020131621544
12.079539382330209
11.676433217966917
11.273273207300836
10.514482487039658
9.849712276969417
9.266156243655331
8.55431576610722
7.94572788600435
7.196977098321556
13.409765829117038
13.413035061961192
13.308406132891438
13.076299039804521
12.901494951193634
12.698679632038257
12.249837226268488
11.825195710959058
11.02869816949389
10.27196345856752
9.800355676213629
8.859528734353333
8.223658558572357
7.403054620545218
3.6754016918700216
3.710742567840964
4.171441390963746
4.211986668587149
4.21542326440653
4.995218741740518
5.042689537846464
5.043250185624425
4.92632606164262
5.9589897008271855
6.012786749891542
6.016047091516139
6.005258930972941
5.847647162281515
6.71948309428501
6.773573698126391
6.776059923352454
6.759388136647879
6.679433406250796
6.55993524006876
6.306970271732774
6.022505027822886
7.527137895640042
7.583871660585012
7.580886115431663
7.557063300906909
7.454913228455682
7.315441804995842
7.005186467126089
6.674892714942516
6.004192836514865
5.25327670329631
8.597975392646983
8.651757908243658
8.637592290571629
8.606591173371683
8.468827925658811
8.29381218764506
7.967100586957405
7.50938491087533
6.708187135239227
5.816830328989903
9.298798698638441
9.345695651178307
9.330584445449425
9.2848491396103
9.121310240995157
8.920502127719802
8.490792759475442
8.036569237720588
7.136737006157268
10.190123083146897
10.22682216636452
10.141610970379704
9.706609407810207
8.691834125050711
7.666630150609246
6.556617096455517
10.89113223631174
10.889522999663798
10.858534798281397
10.78167938662639
10.55766825522547
10.28075969140887
9.736104833321102
9.161001015997321
8.034654527336619
6.835613494583232
11.824696195393527
11.830716350713072
11.765303786089786
11.690942099926534
11.418496154933539
11.096977014918313
10.424964974244446
9.799801134692927
8.839887156329475
8.538603173354776
7.1927131397296975
12.48709395773765
12.475774264631221
12.406706431790326
12.295718522752804
11.98320063775426
11.639810675950386
10.932557056168331
10.219760571350298
8.84336561642684
7.39870634011854
