8.801403628232425
8.800549006384015
8.439469456496756
7.937126204217538
7.376903392969128
6.878795995474251
6.348235403934811
5.862507559330031
5.15154827950388
4.097063695934499
10.88534819525711
10.93330064850491
10.907450472926572
10.772992837325933
10.20837492665994
9.48901788838308
8.829790442993028
8.122333802176879
7.473998791068443
6.822697515338236
6.189771730807791
5.663880089411319
4.662649652252736
13.05381992248114
13.088559675608483
13.10365295659775
13.085691099244793
13.068979758751777
12.609514504503785
11.75640271891821
10.927551683668497
10.025320436404884
9.195904204246888
8.363322714134906
7.556042185527508
6.887123573930466
5.0511414045011955
15.473118587466834
15.53270244692846
15.530358502138707
15.485461540857742
15.425177015284047
15.29102008237918
14.405723043279075
13.39458786431998
12.262147481442087
11.21367214573704
10.160823963499157
9.141988758982016
8.300112647708856
7.450987037238566
19.642504914783807
19.69711729444015
19.7161816273626
19.673729318584236
19.64060656541872
19.148411832171803
17.91948765078285
16.384240666228603
14.923799774494315
13.449942774070799
12.026159783760443
10.854327653879233
9.678118032442121
8.659759865118495
23.186277405809477
23.24678067812903
23.26370702883814
23.205207588736613
23.155974464673374
23.030152324333418
21.98278848994557
20.150019776037134
18.317580023998215
16.44760523607741
14.63959058519839
13.155126531425992
11.670414211346163
10.390033783007382
22.78408166970853
20.703758434223573
18.553063041150114
16.46889318020032
14.759429635618156
11.585390938111303
28.37181174702781
28.44518259600693
28.286931663471524
28.053997611773376
26.072158767083934
23.710811988879918
21.20857725360685
18.770981890709137
16.772475417400404
14.782054838564783
13.074323811518932
32.10754505256145
32.170575065141364
31.955005545313828
30.55861121202068
27.905021768346728
24.92831940683218
21.990621439117415
19.57915510987926
17.18261195383388
15.132962785577568
13.204581588935323
35.36805788902276
35.42576729738416
35.20809513212584
34.40336039837506
31.7706915027934
28.391111240610506
24.988444861853953
22.18589260444385
19.403706783218542
17.029931341884456
14.802889317463263
39.196954075045824
38.99491228230942
38.72582116007214
38.14993892930491
36.466308147246686
35.15539702793565
32.68047435123069
28.713319741040383
25.419847620240994
22.15036296550732
19.367122167972973
16.763875468319753
43.227841340491054
43.23483509664076
42.805656088230656
41.63935292009728
37.59834604827648
33.02032825864697
29.158556233216004
25.316872400020713
22.051840482590507
19.006836580538053
48.58416210799654
48.324067196673354
48.03122552782026
47.0199428577695
46.47834033848497
44.58550098262885
42.194928936998586
39.278485857495205
34.607773691166244
29.92321140522274
25.943128369160796
22.242913377422976
53.96242790337788
53.68273606832389
53.0749556177439
51.93453330887846
50.467892679135424
48.34415312856159
46.23250860798504
40.72781966155238
35.099274704962234
30.302532759745205
25.85197940646578
8.657000273150624
8.40284869135269
10.74001284990509
10.669789944519541
10.176803319917761
12.841225771373214
12.532909010614015
15.120858373094157
14.353467376191638
19.281643178471885
18.96792678293217
17.859966602773298
22.660728633511525
21.837600705173237
24.91681210914386
24.498037339363314
27.690389433280938
27.601287575013238
25.93919161725036
31.277690830710625
31.17874866724509
30.281817722707203
34.42614436942723
33.93353972728659
31.61725210834642
36.17244183473898
41.785429513581285
41.857585717853766
41.0705679094327
37.437585748155655
46.65149287806531
44.21796416751838
51.11904956730563
46.01562709890661
8.196616163237797
8.22383428919114
9.591550740233956
9.625486924965855
9.618117272554292
12.066106460510097
12.110572910237476
12.099028408053377
12.0256266586881
11.885448645021091
15.224778254269209
15.280715947438425
15.258516487709214
15.147990732986303
14.949039522005538
14.397622349454995
17.92350768039186
17.985860444450793
17.951526688746966
17.876750223485203
17.812457593738852
17.70184870019319
17.557499628088717
17.218655970297
16.8470715962483
21.02040451372561
21.09038378410507
21.03775774316297
20.85068518200066
20.702766307469926
20.52191071321778
20.088528257390813
19.63669865284788
18.773582009841373
17.9212001331915
16.242465260033867
15.473905550742087
14.368622690355096
25.504526827826115
25.572436874581715
25.487770384523984
25.38472317871971
25.223279644588743
24.98082592086646
24.77689223779214
24.185842132471503
23.596330401821948
22.623879291989528
21.35558228472168
20.48437592686902
19.20967805275267
18.197493716386262
16.829883193039063
28.693786256597548
28.75587655638853
28.633653611705167
28.317750318312783
28.077689346763712
27.771217514255575
27.0617534953058
26.362169749780268
25.037983011360055
23.727930092504195
22.696303479793098
21.20810777890641
20.066765416903255
18.46195630042173
33.10212524301927
33.150369116354476
32.97294637764817
32.55696082112249
31.870304817802168
30.127146290547753
26.933159116052565
23.89407605901219
20.623134970486444
36.77503978500583
36.574858287887025
36.309505212077404
35.685033389753855
35.19947549947018
34.18174023798458
33.137808885393135
31.298059098601655
29.465285666166587
28.283760216938695
25.98076115749767
24.52613363368779
22.2977808533027
42.45248923122682
42.42797655966164
42.098108533715816
41.43151646148333
40.8644017586285
40.415211267737604
39.1346310680083
37.85534923289455
35.44591334504394
33.32431650364113
31.45994178491603
29.167312828634742
27.2035907459567
24.774177243074078
46.86840616191112
46.79348308329754
46.392545391636
45.58944754804602
44.996861124668
44.3152976148665
42.81535877204671
41.401185816650674
38.74324813832085
36.2166080666162
34.63015355204446
31.465800010971034
29.31631194021244
26.533300489279842
7.931027102027092
7.958204076480864
9.264445710414005
9.29831127202236
9.272436907246446
11.620367465409062
11.664464948565163
11.628575662958081
11.356485090615658
14.610887571014198
14.66443076189976
14.645065926009329
14.606778993647893
14.230374623697376
17.15522567809978
17.21260540737499
17.19305168836417
17.134334924489934
16.927737317571864
16.644344159430176
16.06048467579876
15.41029950215322
20.058100538004044
20.121223162590482
20.086813383241488
20.008622088865767
19.737928964704512
19.39010917743428
18.640333287149158
17.845930108513492
16.217107305048028
14.36119417235215
24.23935464251656
24.29616285789595
24.224581085050488
24.127147992017974
23.746986987119723
23.287385240635935
22.443306321383254
21.26244611239991
19.178451988899468
16.820850273796054
27.195501151890515
27.242147234861132
27.171171717770818
27.023925140649446
26.559081530134236
26.00908172372963
24.84812567404906
23.622251845860642
21.173245926912042
31.263168125323926
31.286041243653866
30.98883220062306
29.71244155881092
26.8096774714754
23.853862040895407
20.61174983350134
34.627289094019964
34.58175076016095
34.460848397873754
34.20795712094155
33.51413808280608
32.67801910632889
31.05018462573173
29.328710704188246
25.936790439615514
22.285332913857022
39.80762894329621
39.74117891323629
39.49656945899154
39.242525044417434
38.34998335790238
37.31521052623768
35.168202692256735
33.1678307283587
30.08944274594125
29.116995165462424
24.760181980199278
43.80606922343811
43.68572029091859
43.42248193680791
43.02822995136441
41.957481439550264
40.80096585743176
38.42851163578762
36.043951113194964
31.411216599644764
26.518276076658886
