3.142102852303779
3.191368741188014
3.11491067659814
2.9403721663873568
2.7459236937487366
2.580511569175173
2.413519989388207
2.2691551625433073
2.0714780668795036
1.8059877819878092
3.574570783884892
3.6598420969225036
3.6814122127538025
3.6691413797930874
3.5036465035630506
3.2696476740486617
3.060445047237134
2.8461828994189022
2.659922302453438
2.481839338683332
2.3169180803460776
2.1858082200053213
1.9497639491724146
4.011949041626481
4.05333191926054
4.084214072273137
4.113561128952932
4.117743284664277
4.025918984948815
3.7711797551370503
3.5209324051547743
3.2584766278152073
3.028478329934793
2.807902175947899
2.6031177668200858
2.4397770261731226
2.017368528638299
4.434657177182156
4.512629455788328
4.5281538629691
4.545266697724513
4.543392650815549
4.5224228378983655
4.292562733358158
4.005612473828657
3.691109418892076
3.411788997082168
3.142735895581812
2.892320457297839
2.692258728344121
2.4961830389449
5.049521011876245
5.0979951281039
5.13165764884362
5.158076837575372
5.159322014893346
5.075634438182498
4.772072546609042
4.3802172857535995
4.017423230278896
3.6637788892484693
3.3331192618823446
3.0682660884660127
2.808119740911833
2.5852347553362556
5.480183339977108
5.528402524545256
5.561114191728431
5.582368629013768
5.581518808197678
5.567755608713263
5.350684721667308
4.918898417557128
4.490361374347578
4.065195812192722
3.665533033571441
3.3448586843297665
3.0296630577610797
2.7593555279371547
5.25510543953181
4.7881283026751715
4.316353480950387
3.8706748375365967
3.51264370139127
2.85885466941862
5.986485878119107
6.0661491922767175
6.066530685958839
6.034005658998743
5.634305125331971
5.130317661430015
4.604630977228371
4.103828288065497
3.700775756290651
3.304582215593991
2.964972015234494
6.275448665214745
6.344342320331425
6.3330636514579455
6.084431405217216
5.5564100771753475
4.965623458731
4.393108732949118
3.930694661683235
3.476204101194646
3.0870771961798975
2.718370819971699
6.482971389316014
6.539305057580336
6.525385855382052
6.394946047682364
5.903906886373112
5.265597180375344
4.632281813109177
4.118209962672248
3.612885826798724
3.180807966710636
2.772109357568408
6.7182403401904205
6.700622151285542
6.662281216127728
6.568070968040865
6.273161995256694
6.039225110094088
5.59797726785429
4.897789570250506
4.324162919479477
3.7598554586498865
3.2781399788106094
2.823651649406877
6.829054991360899
6.856723007588663
6.80065935382238
6.612701741272293
5.93421332353639
5.170237783293243
4.533953524026685
3.906546960625803
3.3719189762939106
2.8690874359920295
6.961719727055345
6.9231147255121055
6.879082113861432
6.721493297182289
6.637843678699809
6.339149134462826
5.96658761420142
5.514224388003891
4.798751786445264
4.088360643582045
3.4837692944364265
2.9177680083188267
6.981004125678704
6.938009828566386
6.845345051374394
6.67203270861382
6.454639843727334
6.143696489297007
5.838263069475026
5.052621539679373
4.26040344443652
3.587387420672035
2.957089333078655
3.1313627708291465
3.0924305796436786
3.585862989798979
3.6111987163280115
3.4865205433802458
4.027733455293102
3.987783127692868
4.44496268123093
4.269578457784944
5.018986932480974
5.00665394689709
4.750023699743048
5.441631862290239
5.302539940082178
5.574605958006049
5.612708954481332
5.845908695789104
5.904412322269877
5.597665080859522
6.112436523753225
6.160551467405356
6.015489922762467
6.343232370495544
6.287537527712794
5.87010329574273
6.214370932422477
6.5707130402230005
6.625202163274458
6.509605528475051
5.906471419958391
6.662902743402318
6.2835520916011385
6.563395419432995
5.811328144091822
2.879087543946601
2.9287794564474474
3.191828506880286
3.2474615527208326
3.278631275098486
3.6801716951551176
3.74342418412569
3.777017603778702
3.7848283654690196
3.76440259396807
4.20359073011281
4.271966604389177
4.304517100751508
4.307260039221785
4.275332547677672
4.148738277059505
4.5770010115073205
4.646893737475193
4.677723980244805
4.6791476294028165
4.673471359089992
4.65800970285184
4.632337289918683
4.561209350809813
4.4764277817310845
4.936012822288316
5.0063743761831265
5.031459361714428
5.018125368188569
4.995877246986063
4.963380722936537
4.875077569202304
4.77796024392972
4.585457481020692
4.393129667906526
4.017129756614436
3.8475158327247305
3.6059150499362773
5.347766381710164
5.410127270286383
5.425305275997128
5.417178739477828
5.396120919369871
5.357129962305216
5.320861051268129
5.207708999025368
5.089787356882284
4.890917585427302
4.630208839809843
4.451403797939331
4.19160927313629
3.986835782497489
3.7118485415240077
5.57296224896755
5.627022100447788
5.632400215116529
5.591629037545186
5.552995748756486
5.500137084741851
5.368956505001571
5.235733541808607
4.98029591376144
4.726893938918027
4.52721328669368
4.241643138714317
4.023373765131861
3.717731469958364
5.801914230879703
5.841606320947696
5.832051248719665
5.7713562239769205
5.657049816289997
5.350238091009803
4.778461384458985
4.2368282349058
3.6587546919221614
5.946155490671992
5.933471342910561
5.895449976266738
5.797588954895432
5.7166903199805335
5.546642562209679
5.371512797945793
5.060642016579438
4.75219440637959
4.553903689138777
4.168121200734857
3.9251823863568327
3.5534024777149167
6.013484212743799
6.013015367052154
5.962733534465073
5.858769197732229
5.7707814842417795
5.70018446431571
5.500734566292692
5.302332339477146
4.931521388302666
4.608879274854724
4.322660455436256
3.97547746914408
3.675839552561517
3.3060238016036974
5.993828179780529
5.9728435218080955
5.9058537375349625
5.779898293635279
5.69028226375872
5.588162863135781
5.368017314397343
5.162654532532758
4.782085128071796
4.421727254475491
4.198379849142362
3.7509717547279076
3.447925328344749
3.0551635862612105
2.780422417449492
2.834382767526479
3.0775749992058823
3.1378705102668634
3.168804222767512
3.5389932426768285
3.606862046083079
3.6390451237903165
3.6065050023924927
4.028447914654955
4.103017032000871
4.125555374988797
4.132171936565886
4.079981695801939
4.37688134027128
4.448894131025679
4.468409451251488
4.475428222715228
4.45435039477325
4.402582033724361
4.274875797015652
4.123476244968078
4.7062330726624975
4.778253290084954
4.794294827764672
4.796233210016456
4.7620395448681165
4.699109225290072
4.543424449433751
4.369657403234021
4.009372862453179
3.603682003556666
5.077540136159665
5.140406569437522
5.149795728724114
5.143490323538973
5.089188808747184
5.007102347393042
4.843225897103205
4.605987093452405
4.183683967555119
3.7096156819279167
5.2766524929962735
5.3282521968066225
5.3322298944837865
5.31920264905942
5.248659811171383
5.152075712504869
4.936066606767766
4.702660088864774
4.234194975506698
5.471436823008311
5.506354131463909
5.4755985488990655
5.266964509349908
4.754643731581395
4.229381092876034
3.6567540363816726
5.585562042381076
5.588218723199695
5.574914450176387
5.53784123692821
5.42801049325327
5.2909452832587975
5.018241352621626
4.729406666235773
4.161157508288581
3.5515675519906256
5.617210228822932
5.607411196501257
5.5694813378169234
5.528895228586275
5.388317397666737
5.226358842630151
4.893793990432952
4.588303824533468
4.116431770119918
3.9693520180835993
3.304507122685076
5.57365058394963
5.539959198514271
5.4940412884129275
5.429623186451062
5.264829185522966
5.092026601285546
4.746592377194598
4.403113071967232
3.7456836661063946
3.053931378682399
