5.505505130331896
5.542498402176466
5.345794349414526
5.018760173423054
4.654456274746269
4.334864831358274
4.001381543916436
3.7020700449151676
3.2737475730118977
2.655716368507646
6.592105556184938
6.679046887502927
6.687175195940123
6.6277436685465165
6.284600648852151
5.829403971280836
5.415011329834775
4.978864354883389
4.587036722362426
4.200850639481114
3.8317047336432837
3.529179983693108
2.960438681428553
7.708992854852514
7.757115125831769
7.789255511949946
7.8086345640833565
7.806386455774337
7.564856181165017
7.044710841715997
6.535256647477373
5.989897453972903
5.49818809511502
5.013948327837268
4.5521315829228355
4.17467462223787
3.1530025607420042
8.896018910736641
8.988645436015148
9.002482331542936
9.003851832862614
8.981788172455442
8.918006659759797
8.410999924904184
7.806834025898389
7.137439409290931
6.528759479698567
5.928950654850914
5.3579974477400905
4.892553999522136
4.427395798696854
10.82989671433308
10.898420646075083
10.9403461756803
10.956218217721597
10.948078470065294
10.716337643967485
10.029380211147519
9.158172653987315
8.339755814133937
7.528110756328434
6.756438010755365
6.12958511458246
5.5058549055516455
4.968431275903731
12.378978240974295
12.453466813439052
12.498522618764007
12.511629290922388
12.497958173345864
12.448643930466167
11.914777189440146
10.916005673802623
9.91959293231857
8.917879583981387
7.9638359306292035
7.190313371246074
6.423048857447956
5.764207714021093
12.101754138862312
10.993734800482452
9.86225252544784
8.78122999690953
7.905266146644002
6.294686814870273
14.511054384753464
14.646016821804924
14.616108989859598
14.521677796864958
13.53430048888928
12.309438404233285
11.021139037279887
9.782049486056689
8.777789957514658
7.785143435833549
6.936487066285235
15.95819980191691
16.089225858915928
16.040443306379377
15.403038763676255
14.080652746717341
12.591645663560291
11.136698337693595
9.954790534546644
8.788370817512401
7.793792010198866
6.856929730485763
17.16658521519436
17.29010432521674
17.245763981721822
16.908414440411214
15.651625628795843
14.004939372745035
12.357141172261802
11.012403405438015
9.685942968721605
8.557086351877759
7.496347582284434
18.62867589547138
18.58683514345132
18.488982402006158
18.247965646958896
17.481478283152633
16.86681617384294
15.69746634171367
13.82599820434017
12.28356112764222
10.760873029738487
9.467222433017875
8.25481608473998
19.887834366203336
19.99074458031955
19.86982385672542
19.38897079686088
17.565122885990604
15.466880035575949
13.704292497463458
11.958709698564899
10.477134355625298
9.092047139067864
21.69470713156151
21.62877896878381
21.527532303191993
21.12865051315771
20.90398748134466
20.088433226256505
19.041864553918305
17.754651425634144
15.694870221675105
13.63405474854621
11.883743633151246
10.251649729331634
23.290646600316727
23.21840921334593
23.006953572097544
22.559549931236194
21.95997204146939
21.070151419368983
20.175850842469917
17.833531748236275
15.436755757172035
13.392268787536421
11.48852667834563
5.442625542936376
5.314990593730735
6.549011035686227
6.54344623638118
6.2594005182146315
7.649155556727256
7.505452356465507
8.790075606011623
8.372610851308513
10.693146089116295
10.589967836785247
9.988563405739328
12.200264869755513
11.818900106484977
13.020928290847525
12.975482995491646
14.167031126563566
14.237461782451234
13.452553421238946
15.547297588290604
15.620031845776541
15.238569235793772
16.790645020662573
16.637328394650847
15.564501244779708
17.31983190653838
19.16103142980097
19.361441300361324
19.086174530520807
17.48079742292894
20.886794575834994
19.903562961388364
22.165819013465082
20.07240507104131
5.077299970184804
5.124894817500035
5.819583203228186
5.875880353609166
5.8970707741823505
7.079670219710853
7.149036317039386
7.173439955323548
7.153416809493269
7.085653761972703
8.597539943786424
8.681160286183093
8.705800301685791
8.67284237998653
8.577098778212415
8.275609062294368
9.826028388160541
9.918752942398672
9.941285653750324
9.92049213197257
9.895245730635933
9.845758345781267
9.775341747362267
9.59899470343249
9.398259279121525
11.163976859534177
11.267313646312559
11.28366647634174
11.219033082743724
11.153102060177957
11.066633135390052
10.847708791457576
10.611828057976723
10.153886515303011
9.698529207759199
8.80638540691885
8.400927892297878
7.82143222971775
12.98661842148419
13.093161114497432
13.100969203060558
13.069145811363828
13.00589260221562
12.89914291295943
12.804326272661033
12.518217095648644
12.224213030673752
11.732597599320668
11.08852598026891
10.646267027428726
10.001079629667982
9.491596212001747
8.80569441030927
14.209147872068945
14.31646769222356
14.309266769770147
14.193818149315565
14.091313185785115
13.953085760675012
13.618012989381633
13.280089856918199
12.631700835534241
11.987171868949815
11.479337860253317
10.749712580103782
10.191437977342192
9.40901169405617
15.80392810594672
15.906512802403094
15.88078993178954
15.726359726409317
15.431453838282637
14.630769747888541
13.125551575052265
11.691059770897587
10.15290926803874
17.10852483577614
17.10332310909263
17.014184819090794
16.76543235775904
16.556993028702287
16.107752129946412
15.637903327352646
14.798955633625011
13.960362707524038
13.418699934626046
12.363221885611589
11.697240697627207
10.678494844123907
18.859498300677952
18.932792887654603
18.84816500128459
18.603611642029982
18.376559200846827
18.190974289580833
17.648552074026345
17.098452729199245
16.04983154738051
15.122538752145566
14.303288906038324
13.299632981677597
12.436421394548091
11.36817664139961
20.152600746039866
20.20460591840591
20.094983854036673
19.801598221069927
19.570379449656727
19.297456086885983
18.682459993234726
18.092662597031552
16.975178409649356
15.903074351957972
15.232294811236786
13.88551704561443
12.969487028220282
11.780298160608975
4.901563411121165
4.951888790575211
5.6080315581506035
5.667480435701655
5.680827663741605
6.802537022083686
6.875314835646913
6.889202235943762
6.764078172058408
8.233808927716645
8.322618544391826
8.337281085009717
8.330889580254615
8.156813954381883
9.387931975705245
9.480913934805256
9.495471919915998
9.48494090434443
9.400654235001234
9.260861235479926
8.951703413225454
8.597602062184235
10.636274882286278
10.739822999841854
10.749697008047725
10.73152495460537
10.620235711916358
10.452690803678474
10.06862126697847
9.650741764798504
8.79048963701191
7.81682914605877
12.328910627083397
12.4356155154716
12.435508934322328
12.406923598392648
12.251318706204477
12.037213063949261
11.624037215271514
11.032956249748366
9.982650862140737
8.80041461748905
13.45764504243941
13.5599842396167
13.55848250907439
13.515045158889539
13.32491997040183
13.075107326801204
12.522249629017024
11.926615912551187
10.729931924333417
14.92336621321727
15.017841984640922
14.942362574341075
14.402615187732808
13.058381717249478
11.669369980538919
10.1468137973808
16.113789938714614
16.134895394553237
16.112745480456105
16.02965595967286
15.75414537875226
15.395231693120287
14.66884198313913
13.88900504744345
12.340425281721943
10.672084733179217
17.696550713378855
17.756610661145984
17.692602069025625
17.605459515269263
17.258176177799694
16.830416369158282
15.912751077018164
15.045581819451842
13.699733522223934
13.275054896603802
11.361386586567368
18.85454045266267
18.891570432046336
18.81905397930201
18.68426460796754
18.27500712851482
17.80831872537925
16.826702257609686
15.821922166658224
13.8600463654474
11.773332996601411
