3.433732014732743
3.4958967604729154
3.4504553847317894
3.2952312816035114
3.1164900183295474
2.962667723840433
2.806607399609994
2.6712507315788265
2.485936899433118
2.239049821103437
3.985063844097903
4.090841168745805
4.123937145165133
4.128647185931937
3.9905943507689967
3.775111072420117
3.578204652461287
3.3748670767097995
3.197257949342711
3.027271150292157
2.8701848467681454
2.745762565397459
2.524327075153444
4.559118436646484
4.611380543160647
4.6523554859900225
4.696934269489313
4.705797942865895
4.651238297823525
4.420063622273186
4.182618446391319
3.9301287734728843
3.7073018912384956
3.4931240305257694
3.2945334713982333
3.1367122712734257
2.7348496874967636
5.136890677743917
5.2427181504470175
5.266522752519834
5.300577441279921
5.308475223101574
5.301202274433054
5.104711335812906
4.832020438964352
4.525698271585201
4.250705583267371
3.984746011063375
3.737207247929712
3.539853738693226
3.347133833684453
6.02269499984287
6.092115229652221
6.144367814389248
6.19701052115086
6.205834723463105
6.162528367188028
5.884460783304995
5.4982730470824395
5.13274312664216
4.773370485145775
4.436401903805054
4.166433260630366
3.9018234686492823
3.6763079495947646
6.682867951796998
6.7565821462244955
6.812347632254589
6.863842635545405
6.872636873222575
6.874658819584635
6.699717197747064
6.276562148101929
5.838549585948968
5.397660583321298
4.980742183021242
4.645415184618068
4.315735469572543
4.033729538538096
6.7696979692102515
6.289458285771105
5.794465606627602
5.322854933252264
4.942456888639398
4.246812603692439
7.515387154653723
7.663629586196203
7.704227023778101
7.69377367128923
7.33272555971228
6.813269185398859
6.254933830682315
5.716521497698796
5.280516075925642
4.850358640046197
4.481094451559465
8.031744253877763
8.173149055693175
8.208523721753783
8.01173216216202
7.473156818069789
6.837972697201466
6.210871912292118
5.699590412190575
5.193971523710067
4.759223243776613
4.346873454269482
8.43000831875156
8.557234676427425
8.591796834024075
8.504700089119233
8.017511069632572
7.32711573006135
6.623518937423358
6.045122639787516
5.471790368053731
4.978306537929267
4.509873461443182
8.952719165369295
8.976362348842198
8.960156407163268
8.888176530786035
8.602825490854586
8.356231292924086
7.8734070824911795
7.084814648644925
6.4274538484284935
5.773541738472015
5.21014356833199
4.675217286311816
9.201913662073016
9.305587124627916
9.306098636825155
9.149855643174925
8.43027881962202
7.560724710744802
6.818752947335272
6.076603067387752
5.436467189343278
4.828885734918619
9.672005892052798
9.66899666405066
9.642710398811861
9.50710274918983
9.425209596337512
9.107482162334763
8.689485015729158
8.164339289547902
7.313947633283494
6.452858008440254
5.7104923461761565
5.002503631239793
9.921384124709268
9.908276718408384
9.839733045781937
9.673373331112533
9.442885235301109
9.092291260502385
8.735426365405807
7.7890113402881545
6.808338207043928
5.956464094978079
5.149771493828343
3.4396449750995495
3.4264037535441947
4.0202128083748745
4.065309593756999
3.971561568660624
4.613875827438892
4.608005421743391
5.211610337053583
5.077612837950337
6.0376166907036835
6.078804215818565
5.857148429139401
6.717942932829779
6.638788672913203
6.919102871235358
7.08868499137603
7.380964686635519
7.52550059275431
7.283856697808974
7.8673603816360425
8.00794993939393
7.918268232187218
8.344515425154547
8.357039215156364
7.969722064800628
8.518585619442472
8.871036085146576
9.055097518183203
9.000272060754922
8.388531969805427
9.372689456793461
9.02255304123247
9.505335035291644
8.691809506389767
3.18063379908003
3.2398695999573888
3.58288699647626
3.651520363409068
3.6942322701251658
4.237672130981448
4.32042662252659
4.37078647923
4.39420406728214
4.387337326371632
4.981206059280301
5.0778478659239354
5.1333315348583675
5.15718520640439
5.14269877916681
5.037699674666834
5.544280863478381
5.649308425064595
5.7092121541539
5.726414359602936
5.729260520170549
5.724389251185336
5.708147065531444
5.651043221193468
5.575039231095443
6.118997291932284
6.2339589597449585
6.291919808430937
6.307864209535391
6.297127089337415
6.274677714151643
6.20123295791517
6.111420991290288
5.924354078340924
5.730672902968175
5.344909497961046
5.1691950485511775
4.9177048085850625
6.8351315031443525
6.950414545732894
7.006613592337295
7.015729494182159
7.010815222346528
6.986343820930135
6.958148035171905
6.858544896323595
6.745148523342018
6.544867530400053
6.2740953472594025
6.085388691836271
5.808050053748517
5.588444121253471
5.291460317905074
7.268455059780036
7.382223493166133
7.430265603473089
7.423487338616186
7.398053667558011
7.355372627448494
7.234632321370882
7.103145348836276
6.838761713928328
6.5687957906520635
6.352582800975542
6.040749097794544
5.800133082577014
5.46191122370355
7.768424271394361
7.872626303387257
7.91005269731889
7.88349591764054
7.789650611463681
7.484110666475227
6.863097173532958
6.2540063790156815
5.593030612429407
8.158396098962758
8.215377215639736
8.20218115671174
8.128571499825892
8.054091987434598
7.884060184009225
7.6987943091347
7.355995049885929
7.007324272607625
6.779589139960683
6.332045210870059
6.047564916386498
5.608998330126901
8.481303576011227
8.548386762716587
8.542083520235769
8.46560221361498
8.384409426135731
8.31421102984365
8.103033345299352
7.883326798172197
7.456063312061618
7.073539263115866
6.73156481917836
6.310879270796987
5.944129292254704
5.486825675490544
8.655729027586286
8.699029842813147
8.671150511122537
8.565319452829014
8.47748164057758
8.371382278424935
8.128400956211424
7.8916430527177965
7.438872463205269
6.9994007629175545
6.724629142871299
6.1632060426995885
5.779027696161305
5.275038029284255
3.0882951463724524
3.1533953195316116
3.474552312262489
3.5500459000588056
3.5952030306763185
4.10079253887925
4.191351332338088
4.243675916079792
4.239472740833933
4.806684525540368
4.914181642848101
4.953506193839878
4.971305669796882
4.954353866188503
5.341498896239881
5.453153818210621
5.4905259457258975
5.513916844093617
5.517827381885155
5.482346084912024
5.371283299031134
5.227686155330793
5.880656716075207
6.002506462346064
6.0396025596493494
6.060323227438434
6.055094896338434
6.008733210092785
5.868876964895259
5.699288494093854
5.334252083691143
4.914528072048397
6.546591842132619
6.670006327293323
6.708686188038444
6.7197737913818285
6.697771212427214
6.6320446710082495
6.478760817531219
6.239932973946279
5.79650787029936
5.288067814433944
6.945496812083464
7.061759526905945
7.093493893498429
7.104533485217383
7.066170324483473
6.984907055477705
6.77518841962471
6.533362249281306
6.028986827814718
7.399255629627911
7.504798591428505
7.527629456576017
7.361238105888583
6.826569159824478
6.2420869361634725
5.589636051476648
7.747620250792999
7.784937235987565
7.79866363427741
7.787395823851871
7.704984057634895
7.575722735409597
7.289860688912287
6.970972383128192
6.320384762610403
5.605708558242588
8.013093168254679
8.076955650419068
8.07077625614239
8.045887530421101
7.924402976665375
7.760909868752094
7.39365906995378
7.03862719053593
6.47795211998196
6.299841010182686
5.48383385197502
8.145033200152998
8.180565691709216
8.160468821212103
8.113230284280718
7.957647785420625
7.773013050098938
7.377490400838492
6.966193837469569
6.153054768924005
5.272382057289398
