2.277269621186541
2.303455490959402
2.2130319334979403
2.0567596301737434
1.8883092547158973
1.7468534120885497
1.6048236511249767
1.4823331730976754
1.3145247151738328
1.0869962888947695
2.537091437159015
2.585817612447654
2.592466190220553
2.56744202500085
2.4121554739543014
2.2109085611970727
2.035052584850389
1.8565736018650245
1.702138139484414
1.5548335799231607
1.4182304132219896
1.309175410367887
1.1108614065470188
2.789601592505274
2.813049636596694
2.828887658854588
2.8392064923230214
2.838566217651074
2.7347868856356383
2.5140937547516264
2.3063748211449693
2.0916498513006117
1.9048707577662618
1.7264906686377588
1.5609676278616107
1.4287461171013605
1.082705499872728
3.0223897074257877
3.061787282212957
3.067502635090062
3.0677189910271045
3.0585374728999586
3.031285304328705
2.8241275251059292
2.5875061368891528
2.3343720821616842
2.1120885115358314
1.8993240365239714
1.701876374524541
1.5441505965408393
1.389267595100591
3.3400898661712737
3.3631799010210366
3.376307703620775
3.378361989668371
3.373998684423794
3.2797587704578977
3.024440088520153
2.714671713529713
2.434019868105872
2.1634435193397263
1.9121339306062868
1.7116219984218533
1.5150887844693968
1.3472447467682982
3.5454378821045847
3.5662746077637504
3.5766249618911297
3.5731590132674236
3.5660695362229857
3.544932592780292
3.3485956314664778
3.007841973708719
2.682168806773967
2.3642958948214856
2.06847096060946
1.8327361878690336
1.6022275062739404
1.4058529188284081
3.1893038119042316
2.837367245149463
2.489250186837978
2.164452234273339
1.905802681257554
1.4386839222765275
3.764393237220584
3.785091506115217
3.7613553709103313
3.723089020589916
3.3926261585214306
3.0149415985186394
2.6322431197366654
2.2733389899245386
1.9876417353274036
1.709356883868793
1.4734175354308772
3.8735077241639484
3.8854974215948843
3.8507810669682576
3.6318624761544416
3.2351024438398697
2.8109026278974114
2.408419437062051
2.0878308919507895
1.7763886607954762
1.5133424760525365
1.266899892299338
3.941477511718174
3.946540721209991
3.9101760351407293
3.788106757089869
3.4138575081225477
2.959190060183895
2.5202545298799404
2.169872542142847
1.8301555306365294
1.5441974992777159
1.2774282140118265
3.9858429164627163
3.9517627353441998
3.9117506635646806
3.829622117370184
3.6028705183156946
3.433362690765979
3.1233291816080073
2.6446465142409394
2.2604392979566104
1.8884927942812302
1.5766028828393102
1.287122679926488
4.0151752693051606
3.9996377590644014
3.930699160792226
3.7752731347984585
3.2892592151387756
2.772671251872112
2.353318366630502
1.9474520357902312
1.608421540821297
1.2954894664782866
3.9736780916732912
3.929481135910039
3.88906079914104
3.7629553816944887
3.700440464817223
3.48889712776918
3.2345746403851403
2.9348591110540276
2.471431180622343
2.021567519777889
1.6477121450788055
1.3043249030385111
3.902614028709264
3.8587503628392015
3.7811518400455872
3.6516690972889774
3.4986225166532128
3.28870467647921
3.088054586566868
2.5855867427837502
2.092747846146188
1.6840587392255189
1.3114268656110593
2.2523528481325665
2.196769127432901
2.5241917383596486
2.5263988363335024
2.400278287119846
2.7688466256169844
2.708828517482972
2.9795243453696134
2.8091328449564372
3.2833232069701532
3.2358590336737367
3.010754852346517
3.4662766830287093
3.3192192183910674
3.5416879400233556
3.489350473783141
3.6515119539932033
3.6455373379417217
3.371376624133833
3.7482528345623565
3.7336443431134176
3.59233012631142
3.8052977541223156
3.727131815378295
3.395268143274274
3.5708103943889116
3.8547643230320516
3.834223979032117
3.7194481847846883
3.2748304271912
3.7519878836279164
3.4601938845511055
3.5959040524537023
3.0748833829556315
2.0594944441302134
2.0894904851105305
2.2437921795245703
2.2758852062194443
2.2899868862873225
2.5175706971860734
2.5513001458112674
2.5639428281240106
2.5571922275895558
2.529987500264847
2.7909865280656256
2.823558616068547
2.832090120177314
2.8182866574165426
2.78039308914479
2.664979719939966
2.97178424567753
3.001855018523077
3.00598110209425
2.9962273604190583
2.9858940839351624
2.96648127669923
2.939900521666918
2.8747498269128093
2.8025770863058876
3.1318998739881927
3.15787674725296
3.1562525285566045
3.127256124447553
3.102629829021561
3.07105047554053
2.9933602041850884
2.913459002156806
2.7612604416799487
2.6134696146530128
2.330148165873365
2.203645719784987
2.0249225349511257
3.2932321540901675
3.3104316865282604
3.298469645633586
3.282357641976842
3.25691535141444
3.2186381715816386
3.1862703178610743
3.091861713327646
2.9990555997365824
2.8479589589306262
2.6550448950223045
2.5246887992825884
2.3375127811749787
2.190954639101919
1.9959766180460448
3.3658738154730803
3.3747028116648923
3.3555588158507677
3.306401847003338
3.2699509325424296
3.2243083363482237
3.119180356474132
3.017339361029791
2.8289014967671875
2.64641057329577
2.5049218030015936
2.3043795881280773
2.152768948638496
1.9420528270077537
3.4180516890373154
3.4156858162370383
3.3850442462472445
3.3227011926690726
3.2268818966842256
2.9966394556141234
2.594504738461099
2.225870852260576
1.8403961986768471
3.4212447787463556
3.3793183381756515
3.33957814371532
3.2555970428149688
3.1926829231364855
3.0666793364435883
2.941632850942733
2.7269440263906093
2.518290865146064
2.3861713998078193
2.1320588528321838
1.9738942970001927
1.7345711356188729
3.3748189732501777
3.345800063793052
3.2903851489801457
3.202790715129259
3.135614977399506
3.0840021136217324
2.943724330728679
2.808364014678925
2.56298606108991
2.353205540514182
2.1715763847277665
1.952390104005092
1.7661753209456552
1.5389366389144061
3.2909959193953395
3.2502776982190005
3.1863389480060356
3.0877336973534035
3.0224936441673504
2.9506661637124907
2.8012722152985354
2.6661895018272648
2.4218240193044025
2.1959030748254085
2.057201907948013
1.7841452696392328
1.6018042948639726
1.3692251380309723
1.9752294917938322
2.0071135460761047
2.1477347985972197
2.181633835471373
2.193236793160682
2.402042962959067
2.436888677139009
2.4458265007353996
2.3968759792011287
2.6522015490067146
2.6861272792325455
2.6914215926365386
2.6884736951655825
2.6215278557046973
2.816144411284322
2.845195928958177
2.8481753856993905
2.842417670210373
2.8089523169544086
2.7574979878873425
2.6467808043953704
2.523692919524823
2.9576233112831805
2.9819305450503624
2.9810275164441373
2.9706918535889364
2.926157412806716
2.867004429229468
2.7369091552159395
2.6000952331054923
2.325882779933341
2.023751748469365
3.094814511071343
3.108483155723921
3.098972648952357
3.084329115812723
3.0245016776229856
2.9525350719009036
2.821557860152511
2.641925054985604
2.3333921376346916
1.9948799121350609
3.152774027598024
3.1576285849460852
3.145897851861438
3.1232208255386387
3.05276358557928
2.971654325046482
2.8052330247878694
2.633711855335816
2.300496659924525
3.186439588797167
3.178197881838526
3.129112555814692
2.9528764812604544
2.582550284413602
2.2223258060623383
1.83951470946566
3.174208415461798
3.1603309039767717
3.138082107856506
3.0989765884076723
3.0053765993616373
2.9005638084261274
2.705846080566274
2.5072418294460714
2.1288797026571955
1.7338057446951185
3.112079311753291
3.074771712244258
3.033897398765385
2.997947051584705
2.888130629629017
2.7713715176340017
2.5451595390277864
2.3441259115832835
2.0424479548218932
1.9497788446040325
1.5383646183865487
3.020058909962946
2.969165261246512
2.926296555012279
2.8735978436113894
2.751980697255751
2.6329994271396693
2.405681663807088
2.1877336972826
1.782024221579729
1.3688059059910953
