0.9470480356991761
0.9573138196279499
0.9172757258083944
0.8503046088623476
0.7785771723705917
0.7185786824288423
0.6585065493795914
0.6068294601962604
0.5362307089499387
0.44086691679600976
1.0488637691716616
1.068171751585454
1.0702872240078525
1.0587494200533134
0.9918411713218818
0.9062863274991226
0.831900745539791
0.7566332889783983
0.6916651104862095
0.6298144398349163
0.5725823621716364
0.5269363461590549
0.44407264932120577
1.1467669605050383
1.15599620555898
1.1620686156592623
1.1655306277084811
1.164990936807314
1.119284523876249
1.0254139335038661
0.937733844739345
0.8474328851055016
0.7690880999737822
0.6944137794086258
0.6252416973694959
0.5700368627692504
0.42574817067014
1.2355273870857078
1.2504898631448615
1.2524184804361096
1.2515733991289648
1.2471838562885038
1.2349946229436688
1.1463880460368343
1.0466477625673503
0.9404841166952336
0.8475414419824597
0.7587692808337342
0.6765209300323527
0.610882289745471
0.5464743692626775
1.3538359277634424
1.3623724524746674
1.3668671653202453
1.3663283159047384
1.3641040919835599
1.3225736563533406
1.2146214559900061
1.085126513880897
0.9683512980638668
0.85607819405036
0.7519997044724349
0.6690639769005063
0.5878558595352251
0.5185970489227478
1.4278472352191935
1.43522959095062
1.4383722670766872
1.4353578270859595
1.4319048111836796
1.4222676281327826
1.338259523246151
1.1958623855270818
1.0608085081609306
0.9294759148440132
0.8075504717901604
0.7105572653930966
0.6158503712472118
0.5353232288633709
1.2641176163839136
1.118408181431586
0.9749590011835839
0.8415020883946244
0.7354439456914905
0.5444505719076964
1.503249693460899
1.5085206357904062
1.4966676964169356
1.479663156369381
1.3403417543679073
1.1841591220340526
1.02689018333653
0.8799338671430785
0.763249730661917
0.6498471101698295
0.5539757981765921
1.5381194336182589
1.5396511074394226
1.5230123392831125
1.4296332123435143
1.2654497142196155
1.0916529940810402
0.9275493048157306
0.797263175780574
0.6710563987248832
0.5648446434786301
0.4656484343045562
1.5577997300542383
1.5566198184808369
1.5392874960063716
1.4866433748546102
1.3312912089594835
1.145332512873854
0.9669610965649212
0.825142845172476
0.6881123897479047
0.5732542724397384
0.46652950376340935
1.563603865458926
1.5476256402201811
1.5300502091222192
1.4950430408819109
1.4006923811496677
1.3311129049174966
1.204751205203366
1.010815238444633
0.8559752394666643
0.7067027542840073
0.5821525123745022
0.4671197198180112
1.5701587971773372
1.560425394251492
1.52941131962206
1.4637595005015245
1.264670240206806
1.0560028150543557
0.8876995179623338
0.7256322600817866
0.5910230466960947
0.46750974093400843
1.5391897632489118
1.5194606004856381
1.5020319439078007
1.4490608948629524
1.4231889912201783
1.33664646815031
1.233372339270966
1.1133116155973086
0.9282147194643839
0.7496468671861536
0.6020953367439734
0.4678383126388971
1.50106682257142
1.4817735395702247
1.4488334396482707
1.3952307924384473
1.3327475763065353
1.247975339956478
1.1675127845948787
0.967525780910052
0.7729579006220932
0.6127254235908193
0.46806925460337906
0.9354786411496077
0.9104990434333173
1.041986619075369
1.0417666679585644
0.9869473434823107
1.135773005439588
1.1086579490683168
1.2139404675085088
1.1403212967843868
1.3276329853963904
1.30497719811364
1.2091694978257763
1.3909680473583441
1.3266368709942957
1.4192291006251967
1.390899089188056
1.455897355010345
1.4492263135160568
1.332076704718692
1.4860388813315815
1.4756169842784188
1.4143355241317956
1.4987010219239412
1.4631507114354034
1.324202272008388
1.3885147189537475
1.5068316786480918
1.4927156284502165
1.442637660148997
1.259290182531887
1.4476374043280473
1.325990881644636
1.3745987716008385
1.1627363398917046
0.8543845947431863
0.8665045712572306
0.9264544851873887
0.9392442633278282
0.9445350004317906
1.0317388182489406
1.044841920068501
1.0492373913504272
1.0455584260680837
1.03343052808848
1.1342282435837028
1.146379766988169
1.148756991599829
1.1418645309142677
1.125120460397393
1.0757706777641693
1.1998612884941857
1.2107222772916422
1.210972543615657
1.2061061020360921
1.2013596623624299
1.1927113926999782
1.1811440821905559
1.1532552726775265
1.1227174127882558
1.2560906397454705
1.2647051030879295
1.2624008419673316
1.2488741402158046
1.2380513699356521
1.2244069167008065
1.1913406587224573
1.1577164919781635
1.0941116043779056
1.0327444649798379
0.9155141909916228
0.8632975748851976
0.789653117520407
1.3089363083729448
1.3135772241938453
1.306649205861416
1.2991573238660152
1.2878270669558036
1.27122761428394
1.25741399075623
1.2175607563876352
1.1788126198779234
1.1161705710441423
1.0366228346314756
0.9830480322077967
0.9063230354782605
0.846339991404719
0.7666968195303505
1.3297772700235446
1.3307027494468517
1.3207904975590121
1.2988405371823522
1.2831180886577644
1.2637230610075447
1.2196731362570614
1.1773693830245482
1.0997072570175632
1.0249085119534813
0.9671043409487865
0.8853656260289202
0.8237213722950735
0.7382004073281467
1.339784215876772
1.335941473469944
1.3211610257410389
1.2938718697909841
1.2533149778061257
1.1580369829347663
0.9940439900762128
0.8447750242785256
0.6897192482994443
1.330901503952772
1.3105872361256925
1.293109178489459
1.257359129996119
1.2311259837510824
1.1791080733013606
1.1279372216332357
1.0407377411184213
0.9564371876108873
0.9032535069812241
0.8012864286162639
0.7380175458979353
0.6425335246109807
1.3018140360123385
1.2870983218800578
1.2624707372974475
1.225257801539469
1.1973364132367035
1.176073147258329
1.1188204436145328
1.0639987170806855
0.9653907409245545
0.8816079753075331
0.8093746389862679
0.7224559238137214
0.6489081343461461
0.5595745291103683
1.2600344924995495
1.2407621537671951
1.2129232710200437
1.1716313863978598
1.1447746938316696
1.115421129952581
1.0549885310211404
1.000801854990712
0.9034259729421322
0.813994936116412
0.7594498255103215
0.652066410808995
0.5808410785940472
0.49049217413927637
0.8184418244011783
0.8312836920871008
0.8856443767695037
0.8990875948586012
0.903209829591189
0.9829707189362166
0.9963812142031185
0.9990767734373379
0.9770754003121528
1.0760720425045442
1.088550103855019
1.0899028716415462
1.0881051911992086
1.0583365592756653
1.1350376027613114
1.1451788130616682
1.1455188053377223
1.1423003147911095
1.1270942824075671
1.1048329523989897
1.0578660580969075
1.0062107146537476
1.1837945220873918
1.1914846831444288
1.1900850497530775
1.1848697057249242
1.1649359984006047
1.1395091065755298
1.0846118268543676
1.0275512772753932
0.9138751877758016
0.7892098772913853
1.2272180281997753
1.2300745555292192
1.2247494236161829
1.2178691657973908
1.1915177603255283
1.160882380384549
1.106045856512706
1.0316261623997922
0.9047751100215836
0.766293251854779
1.242455645407579
1.2415373311872306
1.2354142416010565
1.2249211025034001
1.1942751593294003
1.1599624010689404
1.0907500382134894
1.020137496261505
0.8839309795545998
1.245442246043878
1.2389651367096082
1.2163163348426778
1.141621138782153
0.9896362756195153
0.8434959686658564
0.6894120641602813
1.2308343716490096
1.2237737097873058
1.213305346670826
1.1960725473043552
1.156294061761062
1.1127326957047827
1.0330007947951325
0.9524287567050878
0.8001631886944861
0.6422750615786108
1.196307764108782
1.1779861571350554
1.1598920493056957
1.1444727043031857
1.098534187846694
1.050588174116689
0.9590128399457649
0.8782768655875675
0.7582917810298704
0.721567628636272
0.5593935264351694
1.1520227576876307
1.1284413644381197
1.1098457915787903
1.0875443633115132
1.0372963161263342
0.9889771163036151
0.8977632809387796
0.8111799677449291
0.6513712864814957
0.4903695559699028
