0.8150719856521458
0.8152828757005095
0.7537551686348882
0.6752579973862417
0.595228473274461
0.5297169960359164
0.46498838010831717
0.4098893453037632
0.33520458887864457
0.23493482411162775
0.876382218875992
0.8825951865125552
0.877713933025473
0.8561898409295735
0.7749558473429198
0.6815492961678827
0.6031094714382491
0.5252512885831915
0.4590504163721253
0.3968290861826435
0.3397534884284299
0.29460164546085776
0.2134248550922583
0.9295066433366709
0.9328893841548387
0.9336145686651242
0.9292459079768709
0.926362707396879
0.863389517701917
0.7612789320497421
0.6711699747166768
0.5807871920371617
0.5038993076027833
0.4318052588852406
0.36592765637082303
0.3140345504571981
0.1815728532509654
0.9734200872300053
0.9759265253856132
0.9742668189694815
0.9662926971761767
0.957896839421666
0.9404440319680641
0.8415904682004994
0.7408907774550595
0.637650420247187
0.5494795010007417
0.4669505776041867
0.39182716550477054
0.33292177835253917
0.27612918333338693
1.0239338438637064
1.025124417636914
1.0232581184368554
1.0141499682322277
1.0095858485848892
0.9572736280719215
0.8479401683228769
0.7260866782557668
0.620080876441097
0.5207930924730438
0.4308751272512685
0.36086653318611084
0.2939225583157652
0.23835386149791754
1.0487112847289415
1.048634913850441
1.0452866984204991
1.0342165700681913
1.0283472568142
1.0151232225307218
0.9263312377649096
0.7938636742827543
0.6744617509685861
0.5619727755691358
0.4603420673264416
0.3816169743982632
0.3068135970978952
0.2451744804499699
0.8356480515277845
0.7084724466779279
0.5877067467058331
0.4786287569080061
0.3943758356364124
0.24910736010440687
1.0644782530752934
1.0545325430098929
1.035205628194086
1.0151522090813094
0.8822896479179196
0.7473885825756887
0.6172561638131695
0.49954412831659956
0.40887653514166195
0.32342539422172156
0.25370076676643216
1.0639953473470836
1.051844613107147
1.0285183034508385
0.9368360337459005
0.7956003114287673
0.6543273943192798
0.525717366994704
0.42690581535112715
0.3342535406584308
0.25912554050031017
0.1916708633725266
1.057515619275427
1.0447587136842502
1.021741892039351
0.9690424751902282
0.834680855303728
0.6851513785732863
0.5475370216844264
0.4418286969259968
0.34314110604670506
0.2635080830846864
0.1924625526664401
1.02783148658071
1.0082402661257996
0.9900675367504462
0.9571297856373185
0.8758283733314027
0.8189953306867337
0.7192770393467164
0.5718902884244501
0.45848465600365673
0.3529152797351979
0.26822990846607575
0.19320259874639242
1.0228804542374712
1.0050447266957432
0.9718753189206528
0.9131397742719287
0.7537471877234098
0.5970631160657963
0.47567461271107053
0.3629463824373121
0.27300406151220413
0.19388127232110652
0.9657484322233505
0.945822604141589
0.9296524529155915
0.8842371450333694
0.863082330219306
0.7951257819254796
0.7172010545491505
0.6289854367904537
0.49762971677377926
0.3756643588558046
0.278929963466543
0.19454824755980532
0.9183554428361264
0.900257108758949
0.8718386295025887
0.8286397540493858
0.780396782417412
0.7174419978208727
0.6590737203174839
0.5188231653753479
0.3878683757699787
0.28440897054809045
0.19491456712746905
0.7910826363180413
0.7482167361048488
0.8546915131590441
0.842605215070244
0.7712004390408894
0.89847780948257
0.8553688912909881
0.9248112362158586
0.8372772366889768
0.9834256325859891
0.9449711436758244
0.8442868410000554
0.993596637784055
0.9186109335226608
1.0159554777209572
0.9589621660048961
1.0191952200573249
0.9951179331132112
0.877097124179632
1.0167293547042338
0.9908402152200733
0.9272547576918584
0.9959430111816564
0.9543940012596552
0.8304468401684397
0.8685556977896393
0.9773778175475941
0.9495392295819606
0.9005256080942622
0.7506881703759093
0.8900626463106232
0.7890487843801768
0.8168422894544041
0.6564792665600061
0.7164849081268003
0.7214103122063388
0.7567315100745411
0.7612026314845826
0.7593353326473233
0.8099530208882988
0.8132494862091515
0.8095580334635055
0.7986549905133175
0.7806203800259971
0.854074507660296
0.8552326200496335
0.8491531553399311
0.8348554887236396
0.8127417658341005
0.7584195346266702
0.8768971180510279
0.8762129031921025
0.8677204967731816
0.8584515553535418
0.851462839778455
0.8402646498243016
0.8266939547022223
0.7966889044134798
0.765863989388945
0.8907272978830323
0.8874642773619612
0.8771835074360108
0.8576601386859788
0.8449509983928281
0.8301047468744962
0.7965915816268709
0.7644403168682196
0.7060095644798011
0.6515445403349751
0.5506850144436695
0.5066451581385618
0.4457473680773645
0.893682448500539
0.887432701885572
0.8734033225147313
0.86348533850784
0.8503780645159179
0.8329794416362438
0.8193213311973213
0.7818000245840906
0.7471086439809379
0.692975538553812
0.626393626197126
0.5824852126099501
0.5208212582225898
0.473349184054977
0.41163421322550353
0.8862162964641962
0.8770744084970177
0.8614181408112581
0.8369283742734664
0.8212125938361812
0.8028602159456556
0.7634130713122148
0.7270967405283737
0.6627362818888859
0.6024851472448084
0.5569979426149987
0.4936878552754649
0.446916615554583
0.3832560444360085
0.8661006935493782
0.8539745826643298
0.835138853794181
0.8077050967666671
0.7711540943991576
0.6920343284579565
0.5643332408797946
0.453457063394141
0.3426267552098071
0.8351941799546739
0.8103234979803526
0.7931617364432824
0.761182434531819
0.7390669342011593
0.6968811619962341
0.656641746731742
0.5904202190832549
0.5280012760371414
0.48940150794452475
0.41683151663228496
0.37277219239810283
0.30774226034171726
0.7932587940978048
0.7751302842960903
0.7515428907818524
0.7195900048239894
0.6969278351939031
0.6802193706242144
0.6365485196341905
0.5957371473954518
0.5247755888284493
0.465979074933678
0.4163640806507735
0.3577062168275004
0.30929474888661307
0.2518027523731219
0.7474204375830829
0.7272457369684783
0.7026322032153001
0.6697170314705091
0.648640736914823
0.6265365122350578
0.5822736367354681
0.5436930178737049
0.4759803811000592
0.4156148643073899
0.3792936272417437
0.3095567539686896
0.26439349184795685
0.20846860290319058
0.6764262517321028
0.6810560253346387
0.7125809296031034
0.7165908634332366
0.7121445228107014
0.7596107679891174
0.7620189712279748
0.755361379341759
0.721256009592614
0.7971739833197871
0.7972019173435544
0.79252550017217
0.7869570402630891
0.7466206738927605
0.8153852727543637
0.8132132883012552
0.8083347663166792
0.8006244839301893
0.7793962905990341
0.7542171024734065
0.7064390166023184
0.6571199792679919
0.8248913779749374
0.8199712880398871
0.8136694128867598
0.8045137963195813
0.7797717050331162
0.7530114909689931
0.7002079639841714
0.6484587262434153
0.5497673469080915
0.4455189156155407
0.8227710024331601
0.8140502951804873
0.8039882600956815
0.79480926668828
0.7659243390521898
0.73634163449977
0.6870414913326436
0.6235589946055986
0.5199963165593432
0.4114375669033957
0.8127628922401988
0.8017916364044676
0.7921772794403772
0.7794342911857258
0.7483343631441409
0.7169197002844743
0.657646851155858
0.5998536318234207
0.4929466780109581
0.7895656944737869
0.7750892224097822
0.7495157351461511
0.6827410272956879
0.5619825151348367
0.4528201982277794
0.34248908956816204
0.7567606882576704
0.7471536584318627
0.7357706559701478
0.7190367854615171
0.6840639357568167
0.6482410355065978
0.5862687929123449
0.5259174521112692
0.41628855256435504
0.30763089923021014
0.7138696749939524
0.6929793273292412
0.676083080891127
0.6627640955771755
0.6255237053107225
0.5886675957248708
0.5214775531777192
0.46431047498149425
0.3819768667168365
0.3572953752430629
0.25173027860779135
0.6687316870856941
0.645645815271803
0.629617932894067
0.6114873898765617
0.5728838995777177
0.5375260746352749
0.4731212572533313
0.414242449381321
0.3092468868559846
0.20842351103749585
