2.1576013547394184
2.1907725611590867
2.1343393193250995
2.010836070512389
1.874139252043963
1.7583204152604917
1.6417636406168001
1.5413322840932833
1.404321426143473
1.2213965672259506
2.4405714812361436
2.4978911394874044
2.511723690972722
2.5014324950236175
2.38352284805961
2.219217380931952
2.073071786503135
1.9238836914915396
1.7945958875468033
1.6712965643513533
1.557389194159251
1.467062758193505
1.3049654749607171
2.7246737643830796
2.7522819005563743
2.7726711524033387
2.791436610832972
2.793840233566017
2.7261188452556335
2.5470304977097156
2.372517153266796
2.190193926977747
2.030919414463077
1.8785252723995798
1.7373348099370352
1.6250076443997152
1.3351060530826753
2.9956196156737844
3.0466236364392683
3.0564763922322227
3.06646279220737
3.0640931550046755
3.0480341021537356
2.8852186060454277
2.6852692325172804
2.467279920864141
2.2743378847281797
2.088926780575426
1.9166731941830317
1.7792792753798554
1.6447932183251397
3.3828572850936167
3.4139544856290103
3.435073421137986
3.4503142194624545
3.450300251958655
3.3877939830101185
3.1752187048288794
2.9042746373003077
2.654682147045322
2.4120440060095434
2.1855905504322544
2.0044560620882574
1.8267203296436847
1.6745067492185468
3.6481302306123817
3.6783904199325397
3.6982335209077517
3.709294727503728
3.7075648556424876
3.6961856617195115
3.541359879945595
3.242619299399114
2.9485971929016705
2.6579273947636786
2.385275934641877
2.166831037767818
1.9523467391994551
1.7684990037716979
3.452465666005991
3.1324452715446784
2.810636541703694
2.507371036543237
2.2641415190709164
1.8206535777003487
3.9516425372440582
3.998076779060991
3.9933555907096134
3.9682030875050236
3.6879272791078326
3.3427446216399708
2.9849948769389916
2.6452412115669515
2.372327601250352
2.104440858811174
1.8750285858744487
4.118805902272764
4.1571325863679345
4.143441831204685
3.9655379070806642
3.6031991784864865
3.202149973146481
2.8151971701171603
2.503423271767604
2.197569050875323
1.9360601574186602
1.688480895960844
4.234846091494708
4.2645517453483786
4.248702837088103
4.153234953816187
3.8145222457107395
3.3817463271302164
2.9549696939379104
2.6096277948293882
2.2709524961446115
1.98189908606141
1.7088497351453715
4.356919490031612
4.339372836222621
4.3100766864322955
4.242239933048143
4.037826594858512
3.878361148142384
3.5799531981024364
3.109515831791036
2.7257203875692886
2.3492649019641316
2.028698876111633
1.7268458388038783
4.412563213690967
4.421520171378014
4.375344645236024
4.24160917665884
3.779685404056551
3.26761413475093
2.8435904880952787
2.427076668895718
2.073234909870473
1.7413523030014502
4.455966709902158
4.424542971794373
4.391806991285405
4.2801985123054616
4.222320031187483
4.019062595039713
3.7685043014391937
3.4666800078369078
2.992070213032546
2.5232197513460126
2.1259841296091757
1.7553623339017832
4.435595665274276
4.401857454800192
4.334772337931958
4.214186203538362
4.066148493984846
3.8571989066228265
3.6537262202541485
3.134351579046283
2.614321739525005
2.1740094827678895
1.7654967812372182
2.1484331874969667
2.118784531617978
2.4459630346463217
2.4616109037258895
2.37179154671286
2.731468893313644
2.7001622228975153
2.9956504960799037
2.8697381622544476
3.3564323116097
3.3417867907561587
3.1605807249408544
3.612716020845171
3.5096369051732457
3.6931978827140988
3.703608665078997
3.8538664614309486
3.883600166053482
3.6641738702879594
4.006590240124527
4.028082457679052
3.921120587059449
4.131542447287476
4.084396438946663
3.793032095800276
4.000656240228438
4.244183231195525
4.264500788659123
4.1767659343220425
3.762441671785653
4.250118623495062
3.9847366031927507
4.147494674109558
3.637468562923812
1.9727333843700983
2.00657502775358
2.177442602892006
2.21496573638687
2.2355820297169973
2.492968514711034
2.5349145495985557
2.5565315624450093
2.560379118852135
2.544876878565461
2.8248293803822304
2.869093778720353
2.889170422749983
2.8888189828882664
2.8648759546867972
2.775136302216657
3.056683608784414
3.1010410858477906
3.1190673176220445
3.118294833475218
3.1134266616529733
3.10156661115283
3.0828055679988817
3.0321719849441235
2.972733108670263
3.2746424017554676
3.3179837638056338
3.331463513872763
3.3188576560614984
3.302200071816287
3.278631029320822
3.216033343365309
3.148297204069438
3.0150997341108843
2.882898759859831
2.6254127936137626
2.5095548009420545
2.344741500754392
3.5162387170963405
3.5527680289291315
3.5582003564470037
3.5504986687107487
3.534029006107106
3.5054189037079126
3.479459764768267
3.3998982310123895
3.3181718620912104
3.181482677224271
3.0033488855819783
2.881583814230389
2.705119498443453
2.5661954684944615
2.3797182159888806
3.642256960656993
3.672017302674418
3.6703479444497
3.6380563206757204
3.6098071958680156
3.5721465650464523
3.4805354621472637
3.38861495573675
3.2139665968420883
3.0417277488949352
2.906455580670033
2.7133963153284624
2.566151530446651
2.360177896506584
3.7616920686625743
3.780688737720903
3.768025315009537
3.7218556045438413
3.6404956026996347
3.429140594549099
3.042021876305337
2.678124278879844
2.2913227789644663
3.82642840192026
3.808490205363924
3.7790141194163875
3.70840372218173
3.651870439303155
3.5347764682337472
3.4155434982050195
3.2057287697994123
2.998719246115778
2.866131977345522
2.608769807473367
2.447091365750847
2.2001425124905083
3.835438729325381
3.825956475375948
3.7853518428713584
3.709978445107175
3.6484465111225712
3.5997361570062187
3.463915606160164
3.3301001221535063
3.0823292471970487
2.867281117792391
2.6785894853398227
2.4494568624081174
2.2522129808408735
2.00939622036302
3.793522326150619
3.7701854138465687
3.7186004867097244
3.628982273511418
3.5669501885403903
3.4970904772139506
3.3484833415398523
3.2112357738465658
2.958870287017677
2.7214143525529786
2.5753809070804894
2.2819885813951073
2.084412391568235
1.8292972796037148
1.9032643599974952
1.9399630639723169
2.097302075128761
2.1378829875521452
2.1581287561647624
2.3945430577350355
2.439383097414839
2.459740506105437
2.4344519872908843
2.7035617740575453
2.7516631919860273
2.765479485678339
2.7687727199835215
2.7291471121991124
2.918737084643312
2.964078800320776
2.975572140368303
2.9786149575055716
2.961331856950746
2.923854108275681
2.8340033535132036
2.7288697701345646
3.1171291540994623
3.1610283892447333
3.169676546220504
3.1688475089800456
3.1419345600386763
3.096700257077804
2.9876848450733364
2.8676384397754124
2.6204039814758935
2.343312459398655
3.3322595982583714
3.3682194968305628
3.37114928912715
3.364701806653577
3.323406314977343
3.264927211919506
3.1508819260505456
2.987883171114018
2.7001044880346763
2.37832315827453
3.4414675558893073
3.468978185922214
3.4682576719456013
3.456297950289932
3.4037315742960046
3.3353445030222098
3.185940578737605
3.026449778840128
2.7085600306770323
3.539082220360397
3.5540571605811033
3.5259658594710714
3.3769295924583105
3.027273882582663
2.673579890171128
2.2901279151912535
3.5846889762855674
3.581954855176667
3.5692126923384584
3.540307628670541
3.4610724543633715
3.365686567965042
3.1796767703906355
2.9848226958866046
2.604600878325304
2.1990740472393258
3.5719108219305338
3.5554891763114913
3.5250187484833395
3.4949131839885443
3.395467946950436
3.2840821982591093
3.0597058471967227
2.855067958665597
2.5429917024331865
2.445911848454386
2.008555386230732
3.5164136965470973
3.4836178064436916
3.4483912502518046
3.4016001593333445
3.2867212104296644
3.169213280232307
2.9380057999882854
2.7106176369071764
2.2790249636257793
1.828648786777542
