4.5016716560394565
4.543460407709203
4.42758299037898
4.2018798776867055
3.944328758574976
3.7172928948944506
3.4790301349741166
3.26408284948456
2.9547678074588375
2.5042718292431387
5.438011499926934
5.524423938723993
5.542337408017554
5.515423308663876
5.287455736366852
4.966087335908726
4.670016466846632
4.355725969467276
4.071427699006887
3.7895373778093107
3.518471189019914
3.295049701886722
2.8712717947055744
6.41951049623236
6.46646538564145
6.500710979639478
6.530666587077165
6.533764091752545
6.3924925917164455
6.029181164301366
5.664023458163259
5.268167596442304
4.90807425779664
4.550840067554084
4.207697684734716
3.925308598503548
3.1506722298336625
7.4788828346871785
7.575792828285251
7.594463767823899
7.612818363450184
7.6066092038832585
7.573302700755794
7.230921565362303
6.798285101060435
6.309363664625819
5.859577092216882
5.412395196681077
4.983129907503819
4.630401698293765
4.274939012806656
9.241512994553194
9.313471395850573
9.363572006470461
9.402472470762088
9.404207370398943
9.273359308611736
8.793268542092534
8.153917777985775
7.541692835686833
6.927188322316771
6.336782440585071
5.852569186302612
5.366005414148938
4.942742496470347
10.685541924456729
10.767087660237076
10.824031335154165
10.863945704691323
10.863885957107966
10.84437998775081
10.496273812690012
9.767357484613884
9.016808275853649
8.25027032315222
7.511098250371562
6.905262216319782
6.2977388773779195
5.770474121232188
10.859439469767226
10.022816187676836
9.15183077191594
8.308063629448009
7.6163264955187895
6.322947291553793
12.714998900150619
12.889923512883223
12.91221660057373
12.867085860023483
12.182282609976442
11.257732289540971
10.260234992017352
9.285362849439611
8.485148203833514
7.684394974099035
6.991534685038491
14.126644436225202
14.305115537465806
14.322701601184724
13.913165717915104
12.92388197345223
11.764965984943494
10.60987998828161
9.658096753858844
8.706274001634766
7.884193989658474
7.100492417912767
15.323581649537521
15.497888648369397
15.52274881339328
15.326471071744223
14.40445693526266
13.120837635867808
11.804101070855058
10.712316500017668
9.620114010557767
8.677980778716655
7.78145836494458
16.856021957701657
16.876694363968237
16.83283048165137
16.683627252816436
16.131616471326918
15.662790792849679
14.745932480853398
13.24174401452421
11.978994967809934
10.713386984439905
9.622717442709256
8.586859537322612
18.08470509310618
18.259500044948602
18.244871632842496
17.934412657874823
16.539907049080423
14.847358004774337
13.39342774306018
11.929566368924844
10.668225480537949
9.472458350198139
20.050717349446675
20.053592056164582
20.005203508074644
19.745850549137124
19.583885801002133
18.963270997298796
18.13209506351529
17.083882010912795
15.371862713754638
13.625989065827309
12.118844392597515
10.692540540990853
21.764697518225354
21.758274692996537
21.643534262041598
21.333614131052776
20.879857283731877
20.174570552739606
19.446436053935756
17.491895036782044
15.444548445100086
13.666687063294635
11.985159677628408
4.471939462973779
4.402715026883541
5.43058664149853
5.446893326660103
5.266706125791064
6.415111558727196
6.34324864185474
7.466480988881918
7.19839720236783
9.18800552928689
9.16520923667602
8.757794185826176
10.62979062073024
10.412327265251486
11.355790167545681
11.463249744821562
12.470193855850699
12.616005721740486
12.108729056948976
13.823790463340032
13.982270689113108
13.764365579016777
15.112216223520633
15.079950597391218
14.323830841452791
15.981408367527905
17.45986615031586
17.77454710396839
17.65197548955755
16.45964768104167
19.462746030930386
18.78663629618068
20.956294259844647
19.345195366168134
4.188912410274626
4.235077977346019
4.839371491367297
4.895136743064795
4.9230235880494915
5.963416552111791
6.034965431051411
6.0700743781866535
6.071171391977295
6.0345842808655
7.350139117618485
7.44049752038375
7.481195670861521
7.477294853305048
7.424358651593353
7.22297859181095
8.495740395246838
8.599515080605856
8.646032834091171
8.646976471901938
8.637054609004887
8.611172055044454
8.568616136528913
8.452438409915068
8.312630491310335
9.770559871451079
9.893093619511273
9.939129830895775
9.921745202712312
9.88498866825298
9.83140417764332
9.684513178991946
9.517351088743945
9.18207548766422
8.841223592841466
8.161720550267136
7.849297487249938
7.399264677503625
11.550459145583696
11.686150182993275
11.736082407450601
11.731062391947443
11.701749297354743
11.63863411141276
11.577075489420174
11.378926364403611
11.165196625075767
10.797291313997238
10.304354185825828
9.961262025281387
9.455533944771796
9.052974865500834
8.506499156435913
12.772860270915237
12.918759832585643
12.961610818346626
12.913944169662464
12.852306803527595
12.760963489836755
12.524077784411315
12.274249194315795
11.78009131266905
11.27800955739608
10.87745937637478
10.296174116746183
9.847495719998031
9.213341275220554
14.402404314620924
14.554177273785767
14.590690505983217
14.5170787277037
14.322465440971786
13.728432842213728
12.543034308432382
11.380387982043406
10.109579432697553
15.791701299666355
15.875409238624668
15.840304904893463
15.686515733471754
15.540817591226473
15.20749181274709
14.844954338396116
14.179375596166501
13.50072573415307
13.057223010636571
12.1838513497807
11.627292184827047
10.767384225477064
17.640454986194502
17.78911978111308
17.78916281789665
17.647797665218636
17.490200729738575
17.3543215447899
16.93879034523507
16.50267701604092
15.648372163762634
14.87792142502439
14.188653874164999
13.335145182677032
12.594712742162432
11.66954941802033
19.063311215328564
19.199734060568563
19.180717208510135
18.99962535373037
18.834516066691652
18.629861292265907
18.146815447514612
17.66882935838461
16.740858369234246
15.833516744088849
15.258824696114713
14.093956581787637
13.293142839082625
12.243167748215184
4.0635080834146775
4.113422820174325
4.687568444963558
4.747924156119781
4.772843270411264
5.762470683533144
5.839649291072354
5.870335502256534
5.804992567900629
7.081589651151559
7.179554284270138
7.207396306496868
7.214024028291819
7.120490289483944
8.16995164515253
8.278989581100562
8.307674679974436
8.31639787589723
8.279220449468939
8.192005553411175
7.979215224576858
7.723331993510742
9.372616663228042
9.5003700352999
9.529345702561466
9.535138747330198
9.482240609157596
9.37508497047156
9.105136095127977
8.797684732675814
8.146958021793473
7.394886711335769
11.045259191402646
11.188860303561341
11.22027404896499
11.217610993620413
11.135993292134112
10.994044666897969
10.697059558711656
10.252467203087376
9.437979359083094
8.501342694810788
12.188494132618523
12.335597016240154
12.364737654954906
12.358873049437827
12.25330648859873
12.083788953733087
11.677339630863827
11.220578659493153
10.277022953934305
13.705520420900031
13.858539584005735
13.865066245778936
13.512395864137348
12.478087433707046
11.358965911717855
10.103399792806643
14.994123758695022
15.05227727387892
15.069731405322356
15.040714006407
14.869933184955844
14.61186123593309
14.053075376540846
13.430721838066148
12.160999012041621
10.760787127195089
16.688154870052646
16.833545213374887
16.830308624208616
16.78794183458357
16.558645868345078
16.240137518931913
15.512477010114965
14.800875987975907
13.671629632993676
13.310001914965646
11.662414585402404
17.978735586256644
18.112797426618208
18.09996959090423
18.028337107838198
17.744435184309413
17.386351960094423
16.59174557374307
15.751143198279545
14.067536686714433
12.235747441188424
