2.125379101374524
2.141909827781119
2.0491844753076456
1.9008089029951272
1.739134254456417
1.6007473089494644
1.4591205376195944
1.3345179214754004
1.1599279360902248
0.9152543105799072
2.457503987394473
2.4943160263661275
2.4965871688450716
2.4680845484731755
2.3149443051851444
2.1177707001031942
1.943018563539553
1.762818555955128
1.6042382877739796
1.4507303320559781
1.306400542291785
1.1898111188153413
0.9745001678754437
2.7879365526572677
2.807306614080332
2.8197686330213565
2.825911972633129
2.8242466243252453
2.7160439194003776
2.495122254434871
2.2853448365692195
2.065627463602642
1.871703837290219
1.6842179296629725
1.5083896773661614
1.3667605036652497
0.9919857741714475
3.1193932963195437
3.1536895221486083
3.1580882641677985
3.1558551480545445
3.145153822728121
3.116442127445548
2.9039304221494295
2.660787529605447
2.397813531322668
2.1639424987158073
1.9378022265419945
1.726178005507602
1.5561915396588
1.3885200230412256
3.6233624826772663
3.6466671336477945
3.659851010399473
3.661262335116113
3.6565470241546345
3.557364957599526
3.288309542714179
2.958426894004429
2.656110176225141
2.362202048537834
2.087617300796545
1.8679018450839986
1.6521802803933177
1.4683806218540565
3.997701551944731
4.021043837899931
4.033291776455454
4.031400314798501
4.024258143693351
4.00249619856066
3.7941291113659217
3.424962665755738
3.067328769991325
2.7153349567045706
2.386079354826464
2.123188903003775
1.8659369501196703
1.647536342305491
3.729799690898925
3.3387723994013747
2.9483579030973073
2.5821954227090793
2.2900674819384426
1.763052182467492
4.472551296831484
4.506360526276263
4.486665899532419
4.447841921262051
4.087901592911536
3.663212336863569
3.2276126098551843
2.8166498170947873
2.4888093300350422
2.1692266810510206
1.8991662427042162
4.770297073450201
4.799636490489853
4.771459356674716
4.537585810582162
4.087111116511307
3.5955859081954213
3.1252457745721114
2.749384154410752
2.3836681057893125
2.0755063329877976
1.7883329613428018
5.003869449236437
5.029019777476153
5.001607286778334
4.875691847288068
4.451236179189153
3.9174816086785937
3.395677044462838
2.9770591651872977
2.57007226452444
2.2278706407476037
1.9098610672478216
5.266360435116918
5.241430089577035
5.203030738857625
5.116870074161954
4.860879787498351
4.6624018418384425
4.29241716247582
3.7126864926410463
3.243568006137632
2.78734314836708
2.404509843653677
2.0498070673394464
5.477909632660569
5.490124219795038
5.43412824138942
5.268607715568786
4.693478358551703
4.057040240649957
3.533310504549302
3.022738000555654
2.5948955272671395
2.1996443655042652
5.741235502179161
5.708328503005026
5.6704074255796035
5.5366461442219626
5.465352624640036
5.213677995923202
4.89998352085111
4.521490104853028
3.926551084866592
3.341571772693814
2.851447938602752
2.400112027119714
5.944390931506802
5.911137689360147
5.836321449801379
5.693700282465771
5.512247092767336
5.2512571889326995
4.9942025971157085
4.334293468732807
3.672845884565686
3.1169131135317567
2.6061165293122586
2.096066323472262
2.035569100937486
2.4369533890781803
2.432091984950113
2.304448432827783
2.758013819865998
2.692079842287554
3.0665076603545134
2.8893215714036153
3.562660378189941
3.5115466883490547
3.2738528425002986
3.915926566843605
3.7613771965587124
4.097670570542303
4.054317001570794
4.3482976639929465
4.355177175176786
4.061931281411337
4.628195221702859
4.632469484553843
4.486898884144267
4.863404071091715
4.7942963191352455
4.425680215674691
4.814737879769332
5.262648220582731
5.291367310112781
5.1845229487326305
4.670679151440457
5.485354014965524
5.165406129382648
5.594256180611083
4.968834660285952
1.9312297392500428
1.9524156809210764
2.158438993913085
2.1821830181410284
2.1903438801266892
2.522985565256794
2.5499199806736503
2.5578524402240914
2.547328394711261
2.517082478666072
2.930660332130108
2.959797699613788
2.9655694395204333
2.9486951299677404
2.9078488847979167
2.7859380992443215
3.2369698262036843
3.2668448358042212
3.270375300443627
3.259553969889398
3.2483675397113827
3.227583063160047
3.1990716005694275
3.1295904436077113
3.052361222398544
3.5492384228777625
3.579472806661134
3.5793933690405977
3.54982594303973
3.52351726541383
3.4898361799886155
3.406596404473899
3.3196118871021385
3.1532455048072383
2.9905572149010857
2.677081838223922
2.5364706396961654
2.3374928770070404
3.940521873637601
3.9677471970272076
3.9616247326223637
3.946678235632122
3.921039824711018
3.880638688700178
3.845781588537284
3.7429395217299604
3.639862262677559
3.470338911135502
3.2518839640934787
3.103532266941507
2.8894155032039714
2.721700298961983
2.498075357552433
4.181139012916092
4.204923556182178
4.193094466915619
4.14583145086625
4.107890902267138
4.058643183411621
3.942385649766645
3.8277872917783387
3.6121307921142494
3.4010283384919924
3.236477723051317
3.0022781106339087
2.8247422318791027
2.5778630161095557
4.4683600434852435
4.486588635814965
4.466579213538134
4.406818176873141
4.304451318732197
4.04198789810309
3.566389251359506
3.1235871444072867
2.657045071790583
4.681031331305809
4.66044729761428
4.624908193129736
4.538233553079632
4.4691533723908545
4.325067596256821
4.17778896467185
3.9196058019974003
3.665272422732816
3.5027182379939577
3.1885704083630406
2.9921613522850987
2.69387105967861
4.92676464901251
4.928064864315796
4.887293523222561
4.801661111230985
4.728536268372427
4.670256162948953
4.5047795065574245
4.340479252084357
4.033623093671926
3.7664060562043096
3.532592323686025
3.2485374244703835
3.0060262903824424
2.7085543889575527
5.077270917783341
5.069693296387001
5.021176069023073
4.922708581920177
4.850653340825389
4.767872819775073
4.587078838796263
4.417563601017991
4.102101545863879
3.8041097762336533
3.619391361441694
3.2513483590512706
3.0035094939550158
2.684485188266403
1.8528752388041638
1.874929151939303
2.06678448115029
2.0914225922395926
2.0958637989295683
2.4083471390270685
2.4359825311509598
2.4390121466052888
2.3830033266808317
2.78729697844496
2.8173477248037475
2.82056389016249
2.816208828552373
2.7423707370026964
3.0713870142402544
3.1003770268174247
3.102909706827965
3.096137259366264
3.0598315108677436
3.0043895493932977
2.885655546030114
2.7530179562559103
3.3580593073631846
3.3871372273954443
3.387065307917929
3.3769273301203264
3.330568921672948
3.2667996048308012
3.1253101555364906
2.9750784664938243
2.6720502117760736
2.3360750251986278
3.714447795504167
3.739744882940677
3.7338918361843283
3.7203993308675334
3.659421796168616
3.5817648822766945
3.436980818132287
3.2350430042301186
2.8839617289396213
2.496557358720946
3.931823203537697
3.952706063937068
3.946154472045133
3.9262233650608174
3.8545140397065434
3.7667801988230964
3.5799722628998976
3.383456875928334
2.9966790823866583
4.188565160923978
4.202518239742007
4.164550120957933
3.9777501490378
3.5479664877792465
3.117792749488866
2.655468961008102
4.375235896303425
4.373024641529154
4.3585520104445346
4.324653001027499
4.2289918154306765
4.112379118992584
3.8850049173307806
3.6465527742860706
3.1827538855893307
2.6922915912440684
4.586849073848299
4.582329747312385
4.552280061953738
4.519897157127407
4.405427314527269
4.272862187327625
3.9995559164452525
3.747545040588008
3.3628019268202793
3.242693877375574
2.7070025926416035
4.712804424529797
4.698196478731753
4.666134903025432
4.617996596997194
4.488425932592657
4.349296230807919
4.067011355988721
3.7852276163740344
3.245616263175993
2.6829846101917063
