1.040488800367239
1.0517645837047225
1.0080421308873213
0.9346740978563668
0.855945730788224
0.7899676837056814
0.723797999487691
0.6667745485127774
0.5886955621366218
0.48281345628565203
1.155516622292312
1.1768539352151461
1.1792728601221423
1.1667496387159642
1.0934982366547072
0.9995712289625092
0.9177588034821486
0.8348579639217617
0.7631970425171662
0.6948961630180807
0.631586579546599
0.5810363713790619
0.4890734718773356
1.2665519906636826
1.2768128189726975
1.2836012649707653
1.287577981462981
1.2870405976317911
1.2372177994952491
1.1341827704347864
1.0377251130636898
0.9382468459418003
0.8518312098221024
0.7693735712894538
0.6929279493778249
0.6318631650180507
0.47202621429866193
1.3680869074864872
1.3849447930262668
1.3871914033392145
1.3864970109925903
1.381799956514851
1.3685856513812882
1.2714786087954888
1.161741775118243
1.0447457275450873
0.9421965368086554
0.8441652438625098
0.7532707958843221
0.6806965622243967
0.609455641023841
1.505091069385436
1.5148640455056241
1.5201430677070276
1.5200075296022189
1.517687242947597
1.4726096758684666
1.354002895257678
1.2112189049838418
1.0822546403743736
0.9581538514207155
0.8430451273704923
0.7512929040692761
0.6614399012019794
0.5847855873988307
1.592311327022295
1.6009329140351454
1.6048358858702523
1.6020983029666302
1.5984696682493527
1.5881507597573965
1.4962751209671512
1.3393007330920006
1.1900248808639164
1.0446934063442528
0.9096826761286937
0.8022431242045761
0.6973176421206394
0.6080700576941519
1.4184860091102778
1.2573670999435922
1.0984964231141954
0.9505757238566096
0.8329722625142174
0.6210753172708928
1.6834085354824262
1.6906426018734924
1.6784013357682777
1.6600929026118811
1.5071267429297885
1.33438998193065
1.1600484551904482
0.996966534873082
0.867398466820419
0.7414115293751983
0.6348272962266688
1.7273603183676527
1.730609398205307
1.7132495582603304
1.6112883216139282
1.4298001545846546
1.2369390997643261
1.0545321015789098
0.9095730696246301
0.7690461593161867
0.6506537675171636
0.5400040045516272
1.753650816319845
1.7539009199082138
1.7358325160540362
1.678669855120741
1.5072303312435409
1.3007484725757976
1.1022116388335392
0.9441495505386109
0.7912569986747748
0.6629191022299376
0.5435251530295595
1.7667755843887412
1.7500564476575295
1.731149047779524
1.692986105976028
1.5890390762779074
1.5119070607639613
1.3713833761751606
1.1552680807615672
0.9823531156098165
0.815403888510744
0.675843672309689
0.5467160925500176
1.7773647340036074
1.768311681552293
1.7353623189227547
1.6635690422075304
1.442779240857254
1.2099073349608898
1.0215849609121297
0.8398635330560578
0.6885978345384554
0.5494469533012256
1.7509818186304353
1.7299916103314887
1.7111735565924449
1.6531343104802283
1.6246008937519114
1.5286504285374152
1.4138798307695963
1.279164456858022
1.0715543130934262
0.8707123958974946
0.7042670370445511
0.5523131030517663
1.7141428921015447
1.6935074387172466
1.657657493831201
1.598595152066604
1.5292619870439095
1.4346829360395557
1.344607714031878
1.1198929774612008
0.9004216329393452
0.7190284120893945
0.5546083099402173
1.0279013498871385
1.0006206903722037
1.1481752809623782
1.1480800244492113
1.0881128833174993
1.254920529131446
1.2254810218559808
1.3452474961337209
1.264742472294653
1.4770094221510683
1.452961382894375
1.3479013614902853
1.5530531483326133
1.4832109632317125
1.5862880967217734
1.5576384432721768
1.6312854359511042
1.6257038012647222
1.4977500288207783
1.669849802743957
1.6603281053301753
1.5938732823315915
1.6895977306587397
1.6518491598973892
1.4990948715731136
1.5750223347088979
1.7058100233341507
1.6931339712050428
1.6391937354417263
1.4365202739571978
1.6498149373324285
1.5162156872213473
1.5744520660138304
1.3389514600309
0.939164689646928
0.9524376270505537
1.0204895889442702
1.0345767989948222
1.0404368590479647
1.1402764927592013
1.1548714976228547
1.1598737500368268
1.155984423587999
1.1427655566893042
1.2584171058711853
1.2722006009518967
1.2751417805018173
1.267847311334361
1.2496385870263518
1.1955262736263463
1.3354308185408696
1.3478685822966439
1.3486318399586257
1.3435220086115454
1.3384284057079898
1.3290730155373807
1.3164659403734138
1.2859339767360694
1.252380725156393
1.4025033423881608
1.4128403575837734
1.41091040007963
1.3965363100963457
1.3848043737561349
1.3699332140914267
1.3337150023181894
1.29673816275353
1.2266162812236125
1.1588318370866424
1.0291842656338341
0.9713856173218862
0.8898400079597457
1.4681121770849894
1.474315732725389
1.46752707633444
1.459597503290586
1.4474153684806876
1.4293999751921609
1.4143090268159175
1.3705920463291346
1.3279036190471138
1.2587074987614106
1.1706603610065083
1.1112892148117748
1.026187143171643
0.9596198741528085
0.8711174011094355
1.4960839010864413
1.4983733168684263
1.488343962953331
1.4648397262548054
1.4477627682572576
1.4265642856064475
1.3781344343920061
1.331476760066746
1.245530355090175
1.162572661179424
1.0983770261187489
1.0075272348639595
0.9389621429900809
0.8437922607614177
1.513544560006166
1.5107237769691586
1.4954539457378724
1.4660705074673912
1.4217382982560884
1.3165538619702
1.134344745049795
0.9680861319146463
0.7948014868664164
1.5094644734082456
1.488594789973302
1.469850096668982
1.4309384926406792
1.4020883788321183
1.344637144673683
1.2878987096043861
1.190855407142132
1.0968246071072671
1.0373990362369738
0.9233477622042298
0.8524840835782668
0.7454024298783206
1.4832786921787129
1.4685442478236443
1.4423412877600301
1.40185605433829
1.3711527387917053
1.347678049352892
1.284154909539588
1.2230954039615554
1.1128506901222417
1.0189029721115415
0.9377459129357139
0.8399775155768252
0.7571119524695955
0.6558592630420241
1.4415125413069128
1.421659233846098
1.391801174112859
1.3466199869325273
1.316976790602316
1.2844579307854678
1.2171331521365538
1.1565128138844256
1.0472063074476845
0.9465051285383883
0.8849894896867374
0.7635542984107833
0.6828247622785439
0.5800470568388222
0.8998118044169786
0.9138667013467009
0.9757410063642483
0.9905517116512466
0.9951211905310625
1.0866807320633167
1.1016477244197485
1.1047928942611513
1.0808240235535869
1.1943422513422917
1.208549772149573
1.210272558441915
1.208444714976552
1.1761010679113528
1.2637773044650669
1.2756076323627903
1.2762831422152694
1.2729976939185685
1.2566342430648343
1.232334291866786
1.180773207798128
1.1238760641681893
1.3225639962103541
1.3319791083322892
1.3308219492835225
1.3254141185607533
1.3039499515873398
1.2761922291560581
1.2158751220482034
1.152948132617309
1.0273187124399021
0.8893320477869799
1.3775229537220959
1.3819087408535018
1.376635808090931
1.3693899745427107
1.340963590401076
1.30747460576565
1.2471440941473388
1.1649343670219217
1.024401036172771
0.870646772119746
1.399089161962655
1.3994527836874435
1.3932894970508343
1.382216351429717
1.3490523898848175
1.3115080343345342
1.2352192537728248
1.1570597612512399
1.005854650943961
1.4085109972975125
1.4029011050163551
1.379088862417589
1.2975414697425627
1.1291911561589805
0.9665719176380516
0.7944303048140174
1.3978159855327814
1.390646569809867
1.3798424140685421
1.3613927466112725
1.318074779411401
1.2701225563766831
1.1817716683973185
1.0920888678579734
0.921999642460548
0.745083449573311
1.365095886273529
1.3465166330375669
1.327233290573162
1.3105628377647527
1.2602381062626837
1.207223262499722
1.1052418288973314
1.014895626725811
0.8802148887288848
0.8388837801822204
0.6556257932425313
1.3201101582654549
1.295612121588993
1.2756419158522188
1.2513948515205284
1.1960503094864496
1.1423572691229862
1.0403615457540745
0.9430636013672924
0.7626762238223372
0.5798796384273893
