2.7195935176440487
2.742861641664283
2.6171308498684316
2.41753737182998
2.20281178027116
2.0213199050615955
1.837620147009751
1.6777655252569617
1.4562586632981958
1.1502351274030902
3.0720229777051937
3.121669940621855
3.124650286400166
3.086508215646904
2.883731110923862
2.626022241268094
2.4004147125116417
2.17024082063041
1.9697935104579023
1.7774402723938603
1.597940367540411
1.4538051387864594
1.1894175355086838
3.4160064428242416
3.4411324955708054
3.4571692341156375
3.4646911177310975
3.4623235395760767
3.3204217324651797
3.0356503272396025
2.7686752897415583
2.491979714693714
2.2502414385745015
2.0184616292562
1.8026128259470848
1.6296726626923461
1.175145080053099
3.7457230798068073
3.78807468678603
3.793185088386248
3.7892666040276155
3.775122204634909
3.7375303093246375
3.466785811583743
3.1616363450875276
2.8351831317414997
2.547773762861716
2.2720929540145325
2.015799560513274
1.8109699858772597
1.609766567085498
4.219692811211104
4.246541783312944
4.260982062972014
4.260196888687888
4.2536383067878765
4.1274757299441625
3.795594052845029
3.3946430568507098
3.031148697366311
2.6805958017162896
2.355145094141465
2.0959646567357586
1.8424747302949662
1.6269737055840738
4.548792594486869
4.574239544248609
4.586334611395118
4.580323015833206
4.570573576329043
4.542381122304198
4.286220260290744
3.8436604403124996
3.4205299406354115
3.0076338231814748
2.623868729647755
2.3189147616057557
2.021658809692495
1.7698546584422454
4.129505868057474
3.671201662745445
3.2179042244796503
2.79556847592527
2.4602684511387984
1.8584213319676774
4.935187967240073
4.964715677567789
4.9353618989126256
4.886310672999936
4.457653782971837
3.9647144552611633
3.464678217789643
2.996298670871227
2.6245716936909704
2.2637235990707145
1.9595714905844692
5.156389899755924
5.178285578192483
5.137340488596115
4.856833003301872
4.338606907321313
3.781907128395333
3.2537001598530986
2.8339947717076215
2.4274784472351723
2.0859565403655496
1.7682071528907788
5.31668208788861
5.332315182202244
5.291342902502382
5.1381044896236885
4.651096867589439
4.052542532066846
3.4734959511555092
3.0119448756242155
2.5654630280744892
2.191333396579745
1.8444026771991322
5.473628998692117
5.436409662322506
5.388071764097727
5.285179110486981
4.992131373598783
4.769728444938975
4.360058303376343
3.72484825999462
3.214820522263976
2.7216425610693666
2.3094633425305924
1.9286555484875543
5.593388871559418
5.589248805767191
5.512166246813164
5.317636903001158
4.679935195047786
3.990798183266958
3.429396553443257
2.885789351709346
2.432459080099398
2.01519321361185
5.687122388434861
5.640068200724976
5.592672149491632
5.436431516687122
5.356364994390895
5.079514282183902
4.741267238023301
4.338402699247967
3.711472508417653
3.100538893344236
2.591791779659363
2.125610744695512
5.7276334926863495
5.681015249375753
5.589535310813155
5.427381605931632
5.2286381794101855
4.949679960782806
4.679107685843265
3.9936794547906853
3.315295759359782
2.7496211272561832
2.23332919299082
2.6800760184708032
2.5986030096091977
3.045179856319287
3.0387708569971172
2.869955393261034
3.376279116201412
3.2896993792173563
3.675014711737867
3.448692745918522
4.140627520338014
4.072707792431404
3.77849669308151
4.441744168712127
4.248514230057172
4.588342384882071
4.519418343301061
4.787824838599605
4.783253698599151
4.429172901941258
4.991830852507088
4.981166339389999
4.8025227128368675
5.145149959484179
5.052591214732186
4.6246441702254195
4.945396805294783
5.368035079313813
5.369544874640114
5.234305337388388
4.657800800849339
5.400653212073062
5.033994861614334
5.33618516096559
4.656499703595861
2.4546670532722903
2.484395194539851
2.6983612740836445
2.7306329655414827
2.741889042187395
3.072852932621086
3.1076629833001848
3.1175448791294693
3.1035976998133927
3.0645818776577727
3.467297411186529
3.502400364697345
3.5082799173614396
3.485985099047908
3.4339641746073695
3.2814913312712273
3.7456584241500064
3.7795241324762268
3.781259652163249
3.7666631060962903
3.7522607771413954
3.725957869934224
3.690437581470743
3.604660309903685
3.5102584350345736
4.01176245583356
4.0432379245319305
4.039546754499851
4.000758701306579
3.9681493090601165
3.9267710632295025
3.8255406276118338
3.7213650702347127
3.5233709683982966
3.3311603959010627
2.963262395529069
2.7990239557955565
2.5674486884924774
4.3166692572763194
4.341226227697492
4.327817997852666
4.3077461256958545
4.275422279544812
4.2262391581819125
4.184463031008845
4.062407069330369
3.9418108930411893
3.7451306769679813
3.493664612099005
3.3236911059773173
3.079540583751751
2.88871965963822
2.6352303765483307
4.484734129907284
4.502225974456646
4.481567625075911
4.4211984304448295
4.375166739142414
4.316773332373735
4.181158628786825
4.049060237759771
3.8032578399935484
3.56448491596255
3.3793068016903347
3.116725156647365
2.9184125469189093
2.643319415228329
4.660027636404653
4.667736267140145
4.635584343972075
4.5606519958277385
4.440048126364281
4.142071389418255
3.6139106868903097
3.127841982038181
2.6195363225362285
4.764452140690613
4.725186586120533
4.67933593355098
4.576092462564948
4.496583396195393
4.334267434291802
4.170933493114412
3.8880825535919694
3.6117139222855004
3.436125849097671
3.09818640407057
2.8876549454099294
2.5692832210216117
4.845053922046983
4.82723699827249
4.769058855463577
4.665198237750945
4.581461153243119
4.516013292266494
4.334189727541157
4.156238302598228
3.829007739669238
3.547913108908228
3.301643815657935
3.004921304906711
2.7526090583791234
2.444240164124878
4.852618271983899
4.822719241341852
4.7552808361739425
4.63805787230859
4.556679721712128
4.465077090755704
4.270054744731137
4.090446075939228
3.7607781759641266
3.452977424241489
3.263340412863442
2.8872261935864554
2.6353959153965727
2.3128429924099896
2.349383271444441
2.3803478053115574
2.577468447020777
2.6108995343722867
2.6175048168846433
2.925943493786654
2.961308449521739
2.965118258108082
2.8932044871668947
3.289123638743182
3.3250052746239027
3.3281061673691963
3.3220164489828354
3.228605151998948
3.5442961501350956
3.5765669477077506
3.5781908289736375
3.568656241746955
3.5224222512719083
3.4538942074861296
3.3088228921519867
3.1484530761128076
3.784631034435466
3.8140278707260142
3.8118093731717493
3.7976539183225553
3.738949043771249
3.6614262521974896
3.491868181381247
3.313810952413785
2.9576928008198755
2.5659041085757166
4.05559675948874
4.076527750247487
4.065633258711764
4.04748158687088
3.97159057940828
3.8788971453379544
3.7092419402086727
3.475699222098166
3.073812313606481
2.633668801054725
4.2023545781321
4.215655988890651
4.203429886336724
4.1765175047619625
4.088566167634753
3.9850768881983107
3.769816173100697
3.546369378360093
3.1110580391124105
4.350257504789229
4.351969473426992
4.297943124888022
4.077564655432908
3.5957863310432066
3.122269961257412
2.6180678293191817
4.432017851598069
4.421734463014239
4.399078515088533
4.354741517304422
4.240594498592425
4.107576813482208
3.854951882301
3.594007703391396
3.092832111613934
2.567883752527789
4.4859588779033395
4.4598800424654
4.417206129983973
4.376320756850448
4.2426582016931205
4.094454507843121
3.7983612015604815
3.5311947911581347
3.1253199467212927
2.9999209473288384
2.442979726299645
4.476653866370805
4.436746080331139
4.39204125006312
4.331963140858547
4.1833053705011745
4.030967345001346
3.730749766556536
3.437121264849179
2.8826191904039584
2.3117135669667235
