1.3958787625099904
1.4079413056773538
1.339955292546766
1.2340528879428287
1.1213876490697292
1.0271114363938172
0.9324994321790396
0.850849707881888
0.7386857816295056
0.5854919242601355
1.5476907927781183
1.5727347669019476
1.5736596435940262
1.5527737087153988
1.4457524298601667
1.3117583480458737
1.1956439658531812
1.0781284705966305
0.9765596095015237
0.8797056275835448
0.789808835132835
0.7179078619059637
0.5866512968967111
1.69266459661883
1.7049442342832992
1.7125583293895905
1.7153985198229487
1.713843573185919
1.6382832233047397
1.491163756047548
1.354901285063224
1.214825900335728
1.0933287147945083
0.977506185150957
0.8701351578876279
0.7843856217762856
0.5598112646724946
1.825196247206805
1.844554493883931
1.8464809644442308
1.8430984393102499
1.8351498839609581
1.8148716456081178
1.6751664220100597
1.520585829329837
1.3567518836421886
1.213569900588805
1.0769864846567438
0.9505334576594593
0.8497392001074395
0.7509434747267607
2.003950045995392
2.0153219608253514
2.0206966367228296
2.017748213522971
2.0137351580590495
1.946878310992794
1.7795192982112458
1.5807413888120365
1.4021778816463089
1.2309783567803487
1.0726852905003372
0.9469398430224701
0.8242066542081609
0.7199405860666878
2.1179293573019766
2.1277891885502265
2.1313187355606225
2.1250312595486878
2.1191897167081297
2.103579780231656
1.9728368434501093
1.7547187997911453
1.5489758667644915
1.3496267036220189
1.1651886431920926
1.0190415824306684
0.8769190645440177
0.7566651334089027
1.8629595868150255
1.6413615736165468
1.424054119310074
1.2226380328881943
1.063244584115652
0.7781233508564451
2.2376110987480864
2.243737434149322
2.224550870750552
2.1980000541147127
1.9847536879423873
1.7475917535295233
1.5097476172961495
1.288360053293198
1.1133337997645443
0.9439861903886986
0.8015601498997358
2.2959282682666218
2.297238326193095
2.271347596454175
2.128869007002328
1.8799860378327429
1.6175178386954594
1.3706076273223056
1.1753963409580104
0.9871083761393888
0.8294292262940688
0.6830281524023104
2.331344282026683
2.329296987748175
2.302902361312516
2.2230795130246808
1.9880637475630418
1.7074870704663951
1.439216441066238
1.2267404554105446
1.0222362450844908
0.8517150885203109
0.6938726880144588
2.3479602261338584
2.3241259870903885
2.297765929545608
2.245114122197846
2.1029777714766307
1.9980230870520672
1.8075820070399196
1.5159872779301717
1.2838527376216684
1.0608114198746905
0.8755508566510285
0.7049246125918907
2.3658652786790184
2.352415803178979
2.3067178404833757
2.208587063034363
1.909395201377441
1.5954324841853955
1.3428158842148157
1.1001625626521825
0.8993852045988494
0.7154073953656017
2.333295893208452
2.3047389193112227
2.2791211680671557
2.2005865824395063
2.1620038221361533
2.032348063111087
1.8777985423459571
1.6965925415982899
1.4182357089035436
1.150005429856168
0.9287091811041082
0.7274698890305644
2.289085434745975
2.2614424784692657
2.213293819019733
2.1339252751695352
2.0407490619597954
1.9136393762966692
1.7926797836505606
1.4914380687546696
1.1981477437579715
0.9565503348165617
0.7384051661439954
1.3742273339092592
1.3301501622216367
1.5323966360306318
1.528071563927355
1.4386779449040523
1.669563552216893
1.6228314428448531
1.784078074781042
1.6663380167633477
1.9599521756457843
1.9209890287569593
1.771525147988948
2.0571717897328883
1.9556319009095098
2.1063628522469875
2.0578156314493197
2.1648937489547535
2.15240256649197
1.9723680088143745
2.2163251415345058
2.1993548512538728
2.105741265115325
2.241195545075017
2.1873108530217173
1.9772268676637599
2.084202715029867
2.2688798098292855
2.249874660404361
2.175760400932345
1.9009460557501188
2.196001217498726
2.015427315539706
2.10084965426073
1.7848603074254168
1.2541241092975686
1.2698460576708972
1.359863618768553
1.3763884312336776
1.381908960832528
1.5151908157786518
1.5320341404009044
1.5361148370451376
1.5280580498598084
1.5073944203019043
1.668104182860659
1.6836318400970705
1.6848198104154886
1.671967276471521
1.6445010101171964
1.5665678517323873
1.767888254544488
1.7815663736529956
1.7797759252924594
1.7711097675548233
1.7631907889436509
1.749171497494998
1.7307303721798049
1.6869902968918171
1.6395646277775593
1.8550754430173662
1.8659682635770707
1.8607890720020306
1.8387024315020755
1.8215739324885343
1.8002469745756047
1.7490697218993039
1.697377953640884
1.6000616208224863
1.5065206226286767
1.3285494552730033
1.2494230740614674
1.1381661225468633
1.9410956452486927
1.9469103039634688
1.9355213904661555
1.9237360511770825
1.9061556999588183
1.8806260888516864
1.8594708956021433
1.7986564824200535
1.7397310952858345
1.6447510380177062
1.5244623415236656
1.4436027378869256
1.3280183291596317
1.2378304233635269
1.118473409645411
1.97846445336762
1.979391626238307
1.9640618082122683
1.9306014314342017
1.906725579321939
1.8772833692394066
1.8105936532754956
1.7466938967408292
1.6295227180042497
1.5168372570761859
1.4299362543929197
1.3072041053683745
1.2148845468631198
1.08714274214607
2.0032709778144744
1.9979729838811775
1.9761196323507708
1.935334228789624
1.8745731809761084
1.7315709923185243
1.4852519996118636
1.2618646420768331
1.0302686413434439
1.9995061565290875
1.9703438770522064
1.9446693498861038
1.8916632006642582
1.8525225851096174
1.7747802289275747
1.6980961236689358
1.567448860911345
1.4411292155384705
1.3614640165667442
1.2089303101531397
1.1144166701695737
0.972021451989347
1.970086010291026
1.950291804330694
1.9151013066831775
1.860712231601428
1.8194415696381758
1.787946802444153
1.702706482899305
1.6208492415892657
1.4731963276281579
1.3475192125329454
1.2392551392253408
1.1089562906795718
0.9987811168436511
0.864567153826935
1.919197606731246
1.8931751581079652
1.8536278080934057
1.7935292461259373
1.7539949453508945
1.710519795588896
1.6206735073532024
1.5396729317617732
1.3936370957678843
1.2593133584851974
1.1772499453142575
1.0156943815855328
0.9084054821003636
0.7719524225235802
1.1982448909833534
1.214633381807089
1.2965354388723456
1.3136138827343962
1.3167456923310281
1.4397760139618194
1.4566767215538665
1.4576194259444761
1.4195108985316551
1.5785930512005364
1.5941553413979672
1.594455839191322
1.5905577670152031
1.5412398042765532
1.668182628632309
1.680709616283387
1.6799233132788964
1.6737670559172426
1.648671034898365
1.6133983593601628
1.540346106588847
1.46075354233883
1.7444183259173096
1.7537918422043157
1.7506281925757137
1.741786749391828
1.710051581511742
1.670487199006108
1.5860433593709282
1.4988627335753821
1.326134483151576
1.1375128388359075
1.8164826105424414
1.81961848993907
1.8109679641223395
1.8001974077064795
1.759608718321569
1.712832574092759
1.629548509769742
1.5169475239006172
1.3256803168083031
1.1178584746406086
1.845582060291545
1.8438670167916347
1.8344879623676908
1.8184946724271593
1.7720679282451213
1.7202542743238163
1.6158806694036607
1.5095471243061815
1.3049923106771428
1.8599591465694765
1.8509608629709655
1.8175945482703095
1.7061594059717105
1.4783495782188594
1.2598272089357363
1.0297639268916194
1.8477937812539793
1.837777597857214
1.8229096740148538
1.797740357151028
1.7389900927173791
1.6741478293656464
1.555167154371103
1.4347057660566873
1.2070841802870451
0.9715757780352462
1.8099879904436218
1.7853117410905006
1.7595308102416867
1.7372606678724476
1.6699657159981467
1.5990634585210821
1.4626888562308542
1.3421912844886466
1.1624557196728944
1.1074042431894857
0.8642206472948095
1.7549892223424466
1.7231694518909852
1.6968839781394849
1.6647531022192494
1.5913700521702987
1.5199160024171205
1.383995571733406
1.2544101880359668
1.014399717133247
0.7716848666111664
