1.192139426039608
1.2015744782882276
1.1407103426585348
1.0480786588475257
0.9496809702094506
0.8672647077477932
0.7844380327879409
0.7128504353214052
0.6143231412392713
0.4793637126358292
1.3262674197272128
1.3464725923366416
1.3465337634282413
1.3274520733450736
1.2333436736250634
1.1162758518744629
1.0148678063677037
0.912175578896374
0.8233508831976953
0.7385913174622251
0.6598665051684296
0.5968838178160722
0.4818634833831366
1.4540850721515584
1.4641753127650956
1.4702720158785745
1.4720009692414613
1.4704357330370739
1.4032339414695696
1.2745163953003316
1.1555449120276908
1.0332589515803503
0.9271710846699661
0.8260248985846395
0.7322633704286579
0.6574189874693859
0.46167771335354274
1.5722234123963235
1.5880563537245675
1.5894425374286858
1.585941331368149
1.5786920435161766
1.560637272367223
1.4380621955212203
1.3030579714602497
1.1600938530609508
1.035184721021124
0.9160682060796538
0.8058515274964629
0.7180907886494534
0.6321658392613652
1.7339478022603132
1.7434900525173431
1.7478542189525288
1.7448269441031201
1.7412018453820168
1.6822303727252108
1.5358729773303486
1.3623901029721084
1.2066578531935637
1.0574719336824387
0.9196760645932895
0.8103828621313925
0.7038845423430004
0.6136548801512115
1.8393331203851264
1.8477369805169743
1.8506429850053754
1.8449323450978725
1.839754586650746
1.8260124852637385
1.7116213023163087
1.521185795846291
1.3416927204593458
1.1679184395676412
1.007344020261956
0.8803193245518586
0.7570151082954949
0.6529385758519919
1.6207017016011607
1.4273142885257772
1.2377993134074503
1.0623629270629311
0.9237600648549538
0.6765463958375552
1.9535500086656554
1.9591323488615089
1.9425195695338442
1.9194052618484962
1.7333868272488688
1.5263311003958895
1.3187821133167195
1.1257942828154672
0.9734627609747788
0.8263186456464393
0.7028533877336591
2.0120789081337604
2.0138830978603433
1.9917286387556405
1.8678748286941498
1.650614886378709
1.421369219626041
1.205849090820115
1.0356805007884373
0.8717861712337869
0.7348171066861844
0.6079422634220851
2.049979931072482
2.0490777978747734
2.0267474453231484
1.9577279674594994
1.752840857181608
1.5076120155592212
1.2731531393632678
1.0876389585605186
0.9093069074920346
0.7607542867216481
0.623710321105236
2.0741169869761777
2.054101048112001
2.03151763584212
1.9860543633089307
1.8623823877979915
1.7707643696187023
1.604199036008007
1.3489942692337504
1.1459121347070604
0.9509388464057021
0.7890925027790946
0.640348043003862
2.0974370362991728
2.0874915385761437
2.0489627529552608
1.9642936158810536
1.703057873307661
1.428021042172096
1.2065393461401965
0.9938517315622025
0.8178576970429415
0.6569944174409378
2.0834430116725304
2.059652543837519
2.0378887636034424
1.9703320067101127
1.936873130435818
1.823951078496747
1.6884581853233076
1.5294475905548444
1.2847409146907316
1.0487969956419299
0.854059389273512
0.6770072854109683
2.0575460643684176
2.0345789587830425
1.993666280322858
1.925363895849343
1.844195105315215
1.7329432351789116
1.626691603348284
1.3613178726119184
1.1023584764019172
0.8888014905117237
0.6957758216546351
1.1724496475078885
1.1324313196972002
1.3114858726292566
1.306481506712712
1.2273469286824716
1.4321635700887883
1.3900655662380728
1.5342538957071798
1.4305039432937439
1.6947473523880066
1.6598672922305238
1.5289667097396658
1.7856580767540298
1.6966493855183336
1.8334082618794914
1.7908057175795202
1.8899525814147935
1.8793588116650533
1.7224819080133056
1.9424059600228356
1.92848538585033
1.8473775113627848
1.9718577599546476
1.9258532870172422
1.7431405277248688
1.8454683762317299
2.0111231890930727
1.9975841233556737
1.9345347700625923
1.6953328417947642
1.964020389044195
1.8083421425354251
1.89460577886459
1.61930864259832
1.0701035471450155
1.0827106900595747
1.162583200531772
1.1758779249158493
1.1798120109656838
1.2996879061985023
1.3133172334443584
1.316065592034612
1.3083462386383997
1.2897706503353195
1.4367316674906814
1.4494320761910673
1.449823164401901
1.4380401521116593
1.413660971409496
1.3451891220002201
1.5279399011415824
1.5392761249969402
1.5372540127938377
1.5294415541968496
1.5224009085203278
1.510014652883434
1.4937833474982967
1.4554265937172348
1.4139224448595678
1.6096139444963615
1.618858034357296
1.614142264187909
1.5947176288066156
1.5796902861015996
1.561029602639204
1.516316667973791
1.4711723238126921
1.3862407291374965
1.3046412322637515
1.1495461693911944
1.0806408582627876
0.9838437877834957
1.6939609160674567
1.6992765316667413
1.6895657493714593
1.6793893245359113
1.6641406289755907
1.6419402046713103
1.6235123967868896
1.570586299963297
1.5192166353632826
1.4363942506137537
1.3315158209497133
1.2610295459560041
1.1602940024008956
1.081772909685404
0.9779127183408333
1.7337643585752567
1.73523702896393
1.722350550072435
1.693575646514001
1.6729189785985716
1.6473616280566552
1.5893556009370304
1.5337303456437716
1.431579122899728
1.333272661054533
1.257499418845335
1.1505103184567014
1.070034794070936
0.9587979657425219
1.7658973855115152
1.7624798525806726
1.7443078993991281
1.7094325809828395
1.6569547140556427
1.532527578210235
1.3176202405656892
1.1225479044652995
0.9204057365758045
1.772495593389906
1.748758747011733
1.7270390262123292
1.6815546230257
1.647722303304996
1.5802389273976574
1.5134396140856254
1.3993228138886937
1.2888848514311935
1.2191882072019153
1.085714370808214
1.0030179326238025
0.878482387779993
1.7603815038112378
1.7452846860292495
1.716145109358682
1.6699381401173161
1.6343835125293145
1.6071540705443401
1.53306084517289
1.4616363802094945
1.3323657808195428
1.2223567879302872
1.126982415177953
1.0124743094334494
0.9156289325122409
0.7979718987288743
1.7271828560011155
1.7069929279224878
1.67424629323593
1.6231273125204773
1.5891001835556078
1.551494380340826
1.4732466557816446
1.4023975546190586
1.274173167787161
1.1559017948281165
1.0835263190983233
0.9409405656108963
0.8461270909899313
0.7255155800916462
1.0215264853922603
1.034568026197308
1.107472051639267
1.1211036538815577
1.122768566434907
1.233966520801656
1.247535851233679
1.247383932240355
1.2129689029937787
1.3586351200706557
1.3712550363435407
1.3710583556216849
1.3673701025537432
1.3234624289725192
1.440855125083082
1.4511481336303766
1.4501913269316453
1.4445723612980057
1.4223201101160903
1.3913142737373065
1.3273816743374536
1.257862036382264
1.5128808544049985
1.5208074241115923
1.5179260034537778
1.5101256898863211
1.4823274988112582
1.4477380509307627
1.374014365623957
1.2979562061220318
1.1474331365794668
0.9832699429453146
1.5848580316233378
1.587955218304714
1.5805849650798292
1.5712851492316569
1.5361421994126925
1.4954679854541866
1.4229493969878777
1.3248537687811235
1.158210462509334
0.9773599438029331
1.6172774413241249
1.6165739799062566
1.6087476907630573
1.5951534557137772
1.5550559888388955
1.5101565249190811
1.4193807300497499
1.326733077682228
1.1485106060318748
1.6400769095039982
1.6336021378188328
1.6056415528312806
1.5095403383104937
1.3113178988486218
1.1206646734642347
0.9199295822287631
1.6391272050377925
1.631263216928084
1.6190283241780798
1.59781930354718
1.5475376499293996
1.491493551777964
1.3880010941757583
1.2829236476878536
1.0839720196707785
0.8780494713075182
1.6191521129970838
1.6000621392229923
1.5787920699267879
1.5600542640335688
1.502497423336204
1.441204132957275
1.322418469384362
1.217029007097766
1.059324014034988
1.0109507939060356
0.7976144486329966
1.5818221583646246
1.5569249575739876
1.5352317587332
1.5081960055542234
1.445356375673235
1.3834853483678182
1.264829377390723
1.151082835151215
0.9396187968038866
0.7252211396576203
