3.6344470807199083
3.6838699206304226
3.579728604622719
3.366937455194707
3.129850247518716
2.926719303945004
2.7196475224718712
2.5384743519923427
2.286409140801762
1.937320018978045
4.173158640877558
4.263176323426085
4.2833010732890635
4.261414021055878
4.054764083366591
3.7682288192427715
3.51136554105557
3.246367732138835
3.0137410023000233
2.789107033362879
2.578602073802279
2.4090814429532013
2.0973109167476225
4.718778427503313
4.763538498026619
4.796240549421454
4.825283420179134
4.828524978446852
4.705728083697794
4.391343665466811
4.0837254255530695
3.7595662557268565
3.47327783223336
3.1965069898917937
2.9371228955350714
2.7282666479630366
2.175428398652476
5.257730071863084
5.3427073965028145
5.358912066437973
5.374487834596378
5.369146337140686
5.339922872724111
5.051808708568067
4.698095972492779
4.30979198761289
3.96292477129583
3.62671249054619
3.311522551745379
3.0578136728035052
2.8069901726922017
6.0642789215273085
6.119049434571546
6.1562706954524
6.183081749768762
6.183106780780041
6.0725572454899535
5.695084708981007
5.2105949055199074
4.760767203152105
4.320571101716253
3.9071495964102554
3.574562308182694
3.2461952485575623
2.9640829407922182
6.649623710846767
6.705411983063216
6.74253473703726
6.764703460474105
6.762271819867006
6.743225477105927
6.470587482327591
5.935520702467628
5.40405730081461
4.8754307086357525
4.3770892708712
3.9762182893146614
3.580957597935958
3.2418186434244554
6.397462980874482
5.817996064491493
5.231445981644577
4.676133077747632
4.2292689656487035
3.4117046404407163
7.369724035589131
7.466019833669628
7.465110884735699
7.42402191796022
6.927968499789978
6.302225210435893
5.6482988435241746
5.024319971206224
4.521634823844077
4.026854702821182
3.603347612990221
7.8049356086115615
7.891895871576033
7.879458035522114
7.5733688475331595
6.918046192928222
6.182382664449337
5.46837451689716
4.891351357742688
4.32386129528101
3.8390032814795414
3.380756562011558
8.134539602392673
8.209710891368204
8.196556420354062
8.038981483335098
7.431608826995856
6.636273295147956
5.845290527012092
5.20284721438256
4.5710928513484514
4.03216428308168
3.5238897928965502
8.526161492317424
8.510144838633666
8.465910424855558
8.352939397190038
7.990642492142404
7.700252555495353
7.149933246338152
6.273736635567831
5.555027790440534
4.847610285888013
4.2451254417873345
3.6783465704399587
8.755023281737587
8.803799190744884
8.746272117762405
8.522211301211888
7.681587133798876
6.723940944832127
5.92404539455956
5.134466578016839
4.462811075492716
3.832704787131604
9.081200811015405
9.044589864703472
8.995889422692514
8.810510866659168
8.709024334289504
8.341252950727204
7.876071952568311
7.307490786597027
6.403873561995958
5.504106137057232
4.7390353784976265
4.023506640359416
9.259033056654811
9.21766953741369
9.114815730340442
8.909671999276027
8.644286712910674
8.257658815895486
7.873705408207801
6.878029631724542
5.867650433853604
5.006215518409911
4.203213933008026
3.6133360346609456
3.554701559886914
4.175493892083403
4.196066961655074
4.0354831567396285
4.722612266140958
4.662243894028004
5.250438942996506
5.0252932203090825
6.017632535794644
5.991222649095035
5.669099783422109
6.5919905743588805
6.412815136139904
6.807858417907478
6.843330879343562
7.19571648584582
7.264767745565962
6.882802011898179
7.602406461745641
7.664489373473902
7.48689826527388
7.965391432211258
7.9022953598799495
7.388319915676509
7.914038892691308
8.422119420999717
8.514766995989728
8.385515392603446
7.644316942121945
8.716933484815808
8.264694045031588
8.756591756047253
7.834771700000473
3.32776468472543
3.3793201202611094
3.7109346587719525
3.76914960374959
3.7997512997090466
4.320702118100932
4.387940411870839
4.421246863754874
4.424199546734782
4.394115954472581
4.992597550529924
5.066914433066325
5.09961416741438
5.096320329650558
5.05233884658839
4.890819132016562
5.487880073122504
5.565329999617388
5.596923377269443
5.595182908305868
5.5862910703512885
5.564913452953983
5.531123608592286
5.440413222297549
5.33372641381552
5.981504666856686
6.061890353577797
6.08807882095691
6.0675958768590865
6.03827048971417
5.996642516404307
5.88546098737039
5.763749289922629
5.523699969165544
5.28415598237017
4.815929676859276
4.604259781505907
4.302765465563666
6.579207475291466
6.654199841274226
6.671814485587901
6.661212942767093
6.634502294392107
6.585477905625705
6.540138584142516
6.399145611669392
6.2522949606550045
6.004823813491515
5.6802923854889045
5.4575994813608535
5.133697339979634
4.878416676169554
4.535430977425435
6.93058275942568
6.999392977292366
7.0071451403222005
6.95793779066449
6.910447602539054
6.845286864098256
6.682722517815057
6.517503021936291
6.199833721265602
5.884080222849825
5.635323752283227
5.279055319044844
5.006762016130943
4.625495564498366
7.325290391075395
7.381940352491378
7.3754493525320495
7.304974881924047
7.166498533923143
6.7877878583415825
6.0756026995925225
5.3989413618271325
4.675702685233626
7.61012757473078
7.607712206650249
7.565844105147562
7.450191712063986
7.352569671242521
7.144092621783063
6.927134725387203
6.540181364213136
6.154697973127438
5.906381802318613
5.422781272099335
5.118090032629192
4.651831455006964
7.853969973488756
7.873581360912049
7.82586868116721
7.708412852646902
7.603960758654626
7.519023077114523
7.274729896189291
7.029165306291881
6.565440959301141
6.15809379814712
5.798612601297555
5.35961647950687
4.981407690575437
4.5138600925256105
7.965724285884241
7.96491596721576
7.899880207584832
7.757918947110171
7.652075588091085
7.529320377389501
7.259124338822295
7.003657477406693
6.525157066147103
6.069166898680305
5.786024056869294
5.215766627947627
4.8293192035355865
4.327693200693653
3.2100662197936085
3.265539041527152
3.573885240550672
3.6365973769941413
3.6651992696866054
4.149854797520499
4.221386402256591
4.251346107332925
4.199795175672944
4.779041334451205
4.859267213123749
4.8815055017235185
4.88625255220825
4.8111497220600565
5.242225758699049
5.32154905065318
5.341427209172611
5.34619268308068
5.314511526585076
5.246753138057308
5.085016324067299
4.8952898544888
5.697820488846457
5.779703641339096
5.796319816528418
5.796006730485805
5.749752539482428
5.669078295543303
5.473230565923597
5.255973731790955
4.806618014838931
4.300085970901913
6.24351261250271
6.31930640861467
6.3297857409187435
6.3213171604985705
6.252779904815635
6.150092164513098
5.9457901753605285
5.650255414119545
5.123832778018154
4.532636787879143
6.560550684880222
6.626860354557582
6.632725767531649
6.617478377541082
6.5309892681586295
6.411810294635503
6.1437831988419065
5.853270950587827
5.269120490852222
6.910076683468232
6.96219139876808
6.931132511367181
6.679130834289027
6.044171027307213
5.388977543747408
4.672970082362116
7.155533324424925
7.165391901509023
7.154373760629023
7.114427117028015
6.985448034913766
6.818933800898739
6.482789545793034
6.123573608168374
5.413075784606482
4.649191818580113
7.349340104088479
7.360393724622067
7.324220482741564
7.28036334268111
7.1170080241075
6.921832267220579
6.511406040858145
6.1282178200039
5.53622042459322
5.350407557307431
4.511445033510934
7.4257622097846845
7.413051170802328
7.368820725700174
7.299418072140989
7.108048182499833
6.89930323494728
6.471738744604808
6.040572001126532
5.207213180564566
4.32551515667175
