2.964741479905403
3.012063206666056
2.9605283893090015
2.8184472092482284
2.6554411946735255
2.5141204904228323
2.369164598209689
2.241726674138778
2.063944894724392
1.8180040540050182
3.46941785127399
3.5528994235847096
3.577226713951244
3.574895678986852
3.4436162135767527
3.2457454818688745
3.0645923477430164
2.8759346919562137
2.709230991137394
2.5476391274361623
2.395968307719066
2.2738413190993207
2.049879752891383
3.9948600447606664
4.036877741889581
4.069320811872764
4.10322565533878
4.109404311487995
4.04791929010858
3.83291524346894
3.6138496449424884
3.379649007800268
3.170974030279349
2.9681868949948638
2.7776220168911796
2.6240309724536584
2.218959216392572
4.532582033229158
4.617909177377183
4.636519409732886
4.661610104709358
4.665457266434912
4.654660084905416
4.466502250858116
4.213589516083807
3.9292557578121454
3.6721426566496604
3.4211874632720933
3.1849678317026497
2.9944057321705366
2.805807284758061
5.373693399615493
5.431260734762037
5.4738451883743995
5.5147029203761955
5.5207410502715435
5.470076482331852
5.207271190686297
4.847510852627717
4.506058156299014
4.168247842467779
3.8488807226905233
3.590833121760949
3.335234992214797
3.1152598693055467
6.016404793946326
6.078446203039897
6.1246076116126
6.1652085765727875
6.171027557787195
6.169255700161776
5.9976396594055315
5.6011374845913995
5.191692587314621
4.7779085071914995
4.38423416517863
4.065575532200766
3.7498039097158307
3.477867288486809
6.087710705353595
5.638320442764391
5.173949557539015
4.729353814519706
4.36887699880477
3.7038052810982243
6.851785174055441
6.979083727582543
7.010412525042822
6.996949828933594
6.6526536341881775
6.165720888390168
5.64192001117969
5.134965377740144
4.722786081027791
4.314060507970537
3.9619806381123697
7.388225833870527
7.512096800562677
7.540238374869823
7.349926417074348
6.8437429718142955
6.247490248797959
5.6573949158648515
5.174937425913687
4.6960755926311295
4.283605593671712
3.891635829584907
7.814620494778521
7.929046898451306
7.958381500386172
7.873961707029836
7.415452848876532
6.766927124923827
6.104767669316555
5.559296854133572
5.017089110545788
4.550140291639921
4.106556170902716
8.373879537663449
8.395618824411914
8.380247070893125
8.312705688477278
8.045052247206094
7.81362165263054
7.359756616273737
6.617169041939732
5.997067832553296
5.378923663324444
4.846538182420087
4.341189661572485
8.692666736420186
8.793230770535379
8.796927221124617
8.65309467965559
7.978836643243638
7.159487346167264
6.458835376166204
5.756723836858013
5.151687305617939
4.57796177241155
9.267582579899775
9.270377799650191
9.248726274804147
9.126969576775842
9.051179705855716
8.755821887225403
8.3630807409557
7.86792678780412
7.06326949577412
6.246569308632863
5.54120584088154
4.873231742611075
9.647005165743463
9.642073784084229
9.585814408987583
9.437327815315683
9.225108041981617
8.897537412123635
8.561368892014459
7.664536540513044
6.731052130209486
5.920465665167067
5.153426424205481
2.962809412710517
2.940642211857462
3.490531236528124
3.521969628880156
3.4277328603420165
4.029035049232691
4.011463930576889
4.578291229321539
4.4434387801993145
5.374873674908144
5.397514052610787
5.1836338915099125
6.03148667538272
5.9441073331448475
6.263135058383488
6.393888435564598
6.725600743529675
6.84601691282784
6.608815758819608
7.233964314365992
7.35508971331399
7.264805625110679
7.7304896808315435
7.737748192386522
7.371286520028536
7.96597630711291
8.379500951183354
8.558013151121434
8.510400666028364
7.938788929291936
8.99087432029347
8.672450911197389
9.268658164751518
8.517000925232628
2.745258370140686
2.7914145561615804
3.108152485534321
3.162014769218621
3.1940559235639667
3.7069427365501197
3.7726062267001548
3.810862640544712
3.8256062288985873
3.8141100291836274
4.400568426326774
4.478474584745057
4.521039252723481
4.535312004842857
4.516248343203676
4.412439972775994
4.937731902383269
5.023427754709879
5.07001570678085
5.0811700925426555
5.081209589778707
5.073455374778976
5.0554832036733
4.99838491283729
4.92503766074416
5.499091696132646
5.594627654609931
5.640114477561472
5.647690463836157
5.634619445183866
5.611086482087231
5.538793680395491
5.452564776419711
5.275142931945459
5.092609186035845
4.729019536631196
4.562897519674608
4.324748155027656
6.2222551178159815
6.320764867366805
6.366445527351111
6.371988513398508
6.364445660367778
6.338742012047775
6.310676756020369
6.214251512353694
6.106250908727458
5.916886732740964
5.661452456482658
5.483538700813378
5.221827610699375
5.014351689220781
4.7333495111657875
6.677815027762781
6.77749358988968
6.817399808689453
6.806928964619852
6.781260183386111
6.739545880474807
6.624279937187354
6.499676124848366
6.250007040382017
5.99531681696405
5.791642372952226
5.497258427566111
5.270141911970976
4.9502850115066925
7.230199486680862
7.325558608393009
7.358566222295317
7.332479900844129
7.243356519627652
6.954985499318932
6.369664438227277
5.79519029239036
5.1702308439413
7.677922773080946
7.733582380136053
7.72196517232671
7.653703540978542
7.584531512290854
7.425301566518917
7.250974865124686
6.9284736932433155
6.599793184414358
6.385009836489199
5.962486972846143
5.693696731808472
5.279132956038155
8.127448296960551
8.200378881879061
8.201846880752765
8.136075782561893
8.062305580297915
7.9980344463952635
7.801920963211178
7.596539014141128
7.194584754294701
6.833390424626777
6.509935525094165
6.11117303700553
5.764363369683821
5.329786148677387
8.421104770257967
8.477592267592435
8.463254405787143
8.373813176657645
8.295340834127241
8.19896309452102
7.974131744162634
7.752867269508024
7.3264145236384
6.910286176292009
6.648939476160607
6.1162169111393325
5.750966464714263
5.272084003335449
2.663093532162925
2.713519311906558
3.0110880228673245
3.0699733556664244
3.1028474710269847
3.5832055818417503
3.6546370675516484
3.693095441149499
3.677420110334598
4.241519815360391
4.327465040518262
4.357353268378522
4.369735886650409
4.341298256832246
4.751446943964699
4.842099393288772
4.870982648689817
4.887376854788819
4.883160771746024
4.844921278253218
4.73611968308887
4.599095728322371
5.278762180094283
5.379469832787613
5.408457365732856
5.422882884478438
5.4105495150159815
5.362500564067965
5.226541787526421
5.065149409973539
4.719723541495712
4.321989932970105
5.953764765027089
6.0587208847361325
6.0896799307035945
6.096864028217594
6.070067032770957
6.004836824005922
5.857634532832451
5.630852574236584
5.211504715095753
4.73032245425988
6.375845083258555
6.477351526872491
6.5037401958351895
6.51095383632486
6.470720861186635
6.391878225337085
6.192034902366682
5.963001323145591
5.486529866497559
6.882904365113986
6.979528242777236
6.998931418208324
6.840167815966375
6.335429449889187
5.783982587195501
5.167025032094481
7.290079002319545
7.325905909995591
7.339830555843859
7.330564561699891
7.254492659786511
7.1334049312894
6.865117239648124
6.5648639654519645
5.951207758770417
5.275920396184811
7.682419392827859
7.753523906789133
7.753096860673744
7.733168240787822
7.625038147037382
7.474958679898373
7.132210418576869
6.798296073443556
6.268728529907807
6.099921003613467
5.326671339583002
7.931521202929593
7.983568128611185
7.973113849276904
7.935940757605021
7.799325403189542
7.630873736641814
7.262731129851589
6.8755074522119894
6.105341914049381
5.26913709994035
