5.453392542070723
5.497016631607825
5.346506333599657
5.069711815401552
4.754738999070426
4.476551419549427
4.18382902981422
3.9189360837770826
3.5364207379500114
2.976576865995215
6.6177104606598816
6.712024935013376
6.728676141953814
6.689744648915333
6.40546998723587
6.010574688119756
5.646786998899666
5.259803998349203
4.908764537652773
4.559759980996403
4.223343647044081
3.9454182973549314
3.4168271723633064
7.837731248585835
7.889943030866927
7.927247209948198
7.957444944736471
7.9594263604099735
7.774755895176537
7.324975422927724
6.874782720669481
6.386185498335031
5.94064520463036
5.49753985156674
5.070966665102139
4.719181710402357
3.7512890630726132
9.16361539714146
9.270946190096653
9.29061394548873
9.30675234042043
9.295630661410469
9.250200969129455
8.820024715206726
8.284097428877404
7.678839612264681
7.121001570706739
6.565159603759717
6.030514640612817
5.590379169743075
5.146152242103843
11.386315731912624
11.467363518779386
11.522472861267294
11.561204102787746
11.560716705605984
11.385389162118278
10.782445265060568
9.986116939685001
9.223520019077382
8.456866155879903
7.719106742452605
7.113111227883797
6.503455136366557
5.972774375005725
13.221942645645864
13.314264243997284
13.377033853699304
13.416318698531828
13.412937727505277
13.383449368092293
12.935289750020218
12.020939522231618
11.082230956669836
10.122791565759535
9.196498913990924
8.436359004436477
7.673382368547334
7.010966375828346
13.406734652028181
12.357199323966046
11.264587150579928
10.205193361975551
9.335774281418056
7.708753042706764
15.825204387254548
16.02148592260511
16.03567987636498
15.971308981219114
15.09474724118865
13.930026900551823
12.675195738997783
11.448326851343506
10.440442599220358
9.4312862885934
8.55809477658853
17.650739926117993
17.851347467993573
17.857898593161774
17.32051474954233
16.065306230616642
14.601582833471188
13.14331830117399
11.941176339314373
10.738517432948928
9.700023866550694
8.710419975205363
19.208984923126074
19.406236996755666
19.42119170881089
19.155666567760903
17.975662697875002
16.34810510335253
14.680974835057297
13.298553021618721
11.915360118819127
10.72268037126363
9.588397309756576
21.185788359454584
21.197462714767077
21.13309928375525
20.93376801942776
20.220869685191587
19.62182558218546
18.45430447739232
16.541692972303522
14.93954255383027
13.33237573265089
11.948150918974902
10.634481690670672
22.84220319694345
23.03970560536947
23.000553812086896
22.58781536603297
20.795823105709086
18.636642911129808
16.784144246679958
14.91961263858392
13.314304093961
11.793824254402644
25.429247949393996
25.4198496710573
25.350167964329028
25.00381712836919
24.7916263653085
23.988470745879116
22.919476917692982
21.57580110529475
19.384421523325944
17.15153545870108
15.225985352306562
13.4057208091753
27.74477093696451
27.724377810454207
27.563733777036408
27.153536808259897
26.561837652884883
25.648935177517544
24.709965313897424
22.19553591734311
19.565728787618752
17.285133590534574
15.130802625935486
5.4107369487311745
5.317550617862977
6.598078210534507
6.6095857694071976
6.381157303605256
7.816529195623825
7.716801407932984
9.123897484730643
8.781508538886081
11.303019168702399
11.256366407132868
10.740075416843998
13.125906235155552
12.834437807172506
14.088059009175684
14.177402245396266
15.513519914431127
15.667295769857722
15.005581531455292
17.26538746755078
17.434544382410234
17.139157082470142
18.918723709645086
18.8538183345829
17.876882184245293
20.03587567131393
22.059006602084647
22.41833584055187
22.238070668947806
20.69639425014401
24.661624201266402
23.768069775683195
26.67937811156433
24.582683327266924
5.077662868990136
5.127972252734676
5.8818623200777616
5.942955013456172
5.9715644958402345
7.27951691095887
7.3584571270673065
7.394616019369802
7.390085897830229
7.340559373002103
9.016812175741451
9.117198104866828
9.158950417791552
9.146693453267392
9.075723986055145
8.820025536973137
10.462883818845661
10.578840585968015
10.626520083833812
10.622196995359289
10.606925844812551
10.571171100987442
10.515197947801047
10.366351875333837
10.189665686292233
12.083662657452807
12.221002491903425
12.267203679314388
12.235785229214336
12.185943975051638
12.115585761129624
11.926961146712017
11.714833424312227
11.292524602628514
10.864738843346506
10.012660852124679
9.620882820184411
9.056450583147646
14.365737995082064
14.518762600222134
14.568137167897985
14.556057723058167
14.513532615943957
14.42871624975045
14.348193009475995
14.093203999656984
13.821075556436442
13.355357665833736
12.733042937546413
12.300577388200638
11.663422752005053
11.156164821254674
10.467623592711774
15.946643691399595
16.111470729590142
16.151129840195868
16.079241616804218
15.996498615694096
15.876782992750172
15.571659507307622
15.252702475404137
14.62499070269354
13.989308427138154
13.482793716914433
12.74794922012911
12.180950537180735
11.37955338456643
18.07248902614525
18.24479846782307
18.275364119090472
18.169403171779962
17.912637176816965
17.14846178333659
15.639240050998819
14.163159300895789
12.55085598553676
19.886382319205328
19.970032252344982
19.916030466704253
19.708512280623157
19.517934164399083
19.08676472719748
18.62107610816867
17.770106908445708
16.904379462518534
16.339296385366474
15.227246226749449
14.519035966439365
13.425077144421769
22.368682915197404
22.537354821002502
22.521315360772487
22.326744037831997
22.118416803795302
21.940808343862784
21.402098511097677
20.839669209885397
19.742360796514074
18.754706924491888
17.872658476057463
16.780565864810356
15.83423303334782
14.652447874773856
24.29330176356661
24.447819028886084
24.40776402723434
24.16193314449949
23.943927310666616
23.67610869965751
23.048517282022747
22.430559855425244
21.23421557660277
20.067579208929935
19.328781229570115
17.83378686069735
16.806699360700424
15.46129006949269
4.924913853496998
4.9791575581368654
5.696336263448898
5.762284314604528
5.786278668712166
7.03258264633616
7.11747785176284
7.14707561722908
7.057079151977267
8.68492438334407
8.79336035944415
8.821700680043614
8.826014899315638
8.698275172737855
10.058289167449887
10.17941311240277
10.208753382511631
10.213939557050297
10.159405580481616
10.045518208723172
9.775114353242119
9.453603170386236
11.586629677390038
11.729416491311419
11.758499221923648
11.75946913823231
11.683758241318543
11.543748691188028
11.199980803258027
10.812364566639161
9.994904996020091
9.051188456609196
13.730930518174691
13.891828632804565
13.921540037582016
13.912380762820323
13.798634630971954
13.613510459729206
13.23378973226988
12.670111548810116
11.642138153190132
10.461376724360381
15.208734527719793
15.37413124700068
15.40200627286234
15.386477556060436
15.241440413312656
15.02040989546252
14.499666532181127
13.919265412140938
12.72460161478227
17.188028954803166
17.360335522029626
17.350618617639974
16.882984823458585
15.559438049527246
14.136848765701169
12.543272799281636
18.870125449213468
18.93303180597723
18.94608060597537
18.899701695778603
18.669469182804324
18.33290055683548
17.613964166614252
16.81784423126493
15.199008635066864
13.416931526694537
21.147421358095215
21.310635163276956
21.294895511618517
21.233965656020523
20.927646302741522
20.511995802588334
19.572793907166975
18.658552766837886
17.212039041388
16.7491936791919
14.643548960576323
22.896860489237927
23.04706964666887
23.020455052303255
22.91976332359502
22.542582010428276
22.075367387185945
21.046707071500553
19.96399039073907
17.80056204552518
15.451958051905759
