1.8035053582708251
1.8173825471329212
1.7440236620488825
1.624170355333298
1.4923480940074907
1.3786725633833379
1.2616039292758083
1.1579765389467425
1.0119600950156653
0.8056763738812647
2.1088299577828185
2.139997166892654
2.1425390780345936
2.1202252831694266
1.9960030482843059
1.8339344997428548
1.6891106309436479
1.5387793552854294
1.405643012795549
1.2761057257508759
1.1537721308669848
1.0545477110107189
0.8705177923206814
2.4162146885019253
2.432807933948713
2.4436735634987814
2.4496586942866734
2.4485743123203356
2.361219013429577
2.178497723090052
2.003286712991736
1.818465406509625
1.654265577840893
1.4946764365437384
1.3443211701347704
1.2227014626604562
0.8991110520692143
2.7305013472988584
2.76077810303485
2.764970701079365
2.764182133994894
2.755828621171578
2.7326984972788217
2.5562807898406166
2.3517180251666563
2.1287045233657533
1.9290004470908833
1.734837787742502
1.5522743762479119
1.404997763778646
1.2592204516693934
3.219672251014195
3.2407512249369
3.2531334892120847
3.2560081411564337
3.2524976552350955
3.1707491852941545
2.9425724994328704
2.6595588572206665
2.398158004994842
2.142542763959411
1.9025327131001042
1.7096217461528715
1.5195155310844048
1.3570506700365879
3.5925246457851028
3.614169644087424
3.6262216798187734
3.6266102100095248
3.6211046475316992
3.6034501684776523
3.426780216585289
3.1077539422047815
2.7957488684841802
2.4867111973918696
2.1961149496232784
1.9630200750803453
1.7340436294683559
1.539025103125225
3.4036679106490726
3.060765324265412
2.7160520941046307
2.3909830206862095
2.130417769395101
1.6577616064928808
4.078796916950009
4.113100929417079
4.098790450837561
4.066490058421976
3.754491417605561
3.3801048856821216
2.993086831987114
2.6258513957494363
2.3314745545109483
2.0433412419109933
1.7990204043985916
4.3927929838094695
4.42386522109522
4.402620772795584
4.200589647660383
3.8014876009476257
3.3615989579976358
2.9379742902615673
2.597731748870535
2.2652572101372606
1.9841044988853336
1.7213191464624238
4.644842725022464
4.672554384773667
4.652180807189555
4.544131850804188
4.167337246778918
3.6870729181257667
3.2141307944424664
2.8326893850361143
2.4601984314007788
2.145841026734092
1.8527820460306863
4.937681119051036
4.918926687180458
4.886531110120651
4.811583881498118
4.5837533000526465
4.405079328887132
4.0697787044016485
3.5408435695155633
3.1103376888857923
2.6897103358409797
2.335377641657268
2.0059762408471813
5.177637613142006
5.195379969205902
5.150418233356184
5.004777431941732
4.483534578487041
3.899242106258077
3.415215551679966
2.940995590110744
2.5419847977596364
2.1720443757085697
5.498460647099482
5.472507168391708
5.4400804877872115
5.321570598910714
5.257209076535392
5.027804131260731
4.739081016570697
4.38833212373871
3.833810086960003
3.285508431800936
2.824048023198852
2.3974583047049367
5.760703001384849
5.733969921415995
5.668933758143715
5.540617372039803
5.37448102347061
5.132788678755914
4.893080721673974
4.2735540126905605
3.648271445143556
3.1201110223120554
2.632759791534894
1.7804696225450862
1.732856668561429
2.0932322199622573
2.0903690728010047
1.987231923652276
2.3936194221067395
2.340985542066755
2.690090633369913
2.543723615914484
3.1709112253691973
3.130755996459816
2.9298677507758817
3.5269439748851434
3.3976656891302794
3.7123081987694397
3.6834256958158016
3.9710075985273545
3.982894498620693
3.7308848029846793
4.267721502999012
4.27817849167813
4.154068856737941
4.524711768185101
4.4688063601008245
4.143522077743309
4.540375789086728
4.978123773970716
5.015470092808992
4.925022563037242
4.461730282388072
5.267453710697614
4.981105130263074
5.443341084448154
4.8680244645121675
1.6464507817635463
1.664052241198265
1.8553549782989944
1.8753994452126121
1.8826683144563072
2.196937496313343
2.2202744607386933
2.2277701529371448
2.219870699354939
2.19535861495401
2.588609672658699
2.614689783573871
2.6208443583845646
2.607743513416215
2.574167538649462
2.471869290431224
2.8902146692722797
2.917656667406591
2.9223846192924103
2.9140580592177443
2.9049809216285634
2.8878023778077138
2.863910217268212
2.805130765691514
2.739254193260387
3.2049734597025985
3.233719690420816
3.2356096316863594
3.211831882997006
3.1897037218980167
3.1611292221071827
3.089907942941068
3.0147085432466496
2.870179908283514
2.7280680160661435
2.4528961392256288
2.3290063218076753
2.153087111532425
3.6113088663631046
3.6384907466692926
3.635887183361356
3.623935530556634
3.602486254305664
3.5679085087586215
3.5377811404765067
3.4482487097155183
3.3577363343555953
3.208068825928025
3.014195878701794
2.8821685664313024
2.690836548997723
2.5406245064100466
2.3397506411748346
3.8693904432247272
3.8945119985671437
3.8869593020355246
3.8475311906893634
3.814863242876956
3.771896757915537
3.6695453597032577
3.5679029681828207
3.3754101694288514
3.186149218385954
3.0380192501362093
2.8266213246833876
2.665903688686164
2.441907578181975
4.188182901944237
4.209420647710097
4.195126059921618
4.144379633771313
4.054411490481229
3.81932393236228
3.3881287264756463
2.9836501553409644
2.5551350933090893
4.434601565756059
4.421981420223848
4.392112879251818
4.316104332572008
4.254518220365097
4.124735583127917
3.990980990944558
3.7550044844520567
3.521488710147871
3.3717168628497007
3.0815334060332544
2.899584101960077
2.6225528079532068
4.737520215014415
4.745486661756405
4.712994178709441
4.638201689835536
4.572517940320825
4.519706534198879
4.3682882360013275
4.216903083027911
3.932169681310185
3.682984034740324
3.4642138470310195
3.1976697451446077
2.969611204657395
2.6890663845672105
4.940938029504549
4.941504396371607
4.90193573464941
4.814768493402066
4.749422591746707
4.673675163759117
4.506445292768252
4.348403687999129
4.052506191776196
3.7715329719773196
3.5967700465560863
3.247704706850972
3.0118918301074724
2.7074964967877415
1.5828517075495023
1.6012507637500206
1.780234949294517
1.8011631091259201
1.8054603873883575
2.1015088218371325
2.1256478833971943
2.1291509294722775
2.0837535318120732
2.467211241231133
2.4943203716241302
2.4979336780267145
2.49485779821529
2.434002276672029
2.7482777079640224
2.7752411350989674
2.778386335169853
2.7734713556543973
2.7437014389138947
2.696921228728404
2.5956023834950037
2.4814675802218704
3.038907097339191
3.0669537262332645
3.068061559040661
3.060360838539194
3.021895861346112
2.9673672088356433
2.8450468771201423
2.714094567225736
2.448323029621684
2.1517880066006447
3.4117110839852134
3.43772422983639
3.4343735257017767
3.423581197410756
3.37199538064588
3.304580502325872
3.1774491229087958
2.9986741756841293
2.6857741843868324
2.3383292671024005
3.646844315755475
3.6696844955627443
3.665754939369897
3.6496680488789126
3.5882377633055125
3.5113300412713815
3.3454743706223624
3.169730416187319
2.8213501853043415
3.9351817487370306
3.9529560345426895
3.923010859554033
3.758698874521672
3.370601875913403
2.978092377075335
2.5536077553089385
4.155237401133278
4.1560322228682205
4.145253287977104
4.116922269883892
4.0330095997077535
3.92837672774402
3.721748382049891
3.503419538052191
3.075869212706125
2.620997327091453
4.422260141476426
4.425449807997013
4.4012856978639014
4.373468679228878
4.271380740406719
4.1507699114453676
3.8986961202344736
3.66436192043238
3.3046113475055447
3.191841222978097
2.68749773176346
4.59873184810492
4.593455419847065
4.5672601952372585
4.5254776837459385
4.408590139480314
4.280497102013106
4.017415898749568
3.752549913894177
3.241875493728755
2.7059468374273647
