2.068622964210961
2.104642724114194
2.072845758398104
1.9755556580207376
1.8640519401485252
1.768030349824219
1.6703867757640558
1.5854276316468165
1.4685039685936583
1.3109463671396389
2.3995366283767803
2.4613647485489
2.4800935425597053
2.4807361432680857
2.3927007126426707
2.258098794763343
2.1353396920375243
2.0084109941986736
1.8972685813797847
1.79053930930782
1.6914487738782593
1.6125650137674774
1.4707213863390867
2.743028483525546
2.773631942701867
2.7974351969727773
2.822808997946098
2.827646861851949
2.789442326220164
2.6443499578520555
2.4963853743966307
2.3390747022459557
2.2000125278164213
2.0659850633099506
1.9412199131253676
1.8416362299707876
1.5849217284928376
3.088522238982476
3.15007983981161
3.163689424528354
3.1825446148454617
3.186183224453689
3.1800422997658098
3.0548996745959744
2.8848175238612233
2.6942617120228127
2.5230876587649647
2.3572030577770375
2.2023142087006806
2.078387096179563
1.9569050494428584
3.6176726828974988
3.658067522577198
3.688150153078994
3.717579613765187
3.7221525976626086
3.690681224893009
3.515694537416758
3.275677374489993
3.0489259325267724
2.8258396471880416
2.616233499465088
2.4479118235916792
2.2823672690032524
2.1407458393837566
4.011788360932305
4.054559177109562
4.086507684565659
4.115021441080911
4.119381553645913
4.118874502233015
4.005847777197935
3.7423753702354716
3.4711746648007247
3.198357807303895
2.9400933273960423
2.732053807741571
2.527040936736002
2.35121229976483
4.03882339553855
3.741682285127623
3.4359213402014532
3.144469082757438
2.9091471114817247
2.4776616418664754
4.508855455763897
4.593833609554879
4.614914505451785
4.606160149645737
4.37808140023133
4.0567063625158015
3.7124110110463775
3.3805024148572635
3.11160484898968
2.8460091219201824
2.6177328048178645
4.817332633609461
4.898152056266582
4.91570801567272
4.788588686384718
4.456262677779089
4.063794976698685
3.6782694340743984
3.364031514498705
3.053127810164883
2.7856892742636403
2.531861589427172
5.055507356283503
5.128142488181957
5.145345890875469
5.087435539806309
4.784425182229294
4.35972723661742
3.928028114888898
3.573434682335578
3.221959837013564
2.9194834985136153
2.6323523946290766
5.365089868031046
5.376411944907097
5.364564161117982
5.318105236414115
5.140198281923053
4.988113651127508
4.691531092680503
4.208548773601708
3.806522654574753
3.406830062899707
3.062706124050082
2.736158991064069
5.518676168473956
5.577403221757063
5.573627569468126
5.474488991067788
5.03123527085596
4.499409179081639
4.046596087225657
3.5941403935756346
3.2043188467960837
2.834727974895573
5.799413594989592
5.795280554782378
5.777956533111354
5.692770515119993
5.641961807510626
5.446662951904631
5.190851682200829
4.87045541746329
4.35257885637836
3.828980713090188
3.377012757393504
2.9491453687268536
5.952556724833908
5.942993207768812
5.89960500323693
5.796813771292912
5.655423889168823
5.4413271622981725
5.223808608482072
4.648310320930881
4.053129640540471
3.5371446526482035
3.0493452397626606
2.069988857942727
2.058434059201286
2.4178949244025625
2.4427876131745614
2.3813231305558933
2.7716007100250115
2.7635972889894798
3.126477955782452
3.038739936252264
3.621611668659035
3.64071798484103
3.4994384583627003
4.025308853345124
3.9695498190948486
4.150121694608776
4.241022844995359
4.424950880076893
4.505745435556872
4.3490028961744
4.7154347783874995
4.793865329115874
4.732889197671089
4.9976291384843075
4.9993244542608215
4.75597841091103
5.089954576349307
5.3188072933506225
5.423462004348328
5.385077965337352
5.0063376690191514
5.614167357838787
5.395835524061132
5.695895514452987
5.197639556565313
1.913534382739736
1.948196969081442
2.153972849801108
2.1940472056968368
2.2185043833898694
2.544791134181969
2.5929225893919052
2.621586072551642
2.633864670649323
2.627807940661877
2.9878675149577485
3.0438261123820536
3.0751166432725596
3.0871005063742354
3.0759331809554693
3.008222457447651
3.3230678129575884
3.3836832183714476
3.417208588179644
3.4259246479341847
3.426637734255243
3.4223135695031153
3.4110780915985375
3.3739775304498707
3.325757338402853
3.665038189745635
3.731139322912926
3.76325310248279
3.769765765581226
3.7617464808438656
3.746637812655749
3.6993280924876717
3.642657572697602
3.5256918783362456
3.4053059784278084
3.1660280928819673
3.057059963222554
2.9011119115872748
4.091169182638572
4.157171044892709
4.187787994478076
4.191636048680842
4.186865669677571
4.1701148071082565
4.151718987913824
4.088330558538313
4.017271695985844
3.892625187795835
3.7250694882744937
3.6084596202951595
3.437250249698858
3.3017065028513186
3.11846939695919
4.349247667430246
4.414113376885924
4.439790307369758
4.432266896748827
4.415153857203482
4.387575999216739
4.3114479858125385
4.229445709761476
4.065677294209294
3.8990648835978643
3.7659260407379955
3.5739800514640607
3.4260345081074157
3.218035341007769
4.647723053350144
4.706883611961726
4.726036596607501
4.706626990506853
4.646541135839327
4.456427462495692
4.074265970001026
3.7008891038468055
3.2961458773863703
4.879759409669108
4.909808263681455
4.899708513114895
4.852139858919174
4.805474237503248
4.699930770777221
4.5856237682727325
4.375205249626137
4.161710470149445
4.022493102894346
3.7491693388930862
3.5755072949317652
3.3080019429920986
5.0768976649549264
5.1144205033434975
5.107940625568952
5.05904605766886
5.008419992545603
4.965044811909597
4.835156618765452
4.700598793657224
4.439796677160268
4.2067773744913435
3.9986824586673597
3.7428709171380103
3.520191122824931
3.243055983232659
5.184727394393665
5.20851296217339
5.189604302758626
5.123610454333946
5.0694816634185536
5.004385440741737
4.855857260020483
4.711596137694043
4.436233191019238
4.169281587969867
4.002549911606515
3.6626472271592023
3.429922286190735
3.125105135027517
1.8564338846804458
1.8944256748903603
2.0869743896275246
2.1309239626675307
2.1564668462003174
2.4601938627016287
2.5126880105578455
2.5420546261225443
2.5355007753778764
2.880167437192867
2.942180271418454
2.964261836900775
2.9738057562161724
2.958646880505734
3.197966683593294
3.2621378547516984
3.2830410017825167
3.2954626497405672
3.2947550424285055
3.2706853275647503
3.1996573276319538
3.109439567510928
3.518221393483949
3.5879791076638075
3.608503144606523
3.619143905491378
3.6124951437761386
3.5816984419744724
3.492815199018952
3.3867384067704447
3.1597456227720686
2.899248009021915
3.9138159191305144
3.9840547457531197
4.004972732669476
4.009996550685473
3.992842191721945
3.9501580435242096
3.8534576859099383
3.7048673896015014
3.4304492447650077
3.1164798502686626
4.151037245059298
4.216968108487609
4.2339630855081944
4.238415605919773
4.211370920544219
4.159268311069574
4.0280071469997685
3.8781041706206376
3.5670465890536835
4.4215442938270275
4.481042636990331
4.490588547108195
4.383421301800716
4.052628039524285
3.69385103322596
3.294149863428397
4.6284982373298265
4.648981615139323
4.6554436085807245
4.64653088464953
4.593289471006062
4.5123909349766205
4.335903158926565
4.140136220046955
3.742268011102559
3.306061681372141
4.791371139941022
4.826570518206413
4.820874269697954
4.804624090500104
4.7284206342785735
4.627496286148401
4.40255201900333
4.1859616288131605
3.8446257748171573
3.7362999441983566
3.241277725806234
4.873809839984281
4.892725702134349
4.8792738869594015
4.849516207240463
4.753447221227159
4.6404612974714015
4.399437900172409
4.1493813234794334
3.6565640118964136
3.123512376984657
