6.1240262473095255
6.204671470368797
6.076654658992076
5.7767695592683275
5.432945009214271
5.132117266983676
4.819950044382051
4.542438122673625
4.148107193744407
3.586944782123306
7.2758078454043815
7.4260830759768695
7.465874895004803
7.448055915556061
7.159985667705726
6.737562133546582
6.349075112232397
5.940542667255325
5.575997713625096
5.217734268451381
4.877156053997896
4.599399288840825
4.080039279275343
8.479702637919928
8.557731867030059
8.616905744287743
8.675659171256717
8.6850672115202
8.53154057374865
8.06471445749318
7.590945715100396
7.080729742759235
6.6222850107624165
6.171134736503819
5.742334003355978
5.39282725691973
4.449926554807677
9.745022307429897
9.905416130266364
9.93916187710504
9.981151800341518
9.982801806886751
9.951681995429558
9.530297098293378
8.977348990988714
8.353475854383904
7.785496409871202
7.224813691031583
6.691742654632534
6.257480375217976
5.823321387641619
11.787296098602985
11.900391371182879
11.982525798612713
12.05694207798859
12.066004995230028
11.934073368296112
11.344228398032056
10.544142213892993
9.78223911052655
9.021438454470795
8.296358132849921
7.7059328774875
7.116470860518873
6.606067632299098
13.40545388220263
13.530508614243374
13.621984218271496
13.697916080955084
13.70619591661828
13.695052317057613
13.29461085118682
12.401164709034923
11.47931769679901
10.540617683703061
9.641544077265648
8.909109191702665
8.178615221885636
7.5467739574721175
13.629157776018362
12.61115935389861
11.552447010385642
10.532798637690405
9.701372912657135
8.156230668839818
15.59708079098868
15.862497594414634
15.920157038862857
15.882209704395253
15.08577648095853
13.974534758482648
12.773016823008671
11.604202433565634
10.64920935208973
9.697578412276473
8.875775178813957
17.066918696161768
17.3324701358691
17.38657928144241
16.937395625358317
15.771047685685184
14.392332983380854
13.021998348277675
11.896932974315996
10.775677698094132
9.80836570890079
8.88732182359112
18.277726636121535
18.531154978261267
18.592270524475854
18.391111336122027
17.326961044690037
15.817296219973143
14.269740227025906
12.990104967805332
11.713614017399436
10.613114425460083
9.56648032792219
19.85934209261837
19.90860802809649
19.872149207292
19.71506947129857
19.091574544115964
18.550245556193577
17.485309112967165
15.736970648102641
14.271713403667329
12.806429939134286
11.543633417352805
10.344274593627047
20.938499620102913
21.180688300142425
21.19683156965431
20.865265853110127
19.27786729854781
17.334454363919747
15.665722273137506
13.988327731671088
12.54224071675774
11.170682706338965
22.792120017483146
22.811197785216784
22.766188173116163
22.488716046834554
22.31091173481254
21.6148195898499
20.678424029440208
19.492759561235875
17.55655066337918
15.583990578890461
13.879416229002036
12.264794978893521
24.235523830415044
24.240067437924417
24.123316190565085
23.785186664010492
23.285243619200678
22.502091433363717
21.691487209525782
19.513748465667955
17.233846278782057
15.251524137164335
13.374498022507533
6.1050076068719905
6.038681685991063
7.297747306575321
7.345239046454798
7.129029481785528
8.520382456255353
8.459309245383887
9.797755100443075
9.483670118539587
11.76361982744713
11.78332027584417
11.2949880086411
13.40258553316811
13.180645078105533
14.097401533549572
14.336595493227387
15.308055514829839
15.551373229489895
14.98929051122084
16.7108332783041
16.96634966653217
16.746184922138987
18.072681796739555
18.07979579499812
17.225516538034313
18.906281824917123
20.195860624863865
20.62720617408338
20.52392867873512
19.18132619487694
22.14311420661037
21.408081415313728
23.35524535247808
21.576893878689123
5.683310230065057
5.764783556787606
6.497775871191673
6.594386351536107
6.6487952565832735
7.873233944752129
7.993888682042522
8.06065171342661
8.079464593052895
8.044889902272898
9.518485234371248
9.666170020698576
9.742391209534953
9.75860909017749
9.706264642334977
9.466410103510977
10.835895495747609
11.002114361096798
11.087722585028791
11.103110891034051
11.098203060203664
11.074947272512984
11.029622284274524
10.895417913750586
10.727509095717911
12.258965035771629
12.44986754676265
12.53506674295898
12.537977437273746
12.502724671616889
12.444909161323258
12.275371752173008
12.076750821194254
11.673108424764875
11.25850695074544
10.430625339055464
10.051041648734351
9.505528029970803
14.173492339239692
14.378623367036601
14.46893414501261
14.475644749619885
14.452627404771993
14.388397292605932
14.321204961730247
14.09602907208984
13.846154164635873
13.409393020162739
12.820645396972417
12.410419539880508
11.805843085579415
11.325537877701333
10.674050189350504
15.438824693060083
15.65348989152251
15.734716217404001
15.70294377219445
15.64059069130783
15.541675045090761
15.271910326878332
14.981706225998689
14.40128306347654
13.809067092825508
13.335559193267045
12.64928581809291
12.119520510270002
11.371851821941682
17.058498843504687
17.275545025319975
17.348905119730468
17.28554019905683
17.075432637826925
16.398590927634423
15.023971732044938
13.671314998045892
12.194476662941373
18.420008389997815
18.554883354299196
18.52916679688621
18.36992827809903
18.208820858945625
17.834466118152648
17.422748814487996
16.66040338475948
15.881229242585425
15.371330171240187
14.36689917406398
13.726939652273675
12.73858551705896
20.028891127358733
20.223746082977033
20.243271872904725
20.099550961285967
19.929002109696516
19.77926555597715
19.31632192974414
18.827671781929197
17.86557461843114
16.996886910876224
16.21786884723661
15.254678456643768
14.41745999429608
13.371515189241629
21.205524432598047
21.376622535116066
21.368788808309976
21.176553485427338
20.9967858775883
20.77210971003714
20.238355522902825
19.70785484103844
18.67668555927809
17.665688350067807
17.02707989111985
15.727903123798608
14.834949841022706
13.663360113927672
5.513286832489989
5.60189881932924
6.294539479071479
6.399711657608417
6.453226430191575
7.609531668498528
7.740401436128849
7.8047057238673085
7.748656904368918
9.173330424610553
9.335159778039456
9.388163951335612
9.407535001109336
9.321183885691248
10.425170566078915
10.600515267946985
10.653356488381919
10.679456268950256
10.655230027033092
10.560408669331602
10.308218120022827
9.997455553776128
11.765853823025308
11.966507251204272
12.020666659110649
12.043582173321054
12.001675002395409
11.884413482347401
11.569204602244504
11.199757428015417
10.41072147548105
9.49962252430457
13.561666750680274
13.77980271569789
13.83992856623897
13.850148871130108
13.777996331873666
13.622249901145828
13.278407475821776
12.752905770316396
11.782946075393316
10.667323896596477
14.741986181815678
14.961062378861804
15.015457005619735
15.0263918947232
14.925285683020794
14.738095745582914
14.270022051306032
13.735770910723485
12.624873791288884
16.245866933854263
16.465832348479964
16.506765535418662
16.1305557143989
14.943609981458867
13.644861611043419
12.18685871912825
17.500714362218954
17.58635905919079
17.621132613891948
17.602146866398577
17.425499661537184
17.140649940965925
16.507819966741128
15.796792788969348
14.339416556743817
12.730677063137708
18.954823905790548
19.148050384330663
19.15857060934864
19.1184519795629
18.873525034674522
18.522315185150838
17.707981074684874
16.907722222631385
15.633537643103997
15.225724177368667
13.363352245136308
20.00403987299814
20.17142073180911
20.165087929049907
20.091739612751788
19.784166953611006
19.389591612190262
18.50927053678613
17.573505957662416
15.69855097120876
13.655197426474189
