6.459206637729575
6.467196916323364
6.207673543228721
5.834692828711006
5.417326809338649
5.047588574366061
4.655282027682271
4.297593685838045
3.77673074400185
3.009107313756385
7.938805848112595
7.9879910565703875
7.974740190315987
7.881083472956072
7.467492658937476
6.934074449240322
6.44642184042172
5.925065531794079
5.449322459027871
4.97365169792813
4.512871077733038
4.131526566396812
3.408177114599622
9.474314128246169
9.506417234310371
9.522979220452983
9.517058565346613
9.506816337069505
9.179596923192184
8.55125529824204
7.940535810020944
7.277968216708226
6.671518499339052
6.06570391442588
5.480253530609332
4.997109185760976
3.6770121641587816
11.170881947761519
11.22893043239387
11.23100315847862
11.20541608167304
11.165688615747483
11.071859472144448
10.427370385001483
9.686173155432607
8.857920468604444
8.094320237444228
7.3313085323505796
6.595484097807194
5.989970182257301
5.3808297021889775
14.06504383570027
14.114734662152532
14.13676030858493
14.116330050845239
14.094916463023724
13.748656435309638
12.859202230308105
11.74489411841779
10.68843926477428
9.627425161410011
8.606057792541911
7.768943683516101
6.930916694499044
6.207265197272515
16.49520904254149
16.549761611518573
16.571275069743677
16.540450036057933
16.50828807051137
16.422673266916355
15.678139197343867
14.35822975547353
13.04043995587765
11.701650751347067
10.41169360877609
9.356989744415118
8.30488131185579
7.399931734337963
16.17374248421027
14.683783826808547
13.14957916295738
11.667805913567072
10.457450792835754
8.218659720501453
20.006036244507232
20.08594602834439
19.987180252326315
19.82840828558496
18.4260465904767
16.743690198243577
14.966469715417176
13.2405785807306
11.831290506761862
10.431306621724072
9.23320855259612
22.50730441186874
22.580388621235397
22.444319514211024
21.47314297145202
19.597708881352016
17.4958504192472
15.426965586423924
13.735257911084096
12.058194818946303
10.627438309336064
9.281961750131403
24.671751164536122
24.739433861250344
24.60462896333432
24.05362667312962
22.209204937714514
19.835683525798206
17.45041296829393
15.49299781034314
13.554445366704499
11.904453551145375
10.357105553164757
27.22286713891381
27.097230116445708
26.91755507846937
26.524429704481854
25.35640252576485
24.443007016036574
22.715844124204988
19.94990525534276
17.661176462176712
15.394202667757249
13.468849651730121
11.668564322463677
29.820008975725624
29.85555576152471
29.58155848731815
28.78787635840052
25.994565543674845
22.821792679179083
20.15249086843558
17.502428835036465
15.255097685898239
13.159630830417562
33.30797927533216
33.145046534865784
32.95282877547405
32.27282974622834
31.905029074977783
30.609513462141077
28.968009224364135
26.963231333292047
23.75785898153791
20.548057121785483
17.826364194562323
15.296195728455974
36.7385290851024
36.56450748299756
36.16537237973267
35.40026062459105
34.40756562452188
32.963173079545605
31.524408605745254
27.77497652595397
23.94443893584917
20.68550162178197
17.66141204248308
6.359067712536873
6.1788143109492575
7.843134118035354
7.80015720647743
7.4428722008617205
9.334931139492884
9.120162470725782
10.940580041740166
10.387301163601629
13.821046658476305
13.611492995001589
12.814227917234309
16.144137668640536
15.569220764131943
17.64404017869691
17.39216856757829
19.523448358214758
19.492072010365217
18.327872984942783
21.92135120839679
21.885864882587022
21.270130111923013
24.03294464905752
23.71104607162014
22.097878374032067
25.144515469487697
28.797936616790327
28.900780009177907
28.343219330150202
25.879938529657288
31.99354088420585
30.349579014608036
34.828094496998325
31.37285953620528
6.001563905002448
6.028789607925462
6.994645647356327
7.02788702182861
7.028644908933494
8.741185055581576
8.785078280782697
8.784621088596541
8.736715309268215
8.637667921280565
10.947099621473765
11.000543484299659
10.993460717572264
10.92027226988161
10.780361886186808
10.382959936226557
12.809561940908564
12.869346252437015
12.85551689315015
12.80687207965017
12.763042680471994
12.686006263352057
12.584207302631606
12.342217666884826
12.075143437161977
14.9256685500001
14.993295202132819
14.96731995106923
14.842354344557977
14.739565583147586
14.612610243125948
14.30526337449274
13.982467541746814
13.364788250299025
12.754312098706635
11.554429860759264
11.005914983654586
10.21881864293438
17.95253041331901
18.020597824295464
17.974812915817477
17.907235847056132
17.797587339780435
17.62976113158979
17.487433577099843
17.07209505513875
16.655341971073323
15.967060361797209
15.068691257602936
14.451772325714137
13.550164151501061
12.835495391298254
11.871510405659203
20.0812730121308
20.14667662966106
20.075169033446986
19.863931050171985
19.699120486902885
19.486519523531268
18.99079261709062
18.500184326188013
17.569260080725225
16.647491713164424
15.921885783724795
14.876978040769867
14.076541429037823
12.952368147066682
22.99052570270145
23.048056243039532
22.94098141182871
22.66301974020847
22.192568894765472
20.9829919877573
18.75620093023353
16.640612296952128
14.368039569643853
25.404674322092717
25.29301325457437
25.118921623966404
24.697478613625087
24.365090749531205
23.664754134312652
22.943614106200737
21.670059983879185
20.40200408615869
19.584745078502177
17.992123182780897
16.987703445711087
15.450216220763359
29.04989496790553
29.060939110934672
28.853847048012085
28.41141443870199
28.028899398052854
27.72401947170491
26.851085156703654
25.977285394392606
24.328149767557118
22.875440553059647
21.597780718637498
20.029888753525498
18.686361064247
17.027419139217194
31.859246990472247
31.836760995288813
31.583764335754868
31.052489895411796
30.65561674650455
30.19718990267038
29.183059515725034
28.224197060356996
26.418943926284147
24.700917179881447
23.623772293650358
21.47334135144568
20.01559309020713
18.124136340993722
5.803288503509301
5.8310018625374616
6.7514157808818815
6.785424130460985
6.774090406711149
8.413320782817731
8.457002365271054
8.439076818023988
8.248226102350856
10.497349163232663
10.55049767442252
10.542918935839506
10.519105913087664
10.255745760998746
12.251587125145432
12.308862388662472
12.301111527074431
12.26439972583936
12.12276585272012
11.922483230746506
11.504397061435949
11.036671115102534
14.23224149238343
14.295939820964312
14.278592197315769
14.228827327021556
14.043608101796961
13.798737309041645
13.265775552982282
12.698517010658653
11.53571345405598
10.213359633112463
17.05140991953979
17.11296113058263
17.071886533748305
17.008474823468585
16.74915309161677
16.42834047915106
15.834671768949795
15.000580594295789
13.52741847854392
11.864955752786319
19.021472815542396
19.07703954192026
19.03645507709435
18.94072432592323
18.624276077999138
18.243099174122708
17.431344077284532
16.570886858581662
14.851800765149232
21.703445923094442
21.744418465939706
21.556422631335774
20.684556006479333
18.66769359969564
16.61188078481745
14.35993041016861
23.91347365281565
23.89498338006105
23.821356452947157
23.656069751451334
23.188011049185906
22.615681595788324
21.493614097845466
20.3049502536026
17.96096863217856
15.441420553202727
27.234183412201748
27.2174737623943
27.063458746905255
26.896778638732602
26.298230469541465
25.59710613011037
24.133017910252224
22.765639000319542
20.659548398519057
19.99466940212169
17.017645779451566
29.77333449790747
29.72123004034511
29.555299535254882
29.298186008893726
28.584465598303865
27.805749984619187
26.199848889293698
24.580862447502785
21.43549791055143
18.113735573819564
