0.8073588716579184
0.8013564907885077
0.7229715090918668
0.6331097891769121
0.5441858057207819
0.47284887624491156
0.4036303141979788
0.3458366835865862
0.2695247071149651
0.17196527346672402
0.8646502795977365
0.8642792172911987
0.8553246970915586
0.8270101377291232
0.7328698318456952
0.6298078560289798
0.5453564076917321
0.4631694690516978
0.3946948098980209
0.33170649170413197
0.27536209245042986
0.23195005234893928
0.1570770779105341
0.9117236626241623
0.9126215414961205
0.9108985616299484
0.9025577302227038
0.8983800746767836
0.8229192599450025
0.7102988267752445
0.6139588150784688
0.5193834236662092
0.4405828742016737
0.3683021980676749
0.3039049535672376
0.254506831261971
0.13543329152715938
0.9510590858826508
0.9487176478433219
0.9454886197684622
0.9340419635180683
0.923392937691995
0.902583890691343
0.7927636611139187
0.6855120186559408
0.5781330692453716
0.48838894743857686
0.4062042162833728
0.3332487029543135
0.27752010225752144
0.22523234654358898
0.9969774844119995
0.9959385543873372
0.9919441277744914
0.9794962832936417
0.97385208149967
0.9145015283552123
0.7978442891024909
0.6717703330832367
0.5645292337116318
0.4662324154755179
0.3793371076082896
0.3133446866563357
0.2518499235582171
0.20221493443173136
1.0204665811629292
1.0184552259706234
1.0132212774083869
0.99941428237042
0.9925465602330906
0.9775662961248991
0.8822186344147304
0.7452698426772778
0.6247458013853693
0.5135708316641329
0.415417515418749
0.34116408238212015
0.27229021124444336
0.21699479690371154
0.7913604644715025
0.6630676608141134
0.5437239120717828
0.43831320871761675
0.3587215542194916
0.22618115380423792
1.0376766541162683
1.0245679181321703
1.0029388405078157
0.9813368632697349
0.8435952616252056
0.707503686677704
0.5788583616164131
0.4649410912695323
0.37906324495905475
0.29986090542452337
0.23669492212841342
1.040116575171814
1.025786023143151
1.0007301964995297
0.905971651038375
0.7634858772511935
0.6236507847468337
0.49888737917454595
0.40489288515109784
0.3184842101189017
0.24986371252335016
0.18961807371721942
1.0372470444340383
1.023190867292459
0.9991223376405044
0.945099178511449
0.8097015186836755
0.6615451574524978
0.5276920533391993
0.4267530551717966
0.33415619932977414
0.26085182522986977
0.19674806852531676
1.0123576702293686
0.9924274697761108
0.974031926405437
0.9408307346591758
0.8594165555811222
0.8028329780989688
0.7042125220397137
0.5604153474993097
0.45154098999406544
0.35181352517754005
0.27313634681307036
0.2046201024093112
1.0146080594343054
0.9970916956854897
0.9642625001524243
0.9059356653923246
0.7481923603580152
0.5948363451654151
0.4776593796579601
0.370345209332608
0.28595630317202436
0.21272076813649013
0.9691466576367699
0.9500214883764047
0.9343121128910077
0.8899778138176236
0.8692545272594405
0.802418425927218
0.7259047105328021
0.6394966176053265
0.5118220543182486
0.3945327277713772
0.302524965949834
0.22308734399146446
0.9343920903212262
0.9174005548075693
0.8902429864985423
0.8485430993621862
0.8015829230605337
0.7398944125239965
0.6828057546045225
0.5457431186113153
0.41854800385091606
0.3188999170863327
0.2331089261768617
0.7739417997968353
0.7177288178613435
0.8331465272234148
0.8140313626808714
0.7293523838535189
0.8687123473391215
0.8153260535506347
0.8876370589323741
0.7887014582715971
0.9485595078894808
0.9026874041399264
0.7943693482705735
0.9566262935056778
0.8747511417350179
0.9855289490922713
0.9196439540065683
0.9895868994231168
0.9615471132318492
0.8384696027340072
0.9906379913615782
0.9621347325800342
0.8963634531484087
0.9729783136053879
0.9302194240377228
0.8053630603757771
0.8518460493879567
0.9676465160755949
0.940804326973409
0.8925994438221173
0.7448803330963412
0.8939120418950737
0.7956897969932542
0.8352082289562109
0.6797263821122356
0.6976907798204082
0.698731534670767
0.7328975372477683
0.7333668303434967
0.7277183153647185
0.7794495113052404
0.7787715713314644
0.771439829796543
0.7568189829234387
0.7351165185305619
0.8185000162325358
0.8160034166684405
0.8067170974164959
0.789065060174008
0.7639095996167162
0.7049064967590482
0.8394494466634616
0.8355615283786624
0.8242831546159689
0.8132957202228209
0.8053255361571929
0.7928530757031741
0.778019717283491
0.7459248715408925
0.7135290482009474
0.8533528548494247
0.847441756747341
0.8350188244773211
0.8133772348261563
0.7996794105570292
0.7839560499535639
0.7490214915135215
0.7159228456674392
0.6565836129557189
0.6019987315703229
0.5025594533218597
0.459856520314595
0.4015409204813616
0.8595515379841125
0.8516905645762893
0.8364024192601707
0.8258878829199873
0.812217242216722
0.7942378723149156
0.7802441586875833
0.7421946242190969
0.707314646938377
0.6533796394780895
0.5877589374237259
0.5449175628546679
0.48528435963036876
0.4399341819422685
0.38160150850517993
0.85619521642214
0.8461918934207361
0.829889895465446
0.8049215884098843
0.7890596542080278
0.7706174175015269
0.7311517178395073
0.69513600834832
0.6317295215687391
0.5729322295649086
0.5288834006492436
0.46815936771010697
0.4237133542936064
0.3639396486617962
0.8437228928320366
0.8317565427676736
0.8131169884532294
0.7860308596467548
0.750043236225865
0.6723948110867359
0.5483585622624404
0.44229572497458347
0.3380526063680553
0.8209686750947071
0.7972643219345994
0.7807350121632429
0.7497261018396375
0.7282349547128593
0.6872078690778979
0.6481247513550153
0.583947703081647
0.5238247267356801
0.4868317772135219
0.41769804316310644
0.3760516934164393
0.31506502462117625
0.7926258505448184
0.776575773608603
0.7547623068854592
0.7246597525390963
0.7030496622190932
0.6870513177937769
0.6450167829837474
0.6058392093327167
0.5372992399387814
0.48066493240880676
0.4331367530133593
0.3771671175690735
0.3311976879279723
0.27686850415730796
0.7589472514278283
0.7415896136046957
0.7193224311540494
0.6883484922948223
0.6687985902492734
0.6477707845502647
0.6054701335791783
0.5683713206505179
0.5032713031577153
0.4448246605271487
0.4098247530874699
0.342809340367433
0.29951954884167187
0.2459881055580885
0.652190487689232
0.6524910059130201
0.6834413271685466
0.6830311188787576
0.6740797556205491
0.7241809216731513
0.7223205593367396
0.7114575116674758
0.6705801081270382
0.7573211038605554
0.7534208700114597
0.7466643551795593
0.7396042290269149
0.6938705947495062
0.7742007033762537
0.7688223811336565
0.7624439027051735
0.7532154433168431
0.7295191090774139
0.7025078419516803
0.6526511340804164
0.6021921246820746
0.7844281927736704
0.7769753190213802
0.7694914434234964
0.7592789593785165
0.7328245719481096
0.704926958492591
0.6510060893272038
0.59903080256533
0.5016723033198186
0.40131640593162843
0.7864303932966681
0.7763583299340443
0.7656126762755847
0.7560347469819572
0.726495303198544
0.6966504561392762
0.6474858503191697
0.5849230083685821
0.4844436641676238
0.38139301516034585
0.7810587246561596
0.7696013360875598
0.7598418437166776
0.7470119032808821
0.7159085262150426
0.6848107730776658
0.6265241307393496
0.5702126349862848
0.4673699635512757
0.7661333831736002
0.7522770703666236
0.7275335142870475
0.6626007810852161
0.5458010790952048
0.44156795648213326
0.33787925896301035
0.7421369855402874
0.7332438967562002
0.7226080338073234
0.7067628888560038
0.6733396034240364
0.6389403211258555
0.5793183855233951
0.5214422439007291
0.41703256390245885
0.3149083003702132
0.7130048480505375
0.6948956090043149
0.679542030981338
0.6672459625052689
0.6323317077751522
0.5974619523625114
0.5333154575954605
0.4785664686362336
0.4000942882157508
0.3765888539871904
0.27673811502737533
0.6800889415811464
0.6605239072750435
0.6462838624577099
0.629786223812959
0.5940194082094408
0.5606827988862314
0.4995382819809469
0.44293061433027486
0.3423044374794609
0.24587815226788176
