4.283961733937433
4.367393522898309
4.327055538394932
4.146771427644151
3.9375077175131064
3.7579081865190167
3.5768239541123252
3.4210379916126348
3.2105897745050167
2.9382981983505636
4.967689201971656
5.107257352768497
5.153302084674141
5.167269384424534
5.01268698209102
4.761310251731357
4.531042066355497
4.294217009381022
4.088735328054932
3.893776617165496
3.7157515699205943
3.576589192945437
3.33564979439928
5.682668788278813
5.7512432234117865
5.805705551378054
5.866867512111226
5.879787634433357
5.831277675543356
5.564350750871138
5.286648075021697
4.991699395094576
4.732699071389684
4.485757165244339
4.258779522525264
4.080579264306028
3.641400861474186
6.400514721535834
6.540518328544325
6.572855214599509
6.621301931455675
6.635214867093538
6.632517046743923
6.412401726614516
6.094266597715414
5.735601765462482
5.414556039112987
5.105861400253882
4.820983548725049
4.596022664961855
4.379131960873597
7.497992879226664
7.589334410381305
7.659205740661721
7.7326900558556995
7.746287869667659
7.711568670727573
7.392905468129556
6.940306599923694
6.511079685472635
6.090415578569847
5.6982468318856485
5.386219949861116
5.082971671391318
4.827688424246537
8.312282739273291
8.40933926481441
8.484137681954708
8.556586447299903
8.570725200592546
8.579184644693528
8.388794869951722
7.894677469001165
7.378710295749109
6.859682863460244
6.370687825177485
5.979316680324566
5.5969539520334095
5.27280873831372
8.494589159946713
7.9282230866207275
7.343697067839333
6.788116781860778
6.341667805026634
5.531983118313845
9.332001992925832
9.529217278202069
9.590399470528764
9.585570330607148
9.174531018976381
8.561764159680273
7.900442290996249
7.26324233662977
6.748529398647303
6.242581809461486
5.810532854344037
9.958765747837036
10.146698168798606
10.201864045625952
9.98615363161306
9.352249255019885
8.59764234434928
7.851766325321131
7.24428940475061
6.644841321740612
6.131057750387593
5.644527187503629
10.43796541699989
10.60599202680374
10.659254095725181
10.568161544403193
9.997481974066
9.175870285081247
8.336060082000774
7.645661053303119
6.9620483765091965
6.374669573011473
5.817227955590047
11.074425018981621
11.111305127142465
11.096958855665887
11.016971320935511
10.683277832951187
10.390444089918278
9.814380674147326
8.870042557374454
8.081892217837078
7.298058242704702
6.62294296153595
5.981313955284624
11.347593889874224
11.483196203678885
11.493459605864663
11.314086451347938
10.457097784069006
9.412954557812112
8.520149330538999
7.62649417806011
6.855139957269171
6.121612289562614
11.893532839088774
11.892896404163407
11.86337633851451
11.704108481566037
11.60702423074376
11.226063626200085
10.723701095423026
10.090265814838334
9.063268108576713
8.021942929857627
7.120234386963164
6.262949394431715
12.149726603821724
12.135343179205035
12.053541126286138
11.852978130248115
11.574875492267834
11.15112842396514
10.719418236090211
9.573239285650553
8.384023934699142
7.349051216141113
6.36610090419108
4.299666746151945
4.296587178058179
5.022322913879457
5.087183176918124
4.988536714477611
5.767385233587135
5.776530868397673
6.519317466072337
6.378024940662053
7.534358566440222
7.605842868438707
7.358274854880508
8.382000693737686
8.311878522010304
8.606877226203112
8.854840637264545
9.175358629650729
9.374557919234292
9.113001402880837
9.76511165394499
9.957828602266336
9.86911917476812
10.351458041429714
10.384122948989223
9.93774317084093
10.578645269966925
10.94402686239852
11.184030582351095
11.129560158426184
10.405515929520385
11.536554599358187
11.12222918948573
11.649660599013727
10.66678455755068
3.9761825730442655
4.05442501500298
4.479376437105663
4.570174763341638
4.628502211099831
5.297929030170015
5.407736932727557
5.476878445946611
5.5129461625252825
5.51156970775981
6.225713366231246
6.354365542131827
6.431252622158109
6.46972768101609
6.460644519281749
6.346470975359138
6.926040297555651
7.066090227811056
7.149686104728662
7.176968855806897
7.1841140025787
7.183077696140211
7.168174485957298
7.107024421570754
7.021518744273881
7.637602226086421
7.791127915169953
7.872761744148588
7.903319280213053
7.895451607719499
7.873213602735655
7.793136925458398
7.690998272258237
7.47476850137971
7.248423798920279
6.796478703061894
6.590869858048071
6.296663118207457
8.517440732948312
8.671235135211793
8.751411741710728
8.76815378245728
8.768102364418816
8.744573876039409
8.714477686180395
8.602948996558306
8.47238793732739
8.238433268521591
7.920154601319903
7.697700058036758
7.370400142120245
7.111442776967913
6.761015950173904
9.043978396485954
9.19574394085852
9.26520383893026
9.267711179584701
9.242115079282211
9.195597412521268
9.057663567567484
8.904770650514436
8.593979745522544
8.27497321353978
8.018483457774385
7.648853120417957
7.362953544045397
6.961944096103881
9.64164884923024
9.77996900462534
9.836008111627596
9.812738472110388
9.70778131430439
9.350323868490321
8.612208471710462
7.884697510707337
7.094914181133427
10.104782846953158
10.185155744409506
10.174514754282054
10.09278665490345
10.005790747756544
9.805559951665419
9.58589352706576
9.17620193806972
8.758557575099049
8.485053111764879
7.947577232980903
7.605671760350471
7.078365376347126
10.452495673184057
10.538764236388575
10.535396025936041
10.446709034121332
10.35075123964582
10.266888750205093
10.013748927720973
9.749640968293441
9.234212204397167
8.772063243715559
8.359038743065973
7.850073990065893
7.405624251010087
6.852073204174722
10.62220006354902
10.675641506409365
10.64260235531233
10.514638691770465
10.408360328160404
10.279913320302505
9.985759703521715
9.698498859891506
9.149303121730208
8.616322936417859
8.282967114883421
7.600348970313946
7.133308657766583
6.518854323509309
3.865986365378449
3.9523603630930557
4.350291388190438
4.450651119078474
4.513515265520765
5.134937213093722
5.255768317870578
5.329214309986714
5.339143644385436
6.017793640204561
6.161779745647533
6.216671624016728
6.243155933781105
6.240411291659995
6.684710098526949
6.834571003215177
6.886816633660757
6.9219387695568555
6.937889250953109
6.903658347652854
6.780947681497063
6.616507868848427
7.353656564108105
7.51742271902029
7.569788474693041
7.601945678483432
7.607910099918846
7.560657962836606
7.404161743974337
7.208373604855725
6.782799900827577
6.292554520393657
8.17295281540072
8.339048591433723
8.394761691547197
8.413988818465084
8.399978315681533
8.32940456587056
8.154681991130762
7.8767471333060515
7.355654164840618
6.7566502936460004
8.657782654991705
8.814000906107477
8.859929448754068
8.880574687873535
8.845817127626963
8.755898387048736
8.513752327542159
8.230151484582358
7.633900186766268
9.199603123291626
9.340764913494997
9.380905860229591
9.19673273470592
8.56638857448707
7.8696908812564645
7.090619893485509
9.61182749036775
9.662637034033468
9.684138505581549
9.67534105374822
9.583528700334329
9.43319769380219
9.094064869411156
8.713360487883174
7.933050246251473
7.074257227526561
9.888654000240011
9.97159639865876
9.967340567025744
9.938862231705716
9.79543160849447
9.600080937554193
9.157979650029507
8.729456042150254
8.051926669710296
7.8366297356089065
6.84844388221114
10.0068033532896
10.050045040422841
10.025746464275535
9.968504625606098
9.780006745574827
9.555717988668151
9.075597871388183
8.576558428911463
7.588280928255695
6.515737937972553
