3.1343871461475548
3.180158324323159
3.090836357969034
2.9053169715612075
2.700674284457703
2.527237589893862
2.3523918454220887
2.2013269563086126
1.9944162538005141
1.7156357565929632
3.5442580255074483
3.624547296127421
3.642712028097468
3.6243645620339513
3.4455906168068164
3.1996893203456716
2.981331995939416
2.7582502572823953
2.56455573021023
2.3794341439879383
2.2078803007125924
2.071314619974986
1.8245789478855015
3.9544474537387115
3.993263240398843
4.021590790285776
4.046678620007508
4.0494369150597125
3.943285436043631
3.6747632625034
3.4144080315136858
3.1424869320793665
2.904670578476873
2.6767937605596113
2.465186163147746
2.296356628121082
1.857414357285653
4.34575352006201
4.416871520559732
4.430191808430213
4.44245390809883
4.4374857982424025
4.411760483175756
4.166043932560547
3.867924027919658
3.5435315104835485
3.256343256211613
2.9801281564035005
2.723137347330506
2.5177614719621797
2.3162271236368226
4.905220788624883
4.948710894139516
4.977721778569721
4.997109973211358
4.996199690980334
4.898833161039933
4.581021230385097
4.1787562945769725
3.8087145161663685
3.44905161357413
3.113203758774833
2.8444583887940413
2.580410135839154
2.35420754584432
5.288936788908241
5.3312010458961145
5.358272317845476
5.37160283724353
5.368042351004637
5.3496137018364545
5.116270382821534
4.6729225732550645
4.238021627600858
3.8084950706455647
3.4057313560242886
3.0830630864073263
2.766144602804723
2.4946529976777527
4.980453477772814
4.507607176148812
4.032846342563245
3.585769141266899
3.227362582861655
2.574249908399269
5.729227150089368
5.792822534209522
5.782810355364335
5.7439329117722275
5.326525358355162
4.816949972000112
4.289999190850278
3.7901325186453496
3.388942745768603
2.995346074842524
2.658759737620425
5.972780312536802
6.024983292403875
6.00198212934076
5.736120458018138
5.201441442644062
4.611655566048199
4.0435097685234505
3.5863132525545254
3.138182470025208
2.755724128008469
2.3941149981797536
6.142651437780097
6.183017095048442
6.157317731464479
6.014416581545773
5.514573846905044
4.878747834838986
4.25297722381484
3.7473408621206663
3.2520269232808277
2.8301232445999163
2.4318068981996475
6.320000349889487
6.292669990216046
6.248710820418399
6.148038453801917
5.84668075110975
5.612305361102824
5.1745513678876955
4.485584002120589
3.9244167731931805
3.37466507558129
2.9075164834940153
2.4684412351535374
6.406548976253084
6.41783494541361
6.348591327662969
6.151309243739922
5.473684832295421
4.7244532644282
4.105079126976055
3.4974920189063323
2.9823912748305133
2.500176230744571
6.47428266465624
6.42791576552081
6.37974373127173
6.216035423316294
6.131204241013015
5.833720482206427
5.467270120867299
5.026333275074636
4.333657384727393
3.650251985976738
3.072270177677901
2.5340964179118184
6.452373825549764
6.4030973560839985
6.304993633404269
6.129142708900955
5.913008613453257
5.607983898748996
5.3109883095280574
4.55338270658891
3.7958169320250383
3.154995330668935
2.5615425035009136
3.1173830427347156
3.068378790584383
3.547627130400364
3.5668422692302557
3.428687582472554
3.957821432839064
3.9058582081582576
4.336165156300848
4.143762149120671
4.860619846377469
4.83247569836806
4.559958925761522
5.229035524139356
5.070528829209382
5.351635832320083
5.3555357971475965
5.584078020236945
5.6215744428624665
5.292238036054483
5.806808222412456
5.83303561399016
5.671845272039884
5.987351888939817
5.914601170274564
5.483444948793265
5.7926901732623755
6.160349187204573
6.187141315652843
6.056863452067744
5.448563315563971
6.172300734999821
5.783505559339415
6.031216876414063
5.287046291380808
2.8615340236509677
2.9089874227176367
3.156566358127145
3.2090585115969414
3.237003484249783
3.6110000569371006
3.6694608690600474
3.6984552015569485
3.701408234162369
3.6761508576823734
4.088845563800072
4.150293287827283
4.176716530386547
4.173093313153082
4.135219035121489
3.9991626306893857
4.42299652741933
4.484318304457958
4.507560410265841
4.504513136440556
4.496263586479078
4.477406727078477
4.448451802486509
4.371727459821643
4.282540715055511
4.737645360491748
4.7973599345543425
4.814016589232538
4.792460714345614
4.766607694462712
4.730702470664726
4.636570077199025
4.535426025020759
4.33748538905624
4.141571348119383
3.7607081689347432
3.5894142990346953
3.3459329309183214
5.087670650709561
5.137769048701523
5.142856889602846
5.130236683706867
5.104703247154062
5.061299571254514
5.022326922019601
4.903664336254633
4.782429722729213
4.580323024736552
4.317552530231731
4.138152869659854
3.8783836447250413
3.6728207210475246
3.4001921695841544
5.271417325372364
5.311958784399884
5.30702854721624
5.257429331811342
5.2149637840610605
5.158761183355165
5.022899619636287
4.88710691870717
4.629759054997541
4.3763943677074275
4.177706610021505
3.8942966950196585
3.678331636968176
3.37645846617279
5.447591868120169
5.47309747773477
5.452649003209619
5.383393328429822
5.262871566193592
4.951677731065177
4.383848528905979
3.8512946957730487
3.28602453888671
5.5442377707276185
5.516243929663124
5.472401671959569
5.3681312140697015
5.284984928389572
5.113078964089744
4.938239279957737
4.631132771086831
4.328438121887192
4.1347431647463395
3.759009944914315
3.5231930032181773
3.1633709668869825
5.565572121660048
5.551399892212585
5.491813175009225
5.381547176989274
5.291509898263391
5.220357741963294
5.021964463200624
4.826632040180724
4.465066711390813
4.151456776214833
3.87659476571133
3.542758692193298
3.256062419783899
2.9029464452381175
5.511733805272025
5.478237124228306
5.40341729096507
5.273131369369292
5.182838534048987
5.081138345308939
4.864659152370781
4.6647275702758755
4.2970650525717735
3.951400742272622
3.7386296093719142
3.3119486714321957
3.02468706429538
2.654019998142448
2.7582230196819584
2.809490300864313
3.0374438102526944
3.0939845292665282
3.1207966273003045
3.4649009332666365
3.527082478776322
3.5535906896224336
3.511145073152858
3.909237701008641
3.975589399925223
3.9936251793436095
3.9970795511982433
3.9331084054221725
4.218848408737923
4.281174602338482
4.296021720933852
4.298520459557007
4.269876253724419
4.212324492552401
4.077093670301811
3.9201575376023023
4.504941909354535
4.565018469150297
4.575702408068074
4.572616442734723
4.5299561010483576
4.461245642334052
4.298126022712579
4.119692766247238
3.7535481823119543
3.3438980325683114
4.816522687897573
4.865349402311558
4.867543390246255
4.856769652002214
4.793386618858748
4.705713803208207
4.53627486324191
4.2953180136685
3.871189852314437
3.398196433490545
4.975913521282996
5.012929501984738
5.010325084272896
4.9913181276578955
4.911946710937736
4.8101856689312505
4.589321001368152
4.354368515856094
3.8873347636051183
5.120497634149867
5.140009851776895
5.096785188128076
4.875994781234428
4.362478964023612
3.844710749751177
3.284292389384906
5.189667632429024
5.184887388795872
5.1656156160705295
5.1226629818425655
5.0058336570713795
4.865686877640949
4.593210395209969
4.30820021149229
3.7529290854038977
3.1618070782644687
5.1795599966005526
5.155436885889097
5.110814235894241
5.066863059301837
4.921670243616595
4.7591525936656724
4.431840804287662
4.134533699529882
3.678883976934036
3.5375152263831984
2.9016892281082303
5.106119852800792
5.059211185735431
5.008273687798202
4.940454177345408
4.7729647098423245
4.602656191105361
4.266157734855755
3.9353515740153338
3.307499180912866
2.653025610618072
