1.4033185875276792
1.4213849421856466
1.372977530480865
1.2828114079786925
1.1844893833616892
1.1014471492760067
1.0177732652607243
0.945412567264932
0.8460494723551071
0.7111034152646856
1.5774715604903846
1.6102179558476495
1.6161849479760724
1.6041006152696637
1.5155663251636713
1.3977022247760422
1.2938241007830347
1.1879282761221064
1.096006139343128
1.0081006716788972
0.9264786482137759
0.8612748617997915
0.7427023896454107
1.749483671680541
1.7653334990095628
1.7764833518974823
1.785147383056078
1.7855180221171263
1.72911137972899
1.6000117045773765
1.476721678662436
1.348523279058139
1.2365772399556028
1.1293515030200623
1.0296929062107611
0.9500063787769137
0.7414359994282153
1.9115832924731047
1.9395660210136307
1.944260438767133
1.9469660714845531
1.9429173499644352
1.9285743227631842
1.8086713738457838
1.6678329688834725
1.5158261757722589
1.3816826951855457
1.2528543887591053
1.1330178755463498
1.0371624192448132
0.9429459586557141
2.1395790554515273
2.1564780293399033
2.1670265027392155
2.171938747674263
2.1703523996432788
2.118953715862166
1.967758451721637
1.7805040640952756
1.6094678762676229
1.4437960640572698
1.2894135178874007
1.1659542628919215
1.0447159239625778
0.9409627274407178
2.2928923963753802
2.308885829956313
2.3181944907239114
2.3201019265167355
2.3170801543750175
2.306329994738418
2.192549496399136
1.9863406188156398
1.786609156337316
1.5904155897693146
1.4070465325505188
1.2604668389166154
1.1167447534519837
0.9939348681319778
2.1144594178215548
1.8979603077607485
1.6821062372015387
1.4796898313424132
1.3178987288876651
1.0242527576533444
2.4648734363027676
2.485880195289341
2.476348466073353
2.455716027338754
2.258672747368341
2.0258522642524075
1.7873950793729974
1.5623960334372378
1.3824956801323751
1.2065741840983306
1.0567654837016138
2.55722093538653
2.573099865604656
2.5573429129007335
2.4294153941623153
2.1850317118546205
1.9193909451015252
1.665321768678816
1.461842751017439
1.2632234363279327
1.0941802955001354
0.9358372749292314
2.6197556079007627
2.6309302952079787
2.61414756342997
2.5441867649727974
2.3148208023984043
2.0292616736445117
1.7507276575048394
1.5269451896033404
1.3087760463937521
1.1240129985741871
0.9506871223595978
2.6778611678254984
2.6614495828677347
2.639312644496539
2.5911706020032352
2.4526539804422978
2.346882709422538
2.151190948951091
1.8458814902804557
1.5988807986379352
1.3582387042559452
1.1550481397935055
0.9652211361360464
2.7097470822618477
2.7082561777827707
2.67179739575998
2.579268077640495
2.2747622279951707
1.94392034356031
1.6726458421426746
1.4081686441112033
1.1854949015357616
0.9784164842738703
2.7182318280327773
2.694506888284593
2.6713061785188184
2.5954952141378316
2.5569534539951695
2.4239812499977917
2.261672122791005
2.0682322166031506
1.7664120730635464
1.4707453727923252
1.222546310500561
0.9931046751658165
2.696372525450809
2.6720871127152646
2.6262219449306685
2.5467314527793645
2.4501944467005505
2.315747673068105
2.185825848238227
1.856944953359385
1.530784021244712
1.2570340839429666
1.0055050996179604
1.3915561539305428
1.3629734090136347
1.5739159955615312
1.5786095980070116
1.5081331070682296
1.7433917665626442
1.712724589868936
1.895617823379995
1.7990390888030272
2.1117360016296645
2.090411409348379
1.9587755993624023
2.2546913897002776
2.173098792477368
2.3078719573335573
2.292561835110651
2.397003688424577
2.403838530295767
2.244276627317607
2.480733010994048
2.48256970380526
2.4024605017449088
2.5426635002132034
2.5023782114804263
2.301900489387234
2.4302490424364214
2.6034846729773053
2.604525655865291
2.540074007591452
2.264444387312696
2.5812542218174093
2.4033364891681424
2.5064261345725103
2.1760743282668984
1.275090128826551
1.294741753714453
1.3993091253808274
1.420747168508849
1.4311553028017772
1.5880399439285195
1.6113593202765413
1.6215731762927892
1.6199329217587533
1.6056240481199389
1.7828274479908817
1.8065405856011476
1.814952644483297
1.8096154367668045
1.7892001345541013
1.722437475824017
1.9164819285998418
1.9394738075243394
1.9458633904120293
1.9420603935490344
1.9369400763053026
1.9265914375267796
1.9117352438452428
1.8740704899312013
1.831418010763412
2.0398872680573223
2.061391783493756
2.06458131009545
2.0506426063682963
2.0371086835290546
2.019150828370451
1.9736786040790975
1.9259198869706726
1.833741465553878
1.7434070649950602
1.5689666762708794
1.4907661983589402
1.379933286375297
2.173230754015378
2.190017224189771
2.1875443516428046
2.1797284846054943
2.166075027136169
2.144375408594605
2.1255066334126367
2.0693229066085084
2.0130164074110937
1.920263984279134
1.8007139066519795
1.7195019599569064
1.6023648667143002
1.5104249165790098
1.3876426196330347
2.2404339228982617
2.2526425681459625
2.245784204941375
2.2194317662532113
2.19857274646832
2.171687520382328
2.108301013365366
2.045913655028549
1.9290165916692097
1.8148188911335874
1.7257552982264597
1.5990817335402612
1.5029134538213893
1.368856539889632
2.3009448524778264
2.306485999942573
2.2927017530215363
2.2579295901167886
2.2010633148386627
2.059129563307493
1.8053224313364726
1.5697704181518621
1.321460553598584
2.327934062282206
2.3092802888984827
2.287284667523844
2.237881265942161
2.199614908733717
2.1216306593430088
2.0431675161047225
1.9067698194038363
1.7731648070415833
1.688063513599152
1.5236408565198725
1.4208209410427846
1.2646138991098932
2.3238984487612564
2.3125977366033514
2.2825386967467187
2.2308575400860424
2.189778443218568
2.157731002875008
2.0692897147618035
1.9829610621242468
1.8244417787728489
1.6883204101033695
1.5688957168097526
1.4246596970567131
1.301415005552848
1.1502257757181487
2.2901840926665935
2.271005505743529
2.2349235744429015
2.1753442425222795
2.1348165153752827
2.0895478402976986
1.9941671271426804
1.9068163143292949
1.747180501446917
1.598144786361797
1.5065912156238586
1.3241419981592564
1.2017468349889566
1.0446296466443665
1.2258592869773641
1.2469011903759293
1.342814185523098
1.3656697799285218
1.3749792629250013
1.5193428256793955
1.5437970185684067
1.552228958357638
1.527060875774326
1.6992518087580328
1.7243868831477647
1.7299893147627132
1.7297538692071681
1.6941700838222225
1.822037305554875
1.8449148712579326
1.8490926417990357
1.8477713154031545
1.8307496714892169
1.80164055201347
1.7365275541081324
1.6626746283595066
1.9331122994573597
1.954152126867462
1.956233624965311
1.9522821097208853
1.9287274896183828
1.8947359675968036
1.8172842532930453
1.7343096596513239
1.5660235778623708
1.379109539058955
2.0501136145189345
2.065550948144911
2.0631451926121764
2.056188990602125
2.0233092606611587
1.9811058235105994
1.902026797295142
1.791571383261259
1.5994430020087578
1.3868454360476954
2.1071694012467272
2.117354141947441
2.113269276285975
2.102007620301179
2.062289691189038
2.0141168189340894
1.912399535828457
1.80582191156361
1.5962744303799015
2.1546307078871574
2.157035338349699
2.1328165305200466
2.028071099694084
1.7966598696597926
1.567137250200506
1.3207807888137952
2.1704881059192913
2.1654480186437266
2.1544658973291746
2.132879768148281
2.077694517268918
2.0135469442560736
1.8913800960008624
1.7650039485991917
1.5212228850275746
1.2640042357968186
2.1542099136516804
2.138195493662084
2.115863226476621
2.0950280144236997
2.028465278249992
1.9555882600472494
1.8111529721032609
1.680756286159496
1.483617456426153
1.4225897477644684
1.1497401889781995
2.1132572604422055
2.0880218966472786
2.0636758496455654
2.0323300393531754
1.9572343988034362
1.881735679324879
1.7347699252113904
1.5917418224627973
1.3223932223746695
1.0442479793043211
