1.248709065262486
1.2608621173339973
1.2045566022924623
1.1134350548493945
1.0158966778109408
0.9340617102984641
0.8518127210801199
0.780745716275153
0.6830513771053535
0.5495677878431201
1.3894920773667756
1.413611907150726
1.4155726727594875
1.3988802570541659
1.307329783316142
1.191066493705131
1.089895509253677
0.9872697288456949
0.8984230683397274
0.8135915690276911
0.7347945671041478
0.6717331604822444
0.5565537082039694
1.5251742095250764
1.5369458905013638
1.5445389695702763
1.5483712559440677
1.5474089615983724
1.4840856321597602
1.3564690235179828
1.2373965789572594
1.1146095632149222
1.0078771743003445
0.9059579408435282
0.8113601902923928
0.7357291189993929
0.5373428929532095
1.6502532895516233
1.6694554905802375
1.671787357186764
1.6700964562987928
1.6638425241644879
1.6470060640416566
1.526364862606975
1.3910400665906946
1.2469514931450414
1.120678420039019
0.9999581707124667
0.8880102112751492
0.798639241941009
0.7109148007675404
1.8209462129263718
1.832312539779729
1.8382382043379648
1.8372969033096227
1.8342319743796613
1.7777457126413891
1.6314576810425818
1.4559860706520813
1.297676140446844
1.1454608269366842
1.0043922387991944
0.8920844016123617
0.7822373235535459
0.6886929238461839
1.9314724085793784
1.9416023435947258
1.945996267722803
1.9421227401694832
1.937496920059536
1.9245654776407704
1.8111718930027199
1.6184385919908482
1.4354523568306825
1.257509709215431
1.0924107293654386
0.9612461928174711
0.8333687048519116
0.7248543895811065
1.7195387599394574
1.5221514897194905
1.3277595068074113
1.1470132019276853
1.0036258224620906
0.7458872744361836
2.0498490884886778
2.058486068793576
2.04335230286337
2.020835624514895
1.8333296271592523
1.621830768509823
1.4086042803994103
1.209418009317398
1.0514508023763909
0.8981473903906307
0.7687674817547844
2.10934998355801
2.113590357394042
2.092540997413202
1.9680192830558059
1.7460404614585063
1.5102169837836497
1.2874250563080796
1.1106697110987165
0.939621355570165
0.795840329590219
0.6618459642344792
2.146854020315282
2.1477938837415085
2.1261743892712244
2.0567510505218713
1.8474251853159755
1.5950047131560596
1.3524260333963867
1.1595722843464609
0.9733164459898533
0.8172796820201103
0.6724726276496864
2.1705307520231245
2.1507354185140932
2.127997747553157
2.0817873742024484
1.9552191635225413
1.861000713846078
1.689288039428948
1.4250955903053533
1.213897179619066
1.0102120383950808
0.8402119725255216
0.6832113016321907
2.189596720781207
2.180029777727328
2.141033994801159
2.054289665815332
1.7851302907993285
1.5002283951962998
1.269894106461891
1.0477677249943973
0.8630350338595887
0.6931405216298472
2.169115653168766
2.1445372963628135
2.1220889881573357
2.0522889575536785
2.017726357127245
1.9008308466418342
1.7606945234752691
1.5958008146925737
1.3414083300201436
1.095221441531949
0.8913813569060082
0.7049417353565308
2.1343015626812343
2.110221644799004
2.0674987619227627
1.9963726508929047
1.9122099274168427
1.7967753700305074
1.6865078491589838
1.4107498864537722
1.1409650677469392
0.9176735270576406
0.7150990036665752
1.2316269358918206
1.1957506157932405
1.3784741917789516
1.376629513953851
1.3009280555242615
1.5083095395123343
1.470069317136492
1.6190063201756784
1.5182981726352522
1.785096400804751
1.7540244945721108
1.6240975496394818
1.8819392853386938
1.795305128267249
1.9268682757237585
1.8904578387345932
1.985815910098512
1.978709440955902
1.8218242773355653
2.038764209959325
2.027513365548242
1.946517621500742
2.068888874476196
2.023471222734271
1.837290008472602
1.9376532839467144
2.1008122572644443
2.087958762438718
2.0235684147161894
1.7771762998222185
2.0461772363680333
1.8849024088931463
1.965240998288957
1.6791021776730124
1.1251418880382829
1.1400793022829474
1.2238220566572726
1.2396884048026438
1.245710105010356
1.3701177984075636
1.3865962602325963
1.3915860676222738
1.3857825582518881
1.3686906932084526
1.5160444556144552
1.5316950643420981
1.5343116736113185
1.5244359589240863
1.5013689556210743
1.4340275904137918
1.6126483601368833
1.626862079456056
1.6270167604333492
1.6202886864289348
1.6137739361461705
1.6020264384902179
1.5862856990598482
1.5484257040472127
1.5069851735600412
1.6984554590627243
1.7104383677203954
1.7075666307551143
1.6895115421248679
1.6749329866929814
1.656548365443519
1.61193038535072
1.566470891582535
1.4803924919564118
1.3972758984137583
1.2385482020660212
1.1678192900527098
1.0681612070272255
1.7855460079636798
1.7930429842803135
1.7846971898474806
1.7749838019114133
1.7600583787396427
1.7379923694723751
1.7195099257965052
1.6660125358756033
1.6137737501921186
1.5291407582478127
1.4215118535368934
1.348969563718717
1.2450387142700585
1.163811833209661
1.0560629310320364
1.8253405849108095
1.8285180063182023
1.81654261714973
1.7880483269258762
1.7672866298263936
1.7414400499523635
1.6823824996399146
1.6254371782903707
1.520496166070224
1.419192849713676
1.340843523560265
1.2299944904057005
1.1464133753986692
1.030534104150064
1.8551195019706752
1.8526230513516877
1.8347069492527242
1.7994060121715645
1.7457641497996783
1.6178491991133568
1.3954956746906306
1.1926874288776288
0.9815036904186765
1.8582259211034555
1.8342644500256033
1.8120148570454608
1.7652532188154506
1.7303571099046542
1.6606288728703422
1.591525364300592
1.473228123098025
1.3584683764966414
1.2859230384421667
1.1466871619480004
1.060207783577047
0.9296182381068396
1.8372850539818446
1.821297138224799
1.7908128768205966
1.7426398845719102
1.7056710068994603
1.6773220972070557
1.600256246115055
1.5259494845897106
1.3913383410215927
1.2764172436062264
1.177104078606026
1.0573750601295553
0.955824418598235
0.8322627169493793
1.7953432535738052
1.7734423997487325
1.7387082419317692
1.6849408651161222
1.6493066231724636
1.6100199212220339
1.528277966866027
1.4543452059951256
1.320600026739533
1.197121037711705
1.121564393511355
0.9723925900549799
0.872885051122125
0.7463792986539274
1.076716546294465
1.0924064915412197
1.168756741247788
1.1853019962899203
1.1894669086363179
1.304183671828636
1.320938346818826
1.323408319809148
1.2921258218698422
1.4372887045396217
1.4532660592480504
1.4546579094874772
1.4519539389986158
1.4107508235807942
1.524593823056623
1.5379725190844455
1.5383404319150817
1.5338495211353846
1.5130912910890004
1.482816729642331
1.4190874968610905
1.349022614410263
1.600264929948907
1.6111026035969622
1.60936736124997
1.6024748128982405
1.5757742812176712
1.541511010958935
1.467340555923755
1.3901241107240863
1.2362780858640658
1.0675417043987867
1.6743209802813661
1.6796843135513155
1.67323141152466
1.6643780013744964
1.6296139385036847
1.5886563434005787
1.5149054351308435
1.414449163020161
1.2428261026033374
1.0554754053726627
1.7062845994812448
1.7072104015822833
1.6999018456096318
1.6865531595399776
1.6463404080645776
1.600657782019948
1.507668600962016
1.4123147278728378
1.2278924229170334
1.7261458463490733
1.7204295020004121
1.6923315246464519
1.593927497370488
1.3889529962848428
1.1907411878263467
0.981016224454119
1.7211279321754926
1.7131722290149
1.7006436308947364
1.678822080197697
1.626892376268391
1.568906762532723
1.4615885216145945
1.3523584876497439
1.1449168172834752
0.9291857742527463
1.6918468551302461
1.6715060649006876
1.649161028535254
1.62943094390429
1.5692569223516484
1.5052803201279172
1.38133160838743
1.271091625305395
1.106485624013755
1.0558785289949235
0.8319237730905413
1.6455647072757522
1.6183913221380262
1.595235068505546
1.5666442070878808
1.500445778189636
1.4355437798835022
1.311389877257956
1.1924186248892046
0.9711391400227046
0.7461160949413124
