3.261799705703981
3.3228127732657327
3.2859034351538776
3.143822197582094
2.9794227313510833
2.8379893696977114
2.6947475820107005
2.5708181641900762
2.401880331316063
2.179002737877417
3.788324499789548
3.8914440484197583
3.9246256315538957
3.932183519981685
3.8079751271381306
3.6100639186526435
3.4288321596751596
3.241836988146798
3.078813391989319
2.923224184122652
2.7800078655246594
2.667074507023604
2.467904786519527
4.338238199113289
4.389081801956831
4.429266972088301
4.473736512430186
4.4828742202168455
4.438683762487402
4.2273794209230875
4.008778316739897
3.776208884334741
3.5712169736013406
3.3746312741881903
3.1929677091386006
3.049155224308984
2.68700055227258
4.89226814601106
4.995988689639324
5.0196659197782205
5.0544266082137925
5.0635515591415565
5.059185733410517
4.882253224398164
4.631471974944511
4.348957005775082
4.095414254849284
3.8506118315588114
3.6233964331440327
3.442833364702675
3.26737267564668
5.74314200372155
5.811252926371168
5.8629799703430985
5.916382576162904
5.925876309409447
5.892641945223293
5.639283830331984
5.282903534720316
4.944882994207688
4.6127327722930325
4.301824439567238
4.053320140581978
3.8104281733809606
3.6042752476067093
6.378260576849596
6.4508191566216935
6.506319720136386
6.559040764623863
6.56879903732644
6.573304594877705
6.418386310664919
6.028707782631663
5.622999159386087
5.214338552701
4.8282329189947735
4.518171986728138
4.213961977835793
3.954509102642294
6.5003862820668825
6.055324346671346
5.59578216279513
5.158078457808013
4.805414729372749
4.162185313987837
7.179917115639372
7.3276301417902205
7.371431473131901
7.365252862098732
7.037939981461954
6.556566026097984
6.037404583260119
5.536547687094654
5.131173917061881
4.731658356268306
4.389248798184059
7.67749097006806
7.8188784116564
7.858420058164446
7.684512632754325
7.186394853677439
6.594889214870987
6.010011182166497
5.533089476089887
5.061654195806824
4.656622856287132
4.272794803228286
8.061247948494865
8.188680514621634
8.22741551256261
8.153137963649318
7.704416069877945
7.061066715834941
6.403585619980871
5.862730900728992
5.3265847364152155
4.865203491896897
4.427358039071398
8.569870207822756
8.59713396218229
8.585084904363404
8.521562012911428
8.259560778854894
8.030439429122001
7.579923395163083
6.8417186030925
6.225520633344852
5.612220425465532
5.083610019576187
4.581558366411185
8.804190493694547
8.909161830202
8.916450190951766
8.775980259558708
8.10675753616862
7.291639412813469
6.594622867308886
5.8967160312043125
5.2941910884122105
4.721860719746458
9.260450955690049
9.26131354609538
9.23884807982358
9.11568119865998
9.040183474738404
8.744089429714466
8.352674510500103
7.859182953079058
7.05850778912991
6.2464480625520595
5.543355159334325
4.875877464857667
9.497316408958836
9.487895165751262
9.426398952507292
9.272483890775739
9.057399125707983
8.728493200960378
8.392743677285518
7.500198037015033
6.573380943128915
5.766807285166351
5.001781011096234
3.2705055180366687
3.262965398347761
3.8257386429716513
3.8717505296844337
3.789777501286349
4.396525346170098
4.397333409329864
4.973469136651247
4.856264802147991
5.764785586130917
5.812347008652155
5.613024811824608
6.422996091968667
6.359825821801046
6.610282593601822
6.788649139371796
7.056512244228448
7.2036568264071965
6.990876021950845
7.525459960614892
7.669057345586661
7.594585182375102
7.9899552981994155
8.01117707365115
7.6583540125198155
8.178478973122463
8.489755535216558
8.675497243885964
8.632237697949932
8.066536173332752
8.983428780902194
8.662488339839332
9.111494529443432
8.350885175172483
3.0252626943147134
3.0829194752066345
3.4107687020668895
3.477725015356695
3.5200649840006006
4.039450281824493
4.120508281638365
4.170728188165955
4.195572380698637
4.19179200906367
4.754942772527594
4.850069973075964
4.905892833339912
4.932003303361373
4.921785717358852
4.8284284546146745
5.297772223378893
5.401506238189827
5.4622426968103825
5.481025682630182
5.485201079349016
5.482605499118545
5.469293618117442
5.418967695740199
5.350262203146926
5.852552303168068
5.966603853211089
6.025915008550788
6.045706776152576
6.03780453029437
6.018814872396528
5.953561069754573
5.87195552647482
5.70039290211522
5.521685362182902
5.164964881915627
5.0024270801998085
4.769783429243905
6.544669670138394
6.659643898377378
6.71810644558419
6.729308341170944
6.727403209304469
6.707201251352516
6.682532796310797
6.59293891080654
6.489255798404637
6.304619169139988
6.053897498888196
5.8788109272469065
5.6211856331351235
5.417198349265738
5.141166113199069
6.963721581135372
7.0777564825600825
7.128605845326622
7.127538255489366
7.106141977807155
7.068426482604898
6.958809905516551
6.838023463583708
6.593388980512623
6.342632398735712
6.141337822249492
5.850919324324759
5.626548073314668
5.311254401544869
7.446982931391458
7.552048387688736
7.593165689940958
7.573391151293515
7.489794111312503
7.208591131302573
6.630184216754805
6.0606415132005775
5.4418833551600505
7.825789819487391
7.8871808503608465
7.878199153184939
7.813601979296349
7.745491671345955
7.5887144679017275
7.4166978978071345
7.096652107290551
6.770267727400346
6.556743091166591
6.136733117124212
5.869558253501725
5.457481252401108
8.133678256996811
8.202734998154858
8.201504433549934
8.133600807882909
8.059233680685
7.994286826135569
7.797682784662947
7.592214532420511
7.191019690860933
6.831055106428019
6.508912850930325
6.112175511693458
5.766432877594831
5.3346456434485825
8.299292929191164
8.344998804843145
8.322458469183092
8.22577943368618
8.14431835100359
8.045419889782673
7.817807374439899
7.595143767921411
7.1684229835825075
6.753483320657838
6.493831871086705
5.962976338943148
5.598594684973475
5.120544646623974
2.939681122631697
3.003184163554143
3.3103495535687513
3.3841780438874336
3.429383337552917
3.912472403195232
4.001419449624309
4.0541945066955885
4.055899192004229
4.592803433149796
4.698923733683825
4.738628113177784
4.757261396183627
4.748293191895807
5.1092928555191035
5.219990895792011
5.257881402973317
5.28257124631125
5.290787240813002
5.260995090105304
5.161434513447146
5.030315410510037
5.630672016363312
5.752015945686585
5.790015545595712
5.812469864630536
5.8127479452339506
5.772922248886709
5.646802635133534
5.491319778760734
5.154618420899719
4.766685828310789
6.275468599415804
6.399207556191685
6.4396812140117685
6.452773228556778
6.437819795738999
6.380028507566046
6.240685729426829
6.02079452920688
5.609961735531086
5.137851835323809
6.661943122309871
6.779048352030136
6.812592919223934
6.826538890790912
6.796196700432306
6.72378614757131
6.53186242611623
6.308280698046001
5.839474910561672
7.101399995650796
7.208530289887357
7.237116597240448
7.0898777941335105
6.594776714590493
6.049047023611858
5.438566072858803
7.440575705718221
7.479502653620785
7.495756720275441
7.48843090004366
7.415952289710502
7.297860694384437
7.032697658913644
6.735058433552333
6.1254021839467105
5.454270672103877
7.693206397279616
7.759931651879767
7.757567744796696
7.736132093330773
7.625693068110297
7.474263670973181
7.13080818315164
6.7973350033129325
6.269392720482843
6.1014872179257855
5.331738869725891
7.817897685608753
7.856661162681653
7.840109633657903
7.7976273556787365
7.653818976428984
7.481162259264561
7.109369165727033
6.721526838370158
5.953192430011239
5.117981245923342
