3.7633453894736704
3.8267276190464505
3.75454408617565
3.5632306585331532
3.346991884434994
3.161989346588008
2.974720698199311
2.8125150791816544
2.590239371891884
2.292349658553089
4.321624726879584
4.430322090085925
4.46103413273632
4.455490568847296
4.2785067395782255
4.017855315766438
3.782493638830896
3.540463664771572
3.329527291601628
3.127640315891949
2.9407090649795538
2.7922348627068745
2.5259277732823064
4.894159822664149
4.947353240050174
4.988037181634131
5.029526958581345
5.036698148609406
4.94938624303942
4.667081543030471
4.38437555318437
4.085990088382154
3.823589045344359
3.5715472959565453
3.3375109199557014
3.151066380798706
2.671145478383208
5.4584374861103875
5.562274380092654
5.584308797349662
5.612443235137553
5.615108402051865
5.597676800093012
5.348657582144465
5.024017519169643
4.664342792209477
4.343287167835313
4.033310379621125
3.7446158566842884
3.5140117886166458
3.2883155102201322
6.30046584014031
6.366723342807164
6.414701641323831
6.458025493490412
6.463139956572705
6.386011704949872
6.047163653418391
5.596310884281745
5.174800991288768
4.762188680288792
4.375671078887402
4.0658270445927895
3.761575981807604
3.501168620213784
6.90859208722517
6.976657151447402
7.02560112826368
7.06475943674205
7.0684263042352
7.060071546664228
6.82890150061205
6.332796744817984
5.831519891899723
5.330859626005238
4.858725607144361
4.479231736931127
4.10595241029463
3.785793134867328
6.7956848271793895
6.247772059324482
5.689259107052172
5.15936872285714
4.732633233056239
3.9519722994425246
7.649183988588131
7.7739463933232
7.793412695364707
7.766127004407896
7.320738226282813
6.7285448645957375
6.102702628582256
5.503015200132505
5.018743790381932
4.541651457571352
4.1319665337407026
8.09040928725904
8.204350011113291
8.213091547453
7.948651764922214
7.330411680954451
6.623055183634097
5.931744522975297
5.370698424139427
4.817462270700298
4.342384276696813
3.89157656084623
8.419635611098126
8.517997007504905
8.52433811562452
8.392881311011454
7.8238831711352255
7.057367582838158
6.287762006065412
5.659207852973973
5.038700541426052
4.506041247983516
4.00089601041182
8.825172581514831
8.823678344642598
8.7892729423318
8.689919869809083
8.351202512399109
8.07314739100548
7.54040672977954
6.684253237231725
5.97714926714919
5.27771990801954
4.677637058261484
4.109314093955215
9.016800667403466
9.083733938942053
9.044294045303086
8.839895068465236
8.030794714107348
7.092126966768435
6.301706774484019
5.517003013804375
4.844091736598839
4.2080294585161
9.324068592598534
9.295008966177184
9.251703521164583
9.077892063457785
8.981143430159513
8.62417714096623
8.169017665385434
7.60822866747576
6.711874907700528
5.81374203807291
5.045398099537221
4.317434962742802
9.449362623809115
9.41258098346558
9.315216051879348
9.11599163946424
8.85625209798536
8.475333958490076
8.095495481736437
7.105313669763616
6.094793168455707
5.225270761362831
4.408775741274453
3.75955116117559
3.727845961168847
4.346771518159824
4.385976499091004
4.25780123480588
4.931938448158375
4.902848905588138
5.50226168077119
5.320092272475594
6.28737555085663
6.2991155646989485
6.01912360659196
6.899453062933861
6.7670639091604174
7.085266137709827
7.191934144493551
7.489234241145933
7.59768564856277
7.272513942139322
7.9007919132005515
7.999831221901658
7.8572262997749895
8.282643395266273
8.24951916732366
7.778166507168622
8.271194999506527
8.683218315558124
8.805723458598107
8.698775799493875
7.992156395346662
8.975536302473897
8.546197497272859
8.962719522327077
8.056643427143886
3.4655464351363188
3.527660074683102
3.8709144147521943
3.941610660608661
3.9833753896439483
4.516715319117849
4.59939303269516
4.6465054219474355
4.663284412379078
4.646409006164765
5.228579848595336
5.321380322899585
5.370215253946069
5.383733077795462
5.355309394305677
5.219459223422398
5.751528063688676
5.849384497409148
5.899061255416022
5.908305439020075
5.905849112716731
5.893078292537846
5.867913748663403
5.79233368035017
5.698419201163717
6.269560739522948
6.372335069618883
6.41707517032642
6.4155692947173
6.395273014035349
6.3623953106944615
6.267117211843255
6.158030894011583
5.93743464718408
5.713752662117951
5.272875637769059
5.073106816018992
4.787832009430562
6.889465028843601
6.986652408034293
7.023505137936745
7.0221442100193086
7.005266804607327
6.966822600255397
6.928494799794528
6.80346580615374
6.6686830966255455
6.4370607103084065
6.129474378952331
5.917060747459343
5.606851467991771
5.36175789353441
5.031586357142978
7.2471762700801285
7.337694130522791
7.363664773957542
7.3321526914010455
7.293421306946832
7.236682642361746
7.089030623379107
6.934960099445488
6.6337933983783826
6.331375365175184
6.091368883785642
5.746797060141315
5.482302431425484
5.111155744953544
7.637351118531604
7.713128458971681
7.723624073776698
7.6685535317190014
7.544874352331242
7.188245313936537
6.499648435842179
5.837365710659824
5.12499881379495
7.916699747939982
7.933577349726763
7.900540877941979
7.7975711940612245
7.706131575453042
7.507906865708175
7.299121740813288
6.922115827036583
6.543990720528037
6.29928298458179
5.820843400977348
5.518249508008508
5.05340891894707
8.109715359239566
8.139471043145248
8.10051220807694
7.991405712212549
7.8917601113174
7.809468687485971
7.571296936924294
7.329942179181086
6.871335621387605
6.466591469376258
6.107636056397902
5.668674901949427
5.287853313466565
4.81585184365202
8.173115185664054
8.177215038685215
8.116254603641066
7.9779626600779405
7.873980954714216
7.752751890150273
7.48513159857715
7.230931373429414
6.753505132103247
6.2965621783711105
6.012904749808123
5.437320159540026
5.0460703849953426
4.5345788839410055
3.355115685289269
3.4229453614020233
3.742221736133591
3.819380693045269
3.8621916441306943
4.355964531347089
4.445560817974289
4.492661153241998
4.469110324326033
5.026542372440302
5.128817635063715
5.1630389214102825
5.176111114423037
5.132895551227255
5.5188472622549245
5.621248211138574
5.652437588359806
5.668430661088479
5.656033311467526
5.603925384699935
5.464021442055939
5.292397083054278
5.999502664207375
6.106627520411915
6.135216645177203
6.146375531406376
6.120474882669135
6.055387649416481
5.8823732494110095
5.682816107241401
5.262519246560128
4.784800445911136
6.567555385441019
6.668821506529115
6.693416651174898
6.694211499954035
6.646228509505586
6.558553904492382
6.3731404289739935
6.096742841005414
5.59597551381714
5.0284586117382375
6.890756173196408
6.9807425811220245
6.998244513535659
6.994202206486002
6.9270455599137515
6.821818085412321
6.573494928843111
6.298065669123415
5.735945832150637
7.235542293832767
7.3083560589442635
7.297016274903057
7.07332036822267
6.466161700485905
5.82667530821927
5.122042528901315
7.474131312094309
7.492933144268569
7.489714935121074
7.458104078216302
7.342423740076964
7.186093199833201
6.862029545773251
6.51133787214265
5.8106258970824545
5.050622629548994
7.615122983100578
7.636844247127528
7.606728246112213
7.566302840177407
7.410598241000896
7.2206080054018855
6.8163391894643555
6.436222289469926
5.84538084114015
5.659355680425941
4.813434085515012
7.642235971504449
7.6335082136652455
7.591246771313037
7.52345269963852
7.334707825550619
7.1272156128753394
6.70062588622567
6.268392504721631
5.429013513475612
4.532521825387964
