1.90540013243203
1.9383090731499846
1.9013371784157502
1.8034020143812535
1.693373199037619
1.599834980052014
1.5058134880101968
1.4250434730105033
1.3155416512075733
1.1719719264118418
2.170192459762726
2.2257429345834465
2.24133457494167
2.238309228812081
2.147773438041625
2.0153969124816102
1.8965669985663658
1.7751355557276167
1.6700688834070336
1.5702098429997065
1.4785221018034351
1.4062591742994015
1.2788592376569456
2.4398888134891106
2.4667001855296333
2.4871394852197626
2.5078215539024753
2.511335194239998
2.466016174783684
2.3227275410754507
2.180185433720644
2.0306266450726387
1.8999531444460231
1.7751873224025332
1.660136777195272
1.5691075482616454
1.3386876549159807
2.7007359352230442
2.7521055933450054
2.7628870207373377
2.7763275424696605
2.7772717553652817
2.7678197830821523
2.6409390619211592
2.477384289317611
2.2973197356941966
2.1375505669730464
1.9840966876836192
1.8419791810123058
1.7290612229318938
1.619349377007725
3.080586128881768
3.1124190784557286
3.1352351929850775
3.155196637282457
3.1572165137373225
3.11572514328105
2.9442638019242735
2.7188455087001953
2.5094655839952704
2.3054422844533535
2.1149111216775114
1.9631041828102784
1.8145599290314784
1.687642060230059
3.346565650883624
3.378403495332571
3.400865491415986
3.4178161349797493
3.4188379755955425
3.413272072717981
3.293807976746551
3.0453971808499447
2.7967687965968064
2.5496397174275307
2.3174611250225006
2.1313399993787012
1.9489459669140707
1.7926080969897187
3.2478350544889296
2.9762099434188194
2.700909776786581
2.440674741936312
2.2316005802226404
1.850389241503619
3.658448863033305
3.7129213097013407
3.718064387645359
3.701918557679493
3.474811390429282
3.1811253609877808
2.873129984142442
2.579189387218292
2.342364738209634
2.1097107081885125
1.9099295036038977
3.835547362822747
3.883162074844883
3.8813556670155624
3.7421022771351615
3.4343095651199254
3.086763266207707
2.748890601025445
2.4753981988418783
2.2064237537685494
1.9754702948113505
1.756229670236358
3.96207230073034
4.001144590359846
3.9972286133030903
3.9249464946671475
3.6391479094482566
3.2626925380515726
2.8875270994290734
2.5821083397365583
2.2814587924928174
2.0234702214948523
1.7787420683210455
4.1086697769468525
4.10129198060926
4.080440828620372
4.026859607082035
3.8549750359432933
3.7171855312120416
3.4560507467756962
3.039849281521342
2.697654799048865
2.3603090323598774
2.0711606076107123
1.7973513899869993
4.169521573207214
4.189947850545895
4.160063485398384
4.051267794998714
3.650036145166608
3.1946556171680403
2.813836878742919
2.437387362493813
2.115183727933698
1.8108897813581677
4.2481359709401
4.226413394310426
4.200979050582835
4.108414283689474
4.058977796281659
3.8813521107304245
3.6590826166807244
3.388276057923991
2.9587433306369633
2.5310659168920395
2.165551881344333
1.8218781538139324
4.252062156700416
4.226955933277324
4.172162475680444
4.068666628531269
3.938668213864442
3.752303081755923
3.5690219874859137
3.0963826436423747
2.618542084837086
2.2100636155110687
1.8278442127746422
1.9035689018384923
1.8875394048560672
2.182827795021204
2.202754757296745
2.13720770659458
2.458082921569527
2.4425055694871927
2.7201097270089054
2.6267000002443983
3.0708197556478525
3.073119479463104
2.9305694167983676
3.3355397558010407
3.2640069167635635
3.4093878866798857
3.4495777739920026
3.577611443399747
3.622122145199601
3.4521338149255825
3.7409069618063433
3.778392931628711
3.6996272793664686
3.8856027283903627
3.8590184801313017
3.6183268254153345
3.818955502549686
4.014251295230293
4.0532384234815835
3.9884504534930927
3.633105912410187
4.071616457115634
3.8477091932434475
4.003439349337653
3.5529041093321867
1.7514979714284287
1.7837854999156604
1.9448917552489013
1.9812218545402087
2.0027221178273504
2.2477044575956175
2.2893688771193994
2.312968952335419
2.321253016003405
2.3125082923883857
2.5730816454428234
2.6185455478959443
2.642114594856016
2.64811634537124
2.633063910308281
2.564189574675155
2.8053027835474813
2.8522231113963965
2.875189904802576
2.8788122836107792
2.8770549986934784
2.87003253420919
2.8568965309678886
2.818282343894947
2.7709187860367064
3.0283806421411166
3.076005358575843
3.0956244499330445
3.0923817025422493
3.081346879880904
3.0640999069251524
3.0152624952860916
2.96036479569659
2.850216431265183
2.7391611120009696
2.52126509328239
2.422901849941236
2.28263805135992
3.283379557591297
3.326056738555211
3.339758998589536
3.3371157148269797
3.326879069030644
3.306079098827754
3.286047198944735
3.2221471312705763
3.1544456505176814
3.0391747496647814
2.887174997171546
2.7825862411257636
2.6303782349052467
2.5101672567571325
2.3487672183317043
3.4218637276820236
3.4593277380888092
3.4667245143106418
3.4464996865163036
3.4253736411723237
3.3957276127875247
3.320527941186311
3.243259192157652
3.093998058028739
2.9452005806106283
2.827529891526262
2.6590009736621822
2.5300536218868257
2.3492019605282772
3.560793940039074
3.5888684076366943
3.586856380095055
3.553876468784852
3.488522026438519
3.3092256854550732
2.971190274794206
2.649046474820795
2.3043283701414867
3.6481335879247787
3.6445553757252434
3.6235495475669417
3.5673415733498466
3.520072519302614
3.419997416032582
3.3164365741453503
3.131701881116346
2.947685962918956
2.8292255962361255
2.5982649094871064
2.452550518352883
2.2289763222569965
3.680942774070669
3.68247300973138
3.6537933380058183
3.592740494310702
3.5406361991356627
3.4985838803584124
3.379664868975311
3.260841840198301
3.0384773588231537
2.843866047035844
2.672008085683126
2.462997654423611
2.281565965947855
2.057778888480076
3.6617328746050335
3.649678131810124
3.6097634671688303
3.5343387584994503
3.4805812262900355
3.419116725698315
3.2867164722679334
3.1630505058968272
2.9336189577311873
2.7158954606594787
2.581896741888737
2.3101342102241134
2.1263750162457216
1.887550512627325
1.6947616295523913
1.7300586472980544
1.879131989188084
1.9188132187112352
1.940941645386271
2.166201139901831
2.2113450207365077
2.2349544846928606
2.2229234970436167
2.4714661086392056
2.5216532231315347
2.5381779019391044
2.5442576951864178
2.5213707851613703
2.689031920797164
2.7378666327872665
2.752414814989815
2.7594585119107045
2.7517930151539876
2.7248793491201377
2.654194401580521
2.5684228468265546
2.8943512768611552
2.9436924862616025
2.956281261172173
2.960300122630115
2.9449250941781195
2.9112087595846208
2.8239219621573786
2.7244276978682715
2.516360663131326
2.281212547936608
3.1248618905177294
3.1686329006929324
3.17765144073733
3.1761028139278693
3.1485469633227514
3.1030139688864247
3.0094318612355937
2.8720177780845724
2.6253865633522864
2.3473490217032333
3.2473643660452796
3.283899346380987
3.288983389680446
3.283857363517321
3.246033074249099
3.1913797466902816
3.0664982339090168
2.9300934572431045
2.6541390031743606
3.3654695735908233
3.391040442619051
3.3769087027305162
3.2578951023331326
2.9564584367966718
2.644425608782084
2.303082545164007
3.434160886251789
3.437604085185132
3.431175759472695
3.41067000264761
3.3473748800772274
3.267096751132676
3.105715619150296
2.9337072103906
2.5939922184794098
2.2278515009944537
3.4445105420373126
3.4406470844944996
3.4188421016778703
3.3949957620527726
3.31169842956877
3.2149397126670896
3.0157159961578985
2.831475586616429
2.5480312201040087
2.4593291441914444
2.0568818062729606
3.4106412723912936
3.390634998982052
3.3631210744368714
3.3242959017918996
3.225099815878541
3.1209469754313823
2.9125392478973144
2.704891260731263
2.3070501365600977
1.8868522537707064
