0.7724729136577368
0.7919849709695741
0.7885171338038839
0.7537929689298389
0.7115195269794189
0.6740294448568687
0.6347981056152162
0.5997397297261634
0.5496954812498556
0.47789610065525767
0.8411855699800495
0.8693540841755092
0.8789428101549651
0.8830025618732605
0.8557717304881663
0.8086093962146246
0.7640522062156514
0.7165799919472093
0.6738784419116451
0.6316785779942559
0.5911605073876764
0.5577975174577562
0.49488469209542946
0.9140465698325057
0.9264692973993967
0.9363798232143924
0.9475960917979672
0.9499731058832462
0.9424807499969409
0.8954315554885224
0.8451843307967415
0.7900714077155769
0.7400286145275201
0.6903939898285109
0.6426126778518805
0.6031748187358144
0.49464937469694886
0.9791702654599811
1.0020115533535783
1.0072611650140975
1.0151129890778054
1.017460312160051
1.0167294975703487
0.9797690271079709
0.9257488310407781
0.8632239034591891
0.8055375332297466
0.7480503504865592
0.692560126964733
0.6466816408304296
0.6002736947297096
1.0672382181373081
1.079986371513741
1.0895744903550413
1.0994893651013153
1.1012339338554713
1.0941436565914575
1.0439793763527085
0.9725215540533545
0.903284665768459
0.833321101369742
0.7654618388426084
0.7092517480850962
0.6523280721255283
0.6022138059443098
1.1239905749580408
1.1363901046321059
1.1456748948403115
1.1540129566665869
1.1554602090085224
1.1557212055916477
1.1255645620676984
1.052373112337812
0.9753323902428974
0.8958456381685099
0.8182869993500117
0.7539193561520209
0.6887601424169142
0.6313645145806247
1.099800122758371
1.0189277447733618
0.9337055998664302
0.8500563118145977
0.7805353402744327
0.6482323416925796
1.1855183597466943
1.2067383464797417
1.2118499493597237
1.2096098057635833
1.150900818916365
1.0673907897582982
0.9760281022638921
0.8854557836113564
0.8100165949961912
0.7336900550349797
0.6664754552147761
1.2178008340303306
1.2361791448129005
1.239629035213689
1.2075628538836425
1.1252516768260412
1.0273571682961085
0.9283428955539941
0.8454972906738704
0.7616520689415872
0.6878740353041748
0.6160562870701143
1.2392173566279563
1.2548569187596301
1.2572777966672277
1.2423917529920057
1.1701948513156042
1.0685863063695042
0.9629264966640028
0.8739659917125865
0.7838571545201625
0.7046087961649169
0.627582580619045
1.2697162624182596
1.2709609001390954
1.267727217721168
1.2564327432374058
1.2151865845555403
1.18049095204366
1.112642554830277
1.0003231697835304
0.9046698774614349
0.8075958434335015
0.7222493774882791
0.6394434040099554
1.26902426312257
1.2791826762010112
1.2759134435278092
1.2527799173699952
1.1553661437123923
1.037606807744041
0.9353324319507427
0.8311188427258719
0.7395074498174316
0.6507679087099226
1.281362256411132
1.2788472239991022
1.274489051099216
1.2552418851438458
1.2443407491709548
1.2034073057338448
1.1498268589327787
1.0828778019703231
0.9729951726825361
0.8598473979117841
0.7602826180193106
0.664025738159981
1.2731281933587808
1.2696110851455549
1.2595465104691956
1.2381323817709773
1.2092234365686292
1.1665089672144735
1.12325817552286
1.007816907612576
0.8864356394686825
0.7792018905672584
0.6757062595277807
0.7796694149811743
0.7824830863410214
0.8549141689992873
0.8684311370201089
0.8514681112713085
0.931431737570296
0.9334145576806625
0.9992809493008022
0.9745827219475058
1.0719550763545755
1.0797115111992106
1.0393499896155207
1.1307122922471267
1.1159685470775367
1.1306004734463206
1.1546379150964368
1.1658473206414908
1.1854296788783203
1.1439979072273128
1.1947004069514258
1.2117991683783458
1.1950728575115799
1.225487215903045
1.2235238550098595
1.1641773402440256
1.2050447690062498
1.229566232188209
1.246863402178662
1.2355695200878147
1.150627259037936
1.2428328576375716
1.1942382800902596
1.2208141132901582
1.1188078737894105
0.7161315812998578
0.7329566821657052
0.7718590416747053
0.7896956704148398
0.8011266820198955
0.8533944156936911
0.872278430730796
0.8837544149672544
0.889369413707885
0.8886244056031077
0.9340278597223773
0.9530000207960002
0.9637841638093751
0.9682799960020547
0.9652712920493914
0.944344004417346
0.9873512689586863
1.0057372226249708
1.015846557341535
1.018757448279691
1.0189109480446312
1.0175165936489965
1.014224391783904
1.0031125112048451
0.9886534087085121
1.0350920760070756
1.0529721878572547
1.0614566204027858
1.062737588431541
1.0604019271098768
1.0559289062786799
1.041959583737816
1.0257727095903455
0.9919231472063393
0.9571043575248932
0.8865922791091183
0.8538161792981745
0.8063747354881483
1.085390634105781
1.1009693658465638
1.1072251630371128
1.1075383888293866
1.105642573975504
1.1008197634657497
1.0957364347796719
1.0780912087225247
1.0589207862448873
1.025438347121545
0.980159699357353
0.9483841415269786
0.901508367726677
0.8636843007864141
0.8121493672791736
1.1103273705884933
1.1238502452978751
1.128542883286254
1.1249665789289012
1.1198567291737687
1.1123814430607386
1.092499645192672
1.07114875791072
1.0290878342669292
0.9860552728800133
0.9516467437178409
0.9013242319049276
0.8623005470037789
0.806577535607494
1.1326896898644079
1.1431082019257692
1.1451271503542753
1.1385738162989214
1.122698994733829
1.0760997588794294
0.9835134264459542
0.8919178573215776
0.7907388821522255
1.1472224876727322
1.1500739255332386
1.1460785395564326
1.1334562944629567
1.1220780401741017
1.0970652654505233
1.0704091980463852
1.0219375766118766
0.9723443265602092
0.9400513316565255
0.8759682812562697
0.8348535071564716
0.7709473599277649
1.142226974606263
1.1460615265934837
1.1418649602878395
1.1289158950835325
1.1171029130027246
1.1072833999362584
1.0788095035754808
1.049308191140407
0.9930836832406713
0.9426376954880935
0.8975885435863068
0.8413964813339669
0.7921838991017318
0.7303106972443568
1.131696743159424
1.132219918513917
1.1254834941304672
1.1099357222769846
1.0979563176129095
1.083801174752537
1.0526708941524932
1.0228848219285427
0.9661640990535044
0.9112609138748979
0.8766711341255964
0.8056554399789547
0.7566215760711558
0.6920434095302547
0.6965313645826663
0.7146532136740278
0.7497235907179358
0.7688766440307798
0.7808643650281969
0.8271688945618733
0.8470615166278431
0.858819316581287
0.8582432165342292
0.9028528175168398
0.923180013503144
0.9304729035166877
0.9336415463316662
0.9291445092872035
0.9528169069489025
0.9717425580171336
0.9777338162579793
0.981281982460279
0.9806586727238226
0.97312489398417
0.9509488702740752
0.9229682986876931
0.9966469090372855
1.014860109578866
1.0201286831049448
1.0225079305044873
1.0193270419075988
1.009963546995527
0.9834814378799698
0.9523840043261282
0.8850310574102015
0.805926290299077
1.0418866895719041
1.0574790491168964
1.0617009003750453
1.0622300678569327
1.0556472576276228
1.04322749648932
1.0163577639773285
0.9755322213843752
0.8999872818134677
0.8117197172114312
1.0639366193752275
1.0769861883787955
1.0795752482975622
1.079305324199092
1.0704257654470875
1.055753043717106
1.0209060053067662
0.9815519800479009
0.8998713728485557
1.0821489797649075
1.092089461827179
1.090715233289932
1.0612796143174543
0.9792112943109897
0.8905540884747464
0.7903666352394813
1.0932004097136494
1.0956273913876557
1.095244958151589
1.0912817927829035
1.0765015996148017
1.056364228949859
1.01447038353421
0.9682902528840913
0.8747044142835536
0.7706056511526843
1.0847737784043592
1.087105854805708
1.083483319371019
1.078559008250692
1.0597800057984648
1.0363381277121508
0.9865379619306054
0.9390147087690944
0.8640954344967098
0.8402806782074178
0.7300206901150016
1.0715203556776378
1.070515592414704
1.0655899115453598
1.0575019802231593
1.03534719171203
1.0108972919154835
0.9600138835232269
0.9079649707961525
0.8046715860389964
0.6917956927611545
