0.7902389461059061
0.8121393061646591
0.8151499306612543
0.7849869717538014
0.7466192548968644
0.7120432009283373
0.6754858283171415
0.6425172432279048
0.5949087190224913
0.5253224477690677
0.8740988627845439
0.9059163936295923
0.9176157070291635
0.9249629434779311
0.9035929412160161
0.8608632397484359
0.8194041717262597
0.7746802188856875
0.7340591310216096
0.6935525417768764
0.6543316035549607
0.6217586699126009
0.5594994880297133
0.9642789934871131
0.9785563031567709
0.9902191479834782
1.0041160236997009
1.0073332122822922
1.0069985591525756
0.9652262327126042
0.9182983701148493
0.8659062004760327
0.8178076145224586
0.7696602938685428
0.7229425324414497
0.6840673518193263
0.5753498082545628
1.0483340789548394
1.0757800941268743
1.0824201046652033
1.0931714231263048
1.0972464126217858
1.0989851443541028
1.0688079644107644
1.0184923250513087
0.9586102722341576
0.9026219859935422
0.8462564558397978
0.7914188654851166
0.7457452556860125
0.6991742866621186
1.168213828235755
1.1842066624479035
1.1966944280121494
1.2108098924841213
1.2137982054575207
1.2137509017063162
1.169256327246316
1.1005776068110564
1.03249263276426
0.9628186573424886
0.8946446128482446
0.8377448996941994
0.7796713985147669
0.7281173843008063
1.2509806974417421
1.2671673089821796
1.2799210289641911
1.2929451568773784
1.2960361401884095
1.298781491183682
1.2764388605963173
1.206979974314748
1.1307274157082854
1.0507040949731523
0.9718180684979768
0.9058403998975578
0.8384763522315563
0.7786443735359372
1.2713349221891064
1.1911968757614193
1.1048943821069859
1.0191960066398944
0.9473859260032783
0.8089070455606641
1.3485373910413903
1.3795346232427441
1.3907635404633798
1.39206350851772
1.3418344675913225
1.2593761844682392
1.1663382650260692
1.072806452512414
0.9941887230146262
0.9138629411512282
0.8425185544476735
1.4054862694091523
1.4340861904018238
1.4445182679465824
1.4219681548060465
1.3421842606187397
1.2421004960101831
1.1389261122959424
1.0516635920933197
0.9624130951768796
0.8831445549088812
0.8053611749536137
1.4475563697425835
1.472801055515848
1.482665370233179
1.475175967083404
1.4077673325225302
1.3039926615975976
1.193190679380781
1.0986958843483252
1.0018844620066933
0.91590181137617
0.8315973304467854
1.5114950937158484
1.5188475217818758
1.519215178082116
1.5120142729438233
1.4750247555160962
1.440810338246359
1.3713296861106845
1.2528887744498143
1.150399248855807
1.0450478901770348
0.9514517726619527
0.8597738852697985
1.5238410477684374
1.544594553924916
1.5499897374218663
1.5334937681486165
1.4377817468436709
1.313465134185607
1.2030155680182475
1.0887865592740091
0.9872339539342891
0.8878453203376706
1.5764655026938585
1.5794857767829018
1.5782497475308734
1.564183548003343
1.554615683884255
1.5150661190598451
1.4599358559732671
1.3886697740049767
1.2690999327244923
1.1437130737286705
1.0318027178315323
0.9222616840132756
1.5957293524677354
1.597124715523204
1.5919810508485477
1.5743014277451908
1.5469742624920293
1.5034622861712115
1.4577722724950921
1.3318123637262642
1.196023784536675
1.0740547665460896
0.9548107409550354
0.8008640548116895
0.8089245959975059
0.8924734984209663
0.9096539963410506
0.8990272999717539
0.9888997683198485
0.9972217197034907
1.07986021495373
1.0630585641361965
1.1808107897686049
1.1973669727815375
1.163936035142333
1.2698485888758135
1.2652128587026208
1.2742177512535655
1.3182360381189215
1.3309786176677976
1.3631411998632261
1.3334381329599303
1.383777960158076
1.414129411501907
1.4065492714377663
1.4432381692715421
1.4515836344828563
1.4001051545310588
1.4619348342020384
1.4772352571638716
1.5123505008487153
1.5109580396414792
1.431427426541736
1.5420112108204074
1.5025472791423273
1.5502597559460052
1.451385018281757
0.7372365534360175
0.7557192050109749
0.8047347609735405
0.8248240160361523
0.8383125348468944
0.9074784481181037
0.9296158488039876
0.9439389120351303
0.9522793778290802
0.954026354970043
1.0150018021424176
1.0384452761999694
1.0528957379136277
1.0609292051799342
1.060931635573792
1.0441112555558831
1.0906829854154925
1.1144057729078936
1.1289955595847714
1.1342333713993036
1.1358756472405491
1.1363114084564987
1.134627765250766
1.126067683223481
1.1133854684607476
1.1631722588663602
1.187546839569136
1.200942318557819
1.2067414080337961
1.2063108372419071
1.2035344990013799
1.1922061655578589
1.1776553657176407
1.1455456492170262
1.111414771735213
1.0409829142839657
1.0078558712928933
0.9595658114857597
1.2476561819038565
1.2706580194585855
1.282791709688975
1.2856453722513939
1.286270514822508
1.283814184045658
1.2801195028294312
1.2651137700535606
1.2473245087155396
1.2148026449013525
1.1695016893023582
1.1372206093652109
1.0890609633803654
1.0499626084374212
0.9962555597411995
1.295737549533042
1.3174631518535753
1.3282748222410496
1.3298205496837037
1.326848618493479
1.3212005037083907
1.3037001012243126
1.2835345346314233
1.241896266155496
1.1981593333324578
1.1625922378601832
1.1101752968313032
1.0691438675644693
1.0101636306558077
1.348335079568924
1.3675161988920599
1.3762589589631062
1.3750109297501423
1.3629556399725151
1.3191014180697298
1.224220325561013
1.1272436806004873
1.0182965207502186
1.3915930061261013
1.404340625516212
1.4041504448225395
1.3958830602767571
1.386215233734233
1.3629350521524033
1.336534902670919
1.2866281025240747
1.2343465694397835
1.1998138728756642
1.1306026866240124
1.0858094351659449
1.0156332890388888
1.4163175896578675
1.429467762201558
1.4321450286937913
1.4243698134678042
1.4146389844238059
1.4057751268657561
1.3782225251038227
1.3482420352497582
1.2888551938449162
1.2342683681947957
1.1847820697347422
1.1225577165818301
1.0675899038188223
0.9977824781551192
1.4303933301022922
1.440410922268281
1.4402719219212792
1.4294922265346892
1.4192376153095008
1.4061193669108518
1.3751643338640542
1.3441577603438462
1.283146749137093
1.2225615666749536
1.183926157629093
1.103849690878293
1.047972412194332
0.9736025883022652
0.7194538702828761
0.7395109790803244
0.7843974082656702
0.8061539730047416
0.820675236034162
0.8828969673395931
0.9065089636291538
0.9216794546989855
0.926170074139642
0.9850829778094174
1.0105674289691633
1.020525760156768
1.0254820491597445
1.0269485107566043
1.057141190253675
1.0819889439884811
1.0907082321347508
1.0967856956358657
1.1001628623045916
1.0953959363663621
1.0763265891453782
1.0501597208244893
1.125159838990738
1.150530005811302
1.1589245883473211
1.1641181119669428
1.1653811837014392
1.158833160530199
1.1354115779697556
1.1057023433742548
1.0390611658693638
0.9590014648403008
1.2037281660374566
1.2277132258399583
1.2361114280408003
1.2391706178265034
1.2375224364519142
1.2279301237284739
1.2034861806136368
1.1636707992572617
1.0871047374667449
0.9956876553633444
1.2482810907107407
1.2700972180368435
1.2765641725353527
1.279781216388647
1.2758806161120457
1.2640151290480632
1.2314104617527137
1.1923241157381845
1.108247791962203
1.2957717442119634
1.3152559415241656
1.3215591591035514
1.2996458308826686
1.2184269154610403
1.12535463697378
1.0177605755097732
1.3345997675396366
1.3417726596292652
1.3452909888965374
1.3452595047983111
1.3353668587267675
1.3175510534639605
1.276392832281633
1.2287062284502792
1.1287859127630144
1.015119318140316
1.354132272515437
1.3668140420319639
1.3680945893080732
1.365860381233118
1.3515145878796202
1.329863020533948
1.2794074193236407
1.228946966456395
1.1472023847210673
1.1208506514484788
0.9973113668861667
1.3640601928078653
1.373413442265597
1.3728654485910716
1.3682216773640976
1.3499112891303673
1.3264965712790984
1.2738961953363095
1.2174957317229815
1.1022599666587911
0.9731712686750313
