0.7130600647969787
0.7302861824429041
0.7246581016618044
0.6906031403858959
0.6496161273905756
0.6133152136106498
0.5752755820467145
0.5411871707660776
0.492260765825725
0.42110493293060547
0.7731916367774578
0.7981183909298158
0.8063127668701968
0.8089520401493221
0.7815598470318046
0.7359725150869826
0.6931274040323865
0.6474984477074388
0.6063839911252709
0.5656438957641
0.5263490099721151
0.4938203273071036
0.43183249599075196
0.8367786497528028
0.8477359345887303
0.8563926696595682
0.8659722378390015
0.8679159879904795
0.8586453405772044
0.813033333816408
0.7649572276819424
0.7123304031420329
0.6645388350866148
0.6170481006991263
0.5711790493462727
0.5331706223629653
0.42735659851419144
0.8931453136418512
0.9130370925173806
0.9175123399587327
0.9239677104701682
0.92564232659924
0.9242368185885619
0.887768475141179
0.8362134195993867
0.7768651592806742
0.7221646884924299
0.6675919801664923
0.6148062173753456
0.5710430238259662
0.5266176339170414
0.9686988027923833
0.9797255951067575
0.9878878230726685
0.99603220883488
0.997335917560337
0.9889266009737795
0.9407287360840281
0.8732970583383924
0.8082398361222735
0.7425272477309026
0.678737453535175
0.6258049765985997
0.5721377526768496
0.5247642509018166
1.016874590792745
1.027520469172553
1.035352696173042
1.0420124368038515
1.0430105594197328
1.0426554917500301
1.0128299634509978
0.9438354573905062
0.8718095496681308
0.7976443192926654
0.7252774369913613
0.6651853580852002
0.6043046624338977
0.5506055945094696
0.9857589503591129
0.910333161751964
0.8310963311238806
0.7533819491615812
0.688773629732974
0.5657039070095227
1.0685597101735025
1.0862792457330315
1.0898510305315787
1.0870642732144502
1.0309645276573658
0.9532136211544531
0.8685638800490634
0.7847579624117006
0.7150003059572597
0.6443557630183472
0.5821584420972538
1.0952398212935892
1.1104596820613262
1.1124485910260138
1.08115013582605
1.0044940467907593
0.9141084002068519
0.8229033175543421
0.7466798365179907
0.6694992302182788
0.6016219782813044
0.5355162377335866
1.1127039437191635
1.1253289166333105
1.1267139253577467
1.1118237394086026
1.0443957034953693
0.9507744534439285
0.853757043539767
0.772219767463358
0.6895835984541062
0.6169794236927797
0.5463927408834234
1.1371068966542304
1.1374111455577198
1.1339497895297428
1.1229911720564212
1.0844088418237494
1.0523616102725004
0.9900304890247654
0.8872071617246718
0.7998338716989368
0.7111495533804112
0.633278310182284
0.5576007360166717
1.1359440709405892
1.1440085421797652
1.1399693734507121
1.1179414380363142
1.028191545199786
0.9206523877691254
0.8274852834502403
0.7326339692317452
0.6493409564442332
0.5686619007505985
1.1442065398709644
1.1413834046898088
1.1370745030426106
1.1189590279034143
1.108844310175635
1.0712417801656118
1.0222990023436074
0.9613886842766036
0.8616194194465594
0.7590395099889982
0.6688172476414388
0.581633307379936
1.1355045477512482
1.1318962320791106
1.1223506706071273
1.1025265347038777
1.0760764770325857
1.0371301733412712
0.9978464752933793
0.8932287850800901
0.7835382722309528
0.6867821399837106
0.5930785534842068
0.7184973799237581
0.7191356025699218
0.7843874216406664
0.7956760730431326
0.7776534475818881
0.8506531742380505
0.8504440910130404
0.9085024846320652
0.8831089225460077
0.9710687901185
0.9760039615714666
0.9365975864437798
1.0203171966205091
1.0042797095260387
1.0203492669295906
1.0384165809547672
1.0498585626772552
1.0655570875361913
1.0248438889403286
1.0735929275773355
1.0870717172487538
1.0700794092402304
1.0985129208992097
1.09510435230341
1.0390758325184095
1.0754393846442734
1.1004786171186454
1.1142440485818021
1.1026980491730234
1.024005661224362
1.1084889008154803
1.0631309760410899
1.0871834472561552
0.9939046060133028
0.6596429636167288
0.6746197416045353
0.708420720089068
0.7241760537570371
0.7340474988227436
0.779193422716096
0.7956912794472721
0.8054303201022237
0.8097483043866616
0.8082154481596889
0.8484511211781253
0.8648142298959216
0.8737826867445375
0.8769265422456902
0.8732296076583844
0.8524619760239041
0.8937925326401271
0.9094963681614481
0.9177325253437157
0.919627749182697
0.9194967013927074
0.9177929845768352
0.9142922512529481
0.903249103014431
0.8892777376481226
0.9339846918143978
0.9490918372719102
0.9558336442746573
0.9559914094778286
0.9533138011139948
0.9487851875696474
0.935154070628157
0.919683906455169
0.8877043866337623
0.8550267812253455
0.7891011871807603
0.7584697164145711
0.7141882236070535
0.9757430063653356
0.9887359671804451
0.993391448603304
0.9931850745598427
0.9909393879771727
0.9859979499070276
0.9810178919333739
0.9640993517275736
0.9460231468011251
0.9147079493656457
0.8725932820133311
0.8431092175713153
0.7996832482730268
0.764655959691655
0.7169742460443801
0.9960436145126464
1.0071383930248465
1.0104383075743641
1.0062505129934962
1.001146982384312
0.9939067393137616
0.9750722427262482
0.9551016089868587
0.9161384825642391
0.8762319320619274
0.8444796903131884
0.7980900841545711
0.7621576157848604
0.7108612975739346
1.013692203975471
1.0220384441565695
1.022933833296381
1.0161386879805299
1.0009510426342307
0.9575484543680786
0.872332006356861
0.7883908602235195
0.6957971952644343
1.0245388687696615
1.02596582331918
1.0218326426010838
1.009673675054892
0.9990252813088025
0.9758590178232655
0.9512319137614657
0.9067897198972419
0.8614378603971836
0.8319590130574093
0.7734890821502185
0.7360489404070264
0.6778433224972247
1.0186869453953278
1.0211755935992106
1.0167000907826285
1.0043593939056321
0.9933691714765951
0.9842954372454623
0.9581562480383028
0.9311897937982311
0.8799981478803989
0.8342659988786435
0.7932888501167341
0.742303508414806
0.6977421171251019
0.6416627881754464
1.00794266344494
1.0077320653308706
1.0011128808865257
0.9865994819738126
0.9755698312331796
0.9625947091321391
0.934210997278261
0.9071396925469768
0.8557004782381874
0.8060323844592625
0.774724167746643
0.7105522222427346
0.666288156177545
0.6079658017884277
0.6407784946067043
0.6568349456393582
0.6872160265773706
0.704050416050197
0.7142399908301825
0.7542496417450396
0.7715205930471782
0.781315858681641
0.7790107547194343
0.8190484497943895
0.8364546929887188
0.8424576625029433
0.8448796435973678
0.8388708372752185
0.8613599820660803
0.8774100376053954
0.8822662298248583
0.8849261248690212
0.8832334005633232
0.875451879958294
0.8538938586714684
0.8272257309757247
0.8980899132720795
0.9133736524271479
0.9174862791760973
0.9190688271797008
0.9150542046578036
0.9056591065353049
0.880230510304867
0.8508558446522815
0.7877274585980125
0.7137957924727419
0.9354022610904857
0.9482305166900294
0.9513285436687445
0.9513345701978756
0.9442382817289784
0.9321493291565364
0.9066925369629534
0.8685169392940141
0.7983482463644117
0.7165989694278144
0.9532027956258204
0.9637768978112392
0.965504558843339
0.9646515787748466
0.9555688539837077
0.9415087945067785
0.9089264696131724
0.8722692663972488
0.7968158251261295
0.9672258009513253
0.9750482903891913
0.9726989494235664
0.9444771875319585
0.8685470959469933
0.7871940565948016
0.695471506166508
0.9751928391095622
0.976834214801377
0.9759366251959878
0.971827709390549
0.9576867086297487
0.9388429772781861
0.9002091266777298
0.8578684109671241
0.7723782302070575
0.6775433541348511
0.9662012042895834
0.9674069443035074
0.9636414615644958
0.9589029278195751
0.9413381178891046
0.9197295336648104
0.8742160951887016
0.8310659470603645
0.762926775242359
0.7413181776230617
0.6414064097725126
0.9533057193829885
0.9517409564879415
0.946901265107905
0.9393000431746713
0.9188651141257906
0.8965199269729882
0.8502503567160569
0.8031100893275249
0.7096783520583975
0.6077448115816847
