0.7279069614944484
0.7440425294709097
0.7340742712254293
0.6957123199154686
0.6501291888465559
0.6097220070487328
0.5672349700890147
0.5289912227847859
0.47381427370440554
0.3929958768298228
0.8005237250251697
0.8249525979549946
0.8325214237756435
0.8335776056655112
0.8013018381868998
0.7500364795001843
0.702102472149039
0.6510033535942271
0.6048519742787944
0.5590175583016131
0.5147210147421943
0.4780241668818857
0.40806556199806265
0.8765041608504903
0.8875526287157272
0.8961709011707408
0.9053919033225148
0.9071471022992792
0.8940069327709154
0.841962990337016
0.7878254398878992
0.7286901751328697
0.6749256101041995
0.6214661202395975
0.5698140652362654
0.5270486133832409
0.408490053382423
0.9465524655397939
0.9669498474701034
0.9714269293905737
0.9776075899253877
0.978851397235349
0.9765279421328777
0.9338751598362127
0.8753769939778847
0.8083494503608744
0.7466233748208774
0.6850655455124789
0.6255789356435905
0.576359746308488
0.5264885703773761
1.0449140456174455
1.0567581596094264
1.0654304337811118
1.0738123982912577
1.0750497807885249
1.0641968530785175
1.008677460844777
0.9318706738851433
0.8579735244111882
0.7834428932036219
0.7112658489637332
0.6515905269820449
0.5912199572670798
0.5382117099766255
1.1117024419798356
1.1234776899652492
1.132083392077564
1.1393038233829187
1.140291372651736
1.1396376547021716
1.104909931862705
1.0258351907820848
0.9435464552034403
0.8589789693042627
0.7767051080713449
0.7086681755599706
0.6399244550820489
0.579631933235337
1.083314181311983
0.9968456257158416
0.9061679462881383
0.8174936268375335
0.7441103875823907
0.6050725473954522
1.1892331014314654
1.2099997958285649
1.2143563337357521
1.2112384465162216
1.146960806840369
1.057547219979919
0.9602606596453825
0.8642298978086023
0.784619177588242
0.7042687136615581
0.6339171376068701
1.2337083823376382
1.252445044449467
1.255577155967746
1.2204550290057625
1.1322254279113737
1.0278536178030309
0.922745284214074
0.8352315639342653
0.7469047211753832
0.6696487634167508
0.5949688720486016
1.2661663353197203
1.2824817044757084
1.2853660593901048
1.2694387127045281
1.1922527957762883
1.083845678487266
0.971512754803236
0.8773778297047348
0.7822932973421647
0.6991797128363939
0.6189482546459275
1.311583153225735
1.3133892691269715
1.3102009413793776
1.2984773303911992
1.254865501185595
1.2179337286610632
1.1455858326265582
1.0259623047984958
0.9244861555697997
0.8217404453141791
0.7319861852947973
0.6454589517619508
1.3237529232447165
1.336259665192968
1.3342458267106962
1.310774069295908
1.2076277181905966
1.0821201996971876
0.9732922083607661
0.8625791295542004
0.7658329372267675
0.6726986407431846
1.3591819371233262
1.358064695844851
1.3542697202421903
1.3353826826334294
1.3243651220824433
1.2814408049387398
1.2246410902645195
1.1532421297490325
1.035886493091425
0.9150754627995976
0.809310578001228
0.7074414723892393
1.3722554832937073
1.3703493311409876
1.3616103963375779
1.3406455590443895
1.3110319388870857
1.2661499189146104
1.2202437837918565
1.0967348962540369
0.9664546304583992
0.8518053193629141
0.7412940244767665
0.7313094483530616
0.7285212061793988
0.8099353929125203
0.8199182821599315
0.7972959545899186
0.8884157454807535
0.8854186326012345
0.9597092104054673
0.9289059790530224
1.0461124601647465
1.0499685377736645
1.0041330898062915
1.1144587637743777
1.0952720183942062
1.1237268911779843
1.1438660898660629
1.1676595877058802
1.1862123676284237
1.1398207137641656
1.2086630580644937
1.2258071872626226
1.2072570033786787
1.2512162253804437
1.2491458390342138
1.1857598680722652
1.2436895690079885
1.2802157494470026
1.3016475725180745
1.2913783805994354
1.2022414264074126
1.3193598672958264
1.2707407022348491
1.319762927906336
1.2147659170485785
0.6710084050217658
0.685252254778059
0.7276123516422216
0.7428510196907997
0.7520167030974976
0.8124588231251036
0.8288514407421175
0.8381616636893835
0.8416101872409056
0.8387836502794447
0.899566144904379
0.9164203715094317
0.9252823292599167
0.9277182244085717
0.922698113354765
0.8982202128577527
0.959866468014212
0.9765300043790687
0.9849977849187022
0.9866251539133684
0.9862117460253346
0.98398041201711
0.9796839921071706
0.9667167774336587
0.9505492939202977
1.01676355779192
1.0334311444792093
1.0406987787146733
1.0404715761112846
1.0372956776533135
1.0319472554799727
1.0162044894178814
0.9984007029923011
0.9617677067095797
0.924399038441538
0.8492568080396536
0.8144233440051377
0.7641501612236531
1.08187170867305
1.097111009629596
1.1028089093111852
1.1026811172355773
1.1002641520995076
1.0946327313812978
1.0889298020416753
1.0696773259740446
1.0489836040887381
1.0130912394503093
0.9647980708391665
0.9310135261956759
0.8812454612937245
0.8412368175417506
0.786836301438678
1.1182059899082553
1.1320810284124145
1.1366129012318578
1.1324676906820714
1.1268868144218411
1.118755362007634
1.0973264958530453
1.074593733886007
1.0297346952982729
0.9839961869086532
0.9474451793715029
0.8941503414872393
0.8529074295107244
0.794166348475677
1.1572469112105963
1.1689363188787585
1.1714824875353012
1.1648628640617837
1.1482934037770245
1.0989660727347288
1.0007109018358258
0.9037413389435676
0.7969260099792258
1.1873993806706584
1.192009561754776
1.1884423387401943
1.1757740089270183
1.1640628470326353
1.137964778389495
1.1098222386319414
1.058500392512332
1.0059646516234046
0.9716536190487098
0.9038266798167931
0.8603793859900946
0.7928615247239629
1.2050705812520797
1.2120215083867267
1.209709793599305
1.197788358095291
1.186034174574054
1.1760961896840978
1.1466384057801844
1.1158158461926064
1.0563879793247841
1.0028068747339336
0.9549010299611943
0.8951681187656342
0.8429927012786342
0.7773951967108421
1.214005149709407
1.2182346727637212
1.2138845338618243
1.1997220282883625
1.1880858787946598
1.17396543771216
1.1419148509359243
1.1107845818438822
1.0510302527154278
0.9923715705820815
0.9553487814788684
0.8796772449938249
0.8274314616383598
0.7585545798129013
0.6503192741443077
0.665470069447574
0.7041638725390149
0.7203263887341971
0.7294767316303677
0.7845699976424624
0.8016144194826369
0.810666601447459
0.8057184943213325
0.8663466612211359
0.8841649980081534
0.8900457794553742
0.8922083694130339
0.8836229763774778
0.922948761197807
0.93990008697045
0.944891245142737
0.9473414123441832
0.9447049876420325
0.9353492008531882
0.9103841654184223
0.8798329616565014
0.9755987524513066
0.9924208348393397
0.9968964724373941
0.9984425100721667
0.9935341231210612
0.9825793044638141
0.9533325439768706
0.9196892039299389
0.8477030513055558
0.7637049685732793
1.0352160505397174
1.0504311633258918
1.0541727853963945
1.0542902085180823
1.046465249209941
1.032752726818027
1.0036980113949405
0.9600091240311226
0.8796688435874273
0.7863893119873379
1.0683300171439567
1.0817327121314113
1.084279339644665
1.083759048583359
1.0739552948942361
1.0582782528976529
1.0210500403512643
0.9792069718778375
0.8925971662693929
1.102833562011124
1.1141202582064798
1.1133181431759254
1.0826953142153386
0.9959480050003956
0.9022147446480299
0.7965019617716858
1.129175086324549
1.1326443280523848
1.1328475221850178
1.1294054068785968
1.1147534106053008
1.0939139689990558
1.0499912418922226
1.0013125654119688
0.9023518802489786
0.7924521841404271
1.1428049162408922
1.1486113793537625
1.1463488183972355
1.1421360873906687
1.1240145767468825
1.10031185884307
1.048475548788521
0.9983787096269598
0.9190638587801719
0.8937660445743713
0.7770140550787552
1.1481435888079814
1.1515078136881707
1.1482924528928817
1.1415086613523913
1.1203706291880822
1.0957655066721912
1.0432076251016882
0.9881120241180792
0.878354270350388
0.7581994682031142
