0.9451614930743448
0.9709616464437918
0.9742044757444123
0.9380674499730576
0.891997274584933
0.850320160266529
0.8061051628600744
0.7660812569316009
0.7080691277460813
0.622792447210532
1.0570543845121516
1.0952477511828893
1.1093072198411003
1.1181515844691445
1.092408111277566
1.040761371617638
0.9904718181109192
0.9360671193779655
0.8864988534586757
0.8369285609748492
0.7888343109729044
0.748854718052604
0.6722738268286471
1.1772931780447324
1.1947213750110315
1.2089738752083083
1.2259939142558793
1.2299494718402615
1.2298812279409648
1.1792281868800816
1.12195261989272
1.0578630918412397
0.9988785615209144
0.9396896482841064
0.8821614171247357
0.8342763174491523
0.7002678884459748
1.2920997365504234
1.3262175096728184
1.3345040765985308
1.3479930706156777
1.3531440599572635
1.3555513855707872
1.319121151893931
1.2574531619611276
1.1837998511357604
1.1147745868521024
1.0451263912310333
0.9772823769265816
0.9207482862539685
0.8630791849929514
1.460389313579057
1.4808355867967957
1.4968736023827127
1.515143542341183
1.5190770840553598
1.5202647599128873
1.4658565570641269
1.380824508651999
1.2961712456892422
1.209355097021619
1.1243237063143714
1.0533420249872174
0.9808787329071085
0.9166031796417667
1.5805026358588399
1.6016210170642173
1.6183814534550944
1.6357952366910162
1.6398940475606363
1.644042592070167
1.6179015728852522
1.5318099074474418
1.436451601164845
1.3361186792892146
1.2370617329934288
1.1542106110634427
1.0696020481068536
0.9945111969687068
1.6246091495192485
1.5241234656646272
1.4154849666004978
1.3074391685814217
1.2168771413479167
1.0422532807559914
1.7274202969034829
1.7695438022132561
1.7855996493463286
1.7883185575126943
1.7277490013849903
1.6242057473819604
1.5066116945029284
1.3881287928278696
1.2884859822762007
1.1866386054784837
1.096239916527801
1.81687116734568
1.8567182900250503
1.8724584347260296
1.8474733279903497
1.7476374825526781
1.6206226111130038
1.4891741635777918
1.3778799849982528
1.2639753539423049
1.1628616503810523
1.0637795549899896
1.8854260444642859
1.921387694769505
1.9368117633602486
1.930372081672853
1.847103059796652
1.7151524081419136
1.5733665829230503
1.4522251094260292
1.3279927328435743
1.2176878793122816
1.1096574412105575
1.9890515060742509
2.0011622213386913
2.00324233238693
1.995999423087328
1.9511610686706717
1.9081207666187092
1.8194757265014718
1.667344232982655
1.5352187511254656
1.3991932213103047
1.2783589295054891
1.1600843488717352
2.0191138758749796
2.05070582991449
2.0620048569185725
2.0444709406156636
1.924350839034151
1.7641665984916814
1.6210195284468913
1.4726485221086965
1.3406401850398963
1.2115137799689164
2.117380926432805
2.124385581752943
2.1245750105895445
2.109788905860869
2.0986763527810446
2.0492824085747308
1.978863575988504
1.8866309668314594
1.7307813384817132
1.5666062140697485
1.4199757970659141
1.2765721571480384
2.167884139288093
2.172732394447029
2.169356533767888
2.1495076714941126
2.116094685579271
2.060864385635211
2.001834558430552
1.8371694798847253
1.6582342474018574
1.4971103229161726
1.3394164842879772
0.9575668021587866
0.966834376923727
1.079104215397834
1.0997508717958189
1.086912070146711
1.207544988462415
1.217949163423944
1.3318924959933434
1.3119947386320772
1.4774133226786232
1.4995402397147248
1.45911069950398
1.6068846413163185
1.6034489702541066
1.620637644825547
1.6813150405101704
1.7059203154903204
1.7503540241648912
1.7166817968573098
1.7898586749986387
1.833038691569738
1.8268858564145443
1.8837228424109485
1.8985325649227511
1.8367100770215792
1.933194345684066
1.9563120393310034
2.0098769956396016
2.013168582758738
1.9154570840982212
2.0760210140954944
2.0314835088297754
2.114811390259407
1.9925127254066382
0.8822257748796486
0.9040087607310527
0.9707274432873286
0.994727370597687
1.0108326026432086
1.108352434551566
1.135379764857138
1.1529338039975607
1.1631883499749982
1.165383172078137
1.2566698710388677
1.2860766200615674
1.304312850463949
1.314623209213773
1.3149678896172197
1.294616133519607
1.3643066397501873
1.3947151728739517
1.4136464227129548
1.420577124593327
1.4228574348005743
1.4237174597969808
1.4218848554614993
1.411673960463064
1.3961749115029904
1.4706422745513803
1.5026887990718116
1.5206075639858174
1.528955074739292
1.5288302578169717
1.5257557937181097
1.5122252933212024
1.4943776311795358
1.4545791235602126
1.4120200429018788
1.3237994023647979
1.2822670316195799
1.221664094805092
1.5998629979724195
1.6311574437166259
1.6483627307995856
1.652768096588509
1.6543557585322415
1.6520171926436071
1.6477937011535488
1.629781910175919
1.6078428542146592
1.567236779346855
1.5102593002531577
1.4695203359357172
1.4085783250415007
1.3591060880457875
1.2910592540173305
1.6770907993931117
1.7075740393904875
1.7235041887609026
1.7273957024920712
1.7244673479553163
1.7180168637310393
1.696856910098664
1.671896075842968
1.6195896606697884
1.564227922776827
1.519056210913718
1.4523548064123428
1.4000638995571384
1.3248655648025622
1.7666346178069678
1.7948214179050634
1.8088648289677551
1.809670735851612
1.796203663467611
1.7421020949034818
1.6215375203012432
1.4972330633226636
1.3571151136692203
1.8431312180530022
1.864220371283848
1.8659298677714307
1.8576603586088491
1.846400931321622
1.8178869367862276
1.784763852033886
1.7211994116743963
1.654115842191746
1.6096017351984715
1.5202185856049923
1.462232448502363
1.3713145901025219
1.9019740959918987
1.9244763106373437
1.9318844637370842
1.925206879670385
1.9141722135784922
1.9036162106830787
1.869514104082053
1.8316241141180103
1.7552386529891508
1.684430899912498
1.6199048524828028
1.5386393502538247
1.4666703932246243
1.3752949017685259
1.94362503258455
1.9624538540266279
1.9666198168081521
1.9562948101864015
1.9445418418976324
1.9287959560558554
1.8902045834499066
1.8506343633971893
1.7716210279699014
1.6923709273951948
1.6416311048304186
1.5361689473861602
1.4624040144639041
1.3641558242122125
0.8609856939578139
0.8846124635792566
0.9462483652978878
0.9722452606337548
0.9895455251880969
1.0784313010089612
1.1073002477978575
1.1258672990894318
1.1314708504107813
1.2198119584804898
1.2518325635777745
1.2644195997364727
1.270740827694446
1.2731769773035324
1.3226805506809267
1.3545926265131627
1.3659229823671966
1.3739070524215415
1.3788032231363578
1.3733298915551682
1.3501280080038307
1.3178354567742334
1.4230533698138441
1.4565293291987944
1.4677483873181776
1.474921271045009
1.4775918155877834
1.4700529563235527
1.4414589870714678
1.4046115181564685
1.3212978497114718
1.2209258743472724
1.544281829262004
1.5771807446784083
1.5891019324180533
1.5937576440463712
1.5933322185324041
1.582178852889434
1.5522309243010084
1.5025060421053062
1.4059638166966058
1.2902949145002782
1.6165785904398529
1.6474787066831202
1.6571288385094178
1.6625247124535891
1.6595082562343257
1.645648694876345
1.6054488313786257
1.5563353213079156
1.449731038100662
1.6991126538175234
1.7280587011539164
1.7395521953944764
1.7153685197108912
1.613517607374615
1.4945962828587842
1.356358533145703
1.7694478720544031
1.7810637395220368
1.7873521895061675
1.7893822155204875
1.7794201493191706
1.758209834932724
1.7068212589136325
1.6461560363477046
1.5176288792626924
1.370571776833094
1.8210091452115706
1.8431455393113514
1.8477051167540812
1.8465393418401335
1.8312003505296026
1.8051741729541926
1.7415605595066588
1.6766828883172384
1.5705214574084738
1.5361209467057555
1.3745866809588363
1.8559923079035499
1.874648049944257
1.8769057388453658
1.8734119549523658
1.853154250039256
1.8246290307781152
1.7582936501730824
1.6848048830239408
1.53375530594228
1.3634853508744031
