0.5272338767769675
0.5393030451486827
0.5329816569383922
0.5060494797703546
0.4741491647328787
0.44609587214681945
0.41685886146140644
0.3908213017176897
0.3537941712628001
0.30108818184843567
0.5720614928501961
0.5897906743563752
0.5953518694821761
0.5963765117125136
0.5739993942542808
0.5383256664915791
0.5051424270329771
0.47002189726645727
0.4385732224496439
0.4076206181857974
0.3780187613538662
0.35375278159964574
0.30836564754777224
0.6189570822155358
0.6267887629356722
0.6329016772437739
0.6394659660875541
0.6407220617707128
0.6317733724404974
0.5957218161298142
0.558376248003882
0.5178166695381667
0.4812040229803358
0.44506477571348785
0.41043414330267497
0.38198013559948474
0.30463933221659356
0.6604053202273041
0.6744980105214585
0.6775831997122578
0.6818199326797049
0.6826722431914303
0.6810070536658093
0.6514975201511621
0.6112734908199436
0.5654154609477742
0.5234634039933639
0.481870889565203
0.44193907368296703
0.4091006104372731
0.37607073566383337
0.7155552352468606
0.7233681218683711
0.7290428504938543
0.7344227120139375
0.7351638273191455
0.7271884911512896
0.688941771864181
0.6366163348395879
0.5865863841605857
0.5363902341383698
0.488009033122246
0.44817343099573936
0.4080770402665033
0.37303370071127945
0.7503780030799558
0.7578086374004168
0.7631872975199804
0.7674481804178904
0.767913853975027
0.767137941076632
0.7426020411835886
0.6887202122941487
0.6331832123161248
0.5764364657736943
0.5214642251949104
0.47614604048791065
0.4305448787624269
0.3906884787113911
0.7196814638634215
0.6614067117338067
0.6007138832554789
0.5416115133750047
0.49285254878286167
0.4009298022734175
0.7869616481999626
0.7990074556660759
0.8007290256073939
0.7979566464675808
0.7530670760425324
0.6928057876695323
0.6278778579851343
0.564087037608888
0.5113553237063678
0.45833758638175454
0.41202731886000615
0.8053455680130203
0.8155210559659429
0.8160376655750549
0.7901104178778502
0.7303276092752752
0.6608549260102548
0.5913489183540719
0.5336825554899
0.4756764564945962
0.4250672986407725
0.3762209052799735
0.8169871337870029
0.8252828520748063
0.8252652494612663
0.8125608697760421
0.7594986282465436
0.6873670755663892
0.6133541515508408
0.5516072319021449
0.4894592148248963
0.4352894154302803
0.38307732496392916
0.8323248585274795
0.8316562385115339
0.8284402636714414
0.819313629100064
0.7887218893060876
0.7636994837884232
0.7158113541252852
0.6371630994746488
0.5709518093223728
0.5042104431768132
0.4460693909689675
0.3901342783755701
0.8307879776686928
0.8355807906267684
0.8312388128024668
0.8131747360845437
0.7432218666440549
0.6609202351825375
0.5902645141577849
0.5188470899362906
0.4564039894751718
0.3968737832629609
0.8331208774965821
0.8301944709608052
0.8264166834843529
0.8116338521617997
0.8035861623293622
0.7742034041776328
0.7363999810841763
0.6897788484009022
0.6140353750711475
0.5367189934304539
0.46933116351165016
0.4047623951142949
0.8239734578169996
0.8206571635222049
0.8124789230215111
0.7965778950013775
0.7758004013719901
0.7456826029647038
0.7155223496241598
0.6359302839245078
0.553255859924344
0.4809617392628182
0.41167609938982463
0.5301480710661691
0.5289129452577381
0.5791191046078805
0.5865619877665776
0.5711217216333747
0.6275479778204786
0.6257157747662971
0.6693592414688924
0.6480617628968225
0.7156887868437605
0.7176318314711319
0.6858991411360311
0.7505977837229209
0.7362954575895306
0.7513868326316194
0.7617560018157878
0.7720328774960217
0.7820624717533027
0.7485680373151001
0.7882501847687005
0.7966316867688709
0.7819679017524869
0.804466735829528
0.8002625178818237
0.7556079265426595
0.782161836808572
0.8041029601317723
0.812368002786481
0.8020269091906842
0.7401845078915337
0.8047414811235182
0.7683224979537557
0.7854627524277399
0.7126966545078974
0.48618358713523513
0.4968249186753724
0.5221057974918287
0.5332930347674047
0.5401119253031419
0.5740410580498758
0.5857260454762956
0.5923965966525641
0.5949776589469603
0.5931652187566349
0.6245129400304096
0.6360395052684908
0.6420770394727575
0.6436991955479445
0.6402049259233059
0.6234114124130768
0.6572433829970595
0.6682333194779494
0.6736658687033878
0.6746120880729419
0.6742325733147517
0.6725775208694207
0.6695606187070859
0.6605738091030046
0.6494950846023516
0.6858898572469911
0.6963374320786317
0.700651515799571
0.6999307974152373
0.6975573438784667
0.6937363687825999
0.6827664954416559
0.6705652336682704
0.6456739420311993
0.6204584084085921
0.569979198454855
0.546660906802165
0.513086699672852
0.7149810829013703
0.7237837919060244
0.7264392888133422
0.7258632423638822
0.7237257826466033
0.7195098077750374
0.7154292867059535
0.7019573366081994
0.6877887339690848
0.6635061600606362
0.631112931380204
0.6085536397176752
0.5754639005445572
0.5488885330438354
0.5128491547758357
0.7285184701439672
0.7358616516089678
0.737474950841248
0.7334566602500924
0.7291906326828363
0.723311047186247
0.70838406006772
0.6927988998958231
0.6626001292876074
0.6320793762204386
0.6078424094801697
0.5725900295972756
0.5453948677031715
0.506710851237459
0.7394120115607546
0.7446642864687383
0.7444079695229724
0.7384195636388691
0.7261071850030433
0.692155789264452
0.6267799054690711
0.5630804395806378
0.49340030365759086
0.7450188590202921
0.7447910714592912
0.7410841870305134
0.7310948819174181
0.7226083350745177
0.7044432926282517
0.685390899480298
0.6512776472266922
0.6167150179552406
0.594300765169822
0.5501795874151926
0.521999416032144
0.47839109785718437
0.738066779033086
0.7388184928794282
0.7344855034004392
0.7242878528555001
0.7155120045495384
0.7083741475551454
0.6880319173183919
0.667273205917601
0.6281786657192255
0.5934079522475376
0.5625587961295844
0.5242724695609795
0.49091100011355715
0.4491629862139386
0.7275826477603841
0.7262985853345869
0.7203732349014171
0.7085337420155008
0.6998151729588804
0.6896672036410603
0.6677023775326221
0.6469840392639005
0.6078287925408962
0.5703045253273015
0.5467104694085998
0.4987289041456272
0.4657593343307862
0.42256419496409886
0.47145568618913886
0.48282428785371434
0.5055585224426299
0.5174661281041155
0.5243858380542378
0.5545980587491179
0.566774069779335
0.5733418114927968
0.5703123950248661
0.6016415354755417
0.613834607021931
0.6178467053848016
0.6193113812972367
0.6134201111999948
0.6320362480523886
0.6431887621558549
0.6463892629646741
0.6479036116877624
0.6458509013410532
0.639338950964809
0.6222224165101757
0.6014590157408778
0.6580464322904875
0.6685287939762112
0.6711755137425748
0.6718721788063683
0.6680011273396675
0.6602774385925883
0.6402057713513533
0.617414451743969
0.5689817822876498
0.5128036065644895
0.6837446755306286
0.6923284347374056
0.6940475931250669
0.6936445112130556
0.6874078560291867
0.6776420826534788
0.657659273527057
0.6281494415452299
0.5744993229459038
0.5125801917883461
0.6954220355906013
0.7022995603893994
0.703068039440965
0.7018923081824741
0.6941329931513027
0.6828861338927065
0.6573582165074173
0.629208523335468
0.5716733751253223
0.7036202688358629
0.7083855796514091
0.7055036327692819
0.6826654525902346
0.6240533833255065
0.5622256921425796
0.49317044824546163
0.707014026151615
0.7077346714733406
0.706538980221252
0.7028517422654067
0.6913004472791696
0.6764368564354677
0.6465422351930302
0.6141582085031337
0.5493918732801769
0.47818152211027404
0.69788074980548
0.6975708049196919
0.6940538260759139
0.6900644430691001
0.675942943491409
0.6590603942167991
0.6240590803884062
0.5911408163067796
0.5397949556075977
0.5235833252392187
0.4489871831314052
0.6859312300811913
0.6834996612464231
0.6792530683207794
0.6729893490087607
0.6567561402126785
0.639434807631615
0.603979671915356
0.5682549933818213
0.49812595673455273
0.4224155879218981
