1.1193499632683765
1.1479741098109995
1.1445162838452136
1.0953613661206512
1.0347275085952516
0.9804180757586028
0.9230310052585734
0.8712006742502997
0.7960891502741724
0.6851431734660309
1.2335763054727773
1.2755536090566184
1.29013868503864
1.2970715201518475
1.2592665247862092
1.1916229700616354
1.1270293526633421
1.057580491557054
0.9945211801687587
0.9315723924199416
0.8704591254029013
0.819554392113891
0.721529122139892
1.3553176450123665
1.374178936304088
1.3893413301729494
1.4067819516502298
1.4105905899009676
1.4024048278302788
1.3353177134125924
1.2624387643173
1.1817443112167632
1.1078300311949398
1.033868922445412
0.9620030447147955
0.902123997635769
0.7335017186322289
1.4683166516186452
1.504021960243371
1.5123865419009603
1.5252966279176579
1.529540826081151
1.5296426578913573
1.4782786525678433
1.400077629461446
1.3084062673396384
1.2231465687356695
1.137441298268441
1.0540598957244687
0.9845757855914193
0.9136375729682994
1.6287463489620024
1.6495077583253366
1.6653772903910642
1.6827256289948862
1.6858001578112318
1.6793857250584119
1.6082577584364723
1.5035785777528303
1.4009818943970034
1.2964175614637161
1.1942976728608392
1.1091646844363334
1.0223135063827973
0.9450629126437082
1.7391102649851353
1.7600125627601342
1.7761026980722516
1.7915963592217279
1.7947839860149775
1.7968690995139263
1.7573044377208218
1.6509309988123422
1.5365999251461353
1.4174633603891738
1.30039687295425
1.2027043541564955
1.1031026034970794
1.0148162324848802
1.7405569699772498
1.620600443726363
1.4926341376869108
1.3660918976723477
1.2603568055218803
1.0571062912472855
1.8689201949986485
1.908127054770227
1.9204926727157736
1.9198875675304568
1.8392635648514737
1.715814222058929
1.5783764926206858
1.4409560331873237
1.3258488608667873
1.2085376515358064
1.1046645777147217
1.944877961155977
1.9807951935931438
1.9918516818913847
1.9523815474478297
1.8322425199799557
1.6848725449271609
1.5340719287881164
1.4070444779268696
1.2775841728587118
1.1630020364938138
1.0508975918805368
2.0010177973614525
2.0326976657862232
2.043212884462117
2.0278584101633204
1.9251845154000875
1.772532397915288
1.6111535754625896
1.4742088417378603
1.334402446594152
1.2107377071782426
1.0898885201940338
2.084471435002619
2.0922079406654204
2.090912992500243
2.0781793222056386
2.021338434628304
1.9705033174824176
1.8685677505690104
1.6966492852638415
1.5487092053330718
1.3972439287498457
1.263260048512926
1.1324956003511746
2.103409218091477
2.1292228391601573
2.1333753755585905
2.1061149850004637
1.9643339089053804
1.7841866262087165
1.625298981904039
1.4616698101729142
1.316896822161488
1.1757438983388473
2.1729398038050767
2.175420289555591
2.172459882055021
2.149996158061415
2.135459690212599
2.0770682749904963
1.9968226863775538
1.8940528034362967
1.7226030656597715
1.5436769122581118
1.3848008259857514
1.230102174155489
2.200510534030355
2.2011491423851473
2.1922242421201266
2.1655900422453245
2.1253041690854046
2.0621760262222435
1.9963729943733228
1.8161776632018662
1.6229985293846307
1.450319485392713
1.2821951586982372
1.1306279439134896
1.1358231517708943
1.2550095930381204
1.2758408434830508
1.2529476262790464
1.3835836081901522
1.3888890449650373
1.503227518890827
1.4703906064049856
1.6403456528423654
1.6568945006811642
1.6009989919035725
1.7571407957903298
1.7419640207335614
1.7663598774365967
1.8163903914393398
1.8414110100967203
1.8802508557204072
1.8278232601742248
1.9116888373049348
1.948294251681953
1.931311556234784
1.9890971443004153
1.995543166536428
1.914735454500612
2.0034212223084404
2.0377067053142133
2.081568686072349
2.075144357507221
1.9556324149080986
2.120842226121276
2.0598160048874097
2.132240383366869
1.9875243964356846
1.0396008810435382
1.0640656008714122
1.1306334716303186
1.1570245443214455
1.1740892387704187
1.2683550144564972
1.2971301738619263
1.3149561856663021
1.3241325140888425
1.323903381232187
1.411562014939503
1.4416882572971321
1.4593387004812333
1.467642276507387
1.464615179757869
1.4355063997457305
1.5119294895378066
1.5421763264182369
1.5597157893167324
1.5651747959068285
1.5663298393554175
1.5653698289429447
1.561363531300347
1.5462889495529895
1.525767965736659
1.6078432521348973
1.6386595808325823
1.6544936869286888
1.6593667492916997
1.6571327921496755
1.6515952226104393
1.6325473731570572
1.609506439888928
1.560180650024815
1.508669694807989
1.4033196528698013
1.3539927078045544
1.2823207902448959
1.7194878059777212
1.7483706990588674
1.7622667352866475
1.7647006768380251
1.7638464078484462
1.7585044404036005
1.7520083757633904
1.727824537139441
1.7003671969772116
1.6512530478492236
1.5837726719083414
1.5360054183644634
1.465055374577421
1.407611093251846
1.32895356313803
1.7830844038455522
1.8101472640494207
1.8223097829189612
1.8213819310787258
1.8156197665856937
1.8060624433840695
1.778505782653337
1.7478883259668385
1.6857497480036678
1.6211746416280919
1.5690249969967185
1.4923858632060736
1.4326067749103257
1.3468997969452263
1.8529836119642025
1.8767032714383607
1.8860305982662904
1.881388781096012
1.8615526779564193
1.7952752623542865
1.6560426696435457
1.5153509235095464
1.3583486382922827
1.90994553518874
1.9242248191337379
1.9222377862741498
1.9080689438603196
1.8930847441807648
1.8580310068089312
1.81900096170541
1.74611321954373
1.6703825736854496
1.6205552922797692
1.521040434415986
1.4567949289925766
1.3563698853638113
1.9445890067029468
1.960945900126843
1.962513343698548
1.9494243773713025
1.93447018815304
1.9212217009766324
1.8806546041953822
1.8370490257184002
1.751374774424996
1.6731329930338084
1.6024255052543401
1.5137396688780267
1.4355785101009462
1.3366186090423895
1.965180558936526
1.9773144831716654
1.9754340660296563
1.9586169442367631
1.9433258829807767
1.9240929940995533
1.8791324956681101
1.8345560582324891
1.7471639481658021
1.6609010060692735
1.6059301715808076
1.4925043565400886
1.4135096784016334
1.3086067150157192
1.0118572209469123
1.0382033733270104
1.0990846747109002
1.1274410009321527
1.1453660603304812
1.2305885034895456
1.2609898283167145
1.2793714692721745
1.2801237091498423
1.3661395796666416
1.3985601436319313
1.410573084691257
1.4160899313655284
1.4121134616331024
1.4612832485239626
1.4926415647455775
1.5030700086819604
1.5097220207978757
1.511014011935154
1.5013228055574608
1.4700220316619848
1.4292818347524323
1.5509149862993064
1.582672045935188
1.5925402140612164
1.5979206807024007
1.5960961302828143
1.5839789786608003
1.5464846124959173
1.5009755394350595
1.4007493401988562
1.2815726574583124
1.6543479115305582
1.684048478392161
1.6935632593926064
1.6963037407662924
1.6903643118200578
1.6740816893391006
1.6359573078301053
1.5759190583114666
1.4624369484788895
1.328199329414286
1.7130737558565474
1.739963706505993
1.7471246593596381
1.749692972049858
1.7407141932631838
1.7214126303214408
1.6715673022665765
1.613304468984743
1.4898007297633364
1.7759785694896302
1.7997846553362313
1.8050992920912723
1.7688169717253104
1.6482006842319736
1.512805485063087
1.357630254443372
1.82696599006677
1.8354090280417275
1.8388413607966851
1.8370786049562462
1.8203783381970995
1.793101132790598
1.7321752870482157
1.6627152593180097
1.5185789556260099
1.3556760325302475
1.8550091328321654
1.8701599977963128
1.8704092928276042
1.8662934971937468
1.8439262824533025
1.8117904011676103
1.7384029955708045
1.6658321690908626
1.5489379108985888
1.5113545465910716
1.3359731377417912
1.8698027115003546
1.8809139142306526
1.8790816565158541
1.8715856413613066
1.844158699803797
1.810097343117768
1.7343547666350387
1.6538850179595714
1.4903000917504803
1.3080067802464788
