0.9287718237135293
0.95230453594071
0.9485058355804039
0.9069650956643958
0.8561174046864558
0.8108460318053157
0.7632280084318903
0.7204400593187753
0.6588618788924324
0.5690133295363834
1.0152264155885502
1.0494126591962114
1.0611322538539119
1.0662974251394435
1.0339706398150157
0.9773569102960464
0.923610784450301
0.8661168175277945
0.8141463428858721
0.7625254660974728
0.7126475136539515
0.6712956884082054
0.5923505537051587
1.1071618942295534
1.1223383851801443
1.1344804693549602
1.1483006330635692
1.1512618757817061
1.1430134076087575
1.0867258930511239
1.0261994465462467
0.9595468807080715
0.8987646533979432
0.8382027997485264
0.7796019479711769
0.7309528260663423
0.5952668774232306
1.190528629699476
1.2187340380549898
1.2252637476968495
1.235148240543971
1.2382203593641337
1.237683057698913
1.1939027446263382
1.1289971805598655
1.0534606718073325
0.9834995901965092
0.913526667662629
0.8455990112115719
0.7892077216999871
0.7319057701147822
1.3054824481561178
1.321473870852255
1.3335734813568783
1.346311649660585
1.348641775206267
1.3413284544878041
1.281614049366376
1.1954787302775516
1.111631577522285
1.0266040591612868
0.9437294074106641
0.8749052433705776
0.8048889221152873
0.7429902493025204
1.381600288515275
1.397369466136672
1.4093743930410745
1.4203632119745375
1.4224367956887454
1.423287000045127
1.3884423281860325
1.300608653643994
1.207389661635943
1.110769948235309
1.0161722957781858
0.937408794930152
0.8574213114434477
0.7866880802624757
1.3636335282373884
1.2658802152852429
1.1623057142594273
1.0602873667805852
0.9752515350801513
0.8125911788902037
1.467158719100282
1.495142715951083
1.5028265787697468
1.5009844292815282
1.4321293284302274
1.3314095448318013
1.2203944610926303
1.1099120322770653
1.0176149897623492
0.9239136061006216
0.8411374668261583
1.5142610385829782
1.5391623897323068
1.5452049745801644
1.509072195724646
1.4103949325169407
1.2915310751906688
1.1706993621042983
1.0692682900498889
0.966268493087776
0.8753379478832789
0.7865733079198215
1.5472143116730017
1.5685509621121336
1.5738687517232812
1.5580653963338185
1.472407106742556
1.3492380790932996
1.2202506523228118
1.11124264133509
1.000440235667
0.9026732427354152
0.8073632658668544
1.5953950182785157
1.5987475030735354
1.5959794179147802
1.5836486683271762
1.5353489653853152
1.4937096576618052
1.4115681034370455
1.274396378967953
1.1570586274726085
1.0375109498289592
0.9320689917962031
0.8294333214886417
1.6001468707101174
1.6157823814405634
1.6146711752083571
1.5890861991819603
1.4725623654902433
1.3289616317505804
1.2034207317349017
1.0748072360808434
0.9614062731296142
0.8511762872145133
1.6301730760123183
1.6291194640562294
1.6248764328044991
1.6037076323413755
1.5911134610001352
1.5425522673206573
1.4778175837695768
1.3961075500613984
1.2610996467744089
1.121217394575182
0.9976940098484058
0.8774110169853788
1.631714068509436
1.629317221600637
1.6191156155476307
1.594934355103314
1.5609562095414373
1.5096756944501377
1.4570598192649067
1.3152577388907045
1.164924438172457
1.0314235892057286
0.901881403508518
0.937629240511754
0.9412671655757346
1.0321670664819727
1.048724943003847
1.0287759450696703
1.128947258207778
1.1320128802787945
1.2163983695467802
1.1875654142240246
1.3126076381524985
1.323537457299507
1.2758932593245107
1.3922399366127172
1.3764980974946874
1.3946164171418647
1.4281822996916023
1.4438682217423457
1.4706029059595696
1.4234146670205636
1.4867267780376452
1.510915421808047
1.4931962705694577
1.5333316949368376
1.533940962851198
1.464665436388677
1.5222121455781632
1.55035348708924
1.5769340555311173
1.5666188585085348
1.4663211022411466
1.5854133657990297
1.5304024740806978
1.5716907686875332
1.4509957451690596
0.8615317619249724
0.8817699110958206
0.9312578553990192
0.952839305352653
0.9667033615579382
1.034575058268574
1.0576632562089197
1.0717844716716387
1.07881455839955
1.0781377967213661
1.1387879259502784
1.162345083312774
1.1758883746657924
1.1818075341175645
1.1785765659724659
1.1537724095618553
1.2093703816120993
1.232517094413513
1.2455158674539115
1.2492523308927663
1.249800586986798
1.2484926412469484
1.244773622275064
1.231742481672436
1.2145120204580866
1.274336906343006
1.2972859560686738
1.3085461370170988
1.3110216808961168
1.3085687370222825
1.3034973391921731
1.2871135209085403
1.2678374399365597
1.2271460886739565
1.1850470307706862
1.099438688254901
1.0594123121503372
1.0016070065809428
1.3459174348096048
1.3665459916071243
1.3755469000840272
1.376544194095928
1.3748771050975763
1.3696276096984825
1.3638068837293986
1.343114285546321
1.3202654953010373
1.2799793005712499
1.2251576560793087
1.186546230149909
1.1294195338739141
1.0832457190006741
1.0201898721911378
1.3838309832255615
1.402375925483072
1.4096699275878062
1.4067378809442848
1.4011439966285113
1.392607269052388
1.3692520661662937
1.3437874815484054
1.2930850209018028
1.2408752697274765
1.1989733334941977
1.1375536874548549
1.0897926146916364
1.0214429679036299
1.4216007989576755
1.4367775000006677
1.4412234268893842
1.434981555983764
1.416973571635227
1.361664170071804
1.2493937781968016
1.1373477141546096
1.0129330220896129
1.4496275099133602
1.4562441101082648
1.4528342399401912
1.4389124494588976
1.425808189013824
1.3963480429921098
1.3643410782811145
1.3056163990344503
1.24512568979012
1.2055628019385
1.1268414708717827
1.0761954838343133
0.9972690941142797
1.455953660058206
1.4638151804790611
1.4611192936486952
1.4474224863842535
1.4340426217076825
1.4226344095803427
1.388877068842694
1.3533902093391104
1.2849529577454537
1.2230628395459855
1.1675642320426054
1.0981050598237336
1.0371530279243222
0.9602018148336884
1.4535074427019212
1.457687981701865
1.452110929411866
1.4353855912836728
1.4217231983462661
1.405256033481633
1.3681360220042913
1.332134499802813
1.2628153437216179
1.195157739681607
1.1523572181918487
1.064171709176675
1.003055151779204
0.9223064374757765
0.8381295346069123
0.8599150157296471
0.9047819296907604
0.9279499703174379
0.9424837753333649
1.0031230899545687
1.0274610584947985
1.0419461217260408
1.0416408605492982
1.1012847241714525
1.126557038902377
1.1357337257198834
1.1398056810462454
1.1351185767212832
1.1677529425016882
1.191646143200954
1.1993559354117989
1.2040685177330437
1.2039736346194347
1.1952918214594141
1.1689007765445527
1.1352236406438228
1.2278860345349745
1.2513768633898124
1.2583717495895297
1.2618176773340226
1.258854809910954
1.2480769085568038
1.2165733043571019
1.1791233999762416
1.0974711904919099
1.0010386426757578
1.2931822723072852
1.3140805864158118
1.320205331478604
1.321448641428675
1.3146922676896613
1.3003613703153187
1.2684335634343618
1.2192541772794105
1.1274667174281223
1.0196333634458898
1.327465622010102
1.3455903878303421
1.3497611614936071
1.3503732637050154
1.341007710329507
1.3240494593433656
1.2825579291810405
1.235059168171143
1.1356619225387263
1.3600118333345894
1.3749104509723256
1.3755410328154036
1.3423659890996242
1.2437373827266123
1.135534525995487
1.0124301315757622
1.383762530548891
1.3880724189804279
1.3888813686421084
1.385413068921166
1.3692915903255378
1.3457991873106208
1.2957019358813713
1.2397094437536946
1.1251290606429791
0.9967965685169281
1.3851699864696667
1.3916667285714461
1.3890673811743828
1.384143742796958
1.3632635179568016
1.3358589835655565
1.2760311951228587
1.218084561988027
1.1259673187950512
1.0965417170006095
0.9597830036481191
1.3791506553191368
1.3819369837377107
1.3776561641212672
1.369352164420709
1.3443578416220314
1.3155964331038696
1.254244819903699
1.1905150860957825
1.0627497829663841
0.9219336452282718
