0.93124951327344
0.954085982194772
0.9479736083741356
0.9044278527291314
0.8515966939851866
0.8046591614265001
0.7553181500154272
0.7110167777063862
0.6472948074426069
0.5545406780245152
1.0203973245240996
1.0539724492003653
1.0652262032468338
1.069455244595824
1.034792838194704
0.9757729233858982
0.9200295059677003
0.860480454889082
0.8067146158037081
0.7533490187326453
0.7018571186552061
0.6592438667288663
0.578123208073533
1.1147696062957957
1.1297755100036613
1.1417002340068823
1.1550990048369183
1.1579027775203423
1.1475502215559166
1.088501817857886
1.0256590267597623
0.9566117601124019
0.8937412064656093
0.8312056931007912
0.7707400263939412
0.7206778037809537
0.5816578119863884
1.2008844678795854
1.2287753992481578
1.2351598633365544
1.2446480075113096
1.2473895112884965
1.2462850508027512
1.1997250328054507
1.1321410415483315
1.0538403056423953
0.9814701723108195
0.9091501011548738
0.8391784987460713
0.7811895479772677
0.7223469018790429
1.3204316362414714
1.33637848881556
1.348372574706069
1.3607769891800512
1.3629691797765962
1.3541291684364776
1.2914583848372738
1.201971687218798
1.1151888752668404
1.0272891709173857
0.9419175162290339
0.8711039721007315
0.7992852937148083
0.7359516262953326
1.400305591439451
1.416098779162986
1.4279810316177985
1.4387762070578811
1.4406969274709915
1.4412130237884162
1.404021246022549
1.3125296401249569
1.215945729843082
1.1160581508337286
1.0184928188285751
0.9374822755702825
0.8553587422370574
0.7829646067481596
1.3792046637835413
1.2778272739369614
1.1706914291043164
1.065430011789425
0.9779145248464646
0.8111093605071256
1.4910718449659595
1.519191735729261
1.526596408284053
1.524327732320982
1.4520388941848765
1.3474801514389785
1.2325569817576625
1.11849727763433
1.0234681940246808
0.9271757934599165
0.8423686100360538
1.541738378485678
1.566911235081276
1.5727151609514916
1.5345312819462955
1.4319070087668495
1.3087343011101715
1.1838778001684602
1.0793738018523233
0.973396378037198
0.8801711682911832
0.7894277878966086
1.577697163218042
1.5993900366728164
1.6045844725761362
1.5878095140757111
1.4986154671788707
1.3708783457021905
1.2374876521967015
1.1250820828054746
1.0109833291075874
0.9106529582368079
0.8131224389092078
1.6296872557047024
1.633014753569405
1.630036561539337
1.617114781953731
1.5668189650953033
1.5235859355924861
1.438365014844767
1.2964015630394743
1.175289032900113
1.0520616551490867
0.9437255707313257
0.8385608880349311
1.637418659206788
1.6536131669754834
1.6524364097767987
1.6258212803860943
1.5051171355888293
1.3561288676766914
1.226370103473743
1.0936658202120255
0.9771329346778146
0.8639350780406636
1.672476975392487
1.6714964651251278
1.6672555130981543
1.6453327766539776
1.6322860437882838
1.582010785466622
1.5148545666091013
1.4301765995990259
1.2904406456036632
1.145860875382621
1.018482542851049
0.8951562766584439
1.6782580836662853
1.6760016002192708
1.6656490745562549
1.6407262206602282
1.6056836564055221
1.5524989834787708
1.498056904993547
1.351143041723198
1.195601870046748
1.0577816792967032
0.9243724860658166
0.9389547595583264
0.9407515719298025
1.0361679386845137
1.0518392733095583
1.0295948250463414
1.1350716753939256
1.1364945731491374
1.2248031161127149
1.1933397147198614
1.3263875463030264
1.3360843140692362
1.2856638620161438
1.4095746807143092
1.391861495454134
1.4145836613161191
1.4470440351820184
1.466627493236358
1.4931957704739391
1.4431164272774721
1.512955049545825
1.5371880415744543
1.5182058708407826
1.5627431387731163
1.5629133491665088
1.4906282197058547
1.5532093438416756
1.585595092231043
1.6131709876067575
1.6024474674246068
1.4986198939035653
1.6260450804848876
1.56924595288697
1.6162640191646804
1.4916613648111525
0.8624032787974892
0.8821698623157757
0.9335681322511344
0.9546995821912757
0.968077917232642
1.039528291903621
1.0622247894736256
1.075893091306516
1.082336917502113
1.0809665637408523
1.147156253799901
1.1704307415769974
1.1835712590580767
1.1889066380734212
1.1849401701980629
1.1585063620297167
1.2206430703159843
1.2436052715942025
1.2562592696186992
1.2596739113088231
1.259994844956134
1.2583483706755108
1.254216989246572
1.2403156443781131
1.2222316350980553
1.288882829388164
1.311758700542598
1.3227507067897026
1.3246846101596785
1.321897908663116
1.3164206649256145
1.2991116946661467
1.2789287478021214
1.2365882791080722
1.192887478768883
1.1044003575493884
1.063180825101332
1.0035143522917553
1.3650495012290322
1.3859541418467518
1.3946161308691787
1.395421946432221
1.3934938315335852
1.387803804506638
1.3816445168586446
1.3599756665577996
1.3361688576238229
1.2943337761232554
1.2375552423004712
1.1976320214568712
1.1386316399496164
1.091024589790048
1.0260975717592054
1.4061167446063683
1.4248707288511997
1.432065193485629
1.4287226582082242
1.4227973271142456
1.41382485675819
1.389409464289476
1.363001342941756
1.3104289226684165
1.2564208711423508
1.2130899528063297
1.1496959835135796
1.1004651380106867
1.0301136276923955
1.448089083975583
1.4636338476668669
1.468066110241879
1.461402502035493
1.4426897062155197
1.3852878451684953
1.2691081417983028
1.1534602619321985
1.0253437973737305
1.4797636487108452
1.486608333831292
1.482920652706645
1.4686503262930546
1.4550651051391226
1.4245551922832576
1.391425146871822
1.3306488320430903
1.2681324757235932
1.2272727208761371
1.1460549682600663
1.0938733590045242
1.01264221342134
1.4908348379516136
1.499211887570702
1.4967573926499882
1.482810174304457
1.4690010284083486
1.4572432049133188
1.4223712165731872
1.3857168373863082
1.315004582615049
1.251014042621092
1.1936825436738216
1.1220294054257356
1.059236149595576
0.9800259578606827
1.4921217089071226
1.4969974443365597
1.4916290880092837
1.474573634716328
1.460643112355915
1.4437167892620906
1.405459616463905
1.3683618107598903
1.2966526500786832
1.2267355138407439
1.182433640738344
1.091521206135756
1.0285085252568629
0.945335951496146
0.8381531230479573
0.8593764514658364
0.9061157337588849
0.9287421176278732
0.9426243032120102
1.0068914764793595
1.030752764491861
1.0446342188525741
1.042905588726829
1.1082298147949379
1.133135269156196
1.1420106669647694
1.1458234163346686
1.1397054312758235
1.177422733338313
1.201061691556624
1.2085637798148439
1.2129852435590383
1.2122006928777727
1.2027805104540368
1.1749702887010844
1.1398766921748857
1.2406317708077863
1.2639829039009651
1.2708205123085279
1.2740181930497256
1.2703742437506715
1.2588408316317052
1.2258469265809897
1.1868730247059793
1.102404787272269
1.002938556028244
1.3102698583139682
1.3312489420143865
1.3372133075840702
1.3382899625840643
1.330892420319708
1.3158062294124147
1.2825258282555778
1.2315200910407915
1.136636212049431
1.0255290876900969
1.3475429789199487
1.365860222319792
1.3699773196824447
1.3704134224559261
1.3603831790862588
1.3427181898207157
1.2996130611613848
1.2504464656684926
1.1477525076789514
1.3840954850466047
1.399296288502294
1.3998500092495476
1.3653327157236161
1.2632568290643404
1.1515830603970334
1.0248223316015892
1.4111737931001314
1.4159963177180892
1.4166675313212764
1.4130894420650264
1.39643612047173
1.3721496727602718
1.3203376453042714
1.2624956067613549
1.144270114888044
1.012148332165701
1.4172472204922975
1.42438719503403
1.4218879944043068
1.4169174325813643
1.3955226399499174
1.3673298835951402
1.3056275989446835
1.2457805848140726
1.1507361681826658
1.1203807900190093
0.979581976885886
1.414745617628564
1.4182361554756373
1.4141732076793274
1.4058396168076897
1.3803529859435082
1.3508873118569522
1.2875780380200856
1.2218121006622393
1.090006087467304
0.944935631781297
