1.1228443475026235
1.146065695894338
1.1252546986436476
1.0616099476262317
0.9871077790103758
0.9214022464075624
0.8525027351163562
0.7906447157465377
0.7015014720247691
0.5712499026440744
1.2284395705883424
1.2639194446458832
1.2741766112591515
1.2733455880882425
1.218380408504688
1.134690062938941
1.0571288925710633
0.9747844057324211
0.9006494300985005
0.8271344363248831
0.7562320183901372
0.6975801922322924
0.5859810435105753
1.3380265063722385
1.3540305304567009
1.3663027859180457
1.3788642511049642
1.381025780612103
1.3553556790099777
1.2699536583065871
1.1826223168462746
1.0877993706747395
1.0019251080602185
0.9167156318183753
0.8345900928554965
0.7667244549744163
0.5792130959976547
1.4378421697753305
1.4667910273514473
1.4728985050364478
1.4806749771199506
1.4814733323796414
1.4761945786650361
1.4047239301364993
1.3104058508970176
1.2033639907950142
1.1052794991783153
1.0077279801790802
0.913729643735953
0.8361362040301732
0.7576940213059764
1.5759240425645686
1.5925551474087045
1.6044067125719652
1.6150187675786887
1.6162099788318351
1.5949050809628886
1.5042948801293996
1.3820370661847257
1.2653735615121837
1.1481815246647145
1.0350947452844175
0.9418657632702085
0.8478170217407571
0.7654907676754017
1.6679813195129776
1.6843042683660445
1.6958366565808003
1.7045020437896639
1.7051740256253494
1.7026759617603884
1.6437462430564636
1.5175980458993072
1.3881369880911596
1.2558296123412755
1.1276534360444583
1.0220102034010843
0.9156069265265158
0.8224392518256837
1.6003796318493735
1.4645044803744174
1.3230166450026388
1.1853103885760528
1.071761776502023
0.8577237410823232
1.7726890060674136
1.8001677197876171
1.803783955293792
1.797036882392997
1.6919163188918562
1.55139994911175
1.3999867064587683
1.2513537850810528
1.1286237453988932
1.0052006588831761
0.8975578166346146
1.831429185355803
1.8556467363828615
1.857082338906656
1.7973844804161418
1.6581946231061586
1.4961091002611793
1.33402386304473
1.1996772500379014
1.0646129696857163
0.9469807276980159
0.8337021404189956
1.8733340650808752
1.8941091022158032
1.8951939325792067
1.8667806580061364
1.7439443244093888
1.5756978519465712
1.4029133235404667
1.258859734848602
1.1139594170197764
0.9878573831889647
0.8666323721417831
1.9299633645033627
1.9299871581748278
1.9233856327493648
1.9032318420651857
1.8332702747120646
1.7754271769561871
1.6634062315350775
1.4798177723798436
1.3250174623136348
1.168997007393963
1.033322879915899
0.9031078330656677
1.9444033108268126
1.959216391760546
1.952329985414936
1.9128757262575924
1.7515067712884163
1.5591406909558998
1.3935892347598091
1.2260268889510333
1.0803066963735564
0.9406670533922753
1.9838832680997087
1.9798293031312912
1.9726357955044356
1.9411366874968807
1.9234061328594696
1.8563008176796487
1.7686509534047032
1.6596064117695157
1.4815869091296427
1.29938143681471
1.1407483461534333
0.9886770446771225
1.9944175883501478
1.9895541327259636
1.9740740461430482
1.9401105025165928
1.8936240657600214
1.8243726114199745
1.7542450383275283
1.5671662458557163
1.3712977117824985
1.199908793333881
1.0355680073507265
1.1253751225847735
1.1167489242144453
1.2396739736552418
1.2525242883763903
1.212306108058818
1.351571562953257
1.3423853257452372
1.4508951398293919
1.3972903511150794
1.572991022149
1.573727071092585
1.4975675892931986
1.6653545319383385
1.629525633770147
1.6789208481016662
1.699593861050771
1.7377645695969486
1.7602519422288223
1.681485824431568
1.7914358638517947
1.8116883453829926
1.7781454898009563
1.8453764682084297
1.8372555103696793
1.7345513889525646
1.8171267091943
1.8795083695680372
1.9051805132992499
1.8848966113880357
1.7437875309149915
1.9201649497341313
1.8409276309814855
1.9102511188888196
1.7464654534777788
1.0314261090401098
1.0522784269346852
1.113428188786484
1.135516553753355
1.1482597485532122
1.2348346240588586
1.2582256815091908
1.2708132042244555
1.2742911528906116
1.2680924393050856
1.3573912972144764
1.3809729933605583
1.3925170436683105
1.394074058314888
1.384251624974322
1.343165471657469
1.4408071806028475
1.4637449801944735
1.4743537056879827
1.4754049336694106
1.473924343133199
1.4693712242704058
1.4616533582465734
1.439770092478772
1.413323183922648
1.5181688068548564
1.5406641587655399
1.549306566809204
1.5464145620203842
1.5403716706165012
1.5310364512679262
1.5048670750460924
1.4761241184638894
1.4176533770505233
1.3586534259421226
1.2408469563486992
1.1864545084282787
1.1081813920123236
1.6046123517512443
1.624646533531469
1.6305514175891014
1.629041861403169
1.6239787242066706
1.6139414407754857
1.6043233323440664
1.5728450586476115
1.5397547361371002
1.4830805946362293
1.4075518272310568
1.3549797486439306
1.27782828147908
1.2159503732966719
1.132094242101001
1.6514520993008848
1.669152256689844
1.6732591617724062
1.6643050463428726
1.6545444745205884
1.6409534401609873
1.6062994397496273
1.5702110305955117
1.4999362689381148
1.4288766484449182
1.3723706201674226
1.290242246062485
1.2268829869523685
1.1368765125187557
1.700017057760082
1.7142763408057182
1.7151899195610008
1.7024602727473173
1.6748855177862356
1.5967568383976403
1.444745404951195
1.2962605569217132
1.1336831241121956
1.7355867617535266
1.7384802566102793
1.7312882659553943
1.7097076479356592
1.690752274028358
1.6494362529751974
1.6055172432600402
1.5263651542441532
1.4458831051393823
1.3936157471717399
1.2904318131097554
1.2245881016644353
1.122569057104335
1.7524834697040772
1.7594747529445383
1.7531685826260204
1.7326402674942187
1.7135715282936423
1.6977935150958516
1.6517594121151011
1.6041640421795802
1.5133880169102867
1.4323123951480137
1.3596593242284725
1.2696414747105205
1.1912835537635589
1.0930552449759596
1.7574839536018332
1.760783106088659
1.7515541273984063
1.7278533126246016
1.709246243842286
1.6870607227562477
1.6374205184888155
1.5897718948135557
1.4990404170670957
1.4105957917352496
1.3549546777019583
1.241646125867885
1.1636895650565835
1.0612195022001893
0.9976510916795385
1.0196856968788102
1.07535145877931
1.0986026940235327
1.110936585451849
1.1898913315271784
1.2139878548433187
1.2257694396275944
1.2143897845314175
1.3043610947823556
1.329030574611913
1.336496314955614
1.3387976634454448
1.3214817108479384
1.3821693055115005
1.4052277681943421
1.411438368421165
1.4137653914608492
1.4072407531258428
1.3909018744902346
1.349869850208211
1.3008577379542583
1.4532344376059838
1.4756209638101356
1.4809036793968042
1.4817581887399898
1.4715958121086639
1.4528625943985822
1.4053379578162388
1.3517994923201775
1.2386012484403865
1.1075435473275652
1.5316229706257587
1.5511867784194413
1.5548908787404867
1.5537263796040788
1.5390755882743852
1.516179906490061
1.469477947100712
1.4006429034744967
1.2755699528012523
1.1314597942810625
1.5738253533213473
1.5905536193420617
1.5926679279813847
1.5901829034148551
1.5724657908459205
1.5466377924811214
1.4874323864109746
1.4220054138815368
1.2880298491093405
1.615856358206237
1.6291640832207595
1.624467618192479
1.5733986983270662
1.4379563637604584
1.2941007463472167
1.1330889266685007
1.6459971292002602
1.6493741055293962
1.6480434000541244
1.641024843767084
1.6162040293833448
1.582807007007612
1.514250673068287
1.4392840170254786
1.2883556096845963
1.121998377319206
1.6574276119229563
1.6623775645745182
1.6569472378784462
1.6493835643496757
1.6195789827181097
1.5821555730471097
1.5021999638138137
1.4260714476209457
1.3058056076485276
1.267680853827736
1.0925277630387698
1.657890806223074
1.6592846258434732
1.652712957019165
1.6409897906524664
1.6069121579144514
1.568547421310859
1.4880260805688748
1.4046202316032481
1.239804395696393
1.060730026417391
