0.5707281929500244
0.581326131527532
0.567024949924141
0.5318490771523928
0.49153716196989156
0.4563132550159925
0.4196117412923792
0.38681249954144176
0.33979376323605537
0.2713470825794682
0.6156417085876392
0.6319402641978146
0.6361287230617909
0.6340518785433895
0.6030921277001904
0.5582736920040637
0.5172996887083405
0.4740855673836943
0.43540181070085426
0.39725234770773554
0.3605186022339386
0.330214344443393
0.27258722029016047
0.661924714053965
0.6691937071270536
0.6746146898394416
0.6797641776986049
0.6804747841934423
0.6641945088703769
0.6185391153349896
0.5728992224864801
0.5237667496708636
0.4795389990627344
0.43587928702965717
0.39394570932237966
0.35937587537593385
0.26394532329860465
0.7027381685172777
0.7153877104300598
0.7178770770827116
0.7205757007948492
0.72025675637826
0.7165631384185233
0.6777416948218753
0.6287963509597112
0.5739655919347693
0.5240612774018362
0.47470463209744473
0.42732396712059517
0.38832008345969554
0.3489742852370366
0.7571111097028783
0.7641729100027944
0.7689831075206356
0.7726941519992641
0.7728173783213166
0.7595545429088872
0.7123390201562574
0.6505082247169118
0.5921163578109179
0.533841377138824
0.47785086005943583
0.43184211955383145
0.38555415944589494
0.34511677457616474
0.7916435425743356
0.7983927931047422
0.8028854509330315
0.8055192208591925
0.8053147096603425
0.803078642332371
0.7713466113639095
0.707773786461091
0.6436210633803428
0.5785907931111173
0.5158998600185187
0.4644186036862471
0.41272873362832396
0.367659272695427
0.7423737176133379
0.6753793550315544
0.6062860608871184
0.5394055478350371
0.48447503853337825
0.38139592710136977
0.8287971547492479
0.8390503384763784
0.8388643473236645
0.8344268831583471
0.7802831286139245
0.7112505924815344
0.6378006516623913
0.5661507275279257
0.5072418572400338
0.4482066999532995
0.3968730778327017
0.8481009070936888
0.8567402280351782
0.8552757937452002
0.823360219727906
0.754929329860421
0.6768410434938237
0.59937194050368
0.5354423029037105
0.471466853418572
0.4159030735810081
0.3625033823385141
0.8608931592356464
0.8680272011369287
0.8664277368181823
0.8504932774905344
0.7896470385901428
0.708890608963575
0.626829623856623
0.5587517503864106
0.49062022478452333
0.43150613806982535
0.37479807158955347
0.8770335651736153
0.8752962789358849
0.8711029939038916
0.8602323221568182
0.8253265584414443
0.7973415743070217
0.7438868288481573
0.6572181069495885
0.5846221824571751
0.5117891755945285
0.4486864499143062
0.388246259530481
0.8787528681657351
0.8829398240620467
0.8772166786380963
0.8564932368433176
0.778681051697184
0.6882955134033206
0.611175790251428
0.5335328056778358
0.4662424675327491
0.40194212289231906
0.8846514709834792
0.8812187645850293
0.876976055860264
0.8605673828161949
0.8517196546069097
0.8194051514571302
0.7780813442860949
0.7272865371258453
0.6448902819692018
0.5611784427434087
0.4885528954273022
0.4191967216906356
0.8803528981184462
0.8767583704054308
0.8681689094119583
0.8510555988886446
0.828594786289026
0.796082944480032
0.763322571736998
0.6772225755305167
0.5878600819770208
0.5100374622407263
0.43565767016392276
0.5700927776245235
0.5627551047077609
0.6190338918119073
0.623767857300552
0.6001140349915687
0.6654448442297243
0.6579208283086808
0.7044841746551098
0.6742183483709979
0.7526052033024185
0.7496917185682168
0.7092274549326969
0.7860286509150358
0.7648484028877437
0.7901782498339722
0.7937363655639427
0.8108592491179478
0.8178651027354014
0.7756226756080506
0.8280942676899486
0.833925586389537
0.8148417537969898
0.8444616288276473
0.8375196463239263
0.7855491364898164
0.8183372712446274
0.8495128394309959
0.8568890569949955
0.8444714801537377
0.7753925773572748
0.8530990201207005
0.8129166741539049
0.8385637725984496
0.760099972408994
0.521804358067418
0.5316178066861587
0.5570280613765454
0.5671980485304849
0.5726846043472065
0.6076252596780878
0.6180497292558732
0.6231674394991609
0.6237339186309029
0.6195003257345659
0.6566381980801465
0.6667197888444513
0.6710800253595846
0.6704692137099703
0.6643714997446164
0.6421881992865958
0.6885745194180046
0.6980562850545462
0.7017160635050338
0.7013468908561956
0.7001087132162557
0.6972105098727478
0.692790351846463
0.680988929395829
0.6672059375459299
0.7168364711639433
0.7257571172143343
0.7283791806749726
0.7254539928779967
0.7218240833343763
0.7166570541849744
0.7028581186724555
0.6880967602066909
0.6587136534449737
0.6294005632726101
0.5713646255969573
0.5446738418847499
0.5064191547883125
0.7463200107006516
0.7539166864222817
0.7548675108203285
0.7533533545302444
0.7500897298592937
0.7444826095882061
0.7393556335060145
0.7231604615102969
0.7065799855377517
0.678613236854636
0.641751196440442
0.6162465391876403
0.578997778869636
0.5491974858755828
0.5089386474956691
0.7607865310736048
0.7669596848251664
0.7671721996491111
0.761317199793229
0.7559407657363598
0.7488116580229819
0.7312797816058924
0.7134433878253639
0.6792061858736486
0.6449232015955657
0.6178493156436811
0.5786117583268012
0.5484586262731282
0.5057143989668825
0.7737914009281763
0.7782094959079987
0.7767797882754447
0.7691689940856214
0.7548296447944749
0.7164343462600403
0.6438245815439695
0.5737029976277529
0.4975046786611564
0.7815472878561829
0.7802749954772193
0.775802344374978
0.7642945224454941
0.7547520232798571
0.734504540578887
0.7133711819464985
0.6758160844940162
0.6379313912306916
0.6134975717170312
0.5653619454957864
0.5347190915221351
0.48740956951202374
0.7796635753638052
0.7804152452335316
0.77565792030976
0.7645201558425757
0.7549370367403718
0.7471632466418919
0.7250197613651055
0.7024685076223828
0.6600735689250231
0.6224702748664114
0.5890177426329524
0.5476313601143037
0.511703414032935
0.4668091596639818
0.7737178647245987
0.7728467198201475
0.7668336545752292
0.7543999833896277
0.745172185230882
0.7343958281292787
0.7108379969402757
0.6886079761482071
0.6465749160766912
0.6060518978048859
0.5806203618702427
0.5291191036753496
0.4936675564115947
0.4473251738086002
0.5034264260166792
0.5137026131693881
0.5366099964718711
0.5472087373357856
0.5522674070636805
0.5840355023790227
0.5946305181891218
0.5991193427625338
0.5911547605408369
0.6294345401834646
0.6398054921215083
0.6425510866880572
0.6429915679907164
0.6320350232217862
0.6588865823924372
0.6682537815500995
0.6703784275061258
0.6706353769895799
0.6659754662641013
0.6568813427894687
0.6353986452138576
0.6104016256645207
0.6844676249613201
0.6932579008229492
0.6947292024801726
0.6941294595362978
0.6877547846320268
0.6775992536028771
0.6531586511298751
0.6263212278732869
0.5703639555039474
0.5061379515207509
0.7105630572287637
0.7175601290609067
0.7181281133686633
0.7168240231620187
0.7081393526057693
0.6961207464727502
0.672600249903788
0.6387120227103023
0.578012787843232
0.508665037986948
0.7232083807469987
0.7287754084970804
0.7286716290083313
0.7264659627176452
0.7164281966403178
0.7031353057735962
0.6737541560654678
0.6419403012675314
0.5776600695180123
0.7335617714358422
0.7373500546762719
0.7329981211335284
0.7063726521003741
0.6409266974919691
0.5727900981906122
0.49725668302996184
0.7391877196007198
0.7395600884282367
0.7378847849370289
0.7334866719927995
0.7203331108923764
0.7037052713778651
0.6706880907495198
0.6351516154590273
0.5644963124890479
0.4871748627072966
0.7352731228641738
0.7349481302592712
0.7311363876482163
0.7268459825380603
0.7115542162991769
0.6932870164375039
0.6554313157677409
0.6198939365758028
0.5643627615939214
0.546831122208863
0.46659708389408394
0.7278552814094199
0.7259370322812708
0.7217414777825197
0.7153376409931814
0.6982559941435278
0.6798836159720126
0.6420716552605841
0.6036227971257921
0.5283797696548228
0.44713206120922483
