1.4404766060908138
1.4727152887021473
1.4532672327845448
1.3763813882780307
1.2839877710730416
1.201117450957755
1.1129143034584572
1.0324260008494188
0.9141633170274917
0.735694431301799
1.5972555220451126
1.6463696762059554
1.6615629657055255
1.6635686722900387
1.597659854112785
1.4923396064719086
1.392880884442736
1.2857846394558397
1.1879129842247735
1.0894575818073833
0.9930750812386244
0.9121775170320695
0.7552070348286337
1.7598822912796088
1.782217336392207
1.799615317171596
1.8181248764548812
1.8216167838978152
1.793579553559171
1.6851778901655028
1.5717162320749272
1.4467711588823555
1.3320294162313038
1.2166606046905335
1.1039691952282644
1.0096055820959218
0.743001720139402
1.910323817269723
1.9515944510333674
1.9605751975866572
1.9727682009505525
1.9749259698590476
1.9695843601068033
1.8789296921743754
1.7550445968626867
1.6123111086511572
1.4797925652723993
1.3463871098119466
1.2162706603234426
1.1075955918217806
0.9964743607232631
2.120925986242846
2.144923773489737
2.1623259731382554
2.178663031908384
2.1808583896837175
2.155428781676734
2.03518932382314
1.8695994951833022
1.7095720098640297
1.547108090073355
1.3886903271940008
1.2567834227842976
1.1224247640541156
1.0038347876610405
2.2627910257956896
2.2864456463705234
2.3034618606515855
2.317097982947813
2.3185481714643914
2.315973758137254
2.2380893566013476
2.0655740133557545
1.886191537784118
1.7010850341881147
1.5200905575385049
1.369606164986932
1.2167462761583174
1.08211605304196
2.185545644342952
1.9961469344213731
1.7971556411996361
1.6018225755218631
1.4394594220796972
1.1299966461428919
2.424845561299937
2.465247276320647
2.4717628147697073
2.463159366831487
2.3183436782672677
2.1212841098463318
1.9071345482793947
1.6952832236705055
1.5190846403642557
1.3406340894386477
1.184058253612031
2.515552591130636
2.5512211131593823
2.554259962494505
2.4716400342451137
2.275052028819587
2.0442953384094973
1.8119826556103937
1.6182241456403978
1.4222393526722554
1.2506460326338755
1.08475051936873
2.5800711887554764
2.6104939104375986
2.6127395583443134
2.57302988945779
2.398463807591009
2.157661722094635
1.908950465403416
1.700471601169527
1.489654107499597
1.305364514116583
1.1275922317577245
2.665304978462515
2.6655187061634202
2.656092808101755
2.6272588409056037
2.52696708316015
2.443809560089518
2.2824447213974466
2.0168996876743375
1.7920713068170415
1.5644905085222562
1.3658212191032877
1.1746376909080436
2.6879393839502357
2.7090700475832614
2.698731351805451
2.641374572434237
2.407321977726823
2.1278301322679436
1.8865622573105407
1.6415335113668277
1.4278130354242433
1.2226098180302636
2.743987783113235
2.737489680522619
2.7265486872952764
2.679952245069707
2.653835765083228
2.55531879378226
2.427263459626907
2.2676872797581766
2.007131039062449
1.73991468315009
1.5066712522382393
1.2832670975655485
2.7560256820688944
2.7479109183716903
2.724122967539097
2.673066425248103
2.604255146756752
2.502010950460774
2.3987110915689347
2.123626886832781
1.835607159809413
1.583401436916913
1.3417858418361794
1.4475957682120675
1.4422340581808428
1.6161894491367637
1.6361164343221726
1.5896061705341613
1.7834355954428727
1.776164081159623
1.9352197253631174
1.8687951152924434
2.1211994624464046
2.126126999742937
2.025869582601307
2.263900595031789
2.218223102255629
2.287060640142126
2.3211472094482177
2.3772771702396676
2.411295774517795
2.303642989556266
2.4602301591919193
2.490488951589465
2.4444050268683912
2.5419177157385895
2.5311089930249744
2.3851595418525666
2.504048130500624
2.595344454598972
2.63154964777026
2.6015799260353196
2.396400508043676
2.6510209455636216
2.5335532442459656
2.6307953883216855
2.3877973217469917
1.3280227836546852
1.35630448805367
1.448278801423206
1.478706765903865
1.4969220407659622
1.6290032769471745
1.6618312770067483
1.680278129896074
1.686657625370705
1.6801064368832297
1.8141840681805244
1.8478769670331665
1.865097024783425
1.868862663820441
1.8571817557066828
1.8038082172067016
1.9414495092237616
1.9744904660593177
1.9906312088156641
1.99294928786175
1.9914439232364987
1.9859121615396749
1.9759697267459826
1.9470563528678715
1.9115345444686267
2.060126196839833
2.0928331915130323
2.1060092870775184
2.1032081118405763
2.0953053897350293
2.0828604147451024
2.047359958254134
2.0078118251218204
1.9271286156591545
1.8450645219242041
1.68003696751519
1.6034007317523478
1.4924958045363792
2.1928562494497066
2.2219066712635076
2.2310561248097103
2.2292751217204274
2.2224675373474048
2.208678984075852
2.19525006648337
2.151390637173135
2.104897209243839
2.0249861632302726
1.9180036431784588
1.8432909296112479
1.7333128926479098
1.644668834513164
1.5241141401334828
2.264380064414827
2.289990665434441
2.2961354846889215
2.283717468376979
2.270023400026027
2.2507963869435454
2.201594905148901
2.150301384503196
2.0500400411858584
1.948371034380789
1.8672411925323207
1.7490673185179244
1.6575937925607287
1.5272975247474105
2.337354330411839
2.357784448839252
2.3589056108019455
2.340419339690168
2.300620370700901
2.187902570577522
1.9680721188057955
1.7526376203360017
1.515663584483472
2.389012452250547
2.3922596270365966
2.3814816106568473
2.3496757919744615
2.321974561593507
2.261692129515802
2.1977653572413516
2.082399938030582
1.9652094435627814
1.8889586995278351
1.7383630203108493
1.6419950149522426
1.4925020222380885
2.4112642775155986
2.4197955133348037
2.4091457226007393
2.377968142383236
2.3495502648786535
2.326062288584942
2.2579531347004487
2.187922147724201
2.0544476104691443
1.9349993615000676
1.8286290444449704
1.6964305058691422
1.58123631779271
1.4368054423008614
2.4137678490617893
2.4162981835845523
2.4008919094094994
2.3643221648235975
2.3362086965956714
2.302973568321229
2.2290844008181585
2.1585181479994846
2.02390042778046
1.8939674855299684
1.8119875183574239
1.6451344933694394
1.530352264011197
1.3796153677374619
1.2868967877059259
1.3169156655680794
1.4010016027897874
1.4331490357663288
1.4511077672580552
1.571605998440909
1.6055757186730972
1.6231256295455496
1.6111368896741574
1.7444953866775017
1.7798007628922021
1.7910982536928821
1.7948855510989574
1.7740444045261403
1.8630720320516192
1.896334934880884
1.9056812972694637
1.90963126182047
1.9019713840350188
1.8804475664053808
1.8251591128183995
1.7582356926729292
1.9718004442911847
2.0042864434732506
2.012203440244622
2.013990865194469
2.000855054818554
1.9754161583211387
1.9099181125757818
1.835490822456135
1.6769055360091718
1.4916095695701688
2.0915980539428127
2.119875527709281
2.1254703872849565
2.1240526421713453
2.1038189471055677
2.0717128529275493
2.005856993133596
1.908303707618273
1.7301530183825506
1.5232318406364822
2.155429464741212
2.1794005780999464
2.1825056014583386
2.179032540582846
2.1538125532225156
2.1170369707059424
2.0324263232878885
1.9387114286506484
1.745972824897187
2.2179864759384733
2.236509940967736
2.2292292979753494
2.1548545406097137
1.9585387363986497
1.7496259017523816
1.514843807096728
2.2604946886552955
2.264739786800989
2.262304058725268
2.2515980766701467
2.2147473774711437
2.1657167292403714
2.0654207124185495
1.9559710381429645
1.7354818199110267
1.4917204636027213
2.273626463406161
2.2787254900003338
2.2696446343732415
2.2578222881839047
2.2127134375427926
2.157059851545062
2.038838663776074
1.9263376783844675
1.7498218479745036
1.6937410588510693
1.4360943856911172
2.268913321753732
2.267937842877878
2.2568613326308893
2.238422101415279
2.186473811078404
2.1289656343024808
2.008661501775734
1.8857507540458
1.6426395459240362
1.3789668045209267
