1.1246380266965732
1.1555447279506712
1.1596751777988012
1.1167459592237232
1.0619275237668633
1.0122777501446603
0.9594948392667481
0.9115819447951459
0.8417780552405871
0.7377802800849601
1.250960017699547
1.2962519448707135
1.3129423537375502
1.323474160977999
1.2931263879959323
1.232075713508636
1.1725626708393777
1.1080549219034748
1.049132402133051
0.9900070207010533
0.9323510883794253
0.8841199631219328
0.790603647486353
1.3870822378402348
1.4075863723955104
1.4243544538789146
1.4443813376988712
1.4490329938281854
1.4489931446154471
1.3894451566562545
1.3220524426188327
1.246519111318179
1.176823843141373
1.106680674771196
1.0381946343195152
0.9808701238529578
0.8179351720438237
1.5161184175771745
1.5559602595389572
1.5656343384306117
1.5813760025902066
1.5874015113703603
1.5901770727082833
1.5475364437624148
1.4753634999869902
1.3890399026923483
1.3079712283760272
1.2259444793268335
1.145715315449234
1.0785293758693462
1.0095906415496387
1.7041208405752772
1.7277521509547098
1.7462734359643686
1.767371615488535
1.7719076044167106
1.7731423952018015
1.7098905263347373
1.611005809694421
1.5124177529037508
1.4110716179814244
1.311463008926835
1.2279642855573976
1.142313660781503
1.0659060453223694
1.8375566545868476
1.8618307719804343
1.8810804418690343
1.9010197494985401
1.9057101182154195
1.910432335603614
1.8800551091762956
1.7804475629054464
1.6700341558989469
1.5536100216401483
1.4383417934721054
1.3415612883515702
1.242308731544226
1.1538006538871657
1.8843532140544947
1.7683884098261153
1.6427907832858015
1.517517719754821
1.4121554487016679
1.2077770322286285
2.000175258356232
2.048189569609567
2.0664129658555814
2.0694352735183665
1.9996366857646437
1.880560052210611
1.74512746535885
1.6083063532513957
1.4928768552066534
1.3744765829499306
1.2689495584850259
2.098979909180727
2.144216291888784
2.162091529946198
2.1331610166070956
2.018788675140199
1.8731473198668958
1.722061073695926
1.5937695347231764
1.4620421216046955
1.3446753240008378
1.2291220208694007
2.174650640241811
2.215394729894721
2.2327832974889605
2.2252499472920615
2.130106102097133
1.9793174616638884
1.8169310874571352
1.6778127181498876
1.5347145557445554
1.4072176647576604
1.2818049862295873
2.2899455077057547
2.3035794903044917
2.3058926252119947
2.2975987230414416
2.246498169608271
2.1974925428083063
2.0965386293230917
1.922946460913445
1.771801899877417
1.6157495737136032
1.4766780990798345
1.3399993960581336
2.32236170326096
2.358092209654908
2.3707372807431724
2.350803983043203
2.2144843476055853
2.0323535781163202
1.8692053713480357
1.6996158893237276
1.5482966474346667
1.3997007919228501
2.432077657712991
2.4399593226888032
2.440204917141892
2.423511919756363
2.4106908333685975
2.355110652702574
2.275493757907967
2.17105177208439
1.9941707159819335
1.8073591101814792
1.6402346401237553
1.475758481398263
2.4886737950757656
2.494213232503048
2.490536762351281
2.4683186392428484
2.4307182469391626
2.3685092399253844
2.3019252403880106
2.115770161721806
1.912930995794172
1.72973906052863
1.54981745555068
1.1396344916487493
1.1508900851018824
1.2772172152458392
1.301714319313087
1.2866329112906492
1.4227406813192744
1.4349895767531573
1.5625833421305322
1.5392303879623759
1.723734150499349
1.749186718800272
1.702096962782408
1.8677195599325733
1.863446921227067
1.8808291263712116
1.9499796872592856
1.9755197256929866
2.0260747857137122
1.9869986599263172
2.068121282771726
2.117090191762896
2.109728256942967
2.1725068217402215
2.189095939834965
2.118302424297136
2.2261349918875317
2.2513354969288617
2.311781945662723
2.3153898102476
2.204414284706339
2.385367587631524
2.335373799436965
2.429118219842286
2.2913732396901443
1.0498454915224555
1.0758903342033195
1.150639320031086
1.1791370048937166
1.1982605422139438
1.306310844026843
1.3380802521646356
1.3586841177579578
1.3707117052684437
1.3732814952531394
1.4728026878232572
1.5070001579276622
1.5281823072430358
1.5401016568211339
1.540417035232147
1.5165366184992757
1.5929068385988494
1.6279429945954416
1.6498065701800408
1.6577716812089096
1.6603670955958139
1.6612847060338682
1.6590990283790246
1.6471351376759105
1.6290578398336775
1.7110411402966563
1.7477698370717973
1.7682564837873227
1.7776977166574282
1.7774900224750116
1.7738563768780289
1.758068496502529
1.7373456949187194
1.6911702994521676
1.6418140202781981
1.5393519083757772
1.4910135418783332
1.4203822527204828
1.8540756272651226
1.8897173382864945
1.909190255836979
1.9141352391472901
1.9158663000490106
1.9130556389556388
1.908154520332195
1.88728424262389
1.861962841055864
1.8151268439259551
1.7494125188609813
1.7023867794058627
1.6319957277396575
1.5747318653075415
1.49587916288
1.9394105459118098
1.9739624908509952
1.9919625294076526
1.9961928585111601
1.9927321418179282
1.9852575510506583
1.9608857290289385
1.9321786682417388
1.8720886464668627
1.8084422543043102
1.7564997150351895
1.6796786599167912
1.6193891935458464
1.5325538830720813
2.038377566249593
2.0701741924082313
2.0859544215141
2.086689955793077
2.0711663277575028
2.009260933905653
1.8713156464506107
1.728813114396662
1.5677157176163807
2.1233664882981773
2.1470957846071594
2.1489228042590383
2.1394173092416
2.1265272211294977
2.094027276293065
2.056254505830233
1.9838098076667747
1.9072368583309829
1.8564070150104386
1.7542039125917492
1.6877991819199067
1.5835007191943555
2.188676769094776
2.214064362785173
2.2224299153144593
2.2148123385793235
2.202302139239307
2.19033939914963
2.1517076378318594
2.108708867409524
2.02198221100057
1.9415081362489826
1.868127995564373
1.775491541818098
1.693424621682102
1.5888958289472948
2.2357380093100327
2.257040363721392
2.261843725393193
2.250291754888275
2.2370572491983656
2.2193047072298224
2.1756924095136325
2.1309677952421584
2.041954838595003
1.9517546526649645
1.8940727366472365
1.7741954219813505
1.6902433067149867
1.5780847828523044
1.0246704378209393
1.0529068286080867
1.121752624501727
1.152601551468577
1.173143700129514
1.2712506066512879
1.3051362238871664
1.3269264466578508
1.3334125438685187
1.4299213715080064
1.4670981839603991
1.4816935257773487
1.489007226331396
1.4916264440894764
1.5446768150174954
1.581483441971543
1.5945067325197466
1.6036685764269165
1.6091659208881492
1.6026744724112614
1.5755091493234101
1.5378177328838964
1.6561505509531778
1.6944789060615397
1.707308918601127
1.715453509142847
1.7182856783581408
1.7094086038764995
1.6761064636729657
1.6333106824485208
1.5364829900590309
1.4195366894708545
1.7903297098375495
1.8277100614876602
1.841212188128094
1.8464514206448233
1.8456516488116654
1.8326634023956583
1.7979976055629987
1.740564420781153
1.6290136417159609
1.495008181644608
1.8702538123762935
1.905229248383768
1.9160858013366722
1.9220731552994352
1.918375682030564
1.902305023482199
1.855995246231866
1.7994608706523518
1.6766939053807972
1.9614593202630524
1.9941011585479702
2.0068893564179686
1.9789247510916748
1.8622126779126675
1.7258199834173755
1.5668569663553682
2.039665760526845
2.0527550935968537
2.0597686014217538
2.0619548361133853
2.0504453304611037
2.026164090958287
1.967511662524682
1.8982116789360421
1.751265904898143
1.5826575430790657
2.09697150173715
2.12198532923936
2.1270540033569083
2.1257520116645883
2.108333242314051
2.078756195082252
2.006479058992851
1.932721423945143
1.8118500226234922
1.7726315404357242
1.5880900653581815
2.136730024220389
2.157906558256953
2.1605023403258494
2.1565998781511566
2.133717796082504
2.101489493532315
2.0263863324352203
1.9431595276789655
1.7714473863905136
1.5773190380621578
