0.86168673331559
0.8837685984027694
0.8827936651138654
0.8465955943343391
0.80122270217504
0.7601797784623356
0.7165354196096975
0.6769196815497117
0.6193866256821462
0.5353702176001087
0.9715876746642669
1.005048920238253
1.0169338827855436
1.0232074707482828
0.9953738506136418
0.9436719059533837
0.893698323809325
0.8396591491776929
0.7903610875687506
0.7410357554427847
0.6932385328526705
0.6536749973926312
0.5790580895485149
1.088453220814452
1.1039278052714785
1.116449195137918
1.131057144851345
1.1343306055301352
1.1298835879562605
1.0778930518617829
1.0204109567494035
0.9563567366678731
0.8974149773973827
0.8383123126917879
0.7809853734592849
0.73348955457195
0.6037538399689897
1.2010474020999555
1.2313803479867438
1.2385920693625383
1.2499582917403287
1.2538857593257426
1.2547818512589406
1.2150812758272962
1.1523568141308196
1.0782180499993186
1.008891025547562
0.9390768628612703
0.8712623622604112
0.8150327289954247
0.7581116454722886
1.3670677485486975
1.3855184297261554
1.3997737497537819
1.415461791600738
1.4186380584478413
1.4156076630407546
1.3578802692451923
1.2710423220194718
1.1853049011903567
1.0977221536683417
1.0122841542974326
0.9413450861234155
0.8694558165506506
0.8064169931697509
1.486187819578884
1.5052721874343442
1.5201628401260112
1.5350737872864777
1.5383071824882693
1.540986195772164
1.509964398267187
1.4205094471709827
1.32317153928349
1.221398216976901
1.121456299806278
1.0383330469293184
0.9540512077935585
0.8800531139927431
1.5130964024884588
1.4099183350151991
1.2993524876990903
1.190012847683446
1.098929427749538
0.9253930802799782
1.6322318431214027
1.669963649905436
1.6830428125064636
1.683800674947881
1.6166983862198334
1.5094707935475369
1.3892559817001031
1.2689636091984544
1.1684608491802195
1.0664661546594685
0.9768370518230909
1.72112255977838
1.756810809388279
1.7692881981801973
1.7381004368164277
1.6330253854740313
1.5023218283368334
1.3683135740495218
1.2556541870131335
1.1411840640783706
1.0405541021573839
0.9432116008581929
1.7892088441224876
1.8213757414510536
1.8336276054559664
1.8229050272855534
1.7332608588801925
1.5965678378839017
1.451472825125394
1.3284746964617329
1.2032719574273771
1.0931683449482812
0.9866609253632568
1.888456067320286
1.8979214845807617
1.8981327711036626
1.8883244606767624
1.838931680254808
1.7933983722108306
1.701149166846089
1.5446866867183189
1.410076328018488
1.2725724004712415
1.1515699312974967
1.0345414227523373
1.921446183212941
1.9493156479944536
1.9567874165437609
1.9347641766363806
1.806765853980268
1.6411229409793837
1.4947445207734869
1.344282717645073
1.2116943807617384
1.083493416603768
2.014537583931616
2.0192205505637206
2.017793833009878
1.9994409125525048
1.9866337217286247
1.9335350939618432
1.859503058401332
1.7636982345606214
1.6035031465529272
1.4363524719671996
1.2885296884551933
1.145604475103599
2.063220006329157
2.0659858146908037
2.0599014862630143
2.0367378693032556
2.0002713634608855
1.941562473928839
1.879698196410102
1.709386035962042
1.5264817221911822
1.3634994636905295
1.2057985152939772
0.8709407914359976
0.8761694261291652
0.9893956279047948
1.0064447761792883
0.9903810983261813
1.1129154375803683
1.1189217950836483
1.232816488384663
1.2084896592882104
1.3794253482150067
1.396150855095414
1.3515740184617047
1.5057592415357555
1.4963147739274947
1.525360523098757
1.5756093920444008
1.6089714163426072
1.6474946884053407
1.6061741743525484
1.6923802161476498
1.7297757241393692
1.7183761380095326
1.7823477053729384
1.7922316577105017
1.723306845255509
1.8216203787334542
1.8586978106151364
1.9061186072022038
1.9044279668886392
1.7982100305066304
1.9684369257608978
1.9162982925585021
2.0029336135739992
1.8706953889800382
0.8022328614501553
0.8210614792265887
0.8872253081046867
0.908114537147762
0.9217853198673547
1.020335640779006
1.0440526511405286
1.0590394657738904
1.0671015044650198
1.0675433813294264
1.1648034448933016
1.1908052210898794
1.2063687030628512
1.2142713586252623
1.2126795110510697
1.189937955377813
1.2701918410498159
1.2971957683999908
1.3133276908489153
1.318668255771306
1.3200808827091695
1.319870175661329
1.3170105428346794
1.3051959336030345
1.2885312606333459
1.3746218884649466
1.4031517666294622
1.4183296771344245
1.4240608815124447
1.4227418743537148
1.4186020453059005
1.4033063614850532
1.3841619744018587
1.3426909435904393
1.2988799742579213
1.209167772897678
1.1671420139204796
1.1060531513683685
1.5016769912313936
1.5295251002240349
1.5438998548132645
1.5469605567249824
1.547168388510642
1.5433125400620888
1.5381940762064117
1.51811534707397
1.4946881757812998
1.4522861041213597
1.3935864177776691
1.3519236963312518
1.2898767120439683
1.2397625380723274
1.1711131287377747
1.5775153248670961
1.604568394872623
1.6176006926975843
1.6187755689204697
1.614566211429966
1.6068391265488258
1.5834486409736246
1.5569186323842357
1.502365469969154
1.4453252063291335
1.399094386057466
1.331177613949072
1.2781874208374764
1.2023231211503664
1.6651571367099245
1.6900488411678234
1.701113124729341
1.6990616479755323
1.6829092480178278
1.6246997948738076
1.4997642927502646
1.3729419003235142
1.2313780091481232
1.7382371269283796
1.7552534903983559
1.7550915165381218
1.744079985378148
1.731296874429788
1.7003456713544927
1.6653014324360051
1.5991119906939184
1.5300576362478338
1.4844798425312669
1.3934743772443738
1.334785165178418
1.2432197822844404
1.795982556665985
1.815145148278805
1.8195248803050994
1.809885595991385
1.7970909527683825
1.7854087304328623
1.7486856718532144
1.7088180056702726
1.6294784749770381
1.5569758423208568
1.4907535536601078
1.4082176513700602
1.3356164375041202
1.2438421044679873
1.8350446991520737
1.850504685955749
1.8517531814793027
1.8383449880897242
1.8249863748781703
1.8077555013306965
1.7665332201125252
1.7249979829299276
1.6434909190375329
1.5617488149954672
1.5099619522854142
1.4030361616485039
1.32878449014267
1.2304356292455356
0.7815713139370639
0.8018959996224035
0.8632018737864605
0.8857135184275062
0.900123001202881
0.9906022145008511
1.0158081388670137
1.0313157282715921
1.0332497123658848
1.1277949200352961
1.155948758819192
1.1665922815469973
1.1716524136399156
1.1701038171749831
1.2280476377984428
1.2561624946942818
1.2657917698795185
1.2721521986416597
1.2745094278925746
1.2672370334788274
1.2420082838034643
1.2084034376102313
1.326180315458637
1.3557437058964859
1.3651707438081286
1.370728582263164
1.370745909011927
1.3613338168905618
1.3304117569330498
1.2919664673915163
1.2068471702877936
1.1053733753975483
1.4447524823349285
1.473748793101496
1.4835421934198452
1.4868217585132426
1.48356512628868
1.4704139233570985
1.43813235305178
1.3862998278078358
1.2874354660084872
1.1704051742901695
1.5152721456181284
1.5424201954665624
1.5502871266378018
1.5539033817998447
1.5479090893528205
1.5319893226335686
1.4889804366598736
1.4378798771408787
1.328719637633628
1.595552010628854
1.6207063381333557
1.6286324765125129
1.5991971476240998
1.4921699349870883
1.3704637808767879
1.2306736879410378
1.6620837377486712
1.6716699926671712
1.676425579584972
1.6765238056221712
1.6634737621782014
1.6399061190621023
1.5854147251450752
1.5225044425533671
1.3910368307377843
1.2425277129753873
1.7121042072865675
1.7306084773673294
1.732964956534487
1.7303973427818324
1.7118583155534337
1.6834563863640841
1.616423526464059
1.5496098690957787
1.4407981603579594
1.4058455364503135
1.243182770808148
1.744469787489783
1.7593503513011994
1.7596364693265825
1.7543183891780751
1.7308880367063884
1.700042661138987
1.6303871151150995
1.5545570387978398
1.4007647394484597
1.229812835258145
