0.9789926168400028
0.9974291921020486
0.9742705338835925
0.9151449450403852
0.8469850521241213
0.787193151398127
0.7246616137752578
0.6685652175893803
0.5877543856243038
0.46907211396200876
1.0631721927547095
1.0917876225848835
1.0994127136472835
1.0966174126416492
1.04506290111441
0.9693688550845905
0.8997723814886283
0.8261522772969622
0.759960213604703
0.6944031420806038
0.6311302253716191
0.5786927777617235
0.47832177014570837
1.1507416225607083
1.1636606337046396
1.1733966539119751
1.1829173406597218
1.1843604815571498
1.1584080877922653
1.0815863524882712
1.0040699014342345
0.9203005596402419
0.8445766614200245
0.7695526686868822
0.697230496077716
0.6373904481715584
0.4709299679126853
1.2304233207091202
1.2534982999114843
1.2581806652084844
1.2636982483034962
1.263673804343119
1.258089924819983
1.1935777793443996
1.1105891750176127
1.0170180491124219
0.9314824054729491
0.846557502545461
0.7647424709161172
0.6971526667303669
0.6287372892312837
1.341260291771495
1.3545693521812416
1.3638827581778692
1.3717749077007688
1.3724415003273502
1.352218562115508
1.2730646504684162
1.16760653114537
1.0673293925890832
0.9667912877095951
0.8698263431360309
0.7898706776468816
0.7091480206896331
0.6383567291920719
1.4160538982012645
1.4291849270165229
1.438313742315972
1.4447338260466893
1.4450016355131547
1.442378414634626
1.3907921652287916
1.2828481846906432
1.1725922074965764
1.0601399809567036
0.9513759917047432
0.8615151779307096
0.7710706824037505
0.6919152800201761
1.3537016856888824
1.2385788069692443
1.118940033318565
1.002561221038732
0.9065811827382989
0.7254662788238354
1.5030292971254784
1.5252370554862504
1.5277284563341635
1.5217308034687442
1.4325449308213032
1.314158225626363
1.1868141502525982
1.0618522609790078
0.9586355745122248
0.8547816989066466
0.7641063408753105
1.5533495111909237
1.573304212282106
1.5742864173967355
1.5242412039025313
1.4078230733823296
1.2723554151937935
1.1368604503107054
1.024468517646933
0.9114244842319866
0.8128460606286018
0.7176942864527245
1.5904536598823371
1.6079655944036992
1.6090437254736685
1.5856437090488675
1.4837324532331073
1.3438459557298024
1.2000297775110047
1.080014619536911
0.959145818916636
0.8538405808493994
0.7523423151806814
1.6419234718827354
1.6424304557402079
1.6372979768971643
1.621020961281943
1.563647325955737
1.515957975363735
1.423353875102777
1.2712436666690927
1.1427653125030164
1.013064563107868
0.9001489470864859
0.7913639492000321
1.6582157153986088
1.6718390846238302
1.6673469814333883
1.6360120246268874
1.5040876634205178
1.3454899234199742
1.2085771187807557
1.069701849206475
0.9487103034747895
0.8322528507824266
1.7015001122575144
1.6993860882746796
1.6942214489498746
1.6697964005576407
1.6555649239084802
1.6015044424607996
1.5301439599544735
1.440749636501226
1.2941670370346026
1.1435967483812266
1.01205201153688
0.8855244169064392
1.7212278946247066
1.718657509733157
1.7076773006887342
1.6814234234748628
1.6445928654411333
1.5888042156431084
1.5318179459947967
1.3785850305358502
1.2171089877559993
1.074987483174442
0.9384389034978963
0.9785525890016371
0.9669857443153621
1.0700326145551535
1.0789239966261854
1.0399262706776138
1.158705280929956
1.147494508869824
1.2368886505423138
1.187367908074872
1.3363983630160572
1.334573623709249
1.267467760493352
1.411308180370187
1.378956570891709
1.4239853271530762
1.4386725869663832
1.473233676341439
1.4910574821792433
1.4238321268686345
1.5196561731644378
1.536297024905303
1.5081198217385923
1.5672405990129141
1.5608240431752023
1.4758025870611853
1.5499534578766436
1.6037739796729074
1.6272732846227738
1.6121547511008496
1.4974493319299562
1.6504281377699024
1.5881689072647367
1.6552958269321585
1.5249107733527725
0.8965565670047082
0.9134994259201691
0.9621263541080202
0.9799081399812944
0.9896640493111889
1.058978992967595
1.0776355942414388
1.0871229640991789
1.0887725418281418
1.082142137358403
1.1570435736470497
1.1757394362133924
1.184365284316316
1.184415915586058
1.1748764375366019
1.138002002876968
1.224433920717901
1.2426252319315925
1.250507156708543
1.2507566436429254
1.249116934650773
1.2447440216422863
1.2377189773385888
1.2183114240257935
1.1952041702666578
1.2878847414886638
1.305833103590524
1.312296540666563
1.3090766092469337
1.3035767741780893
1.2953579980794265
1.2726582568409035
1.2478793479708965
1.1979241005529868
1.1476439298667394
1.0475675787869707
1.0012079845165962
0.9347258200388466
1.3608574017902904
1.3771515859865027
1.381693014178178
1.380253594321643
1.3758124892592616
1.3672352571299184
1.3590485771540521
1.3323875610077685
1.304456903174644
1.2567343384796343
1.1931784300102117
1.1489640107158778
1.0841035019617538
1.0320717744054546
0.9615257103994993
1.4020646366420295
1.4168143365843338
1.4202057401392172
1.4127124350149847
1.4045484023681674
1.3931760037041538
1.364274224747675
1.334134320011941
1.2754432148551944
1.2160666210482907
1.168865719505102
1.1002076002214596
1.047243188830844
0.9719352781875699
1.4474602879252323
1.4598784632882382
1.4612020812875048
1.4510845032185757
1.4286043387471974
1.3642510300492947
1.238325485704157
1.1149865112085826
0.979671447277579
1.4832151911232674
1.4870026059329082
1.4816384653306722
1.464584549370928
1.4492997247825432
1.415677932050886
1.3796825847332885
1.3145693727667076
1.2481273093401481
1.2049410540443726
1.1195038650751425
1.064839243870777
0.9800986504188383
1.5079754083344121
1.515876188402423
1.5124501170822067
1.4970016525157046
1.482100199498886
1.4695635492862371
1.4325581092545419
1.3939339044661196
1.3196766590301652
1.253018716659677
1.1931653417837427
1.1187673762502002
1.0538926741679855
0.9723496084725665
1.522749689941277
1.5282093284604583
1.52294583948417
1.5055247853543743
1.491158071703683
1.4736654908175115
1.4340829512500628
1.3955748829217585
1.3216073242374744
1.2490567237822972
1.203186283204387
1.109612823163449
1.0450172589363396
0.9598067013119042
0.8656332763764023
0.8833910566047822
0.9276908743347898
0.9462587158507333
0.9553529804924683
1.0190415682884166
1.0380945144474771
1.0466174209825672
1.0341970194454104
1.1107426711194974
1.1301371432199812
1.1356665748447639
1.1369762642979568
1.1199510758604156
1.1737414914790232
1.1919365589465452
1.1965326821054407
1.1978759468695546
1.1912592788756762
1.1765658551247133
1.1406454665080215
1.0981823290868662
1.232336679129178
1.250156622258253
1.2540855337169272
1.2543296857915072
1.2449690110242417
1.2285899396668314
1.1876731488634784
1.141937597708236
1.04559231906447
0.9341935376945354
1.2991051139076453
1.3150123013046011
1.317894288468895
1.3168119152478224
1.304134613297613
1.2847247142853282
1.2453350367551588
1.1873793266309358
1.0822009404086104
0.9609882530982591
1.3368402437823472
1.3508179160555283
1.35259198233145
1.3505194034224195
1.3358549373214386
1.314278171018021
1.2648860210583792
1.2102506110821674
1.0983242202377552
1.377210994292945
1.3890133712921557
1.3858266641902688
1.3443515311417238
1.2324967487145226
1.11311524347537
0.9791497906112542
1.408810459699093
1.412203334750288
1.4118176757766268
1.4066832236336226
1.3871181629565785
1.3600959484199457
1.304077812547715
1.2423816435214292
1.1176739983921418
0.9795869000568453
1.4293651639416445
1.4358515949104305
1.4326961675263017
1.4272675259961585
1.4043345252197488
1.3745533672371708
1.309749231960876
1.2474405746826225
1.1484926198465324
1.1169845697697889
0.971857569207972
1.4403731101390262
1.4448343405387216
1.4410036576553331
1.4327488257845098
1.4068086588362252
1.3765105198526921
1.3116232514601662
1.243587349552493
1.1078897052146455
0.9593339867792459
