0.6779596615517851
0.6965592627263801
0.6988051541020033
0.6726741908947401
0.6393864369828111
0.609265442771468
0.5772595814285053
0.5482186883765804
0.5059226328571417
0.4429160239137924
0.7524314648174777
0.7796171478652103
0.789600926113493
0.7958184303749655
0.7772538941679391
0.7402264724830602
0.7041874112700958
0.6651493014471423
0.6295081070769633
0.5937594566106826
0.5588993323662369
0.5297409459745259
0.4732009920296025
0.8326484509957212
0.8449211981054743
0.8549465313825724
0.8668936459529727
0.8696590469043299
0.8693062405860005
0.8331821652597812
0.7924295558465779
0.746794672876079
0.7047128405213327
0.6623776558367278
0.6210503334534685
0.5864599271035297
0.48813448759860145
0.9083207418099315
0.9320727247262772
0.937824819924555
0.9471560202878637
0.950698796051057
0.9522451341697626
0.9262516132883543
0.8826462980724213
0.830572361699221
0.7817074920655516
0.7322892707790215
0.6839654418130243
0.6435015171106166
0.6019896091305141
1.0179549323940136
1.0319702332097485
1.042933696922099
1.055381434334164
1.058034100161533
1.0583905856185574
1.0200906281453617
0.9605304686598227
0.9012615608505824
0.8403634345404519
0.7805307515430664
0.7303831304171754
0.6789576058839399
0.6330829434813537
1.0952376272459758
1.1095776519393947
1.1209214559085698
1.1326045848830768
1.135328105500249
1.13795890178462
1.119318072591129
1.059340763274772
0.9930478505915002
0.9232181683047896
0.8541147491521941
0.7961115424337992
0.7366443626781444
0.6836190683401222
1.119734515839768
1.0501548293890384
0.9749016491787729
0.8998878506260101
0.8368188180459585
0.7145282337082214
1.188701747792846
1.2168275779431852
1.2273467917597005
1.2289278368259176
1.1865461969649784
1.115121993670101
1.0340615994738585
0.9522377503673167
0.8832363358807283
0.8124805929953582
0.7494410712325903
1.2450029913541938
1.271374947392416
1.2815385760599676
1.263595751262268
1.1949261326611562
1.1078455968335008
1.0176237840317595
0.941058314241941
0.8624779855495865
0.7924838807143951
0.7235832200977728
1.2878010433147489
1.3114557389241972
1.3213293545306868
1.3162701013567863
1.2589590866677378
1.168840853803263
1.0719771022459055
0.9890567175342039
0.9038092579841338
0.8278828496429865
0.7532140798487716
1.353051616091792
1.3607252473064042
1.3618327190500372
1.3565399283707458
1.3256198824862884
1.2962519935572299
1.2359609847048707
1.132517929304449
1.0425503433679018
0.9497123050361852
0.867030630658798
0.7857856067412822
1.3701653254380832
1.3906308991428753
1.3974467957477497
1.3849563562218978
1.3032311094347742
1.194772084776279
1.097773255677294
0.9970469870421151
0.9072116635561419
0.8190257135867838
1.4305544033090183
1.4347775724092287
1.4346373353086295
1.4241616273592732
1.4165331874826614
1.3829769711286561
1.3354615450982463
1.2733370568068239
1.1683200640959062
1.0575660779844533
0.9583870253371307
0.8611027158450528
1.4600890906523831
1.4629128310296626
1.4602048462465522
1.4465605068927843
1.4238368907333412
1.3866542234339705
1.3470370419136797
1.2365863179135488
1.116489781116299
1.0081289039578454
0.9017689813224496
0.6868995039098161
0.6935019692895198
0.7680884641199505
0.7827190553309842
0.7733474265038952
0.8538121748756888
0.8609023409610368
0.9357257079779794
0.9212827171323005
1.0293054818592398
1.0441112433313147
1.0154486610185882
1.1126202157025546
1.1094526635794841
1.1193580502626261
1.159580310466685
1.1737924897700143
1.2032615218491265
1.1790731560126868
1.2264348693894973
1.254828668638025
1.2497722194840735
1.2858236334003215
1.2949846728674048
1.2520175669782616
1.3136713749368867
1.3282663586680357
1.362911900147724
1.3642242187415017
1.2973450784433116
1.4022611211247902
1.3712502536912203
1.4237882153507082
1.340920718019929
0.6326184964166925
0.6483034734129551
0.692200975508828
0.7093137607595548
0.7207766748728326
0.7838188838935257
0.802815517375862
0.815097932228068
0.8222152921572361
0.8236541437322614
0.8812174178937509
0.9015579418729623
0.9141044151067015
0.9210749263589977
0.9211307280610855
0.9065595382475549
0.9510432875334159
0.9718287306442935
0.984677980374894
0.9893250755616652
0.9908073285243614
0.9912597771221844
0.9898590613048501
0.982531009357724
0.9715756026228948
1.0192915029711664
1.0409392421629493
1.052938502489525
1.0584112815676545
1.0580953060119307
1.0558088366666916
1.0461793041221201
1.033650987285643
1.0058380348700788
0.9761811490023647
0.9146909888202143
0.8856991090891984
0.8433556158848241
1.1013527156599683
1.1220987675123801
1.133373600126495
1.1361680535229017
1.1370394398507673
1.135199825362925
1.1321416759949297
1.1194775319260775
1.1042148646083354
1.076083408262946
1.0366981432450173
1.0085401458861178
0.9664290609792124
0.9321795495130082
0.88503942594814
1.149633453517766
1.1697444656170817
1.1800909211299304
1.1822587230461048
1.180027993753752
1.175426659988069
1.1606600647604268
1.1433798048608441
1.1073516586110002
1.0692747479391116
1.0382342076876643
0.9923531237289327
0.956380217318614
0.904537747043596
1.2051307806676903
1.2234754489371713
1.2323952138983472
1.2324294218266203
1.222830183788857
1.1855537226681254
1.1031273690547174
1.0181890470620838
0.9222730277525094
1.2524349521338793
1.265804886355493
1.26657564735479
1.260508983631715
1.252656477849168
1.2330590464729925
1.2104201972222284
1.1671656681955642
1.1215361259733843
1.0912295694037826
1.0305127091131785
0.9910164786608432
0.9290430661255064
1.2869491703761409
1.301237823574552
1.305649237800736
1.3005373653475285
1.292893461602455
1.2855944017113456
1.2623749862097497
1.2366592618388663
1.1850401182038077
1.1371974272667844
1.0936495807912805
1.0387025774483136
0.9900594969348385
0.9281188980138463
1.3111574531305974
1.3229235612437242
1.3251095660493128
1.3176822951413916
1.3095786753944347
1.2988275125605337
1.2726759376208032
1.2459982838245969
1.1930755043734966
1.1395590631003774
1.1054233440344874
1.0344599404443566
0.9848151526177585
0.918491971462084
0.6173361214143603
0.6343331586399705
0.6746983591301745
0.6932114071103782
0.7055097631317949
0.762627553871414
0.782870497064595
0.7958469883031853
0.7995170014261276
0.855372374256574
0.8774490646525774
0.8861100221588184
0.8904156881992159
0.8916838071802256
0.9220293734438432
0.9438096196067578
0.951479340809072
0.9568429268756916
0.9599214040382025
0.9558690512322198
0.9393768733626355
0.9166352831341015
0.9863447732552818
1.0089084932187804
1.016421990123634
1.0211344531529578
1.0225670519239822
1.0170741363220939
0.9969041233260509
0.9711404931865171
0.9129920405215111
0.8428555214632353
1.0630673997106381
1.0849254977171046
1.092724699326277
1.0956955780525837
1.094882298096017
1.0869062315486784
1.0659695346978042
1.0314771533038751
0.9646715140513707
0.8845268890669883
1.108308169237407
1.1286246265860218
1.1348474439021812
1.1381853191977107
1.135613999787704
1.1257852239950756
1.0978792188725657
1.0639918418440093
0.9905998403049862
1.1592516175319498
1.1780464056055928
1.18509560414007
1.1677586840968432
1.0977959762061134
1.016438870173493
0.9217719455952489
1.2026009354812337
1.2100211841767443
1.213891655870004
1.214872493244943
1.2075702767780798
1.1928304631651434
1.1576463557592183
1.1162693887225255
1.0288013582687408
0.9285531370276717
1.2324952687803925
1.2464776467398737
1.2490439212928084
1.2480022039752325
1.237144970670726
1.2192461519059195
1.176038188263008
1.1321005130348687
1.060310870906874
1.037047398663451
0.9276540541925152
1.2525142243673755
1.2641079793757306
1.265199582253983
1.2624905558200972
1.2483699291058572
1.2289398087274355
1.1840776933456183
1.1345982393651117
1.032878270612388
0.9180529387229179
