0.9983366484232221
1.0186447734053183
0.9993901193941346
0.9424841002020203
0.8761478579617712
0.817771273177966
0.7566420685152982
0.7017743085191793
0.6227273521106683
0.5067522836207691
1.0859607950005998
1.1168537373403675
1.1256899367878919
1.1246426922501518
1.0757547810312937
1.001837716669526
0.9334750557943123
0.8609912890682067
0.7957444288380768
0.7310725922717196
0.668627892174317
0.61686479707786
0.5178204376362588
1.177334322053811
1.1911972566548958
1.2017977891300502
1.2125943589521821
1.2144206431011133
1.191475796888158
1.1165192669687836
1.0400608014904755
0.9571406360703278
0.8820519342875099
0.8075665323608461
0.7356979703577624
0.6761953295727722
0.5105073609378905
1.2601053475531891
1.2850275034385972
1.2902596218655575
1.2968693356471812
1.2974861749445854
1.2927722142115774
1.23035908319733
1.1482931750700904
1.055258827055531
0.9700099865590195
0.8852350168692945
0.8034586004347049
0.7358335561749517
0.667297561605459
1.3743318478726574
1.388568216029289
1.3987023507592449
1.4077443455595353
1.4087402580531518
1.3902321815284033
1.3120736121388852
1.2067111558324655
1.1061562781428513
1.005127253335818
0.9075231097340715
0.8269227558174169
0.7454288628937493
0.6738529458329936
1.4504339385298033
1.464400481411698
1.474269262460828
1.4816421743965684
1.482215131077744
1.480067383440044
1.429585832395831
1.3215216473865885
1.2105657191429222
1.0971218113585377
0.9870800082449718
0.8962253882290333
0.8045164223092103
0.7241166239433083
1.3916114307362857
1.2755466546980707
1.1546088369712046
1.0367386843351658
0.9393731041107761
0.7551799311671176
1.5373334712219662
1.5608195697369098
1.5640066075420611
1.5583492593375128
1.4690988598322543
1.349532489779728
1.2205481892499208
1.0937262816979973
0.9888130305655497
0.8830723136928655
0.7905863515871036
1.5863173565170736
1.607169099402984
1.6086134095634248
1.5583993441509445
1.4405465803991993
1.3030222406769838
1.165229823429414
1.050786420182866
0.9354647558073276
0.8347297279899777
0.7373256491808067
1.621589672489585
1.6395725678979949
1.6408216239375744
1.6171946963279438
1.5137075645885585
1.3714266015814278
1.2249598015424528
1.1025706476567403
0.9791613924863091
0.8714482572170582
0.7674660368438097
1.6702260538243046
1.6706144027638334
1.6652984704396008
1.6486075829388966
1.5900048596567091
1.5413667968707836
1.4469435710439835
1.2917892122707735
1.1606232623060326
1.0280756602682763
0.9124846515990018
0.8010283619858548
1.6825737545924397
1.6958237345935638
1.6906810441624163
1.6581375919636288
1.5229674072578443
1.3609131596444461
1.2210011682996076
1.0790122709158783
0.9551133435429591
0.8357944425863928
1.7185374677408458
1.715690304509808
1.710001977342997
1.6842030492434568
1.6694468512144227
1.6136508257229671
1.5403306946465534
1.4487479554144336
1.298787908795289
1.144786037493927
1.0101629173264042
0.8805739900298825
1.7300671557746374
1.7265801362401882
1.714326566418541
1.686493235069908
1.648065864091755
1.5904161478782421
1.531805086467594
1.374726931618359
1.209542278633989
1.0644186623351277
0.9245107006145189
1.0001476934625346
0.9918690482756781
1.0954051414918742
1.1063757899485445
1.0704312954203092
1.1886357764734725
1.1801771414234348
1.2708523801717015
1.2239203981583462
1.3715575547822962
1.3720083552021831
1.306282718804803
1.4480806692312616
1.4173902753363217
1.4583963365252866
1.4762202621967004
1.5075494670698564
1.5269276444459499
1.4601748582675593
1.5524354160076532
1.5700536708440096
1.5419667356693174
1.5983575286507734
1.5920008704801005
1.5056730600906392
1.5762033820112673
1.6276075021444525
1.6504462832241453
1.634224198470606
1.5163429384934808
1.6656848388578531
1.6004492035747748
1.6608268545905323
1.5250749425846277
0.9167940819190824
0.9351108314314729
0.9855088390293916
1.0047855933947112
1.0158421182203212
1.086729958329846
1.1069895623938382
1.117808811601314
1.1206862447247012
1.1151310461612256
1.18850497119678
1.2087904419301814
1.2186813069221922
1.2198920714165467
1.211287759961109
1.1755745834403257
1.2576814026690097
1.2773497753962904
1.2864126534249805
1.287297195699168
1.2859967287991614
1.2820323338454218
1.2753745319110381
1.256488121971946
1.2336910924879707
1.3219055066900356
1.3411760440068412
1.3485890064920243
1.3461578229413633
1.3409633500998495
1.332980122253339
1.3105659579427542
1.2858815919531523
1.2358343334630082
1.1852844506181337
1.0842623347143028
1.0375659880382353
0.9703340981800621
1.39406727867311
1.4112877953561902
1.416423414440665
1.4152130816087383
1.4109526276048683
1.4025021641138622
1.3943146808059308
1.3676051865287766
1.3394939071248328
1.2912728138104899
1.2269429401899854
1.1821247995793334
1.1163180319832045
1.0634660611292135
0.991778463485199
1.4335178738453862
1.4488515727614308
1.4525587746953714
1.4451724333621405
1.43697598386695
1.4255351657258772
1.3962816039714554
1.3657287739986168
1.3061555665859181
1.2458339267145513
1.1978081896061028
1.1279241379228249
1.0739638496756003
0.9971974832912924
1.475101408848638
1.4875928107933432
1.4887670695150816
1.4783937557225288
1.455353060842776
1.3896452375208992
1.261161514167911
1.1352492557138611
0.996993612385206
1.5064800768052304
1.509668548792937
1.5039062452974172
1.4861485588294239
1.4703409815326955
1.4357679334104227
1.3988625170719182
1.3322087624958414
1.2642403372641142
1.2199962164641955
1.132644404614026
1.0767757167122554
0.9900505614903412
1.5230597487622082
1.5298234864157407
1.5252831301344403
1.5086054146544596
1.49294912382138
1.4798221316100504
1.441461583717751
1.4016414733093177
1.3253597071636107
1.2569966960861225
1.1956909374512423
1.1195088153534207
1.0530660167219918
0.9695670597994182
1.5299838699990964
1.5337781918343982
1.526972028863657
1.507873333138685
1.4926026062533517
1.4742544449803945
1.4329926822033927
1.3931591490010506
1.3170152194768512
1.2425635183139498
1.1955700638768156
1.0997697855904944
1.0335880886730053
0.946427401416981
0.8866428893935284
0.905977136066597
0.9517761071234121
0.9720406332448641
0.9827062097213085
1.0473184101589343
1.0681656853221964
1.0782764930051667
1.0680554401476106
1.1424727592487771
1.1636659378738683
1.170100613027098
1.171996232975915
1.1568305229099711
1.2070792488106636
1.2268702210830218
1.2321685231352983
1.2341529919822034
1.2284833089578262
1.2143853456181761
1.1790027847877935
1.1367360856226116
1.2661999490023648
1.285430242194423
1.2899452839020351
1.2906975911520417
1.2820091644195333
1.265982587227133
1.2252549014868308
1.1793931565510436
1.082329605083461
0.969784223526024
1.3318267391808611
1.3486778394554222
1.3519674648880804
1.3510975457791246
1.3386750056228958
1.319292230082154
1.27960613507835
1.2210111195446838
1.1143745953153237
0.9912308543093141
1.3676005098757955
1.3821167684223286
1.3840550428728944
1.382096810177857
1.3673111966604443
1.3455295253245163
1.29542687394215
1.239930258720897
1.1260177540025902
1.403868109066823
1.4156949767270495
1.4121832905311094
1.369603741401684
1.2553147924878758
1.133381576498656
0.9964768657613181
1.4308820398824653
1.4340911671687753
1.433290288455473
1.4276905246316995
1.4072275084926247
1.3793179188151887
1.3217678513363307
1.2585394318262386
1.1308414527606623
0.9895514442363491
1.4430480608508705
1.4481827913855316
1.4441751088234946
1.4380849595519936
1.4136893907107224
1.3826176663332614
1.3156561355937972
1.251567388577687
1.1500610397925861
1.1177910617538453
0.9691000666508148
1.446194805584863
1.4486335001132227
1.443712429954049
1.434377243920642
1.4065217164219435
1.3747066637980399
1.3074028008014944
1.2373275985569423
1.0981415277034117
0.9459891932593155
