1.465989007223883
1.5069670897303877
1.514808965772005
1.4609953217694873
1.391642127838564
1.3286982012603115
1.2617588382397538
1.2010227439801553
1.1126569501891463
0.9815489625456454
1.636618672853681
1.6968017720758013
1.7192735174792753
1.7342121018249268
1.6971378923319405
1.619792579388183
1.544032212409163
1.4618166725843416
1.3867200073712305
1.3114068528145637
1.2380553963026817
1.1768090574366517
1.0584796458767003
1.820724900362342
1.8480769770636563
1.870533633098643
1.8975817301218063
1.9039480874732533
1.9066755353944702
1.8315030627213513
1.7454744297485214
1.6488013179061136
1.5595822650360158
1.4697886805634472
1.3822017889380478
1.3089910868877077
1.101783644291609
1.9962302854344836
2.049796717701109
2.06290732441448
2.084484426360517
2.0929788959671773
2.0975412583063204
2.0447925685975727
1.9525698982264919
1.841720968661762
1.7374818451974527
1.6319878575843259
1.528867732188643
1.4426017885342421
1.3542004694532386
2.253389559520326
2.2853753759587496
2.3105859629228513
2.339647659660176
2.346006639872885
2.350289548856448
2.270177223404145
2.142786688631455
2.0153131565839795
1.8841371172853347
1.755213728284124
1.6471962987786846
1.53647813808161
1.437796439792699
2.436981794175154
2.4700055986249314
2.4963656184258265
2.5240841583771347
2.5307674332076777
2.5378725302797047
2.5012021883425106
2.372990632716017
2.2297645996889592
2.0784348072382537
1.928538854805318
1.8027022474381373
1.6737010443973468
1.5587215869271842
2.5142786303401423
2.363647290652298
2.200016653307381
2.0366746215186016
1.89928255402843
1.6328587364390441
2.6618295421775513
2.7279640322868164
2.7539080420977675
2.7591134648803455
2.6711306113277526
2.5163664348289143
2.3395166954620845
2.1606180266127963
2.0096346939928678
1.8547665450595217
1.7167390406172942
2.7990672641848047
2.8616751330941352
2.887411607663773
2.852925821619383
2.7045662976773803
2.513965256694837
2.3157966317424306
2.1474033293227053
1.9744596556531853
1.820336254313883
1.6686492095021983
2.9045068476719256
2.9610573489328664
2.986180863535531
2.978794263560864
2.856105103766194
2.6585579601416534
2.4450868919478843
2.2620049672683775
2.073596663815907
1.905676382312189
1.7405236392517243
3.0655652888729183
3.085364141430562
3.089541446189533
3.0799882631282345
3.014515426831623
2.9506011976398714
2.8180903649444975
2.5894130080812925
2.389980223605711
2.1839352877490903
2.0002140073208756
1.8196484399957917
3.111284062611169
3.1612337229106156
3.180503479379607
3.1564071396516282
2.978448201329482
2.7381439464196875
2.522361405081745
2.2978669182700595
2.097388008925092
1.9004973120191195
3.2656119415075464
3.2776761258703364
3.278781834182496
3.258349570944918
3.2423099936658515
3.169442674886536
3.0645164651265806
2.9263436711816846
2.6918357750292206
2.443768896368686
2.2216756351802656
2.003010756338999
3.3458814840981823
3.354464750030927
3.3509008644334406
3.3227632900530115
3.2736246627775087
3.1916551233087667
3.1034992165541353
2.8562527637076154
2.5862596005290346
2.34215446419441
2.1022935350157703
1.486701723263399
1.5033340226140746
1.672440891987341
1.7056619175552448
1.6886000276713862
1.8698030083582782
1.8881944784177493
2.060997915630646
2.0337687112227543
2.2818644013094733
2.318352723138375
2.2597656463883022
2.480746313840607
2.4789520390225217
2.4993730073859397
2.596817485534908
2.630392823451633
2.7008398316433166
2.654109192341216
2.7592295443377135
2.8277519013475727
2.8213143942841534
2.9048339611043064
2.9299606939949783
2.84013239285082
2.986934332482672
3.0159853949916235
3.100650435235941
3.10840423300475
2.9647733871950024
3.2055237761825697
3.142101612914486
3.2695023882826684
3.089142473242018
1.3701448509238328
1.4045802877166964
1.5060409540942536
1.5439161089852893
1.5695583806674034
1.7171311160395444
1.7596902408562878
1.787593717333485
1.8043063737034382
1.8086621910717122
1.9444399501674783
1.990663344857549
2.0196515376098656
2.0365606388544606
2.038179856427726
2.008847523504013
2.10938451805633
2.1570343861292334
2.1872393577044673
2.1985755335982757
2.202495494017954
2.204385816568715
2.2021833744183157
2.1876463554311085
2.1648679531606505
2.2724326159009025
2.3227298928830806
2.3512767527232277
2.3653021922611925
2.3657532601975872
2.361679275981777
2.3421685502065266
2.315856981908137
2.2565192729311714
2.1926885459070595
2.0597444022392617
1.996960189125012
1.9051416136288963
2.4708988944886587
2.5200671832960655
2.5476041574840207
2.5549798129542216
2.5581500108445616
2.555366849753428
2.549597869962549
2.523288982242556
2.490806066460547
2.4302167181894405
2.3447180797161993
2.2833915317188866
2.1914491205754993
2.116630062515632
2.013513267199242
2.5898762191015874
2.637845946061879
2.663489535778608
2.6708167579533817
2.667056896939176
2.657967004192837
2.6270479080134
2.5900264372698794
2.5118870860024702
2.4287470661199198
2.3607270255894623
2.260047846190899
2.180982164920547
2.067020155245451
2.7284078778981504
2.772887334172022
2.795750857971605
2.798471920835403
2.779473093256654
2.6995510877471443
2.5188040679828156
2.3312577572767204
2.1189346730538503
2.84782504470015
2.881998435636553
2.885593486322663
2.874549010144554
2.858209979971512
2.816239864219908
2.766963940792885
2.6718172012304047
2.5709438040694237
2.5038975109190966
2.3688458739906353
2.2810361937916093
2.1430831225538167
2.940371456451722
2.976221373393032
2.989311228121834
2.9808091570410795
2.9650043418591827
2.949587403954119
2.8991949491097357
2.842699865332044
2.7281929228763837
2.621605030440005
2.5242422385783696
2.4013206770436244
2.292323833671525
2.153409184243201
3.007289016444969
3.0377781103605463
3.0458119410308515
3.0318683060876817
3.014905198746337
2.991835361009158
2.934602652029243
2.8755181314833647
2.757564160233788
2.6375834221487793
2.560948898379993
2.4013152134327247
2.2894690525919796
2.139962544284118
1.338168637059312
1.3755671512046042
1.4692285217456342
1.5103125277328104
1.5380015386644756
1.672197179677359
1.7177098271111029
1.7474064026970528
1.7579582427849163
1.8891343044142268
1.939533126628637
1.9595783900852748
1.9698053326559235
1.975671257675839
2.04698480654682
2.0971945596772397
2.1152145502797337
2.1281383629359816
2.136889449436165
2.1295741199025016
2.09557216563477
2.047401736181094
2.2010983851388315
2.2537524948743544
2.271649489148629
2.2833407279206046
2.288765906000355
2.278325571195228
2.236259284809874
2.1812382024322816
2.055871375719924
1.9039963687209067
2.3878507385709926
2.4394602276072894
2.4585736949144645
2.4663283326364005
2.4671399240050857
2.4512641585498223
2.407075683833993
2.3327480921087247
2.1874047793453744
2.012328192938354
2.499245470354797
2.5479895290571717
2.563529801211577
2.5725918296172963
2.5695667594309732
2.5496058429180706
2.4900858865171926
2.4165658984158522
2.255989748336408
2.627243152057586
2.6731018959569166
2.6923732417037884
2.658388579221017
2.506425664939271
2.327178105693248
2.117760667368046
2.7374128110586495
2.7560373058188765
2.766455762867683
2.7705582413237835
2.7570436895735337
2.726068197213234
2.64964392044108
2.5586522511393035
2.364836048253084
2.1419290826553654
2.818865185371762
2.85464104790814
2.8627687523237526
2.8617558174692994
2.8401794160133407
2.8019228161582403
2.7070711156877416
2.609622373727864
2.44944619173115
2.397413293612652
2.152305806407376
2.875697879190463
2.906208034561295
2.9107538325933495
2.9065062569804745
2.877458073767519
2.8353702962274996
2.7363448284031957
2.625861042292607
2.397561641659859
2.1389147714416823
