0.17106501729813686
0.17394988190563723
0.1688048516116246
0.15761362777923899
0.14495853469867936
0.1339608421478506
0.12254273055032394
0.11236862509430684
0.09782710109551379
0.07673467269151503
0.18335259733610823
0.1878630604389232
0.1888926289305977
0.18789727803278589
0.1779012770651785
0.163887957909251
0.15117708852654357
0.13784044718005084
0.12593845787466304
0.11422626071132229
0.10299290661044297
0.09373690844444521
0.07618033498505256
0.19592640186639548
0.19793428664015664
0.19939532282333655
0.20068377255985287
0.20081504884901605
0.19519549518344373
0.18090331248726904
0.16681246762966692
0.1517420920488666
0.13822409555341478
0.12492230641552113
0.11218095065255136
0.10170095934834751
0.07288285379633674
0.2068361340641728
0.21024196431118788
0.21086809129405706
0.21142472730692774
0.21117658256542635
0.20984543713713802
0.19755016562908947
0.18248485155983438
0.16574792974566302
0.15058582631392878
0.13564253941525167
0.1213402438405238
0.10959619929335464
0.0977800947220186
0.22108864694962282
0.22296686274376576
0.22419396461647378
0.2249934001645894
0.22493729963340167
0.22042110373983262
0.20581226675874423
0.18704352177406516
0.16943438744055658
0.15193883968175978
0.13518618038521713
0.12146106620045494
0.10769161248344367
0.09569354851754708
0.22990692360203083
0.23167528027617548
0.232790103163473
0.23326255633013016
0.23309411248472425
0.2322843694116841
0.2222194629278634
0.2029276638849873
0.18366898869579482
0.16425193846580222
0.1456039802638062
0.13033525234530652
0.11505677382763389
0.1017797542742867
0.2125030178529684
0.19243656813395765
0.17186656341555975
0.15203713655343948
0.1358017059115159
0.10548162135889932
0.23910329544260306
0.2415904107781661
0.2411784873146058
0.23964616657016535
0.22298686915525934
0.20232971638102412
0.1805267831326056
0.15935616371765401
0.1420074616136502
0.12468340215853826
0.1096653277987933
0.2436653137528314
0.24569058548486208
0.24488074996550419
0.23486922141311634
0.2143631758027646
0.1912492404017215
0.16844580491774225
0.14970101381556913
0.1310012001605208
0.11481599343292762
0.09930864856045918
0.24654187047259818
0.2481666460392841
0.2473334414197494
0.24223008646399072
0.22391695506326006
0.2000464395980097
0.17595719578591723
0.15605655737331078
0.13620647983474243
0.11904323858415362
0.10263054814664165
0.2498739056586082
0.24907614605810857
0.24766810309921808
0.2442577563133105
0.23371608800915208
0.22540076969338804
0.2096439102352116
0.1842663802360174
0.16310918462292998
0.14195959928468932
0.12369960560348199
0.10626567376039327
0.2499435056846251
0.25072661077381747
0.24866063224702686
0.24225293591770478
0.2191801735720278
0.19276300474395805
0.17035095773309966
0.14787333474286027
0.12847044156812928
0.10997402196124832
0.2501908945914535
0.2489707885813354
0.2475779049639465
0.24256460928390197
0.23990011740706704
0.23034167926309781
0.21821193388969595
0.20340583783081512
0.17954710411914682
0.15539627475233342
0.1345214246639762
0.11463734501613623
0.24805905118422644
0.24681978085861841
0.2441221976532495
0.23896467191612294
0.23231595789349735
0.22280275609706152
0.21326213296758748
0.18835718624494918
0.1626562364117887
0.1403568964551575
0.11911966646578347
0.1704247865011294
0.16754005247327938
0.18385031049360318
0.18487037775772777
0.17702925047526075
0.19626126500522245
0.19336782408445913
0.2063436667189397
0.1965339199446482
0.2191254343503093
0.21759343382092575
0.2049244254138929
0.2273895830718632
0.22037232124470738
0.22852968457619777
0.22837351867108124
0.23359410675857484
0.23495887660165823
0.22167450389651994
0.23760374536327658
0.2386375271609209
0.23247604433102026
0.2411627129648904
0.23859271771168442
0.22277299378932935
0.23176798892048445
0.2415681849948047
0.2429918810436146
0.23890684496390752
0.21826917908904594
0.24071780399820494
0.2285464972956635
0.2355115496149167
0.21237528154068788
0.15586210551639154
0.15861032684123663
0.16549330149297597
0.16830661770044125
0.16972879609070468
0.17911278847850562
0.18194294545456471
0.18321390260910642
0.18312247192609107
0.18160649635519743
0.1920219362685613
0.19469226561201777
0.19570649394030187
0.19523495625549875
0.19315558860764667
0.18614723048459111
0.20023879914911033
0.20269918016461078
0.20347497033226555
0.2031837268930153
0.2027115111865109
0.20171415678840696
0.20027169269003578
0.19654494400909464
0.1922796634783765
0.20732356254986348
0.20957596624667538
0.21004510392186232
0.20887787148567233
0.2077038777321159
0.2060148717216604
0.20171465893626367
0.19719226536466863
0.1882876670760677
0.17947194709149625
0.162118370336929
0.15416514298584358
0.14279262579409155
0.21441609540582773
0.21623461605536176
0.2162247684737558
0.2156315771301729
0.21451923090773042
0.21271569769762338
0.21111014984740264
0.20613547050833045
0.20111656690112925
0.19272914824516205
0.1817490147418509
0.17418186121638754
0.16316419288833117
0.15436865638486763
0.1425084454380475
0.21767611170088552
0.21909234796519098
0.21884651797563737
0.2168462441608957
0.21513858457268356
0.21292606014214963
0.20759189432617967
0.20223691829007148
0.19203731201760038
0.18189306469819067
0.17390783956126285
0.16236727196503886
0.15352261671333325
0.14100812602214105
0.2202886043399586
0.22119762261280795
0.2204695669273909
0.21798170844653755
0.21355563563194965
0.20206140042601411
0.1806703615235296
0.16017485480021298
0.13800255624139499
0.2214778083990339
0.22069025628232247
0.21921175668331855
0.21563511791203469
0.2127451349859922
0.20669669124585294
0.20044199466441093
0.18941647655259272
0.17834817616834103
0.17122580307710888
0.15724903586704267
0.1483656563452115
0.1346878712753216
0.21995143905482986
0.2198265231715126
0.2181835329340614
0.21471097112452453
0.21182226272714022
0.20950354297970572
0.20296516965552247
0.19635447710265688
0.18400707011051537
0.17310538312497808
0.16344426131730563
0.15151054289537103
0.14118171058226053
0.12829307819939018
0.21744713614041536
0.21687766941461545
0.21489612440226383
0.21110274675202437
0.20833782314947652
0.2051464983473885
0.198238844422222
0.19174475423550957
0.17959378346044075
0.16791788537876098
0.16059620042607906
0.1458246771089401
0.1356806466402625
0.12244547109508007
0.15007686564073972
0.15293130798054766
0.15911112400745248
0.1620165553991063
0.16325777557307486
0.1718156903166346
0.1746572389787079
0.17568762424399484
0.17280427116896988
0.1837008857241727
0.1864080036604339
0.1870210781201044
0.18701085322299676
0.1832385144374295
0.19121573219340976
0.19360612311427497
0.19404993002896243
0.19394900521186081
0.19226747868281097
0.18934282264936542
0.18267881556005217
0.17505124098977462
0.19756101916959914
0.19971043824954884
0.19998353565815852
0.19965815701932826
0.19744082708636823
0.19422632347358756
0.1867225867352931
0.1786067239029016
0.16183878548576278
0.14271462294418266
0.2037282956225628
0.20535774938150392
0.20529978107315638
0.20477404719455353
0.20191864801849116
0.19818483553100086
0.1910477117001048
0.18090178269978105
0.16289112818425797
0.14243313713805647
0.20650577271256892
0.20772385041485933
0.207500085081746
0.20667178127571328
0.2034420282982273
0.19935668765073827
0.1905203205178913
0.18106532700256744
0.16210464904862604
0.20840559116973664
0.2091104437014571
0.20747879965066446
0.19926932438931183
0.1798704372831363
0.15992421642532936
0.1379349397755826
0.20903677740722584
0.2089532921834563
0.20830452682497902
0.20684839927993634
0.20277318128352004
0.19776991413185602
0.18800244233852198
0.17758363818845066
0.15701221593010123
0.13462408651490013
0.20700708381199953
0.20654928315657894
0.20525122478977467
0.2038969123161987
0.19931506446267977
0.1938284593370311
0.1827331404519887
0.17240002988191824
0.1563475472202077
0.1512925224302855
0.12823566079299442
0.20414656281522725
0.20326227992139448
0.20188820675402716
0.19990438373919955
0.1947829115991732
0.1893507659313733
0.17836128186219305
0.16725364474586393
0.14562370207569542
0.12239327802740237
