0.057143098337537564
0.05735349089479627
0.05345711722178297
0.04811580070931826
0.042513771950917274
0.03782468291471216
0.03309527336188219
0.02899646438502022
0.023335636364851472
0.015589939501373417
0.05934756804993586
0.05997221208398308
0.059775098939533325
0.05853590412313332
0.053423952299501205
0.047308586283312734
0.042044765520150996
0.03670583723657106
0.03207965052894206
0.027659685274957265
0.023548524655659965
0.02026511896960539
0.014326895331294758
0.06136173507924613
0.06166148864615997
0.061791477278837395
0.06164491908756747
0.06150221040440928
0.05786283248866057
0.05156421546137739
0.04583960661248715
0.03996155597995656
0.03485752185872671
0.029986849423283172
0.025467487898534126
0.02186813209156973
0.012613559955813668
0.06285365420174026
0.06319130014406653
0.06315113127401216
0.0627864287963066
0.06236036559888294
0.06140501609835755
0.05568163882058379
0.049615515362399804
0.04322569201082286
0.03764450449326884
0.03231993808140322
0.027391213340840423
0.02346983155781562
0.01965793511973052
0.06437307455248933
0.06454500928783062
0.06453618570902878
0.06417122711724975
0.06395767096502038
0.06124965095135034
0.05518841172924392
0.048166870872868146
0.04188938803225149
0.035874187486249175
0.03031023456385469
0.0259029164156849
0.021632585801331313
0.018051394068839703
0.06494620679764013
0.06506812609872545
0.06500276449333252
0.06454939069471854
0.06428571712188695
0.06365490661314455
0.059075820991409046
0.051839866489807235
0.045095068683778786
0.038568930764452586
0.032525396197448514
0.027745600187863106
0.023126496582416646
0.019260152068291337
0.054051331533301196
0.047070503481318436
0.04023983540471048
0.03390071251094321
0.028889263203855698
0.020015369875161233
0.06507504025511719
0.0648651765951408
0.06405676030531665
0.0631355675632049
0.05646453034391493
0.049299746304382164
0.04214440898421792
0.03547207287880261
0.03019572640757828
0.025112819700754404
0.020873691468654008
0.06477342240243496
0.06447416411388279
0.06352332372147788
0.05918761594950325
0.05201267851972478
0.04450932870139907
0.037432617343749745
0.031828582336933135
0.02643353477761721
0.021945106827804643
0.01781831073049743
0.06431890448978403
0.06399487911646713
0.06308737177219706
0.060720615174615605
0.05416655418488331
0.046451605312500234
0.03905902108866036
0.0331850464451606
0.02753249913600121
0.02283399701982924
0.018521104228365264
0.06314289191688209
0.06239399638629898
0.061641503497660496
0.06018531627229706
0.05636784315192407
0.05359287743536075
0.04857188547153478
0.04086219721359077
0.034693924867666294
0.02875426414950205
0.023823524918397326
0.01930380750145427
0.06262705859225831
0.06212911529751907
0.06084306091649331
0.05828220661984457
0.050685794570107766
0.042715035422882325
0.03625703115255099
0.030022784745675206
0.024850329864318184
0.020115250579161924
0.06050146301397566
0.05977150400839354
0.059133849547006165
0.05722196650497747
0.05628547387879251
0.05316196957645284
0.04942524861179165
0.04504780153113916
0.03825328568743788
0.03165299776163029
0.026168768276916835
0.02116176461224325
0.058645375215204985
0.05799846543401071
0.056887724496374026
0.05507659023640692
0.05292571274934264
0.05000602326228298
0.04721482722209377
0.04018204613713405
0.03324030333149412
0.027464944622770947
0.022181622034390825
0.0557641850400094
0.05306900285257367
0.05823897132846832
0.0576281201872119
0.05317221732135728
0.05979774720323682
0.057344377583079
0.060428833481820876
0.055408866900217776
0.062392994865292234
0.060504830151323616
0.05496268764660196
0.06238760310306864
0.05860703246750334
0.06289175178941608
0.060466405567523904
0.0628441666218424
0.061970287361138035
0.056150085297152146
0.062476584753366364
0.061569855686871525
0.05861714085538745
0.061601874537640294
0.059857933073046515
0.05390373711582746
0.05592109674084553
0.060295585449407954
0.05952661065469196
0.057515759983026195
0.05048389512995443
0.057171612653758516
0.05276349140650337
0.05430837927075493
0.04702320581884716
0.05064360160345183
0.05107502173339827
0.05226156028343327
0.052652350145093306
0.05260386899534
0.05423109293989096
0.05454508451772866
0.05439374496398599
0.0537826459227386
0.05270913614746997
0.05566901107127178
0.05586410456576882
0.05560466078815089
0.05484066725675423
0.05359337891514628
0.05041671502308125
0.056291523871249846
0.05639127909413582
0.05602412407364272
0.055562177427319524
0.05519615856433219
0.05459499376870005
0.05385499147994297
0.05218047582060729
0.05043067369343065
0.05653432057983351
0.0565245266301536
0.0560878791162365
0.05512929805890658
0.05447613153673642
0.05369658455602587
0.05188758167214534
0.0501268841906349
0.046857450928172395
0.04375754087072037
0.03789737666797719
0.03528845835200848
0.031641608434722045
0.05629469668648626
0.056151853550106254
0.05558247398282812
0.055125276831398895
0.05449748292114099
0.05364717788446803
0.0529577078224148
0.05101989164567094
0.04919079161519209
0.04628005765352841
0.04262221231020404
0.04017001823266651
0.03668134789938418
0.033951333235421974
0.030354407241526698
0.055806498210819636
0.0555596399259974
0.05493672539623001
0.05381612613276842
0.05305908303634795
0.05216143090888808
0.050174759054602606
0.04830236416616934
0.04490090424977542
0.04164415744029053
0.03914866477193052
0.03561627350525729
0.0329679861344097
0.029301520488929964
0.05483712535442845
0.05447394591526618
0.053731632098156776
0.05251996263412003
0.05079604202917389
0.04686530081118011
0.04017791811028188
0.03411976898186159
0.02783851862781687
0.05360854504894119
0.05270188332601004
0.051975735792657546
0.05054342577251043
0.049508149722355906
0.047471232487051485
0.045468733931978124
0.042085530675893094
0.03880366838043592
0.03673440979682334
0.03276736600876586
0.03030163876966497
0.02659032437231012
0.05184005714061421
0.051281054170736036
0.050393407934547635
0.049033546313772276
0.04802793552130257
0.04725687145999525
0.04519280688312426
0.04318921339607958
0.03959120413408862
0.03651274907077552
0.033855033724185565
0.0306374022827289
0.027904711229373644
0.024574888611603476
0.0500795015992346
0.049451790352622454
0.048537786873565796
0.04716085831126414
0.04624726126998949
0.04524299569853095
0.04315687409461229
0.04127156144750779
0.03785561814404404
0.034681896906985005
0.03272687206480222
0.028866747061719888
0.02629102208991808
0.022993493877770083
0.047992969012030366
0.048388216123065805
0.04943926174387917
0.049784594365975265
0.049556281640977536
0.05116443330718627
0.05140908215163559
0.05106879172958056
0.04899371321013479
0.05237004157938673
0.05248781330060946
0.052269603372900826
0.051974774508650144
0.04966867485626099
0.05283811507906196
0.05285151297405706
0.05263195021370519
0.05224551924380209
0.05110503080543576
0.04970125075658496
0.046957782849660595
0.04406814146949813
0.05294393305997844
0.05284463848526932
0.05257119904623204
0.05213064526705455
0.05084788529544879
0.04941349136342885
0.04648867910344913
0.04355767886132452
0.03783535876647822
0.03162515666104564
0.05255478155872147
0.052300577735603024
0.05188010854591152
0.05145953604592016
0.05003222619368426
0.0485116082753538
0.04589712758370611
0.04243346338486987
0.0366228170992321
0.030339018062098468
0.05201328598295352
0.05167824655972621
0.051276930622087394
0.05071078914430873
0.049223628451981645
0.04764929727828714
0.04456345541241876
0.04146343987373946
0.03556104893067352
0.05094777929373911
0.050491865105393476
0.04942162721646101
0.046247321559044985
0.04000703669592825
0.034068068128621225
0.02782513374484252
0.0496787798856237
0.04935184097610857
0.04890398289648301
0.04819680515073281
0.046608002088679934
0.044886744098825614
0.04178305633474457
0.03864262137365335
0.03271907029823037
0.026577783276227698
0.047915034828911886
0.047239194849370086
0.0465799092286506
0.046029975031177735
0.04439217719735857
0.042649037673056306
0.039323058690982855
0.03636627127318227
0.03194990058620811
0.030593313380708333
0.024563609699426506
0.04617388085552473
0.045456929194162755
0.04485498602327965
0.044114088390629136
0.042418950085065105
0.040764219792802946
0.03759785813967142
0.03454482358975602
0.02882612103247705
0.022983153424085502
