0.5657132698161416
0.5803752850695256
0.5798804206837715
0.5562210837343937
0.526671749271407
0.500075359678424
0.4719181844978329
0.446468536054585
0.4096587022536437
0.3558677529986733
0.6325461868201372
0.6544806742889188
0.6622806189914971
0.6664542160011794
0.6485325433415816
0.6152055825294817
0.5831131384548848
0.5485231240644287
0.5170947349292774
0.48573094421499624
0.45537779059119154
0.4302272131061716
0.38238342597493935
0.7038356651866716
0.7138738091809151
0.7220005868640748
0.7314941469534216
0.7336248165892824
0.7309805210709127
0.6977987411012034
0.6611811460417201
0.6204809322089364
0.5831485163813845
0.5457928297218728
0.5095898723143599
0.47955920185106454
0.396344687174326
0.7717842115893636
0.7912792748666325
0.7959202318746798
0.8032545356237943
0.805825643471263
0.8064558030332357
0.7814406932401468
0.7418117517375606
0.695045753571596
0.6514154139934104
0.6075570078832395
0.5649666724293041
0.5296091206784996
0.49369005807898875
0.8710360619715092
0.8827274124371767
0.8917685125618543
0.9017640141074257
0.9038018936581456
0.9021481906613451
0.8661914590643288
0.8120059375846694
0.7585668985331694
0.704029982669104
0.6508269501700513
0.6065902155759103
0.5616235499933666
0.5219497013231431
0.9415889584750432
0.9536084166607681
0.9630004834069023
0.9724210392154184
0.9744874946352445
0.9762486094772697
0.9572684230519852
0.9019249280815796
0.8416876233992643
0.7787270301517873
0.716876364227276
0.665357583307736
0.6129753587445429
0.5667351193876113
0.9573231665786308
0.8937525874132061
0.8256143702978314
0.7582067297610676
0.7019607551382708
0.5942605139979291
1.0274888228663246
1.0510586430160087
1.0593019715089107
1.0599142262992631
1.0190302680458228
0.9533014872233659
0.8795430164472879
0.8056885284561224
0.7438765164512224
0.6809857394146401
0.6254651367922757
1.079496116055436
1.1016692296081474
1.1095525973612383
1.0908907868447948
1.0269234962567837
0.9471728051403776
0.8652941195763494
0.7963395279298765
0.7261021443792081
0.6640946345961656
0.6036846230763073
1.11918662304595
1.1391243913057396
1.146838950522285
1.1406186513458907
1.086413965319311
1.0033854600111285
0.915084412898903
0.8400890026964779
0.7635614393074975
0.6959906178213128
0.6301962272843025
1.177982703268262
1.183961956810516
1.1842619738058844
1.1785156236024095
1.148854840329217
1.12138386192157
1.0655792108450006
0.9708010906829382
0.8890583571431127
0.8053467947893925
0.7314032544085329
0.6594469010937822
1.1959750763000052
1.2131976040454875
1.218059467039239
1.2051247350758327
1.128289885191634
1.0283644829651013
0.9398310132296094
0.8485870411968004
0.7678883802915852
0.6894069844163395
1.25088152212122
1.2539243365297967
1.2531778596767984
1.2425065631368184
1.2349277099974423
1.2033167890388348
1.1589295515377414
1.1014253716856108
1.005007459579578
0.9041754733746231
0.814682239207065
0.7275034809864402
1.2789696704715263
1.2808651725109639
1.2775124086244911
1.263955858770928
1.2423361619356625
1.2073900053373814
1.1704577932096547
1.0684455098265988
0.9585166905076827
0.8601783820385288
0.7645206672066048
0.5719120114739203
0.5755034662769651
0.6442855632041794
0.6555070034586755
0.6452756675442545
0.7198159078726297
0.7238994925866726
0.7923971398721267
0.7772239680809251
0.8790285252701867
0.8898574493467415
0.8622078135287251
0.9541871958290704
0.9487187726974681
0.9637476354094475
0.9955855927399978
1.0132482683531958
1.0374021448975843
1.012500088380868
1.0619589984550573
1.0853312487292954
1.0787234587951837
1.1153603642822152
1.1217804573708092
1.0802934847478443
1.138257418695002
1.1579129099353407
1.1871937349931294
1.1866307407490941
1.1230636091538204
1.223303368834521
1.1928326451599716
1.2434747472724152
1.1649864661121772
0.5264999186810316
0.5390000837071621
0.5788594709018544
0.5926029306930058
0.6016160259248541
0.660056639378185
0.6754731900196732
0.6852256958148629
0.6905236547089039
0.6909369818186867
0.7472127643453258
0.7638963136140619
0.7739209154731824
0.7790795067290344
0.7782156107963708
0.7640650813800431
0.8102114981248362
0.827389923173793
0.8376996605352984
0.8411702759939182
0.84212001648222
0.8420606697324349
0.840353496300293
0.8330848939376395
0.8227548583105515
0.8722143297659979
0.8902036794287704
0.899850012245575
0.9036095299599206
0.9028970501828741
0.9004023439200185
0.891036800520478
0.8792681267744294
0.8536674350267878
0.826646140613325
0.771139816839259
0.7451364619884356
0.7073197184830616
0.9471223723206986
0.964570051757274
0.9736315053592196
0.9756244814145287
0.9758523526812258
0.9736253271269837
0.9705191318792662
0.9583496549755682
0.9440566444922842
0.9181151891959892
0.8821434820518943
0.8565878401376824
0.8185183807861706
0.7877209675860952
0.7455035532244555
0.9916150605256492
1.0084770002797092
1.016720860968425
1.017666114309612
1.0151833965622425
1.0105536775685837
0.9964347112290531
0.9803083072033352
0.9470896383620009
0.912292190465638
0.8840679617815295
0.8425494085059303
0.8101179450164109
0.7636407373130101
1.0428622403846595
1.0582957154984147
1.065306467058477
1.0643188197065327
1.054714950899749
1.0196360237639068
0.9439001932179081
0.8667747987842521
0.7804386580198279
1.085952595061812
1.0966746585370035
1.0967445286292332
1.0903320866354924
1.082709325895551
1.0641682351336679
1.043074090789593
1.0031481557016646
0.9613751309561506
0.9337827154814905
0.8786003234395262
0.8429417635908837
0.7871606717554566
1.1190730523394878
1.1309989959539404
1.1339823284214592
1.1284625599494986
1.1209299618588706
1.1139917521539036
1.0921031237794703
1.068200255479871
1.0205441321312778
0.9767223107357711
0.9369740833485647
0.8870888000940313
0.843079792707153
0.7873973274167017
1.1418553856125568
1.151600798456608
1.1526796832793504
1.144982751172038
1.1371314393886622
1.1269291180522785
1.102384631029286
1.07757666558121
1.028521233839282
0.9796849086165775
0.9485205207221983
0.8840465584566053
0.8391211044873154
0.779504064473412
0.5129534943720898
0.5264549188667083
0.5632589390630072
0.578078130268058
0.5876166305579688
0.6410182501230661
0.6573983075323252
0.6675450169387236
0.6690635974612928
0.7238387146036613
0.7419078849242728
0.7487770268974208
0.75206906024142
0.7514255244586658
0.7838304091876686
0.8017441869897045
0.8079004470672757
0.8120166987132025
0.8136996228299489
0.8093017594883878
0.7937087225776737
0.7728418725403523
0.842131455818535
0.8608149029028912
0.8668309605984088
0.8704096369309413
0.8706350117952436
0.8649597132698479
0.8459698894674401
0.8223105907058852
0.7696834039701571
0.7068926602809927
0.9121258572670693
0.9303112303078388
0.9365330456403452
0.9386799299913116
0.9369003332962561
0.9289826626115293
0.9093219863426968
0.8776138668622527
0.8169990877321947
0.7450623556519219
0.9535844607390481
0.9705418901057823
0.9755089601349671
0.9778851822703235
0.9744845952778265
0.9649061064090568
0.9388144406605513
0.9076864184483807
0.8410266552919413
1.0005688295550916
1.016245368548199
1.021399063676363
1.0039663477474445
0.939225826541088
0.8652467569175109
0.7800033686720788
1.0399121305285557
1.0460167438130263
1.0489703726262063
1.049211949888124
1.0416042109569201
1.0275239602514539
0.9947521174350886
0.9567403683667175
0.8771012383361318
0.7867338733122481
1.0686504000203598
1.0802111600996849
1.0818633469680254
1.080487671420794
1.0696536936370302
1.0527283673870875
1.0125705076054585
0.9722168504429745
0.9067544342173663
0.8856331510836998
0.7869911030351543
1.087575025469003
1.0970055096425566
1.0974219196765993
1.0944430951212163
1.0806920698517462
1.0623756541583786
1.0207634348443682
0.975288670247132
0.8826527569538728
0.7791199147613723
