0.689451936191969
0.7091306808379688
0.7145493841384235
0.6908477823308738
0.659884940287292
0.6315018026546062
0.6013526700628478
0.5739759805828407
0.5341507744794077
0.475214598142501
0.7749692312767691
0.8040185179752735
0.8150791672879892
0.8229671130194294
0.8073890718525238
0.7727083032215747
0.7384299958096547
0.7011228897950076
0.6669993625107422
0.63275498875384
0.5994242249194939
0.571624962294721
0.5180549928889451
0.8675228801707005
0.8808257094050631
0.8918125802733561
0.905212932603956
0.9084291674602621
0.9117948671774623
0.8783202119231136
0.8392364678771239
0.7950980066018648
0.7542732610600683
0.713145083890029
0.6730318167275088
0.6395278494979099
0.5450010798905895
0.9568626823535329
0.9832796029788903
0.9898243424717343
1.0007779701051365
1.0052604323620797
1.0081375640739123
0.9855370328279848
0.9435944901330459
0.8927220870818524
0.844702695706068
0.7960388196449254
0.748453938310785
0.7086584467674664
0.6679019543975026
1.0896116264492344
1.1056098911527044
1.1183267480489196
1.1332408353822132
1.1366114561441187
1.1407989132202736
1.1050227254734424
1.0462634784713125
0.9870356303029524
0.9259145693021517
0.8657757608044176
0.8153713939458037
0.7637006148054322
0.7176628195491507
1.1858987485068015
1.2025916279344142
1.2160693087977956
1.2305697925189012
1.2341937559276415
1.238341765272217
1.2235873755358162
1.1646136781293348
1.0977321067447388
1.0267494520197742
0.9562885288769144
0.8970932050655782
0.8363809712211367
0.7822451437968251
1.2376595893002729
1.1671843629221967
1.0901448822340818
1.0130263805751136
0.948089419513489
0.8220308387959803
1.3057422426204872
1.3400549883300557
1.3542171416838358
1.3578107782850797
1.31915378642459
1.2467246460954426
1.1631419704960761
1.0782948094641376
1.0065687937333956
0.9329145882926828
0.8672119292265871
1.3801403915241588
1.4130001200735542
1.4273671849863148
1.4142770342920248
1.3452240400400464
1.2548335297670346
1.1603509907774774
1.0798771775603346
0.9971011021644781
0.9232447405164032
0.8505219699652343
1.4380847211670589
1.4680450399060072
1.4822717311105997
1.481234678575303
1.4249566200727575
1.331161052703737
1.2289969809237276
1.1411027950674728
1.0504816189699289
0.9695901550192408
0.8899727895360877
1.5268774820705209
1.5382862008406069
1.541455260340914
1.5383151971024112
1.5088289706165445
1.4788253128270978
1.4157424211450313
1.3059247508700544
1.209735367271431
1.1101272879006137
1.0211323481379937
0.9335804528304095
1.554501452698292
1.5817379483735676
1.5938101942968033
1.584664156029799
1.50117919766964
1.3855226340503506
1.2810005042158807
1.1719352796792428
1.07431979930165
0.9783197401751708
1.6434289548753243
1.65100129704113
1.6526610999148645
1.644792718511835
1.6374694858501517
1.6036085149922488
1.5535350748198637
1.4867454616310896
1.372650183797746
1.2514591237618942
1.1424992647450318
1.0353272698891531
1.6931119907512384
1.698911050291781
1.6989536780696344
1.6869747957939791
1.6642621136202436
1.6252112671035148
1.5826314450197827
1.4620539931978687
1.3295227157687313
1.209271593957962
1.090855207038319
0.6999840202489173
0.7091595321974817
0.7929335693313748
0.8094474512651597
0.8033322442470563
0.8925042644584031
0.9029515689615532
0.990530420767056
0.9802062623780688
1.105365046322032
1.125206589148098
1.099921228862797
1.2102480116271428
1.212611290584779
1.2216799855844276
1.2738768824986515
1.2916123564314286
1.328825044154699
1.3106513009082605
1.3617814689139753
1.3984252653454907
1.398405357218217
1.4413302707826983
1.4566110007523443
1.4168698939015183
1.4948047822117947
1.5070003934305907
1.5531136268850736
1.5601522593140535
1.494162456306769
1.616378774510679
1.5897675641067055
1.659371845426853
1.5751498860120656
0.6457543720692313
0.6622169995520986
0.7135685283284586
0.7318441938721565
0.744372410708328
0.8201828473934805
0.8410103185569628
0.8548866498265558
0.8635111829788044
0.8662865582138414
0.9367976739516782
0.9597977709752947
0.9744920416409597
0.983507624093381
0.9851997423654172
0.9727839856277353
1.022696855773991
1.0467555793750696
1.0622801690023254
1.0683811040994062
1.0706567280315629
1.0721039839197095
1.071585671489519
1.0655946070537412
1.0555000433802675
1.1088258830944073
1.1345162596666751
1.1494987420207747
1.157547074783841
1.1583640113709972
1.1569975348934367
1.1487189028572198
1.1369109851394146
1.1096785991062972
1.0800145467220865
1.017837895689613
0.9883933706193366
0.9452628089013478
1.2155080860590854
1.2410685367991507
1.2559643806564116
1.2602722554317023
1.2625707905776828
1.2620593780966256
1.2597497373471653
1.2483195292256606
1.2335143533316624
1.2053841873611824
1.1652489394579844
1.136317586721027
1.092795619017648
1.0573352073519446
1.008369491127724
1.2806816770086613
1.306000237430643
1.3201140849434942
1.3252776141301414
1.324226381958258
1.3205584296921804
1.3068162145386535
1.289789539945114
1.2531884279755434
1.213879505954427
1.1815557755173773
1.1336003819866673
1.0958384907357646
1.0413445710228997
1.3580895108960216
1.3820455910899478
1.3951162773832024
1.3981844741392222
1.3905311691056386
1.353806588803908
1.2679445447461057
1.1779434184690902
1.0756313684603216
1.4257955681368595
1.445327830921979
1.4483359654984245
1.4446192427506561
1.4375049773863966
1.4182865519369392
1.3951583416708353
1.3498163317407892
1.3013806181388765
1.269025409920563
1.203723426920021
1.1611908011330347
1.0941731193755724
1.4821178700024078
1.5024980982114324
1.5110077668989448
1.5088178298041834
1.5020817722073485
1.4951377287308867
1.4716609542950019
1.4448310881609618
1.3896917019917137
1.3379830815180842
1.2905378318050913
1.2305337112639954
1.1771466427241668
1.1087883414198398
1.5243055235867506
1.5421320651962673
1.5482910989302154
1.543429769699732
1.5360038890357008
1.5254751578829882
1.4985059991921503
1.4701703299507296
1.4129960725297497
1.3543220982330735
1.3167772427520208
1.2383076105256365
1.1832030650332443
1.1094218535481113
0.6313705636833861
0.6492983259756374
0.6969113464715821
0.7167931058424772
0.7304231934429745
0.7996612610016655
0.8220281749199926
0.8369122387587413
0.8434093789608241
0.9112609599875803
0.9364517167940991
0.9466563816491583
0.9520020582031264
0.956638452727008
0.9937199420767379
1.0191296227698337
1.0284443022621172
1.0353094971814996
1.0406964548061637
1.0381662089409516
1.0232748730227608
1.0013511028429434
1.0754248089150955
1.1024645990169677
1.1118689947537554
1.118266970254522
1.1222808426513604
1.1183099371760856
1.0996138355839755
1.0743140857745865
1.0159011222019367
0.9446868430522279
1.1761548290054746
1.2032903656399074
1.2136792301824888
1.2181640536654819
1.2201983644221366
1.2136850445039677
1.1937559999526086
1.1592182227497825
1.0907483239393942
1.0077659050150591
1.237586475638752
1.2634878149681223
1.272113474592874
1.277549285055788
1.2778162886186795
1.2693691862079726
1.2421480138944658
1.2076956837592467
1.1315299002285624
1.3096670274838784
1.3345287726722062
1.3462471510672451
1.3328163957314667
1.2616000746746905
1.1758411582202755
1.075022216771094
1.3726294654636564
1.3829455276081766
1.389327126462263
1.3926252813278652
1.3879284499473157
1.3741532604950881
1.3383978110310608
1.295033468130579
1.2016410710986731
1.0935695155054914
1.423082939757195
1.4436436708273104
1.4492249290799686
1.4496941518862623
1.4410750340656147
1.4236623378597686
1.3786938080734605
1.3317265301572279
1.2538701432815216
1.2284811439299728
1.108204273989983
1.4598704015884874
1.4780171577999237
1.4817440412848504
1.4809802797563458
1.4686540131301142
1.4491631324602452
1.401859158971647
1.348150754352028
1.236318475408832
1.108861790715541
