0.7499281033606136
0.7636920709394777
0.7446314367970027
0.6983150788401277
0.6452978243319787
0.5989837891132072
0.5507215009492119
0.5075775767502667
0.4456830206635223
0.3553598492883868
0.8082043957485037
0.829406544249841
0.8348195103905149
0.8319915875088173
0.7912852332185791
0.7324917572370513
0.6787307290180485
0.6220756661219197
0.5713111175949931
0.5211961147813059
0.47296929746554617
0.43310538440149954
0.35712677512267926
0.8684333557084771
0.8778923773901701
0.8849401028731917
0.8916174832948413
0.8925285224812698
0.8711099040366946
0.8113352689233603
0.7515751321347518
0.6872811461893742
0.6293681238968492
0.5721717590225325
0.5171889237133667
0.47181487837740926
0.34617253298790795
0.9217195446001737
0.9381970095237013
0.9414288006510987
0.9449264721259785
0.944497985603426
0.939654254786831
0.8889315322111061
0.8249893729304281
0.7533446873135633
0.6881176541962618
0.6235667049826249
0.5615506393843567
0.5104494890841361
0.45883509582831916
0.9931852586351522
1.0024107535701388
1.0087010496011986
1.013572609467957
1.0137440586464448
0.9965307408739401
0.9350456033798661
0.8544779089425248
0.7783147305985431
0.7022658723033761
0.6291371497302598
0.5689814618160064
0.508404542321666
0.4554331945068002
1.0390728085232002
1.0479319655386232
1.0538504266571205
1.0573653464841473
1.0571305816818006
1.0544083030849354
1.0131418198907982
0.9304665304782895
0.8469337653973826
0.7621824165018902
0.6804045723418689
0.6131621992118433
0.5456081108149081
0.4866101981061678
0.9765598696995479
0.8894106892877761
0.7994323933720889
0.7122452200394812
0.6405476736196061
0.5057958753449749
1.0892889258751028
1.102948550824472
1.102919577384499
1.0972816175937878
1.0272447357970738
0.9375602741168518
0.8419827505091462
0.7486414125229489
0.6717882981931504
0.5947047382149571
0.527573220770022
1.1160606621177147
1.1277238669066865
1.126134564030404
1.0851589481041728
0.9964604267841537
0.8949491549228106
0.7940894299431672
0.7107534389764814
0.6272313461891142
0.5545911000357746
0.4846588540221035
1.1343236036052289
1.1440904105224332
1.142393711657882
1.1221386752127522
1.0435152620932588
0.9386576603953858
0.8318713506138585
0.7431528530472625
0.6542249782681421
0.5769477103915585
0.5026850934166913
1.1580019456515154
1.1561312503735264
1.150928288534146
1.137121795917573
1.0921929637627155
1.0559845237745236
0.9866384851545377
0.873928392670914
0.7793403899649954
0.6842740699400204
0.6017906475943836
0.5226246394105379
1.1620655041735473
1.168237680273652
1.1614629202593938
1.1351471870325542
1.0346563733761265
0.9172154980408974
0.8167557760817351
0.7154189438249502
0.6274335035818216
0.5431745138087897
1.174173462430733
1.1702426083980595
1.1650182153755801
1.144472378059031
1.1329766289043186
1.0913923919182702
1.0379128053582387
0.971946763054042
0.8646732915553675
0.7553925730053054
0.6603858084802908
0.5693719549132792
1.1726376233713522
1.1684935818694233
1.1579206289550386
1.136230444482702
1.1074878577252096
1.0653631583778322
1.0230983106280158
0.9110962475317103
0.7944200245987345
0.6925622299859489
0.5949448171986628
0.748920601785339
0.7390459173395155
0.8124849906284298
0.8185568456651898
0.7873956331902269
0.8728798891858937
0.8629215469817424
0.9238945566720311
0.8843334494580546
0.9873688092859901
0.9836548493758701
0.9309808750247381
1.0319979644573052
1.004644767453019
1.0379599277752043
1.043128531835966
1.0660481864716516
1.075587132527064
1.0211296942237928
1.0901459212920899
1.098305937089678
1.0739617011056806
1.1135023760801526
1.1050545241113272
1.0381061164396252
1.082945183057909
1.123718408986278
1.1345365710887114
1.1191987785865793
1.030276356030215
1.1337972047733589
1.08271317732176
1.1194476820270383
1.0187407207229038
0.6856515765348719
0.698429755368121
0.7314286318644089
0.7446589954142385
0.7517652606368384
0.7973590742797886
0.8109211342889983
0.8175552456951102
0.8182461741981811
0.8126659346476317
0.86160687469809
0.8747497795275531
0.8804368144463158
0.8796287384816857
0.8716659664345155
0.8427062916095985
0.9038409849820783
0.9162582011105165
0.9210651359657342
0.9206102804830072
0.9190103182931557
0.9152411051911946
0.9095039029359654
0.8941468846703761
0.8761972898196592
0.9416841767391482
0.9534327514855093
0.9569466135936874
0.9532386320024083
0.9485557436111616
0.941866644678918
0.9239601482728551
0.90477625565701
0.8665481693116392
0.8283791768310422
0.7527462853224502
0.717940139209248
0.6680213592810929
0.98203732197429
0.9920329929109594
0.9936273153233678
0.9917525682777006
0.9876043047932578
0.9804037236808169
0.9737983610149362
0.9528433439160917
0.9313428702266685
0.8950192318544344
0.8470797340021241
0.8138818199615765
0.765364469925954
0.7265160073943544
0.674006863099821
1.0025686778510854
1.0109887059524378
1.0115148975785968
1.0041587635263385
0.997268199043828
0.9881087340214155
0.9654748787414925
0.9423844963196607
0.897919354080573
0.8533661082777753
0.8181185606187955
0.7670125663355075
0.727708915029886
0.6719637780685558
1.0221847070427927
1.0284219113239275
1.0269849528179054
1.0174585467405577
0.9990787543363334
0.9494823316178198
0.8551821994457931
0.7639171842493457
0.6644379150562508
1.035111148341996
1.0341630235877244
1.0286407987037394
1.0140658777266578
1.0018365040012056
0.9757536483771354
0.9484140703309204
0.8996947388191309
0.8504385653824312
0.818592930407334
0.7558599083569265
0.7158753626569726
0.6540699163009804
1.036722673553649
1.0385247034470535
1.0329809909262793
1.0190671007773413
1.006878288117943
0.9969371031031956
0.9684509518903199
0.9393066708115025
0.8842439230034086
0.8352981862051083
0.791680789500685
0.7376356793495489
0.6906864875538259
0.6318952969130144
1.032817581805341
1.0326050591540654
1.0255314895029735
1.0100269324415954
0.9983093430117004
0.9845359248506415
0.9542129565805455
0.9254018752629855
0.8708580828532447
0.8180436561265428
0.7848346459549005
0.7174766947388409
0.6710451734101512
0.6102367636713055
0.661478263249455
0.6748475939940954
0.7046281047189041
0.718406320671263
0.7249349858320991
0.7664804678885909
0.7802607921517541
0.7860648379321565
0.775558281504103
0.8260908310160191
0.8396098981961663
0.843187956571034
0.8437599444262552
0.8294507907876206
0.8651389966403406
0.877407268296972
0.8801896805960642
0.880562976516212
0.8745303252705242
0.8627041060441324
0.8347268503272234
0.8021435929158521
0.8995300728048409
0.9110034063560349
0.9131122984432546
0.9125250533062276
0.9041917306692231
0.8910315121900869
0.859270112914326
0.8243420780603138
0.7514325529508094
0.6676514726666993
0.9355250693773169
0.9449237861627531
0.9458147075364296
0.9442198376910418
0.933112406429464
0.9175965569731525
0.8871094905339563
0.8430770490577204
0.7640642797228415
0.673644560423606
0.9537029010160122
0.9613410722425435
0.9613763265800124
0.9586856494278901
0.9459036782667397
0.9287710919262244
0.8907201929864049
0.8494218429680572
0.7657503760899123
0.9698957706195742
0.975389798463437
0.9701887358694766
0.9361405626247239
0.8513253946282402
0.7626970148344248
0.6641045263360306
0.9800368441116751
0.980779711527984
0.978974354332856
0.973559328774179
0.9568851068074625
0.9355281035523009
0.8928430822799798
0.8467155679957746
0.7546943890986572
0.6537515179231216
0.9789553278246239
0.979453702697044
0.9748270913686867
0.9695734774318125
0.9503526768586482
0.9269436165346068
0.8779722144214561
0.8318065215297545
0.7594387040451767
0.7365430802212773
0.6316026094249539
0.9729871827809471
0.9715919927277842
0.9666370614541068
0.9587460347376369
0.9371485117280832
0.9135174198105251
0.8647135314698028
0.8147152754234479
0.7164539003903093
0.6099658711842825
