0.862438899240406
0.8877682876573122
0.8965383096479682
0.8684300609917938
0.8310549087286148
0.79682826792472
0.7602650832349539
0.72697819636175
0.6783650644242065
0.6057558826727143
0.9671435804083323
1.0041893298567988
1.0185019844512464
1.029240719638818
1.011732320611142
0.9702594124890493
0.9289286364901573
0.8837784381259187
0.8423623689646541
0.8006710719449794
0.7599378661313265
0.7258120008903178
0.6594951739486806
1.080955301359067
1.0978357125152578
1.1118358046890937
1.1290680663569894
1.1332537681810306
1.1394381308058834
1.0999103695474175
1.0529584346893757
0.9996572093820348
0.9501961716118442
0.9002090502605853
0.8512750289904567
0.8102300985771115
0.6931435432370363
1.1904897563753598
1.2240018715147736
1.2323706906245733
1.2465297874688335
1.2524868587985942
1.2566599054717285
1.2309859525359121
1.1808836226066548
1.1196145682998533
1.0615490817818
1.0025086178843337
0.9445665623190991
0.8959131899391077
0.8458598404252631
1.3529267833633707
1.3731108690840832
1.3892381989578775
1.4083760436835329
1.4127685544075967
1.419972056880622
1.3778716172970595
1.3075050004467321
1.2361284959752896
1.1621860999352647
1.0891633175698192
1.0277264989723378
0.9644903528721023
0.9078725432535097
1.4705384108287998
1.4915834171885207
1.5086578559545483
1.5272534612474482
1.5320018321141526
1.5376376053832648
1.5218182428165052
1.4517380620725906
1.3713934184280432
1.285719357891946
1.2003435786994954
1.128351524164907
1.0542254888204303
0.9878407577866858
1.5405066317783545
1.4560533962978564
1.3631972648328192
1.269891736392799
1.1910215763159688
1.0370296089876605
1.6167884775003665
1.6601036590920057
1.6784671004127139
1.6835985325381462
1.6392992289431045
1.5528247039494105
1.4522861072529907
1.3497712093050538
1.2627839279452528
1.1731304266961118
1.0928274584112196
1.7075627579448687
1.749024662533345
1.7677136809521012
1.7542179848449437
1.6723899331491765
1.5639596401076827
1.4500230389151547
1.3526013565446455
1.2520344449463563
1.1619395724384263
1.0728397693502802
1.7782593271835816
1.8160493485406575
1.8345149671635443
1.8348737026599276
1.7689373245853701
1.6567699395036228
1.5337531576815266
1.4275039761078125
1.3175635579901885
1.2190407683169033
1.1216578561949226
1.8878443690912097
1.9026680595671959
1.9072026429144529
1.9043426092116162
1.8702172770748775
1.8346912436995546
1.7593833276240844
1.6274466035696538
1.5113554168625924
1.390699762051583
1.2824796115528543
1.175575774742508
1.9204184948425522
1.9548520426455247
1.9708949943612923
1.9614214403132084
1.8628529143853843
1.7242466635947553
1.5983070780497735
1.4664064905760166
1.347880751695829
1.2308496631868788
2.03035581009577
2.0403857477553546
2.0429812007132004
2.034698008735906
2.026317522136605
1.9865695965128964
1.9270323852317377
1.8471329484475782
1.7099832298600353
1.5636951012491416
1.4316274589944815
1.3012192640831217
2.091381575554025
2.0991548403721345
2.1001619454468603
2.0866972035622955
2.0602602616657495
2.014039269971611
1.963297559318845
1.8187459960382504
1.6590541624783668
1.5135513621202692
1.3696952970288678
0.8766705383314061
0.8897557858681223
0.9907680113331118
1.012302289937787
1.0066420897596307
1.1137353617370818
1.1283837667778427
1.2347284292865808
1.2243348193510317
1.3740231824814484
1.4003215518649856
1.37152829419309
1.5028810082219155
1.5082187509091733
1.5146974498534853
1.582114105207746
1.6004021732936333
1.6478420618772645
1.62878880265534
1.6860131535530765
1.7326739202533115
1.734649728715337
1.7841852303519226
1.804574356283951
1.7589661273293231
1.8529616273071565
1.862767972300752
1.920976704684998
1.9313236860855947
1.8542152426785816
1.9992220828150566
1.9695655446640261
2.0528714695799706
1.9541016438541572
0.8089477428933829
0.8300288861647641
0.8926691559297661
0.9160171437217679
0.9321751748186342
1.02399990908729
1.050521675814006
1.0683686153866838
1.0797369851940661
1.0838770465564787
1.1673001106592813
1.1965003817682613
1.215379888141479
1.2272993673205914
1.2301803040467008
1.2161892443154487
1.2726702198223825
1.303158009141444
1.3230863208217676
1.3311166764815712
1.3342255502041407
1.3364156414188626
1.336206072550112
1.3296095410207078
1.317849314247836
1.3781799696723944
1.4106889141061614
1.429917684004983
1.4407002704660292
1.4421585779634567
1.4409223285834147
1.431578831466886
1.417764306562942
1.3853800749077663
1.349826113190837
1.274865340429473
1.2392384212844312
1.1869285081070262
1.508773908891879
1.5410770129965292
1.5602162827326371
1.5659503181133008
1.569266681435075
1.569207332750282
1.5667686400734806
1.5536514750884003
1.5362270150315451
1.5027360943803265
1.4546051089023193
1.4197775080823658
1.3672505139382014
1.3243402065916183
1.2649510049804127
1.5885482536151743
1.6205428261470505
1.6387395732716934
1.6460096044816164
1.6452112929901628
1.6412491085795542
1.625349120014508
1.6052428279726925
1.5615942038713135
1.5144186635586079
1.4754983410984273
1.4176035064569712
1.3719114752005348
1.305813659860165
1.6833532685900792
1.7136295796905971
1.7305701324128442
1.7353225860637314
1.7269891089851965
1.6838371528146625
1.581020134839727
1.4724489959747786
1.3484618260228425
1.7668488747494238
1.7920089784506674
1.7963275886217966
1.7927880266208334
1.7846736203424762
1.7621800297726966
1.7347484297145193
1.6805585395417388
1.6223634522318553
1.583392668591562
1.5045386447548927
1.4530431673189599
1.3717457488309046
1.8356684012488889
1.8615812942497216
1.8730323391357762
1.8713351977996922
1.8637604745741632
1.8557145833591104
1.8280941965591426
1.796175127305618
1.7301836771479198
1.6680106210399765
1.6108174734185365
1.5383027639184275
1.4736389430067
1.39064091911816
1.8878174106030086
1.910588239166496
1.9190979295845494
1.914253402589747
1.9057820906120675
1.893502580297225
1.8616378557746356
1.8278864472712824
1.7594038124327587
1.6888103405404986
1.6435399691169785
1.5486739840330237
1.4818774368284486
1.3922782431835927
0.7916118482829878
0.8146026341287077
0.872617350959568
0.8980540659399404
0.9157319040826
0.9993319876985577
1.0278573536349098
1.047121683527437
1.0565768498971073
1.1366391637369195
1.168671652677239
1.1818131544372972
1.1887963597576479
1.1960412996644856
1.2379312808203022
1.2701952713209959
1.2821473328636328
1.2911021244634162
1.298634501537368
1.2962729187990738
1.2790384091747427
1.2529662209794552
1.3381449156764316
1.3724204855831863
1.3845067170400007
1.3928835581979657
1.3987666629727218
1.3946654850382445
1.3728691265605248
1.3427334064752205
1.2724510415609684
1.1862089769029867
1.461620782974656
1.495990764058172
1.5093829009507909
1.5153318411922219
1.518845341951513
1.5116690459949287
1.4883215123114573
1.4471205044061937
1.3647045169766068
1.2641986063558883
1.5369503856908047
1.5697539215493597
1.5808733244052928
1.5881339694744034
1.5895096757756608
1.5799904902626793
1.5479257770771688
1.5067545694180289
1.4150318567229832
1.625365040921379
1.6569007411092445
1.6723932122837866
1.6579215902385471
1.573168191543632
1.4698411110567973
1.3477040191280547
1.7031951911139651
1.7163817964547106
1.7247219797905193
1.7294018750166131
1.7247628305173115
1.7088393154325212
1.666456196682967
1.6145148755517253
1.5019570494302772
1.370995132913633
1.7650368205983473
1.791228211875381
1.7987121298062414
1.7998138953428109
1.7904363981125808
1.7700907383689075
1.7166115548462573
1.6602793113206356
1.5666111521001014
1.5357591514675564
1.3899145533762072
1.8105675507734658
1.8339000958216887
1.8390985304527363
1.8387942551021033
1.8248984565400157
1.8020106053221385
1.7456644463394062
1.6811852769255933
1.5462085415380873
1.3915813121862648
