0.25638955249556405
0.26144469784994545
0.2559438195838641
0.2408629691400224
0.223395800632893
0.20806718266375634
0.19204831797463112
0.17769876477335136
0.15707853749402034
0.12697493858488954
0.2782881455857686
0.2860150203524039
0.28814367361981663
0.2876217538243089
0.2745112218917479
0.2550265769884439
0.2370859833373825
0.21811204732195616
0.2010699848206399
0.18421511237527433
0.1679788524021627
0.15455305552972923
0.1289739694168829
0.3009847500605646
0.3044471921416288
0.307071025130678
0.30967732177227864
0.31009060247794534
0.3036181279851239
0.28378883452128106
0.2637231864327083
0.24203469724850732
0.22244383390378641
0.2030554583819044
0.18439335281219335
0.16898062087360707
0.12631210055440156
0.321350600997967
0.3275031464554555
0.3287652666996911
0.3302799340970079
0.33031755301199556
0.328922054655324
0.3122376627494844
0.2906768565329385
0.26635547330716625
0.24413657558361135
0.2220968956395497
0.20089008937484784
0.1833973023225551
0.16571740388170642
0.34907824847254815
0.35256391798963493
0.35500493184974985
0.35707421401074485
0.3572498069930108
0.35196252735944705
0.3312678375246128
0.3037148134682824
0.27753655926900284
0.25131761608428943
0.22605708780343067
0.20525231981316647
0.184275640984679
0.16591815117006253
0.3672111558552506
0.3705981932909419
0.37293436378680545
0.3745447603388661
0.3745918417046557
0.373862639876068
0.3602148985852441
0.3318775919335534
0.30300522342378455
0.27359921052414415
0.2451622170647836
0.22174913461461132
0.19818349173708122
0.17754970649061663
0.3490010480297534
0.31879175794118886
0.28746201983358083
0.2570294308312989
0.23196401027844668
0.18475540944805877
0.3874375741664135
0.39290868236338095
0.3933418959382268
0.3916349901477048
0.3678581435416994
0.33670391286185836
0.30330505528447355
0.2705936973403158
0.24361660716528785
0.21650976527889274
0.1928771345551164
0.3984860277826429
0.403243729023894
0.40315107587901805
0.3894637449978542
0.3586399954352255
0.32303539134662473
0.2875320479886649
0.258146274521377
0.22863042321356386
0.20293386432662572
0.17817368685612672
0.4061987696091636
0.4102324894706574
0.4100807456527471
0.4034392701127982
0.3761859688692473
0.3393245490365524
0.301612839859892
0.2702137970026441
0.23867801510612963
0.21124140942718567
0.1848530623023388
0.4164742357988346
0.41616794727418044
0.4145400693003839
0.4099182851758447
0.3943732720363989
0.3816786048711171
0.3572207666283069
0.31729055627682085
0.2836888924741245
0.2498626472766036
0.22046444640545085
0.19222472744602875
0.41860042635640093
0.4213292866037328
0.41939689581356737
0.4104641931809234
0.37513844631723564
0.3334241573551701
0.297618718627444
0.2614216419988924
0.2299669457876454
0.19980611743708018
0.4248559962410188
0.42372224711559275
0.4220167435924334
0.414925049942615
0.4110094661691222
0.3963355191128793
0.37734518861393546
0.3537931314199447
0.3154490096590983
0.27627024326173016
0.24216437716938552
0.20947458816966436
0.42551018329924833
0.42423337499921354
0.4206739927060595
0.4131293854173609
0.40299037744398203
0.38800465225745745
0.3728964210357125
0.33272408302067885
0.29076002154375513
0.2540637126066068
0.21885620309400808
0.25657763516850857
0.25401406041576285
0.28037888658367566
0.28294280442700903
0.27315086069358174
0.3033888764669117
0.30073600525193334
0.32334173369335045
0.31060312530521006
0.3478234995634969
0.3473511473588148
0.3298069959170447
0.3657931976951816
0.35714688221241864
0.36818083297240906
0.3715181400111999
0.3795334433789095
0.38376012364010653
0.36563110235064067
0.38956151266978173
0.3932823501458073
0.38537448595070006
0.3995190684729688
0.3971862392831271
0.374201029701628
0.39097364350913455
0.40475385975436085
0.40949210020152577
0.4045918877214975
0.37352193698257674
0.4107827058348378
0.393128194901903
0.40692114272769914
0.3712821083302395
0.23503132149263206
0.2396327034515397
0.25216471272855373
0.25698436705433975
0.2596893402253536
0.2771770642227333
0.2822006675701263
0.2848052894912221
0.2853589538898386
0.2837390362003975
0.30197790114788803
0.3069453966432058
0.30926654765916894
0.30934507674950756
0.30690634148388346
0.29735663154634623
0.3185595243525952
0.3233233370414877
0.3253855548588031
0.3254494560321693
0.3250221876785856
0.32387841205454
0.32204206003632263
0.3169688058271694
0.3109308851369052
0.3336723499012748
0.3382649797406417
0.33987601425190606
0.3389530990312431
0.3374802038956758
0.33529655135795716
0.32930194565243875
0.32278312063958636
0.30967389032779463
0.2965036492999613
0.2702926246925434
0.25821022519465
0.24084627032482409
0.35015754576297453
0.35416700565800185
0.355129067854728
0.35465146489572663
0.3533785650275039
0.3510335450102651
0.34882648598940963
0.34171014154939505
0.3343143005769811
0.32172576861791385
0.30502385610445004
0.29342531061385585
0.2764363970422385
0.26281845019250566
0.24438528125520023
0.3588227295491178
0.3622863360039153
0.36285621388200623
0.36060650212885026
0.35833421734975823
0.35524528423865015
0.3474847432868253
0.33947296581598985
0.3239683805182244
0.3083525958200933
0.295958819440649
0.2779673286981179
0.2641063396204007
0.24442578009562924
0.36745478890600053
0.37013601775589045
0.3700075832742815
0.3669567103391149
0.3607149219691065
0.3434511704653066
0.3102206477684937
0.2778705799989778
0.24256680894736557
0.37349393894616656
0.3736624663749674
0.3719109933826371
0.3669879699180405
0.36277191744412124
0.3536663690883208
0.34405047180571774
0.3268168798624972
0.30933707431533586
0.2980085262535179
0.27566263240662175
0.26141559530361547
0.2393522641215605
0.3754071565144167
0.37646746736992076
0.3747986371467649
0.3700924613982589
0.3658739001764897
0.3623894240979323
0.35233609529605076
0.34200462414648675
0.3223764066073053
0.3048847034139308
0.2892578711235423
0.2698877566625676
0.2530381509942535
0.23191925774603192
0.37507989537794484
0.37532564895622905
0.37306992279374884
0.3677379084616349
0.3636376715943248
0.35878087091604616
0.34801308208643555
0.3377357276479207
0.31819486676671793
0.29922100378074046
0.2872863025743784
0.2630261457880414
0.2463199283158534
0.22437630914928391
0.2270841837193067
0.23192744551513716
0.24328375627034526
0.2483353137161761
0.2509043643265324
0.26682571487332873
0.27197227097305776
0.2743528206199454
0.27134376250198183
0.28992332888983696
0.29508555436194106
0.2965777371301263
0.2969508365615907
0.2926162252604431
0.3053319887023218
0.3100896327275012
0.3112913070450239
0.3116421421258115
0.3099109957214604
0.3060705203775702
0.29668436613139265
0.28559592034556264
0.31914711712857263
0.3236898529865143
0.324664429728793
0.32468136370268774
0.3221415700653702
0.31779926281237714
0.3070296797008986
0.29503416014554223
0.2698125721251685
0.24071043853385976
0.3339898268295114
0.33783602087817177
0.33843145367376426
0.3380445592721302
0.33450972622592495
0.3292929231819398
0.3188319853732343
0.30355657649982803
0.27595808735866956
0.24425139867959525
0.3417317236814356
0.34494800351415505
0.3452022403007171
0.3444761381663526
0.3403132331182344
0.3344800749112294
0.321323584382595
0.3069012052428964
0.2775013402368017
0.349047085889848
0.3514997487364579
0.3500909488281468
0.3385365341914985
0.30879587919135926
0.27741850980456767
0.24244286620168443
0.35400574933724727
0.3545024134428142
0.3540586861149585
0.3523433244817082
0.346702226428029
0.3392908883601584
0.3242830347325809
0.3079585463772136
0.27523003898387216
0.23923374700735803
0.35482466531261747
0.3554493113240139
0.35406655571140716
0.35229416195215113
0.34563541010074494
0.3374252386292596
0.32005113421896086
0.3035890801819546
0.27768690156243253
0.2694816876864661
0.23181029732600775
0.3536168856629691
0.35350324846785686
0.3519051351545664
0.34922504279944355
0.34168774206300645
0.3333244446996558
0.31591505912757534
0.2979854372730466
0.26264616582389777
0.22427561654717268
