1.5912814349953233
1.6351432829992132
1.6416038465290312
1.581452381955038
1.5045156970497406
1.434788591336465
1.360688670005765
1.2934692194397237
1.1956682311823141
1.0504770295856205
1.7739311736925207
1.838392061823921
1.8622268412669947
1.8774705878855094
1.8351497346278784
1.7493046046433756
1.6655095222460026
1.5746927402759554
1.4917790325623488
1.4086499367615584
1.3276806538422625
1.2600634567906452
1.1293646077489148
1.9706960873910264
1.9999607924884226
2.0239182965500686
2.0525966116502525
2.059282192815029
2.060005173005483
1.9762487240165065
1.8811714757710383
1.7745567561517586
1.6762470875276687
1.5773506471535998
1.480897000544194
1.4002764389844728
1.1720086816291937
2.1578289157811525
2.214908488661574
2.228798918364677
2.251473356701034
2.260216288761703
2.264441802764752
2.204721372449333
2.102750733435556
1.980680917888543
1.86600669757426
1.750054134165568
1.636747009172688
1.5419737115101786
1.4448634989237787
2.4313155266577464
2.465316098387324
2.492005952570002
2.522504982497712
2.529102059505073
2.531700986655512
2.4424055914574674
2.3021821392598856
2.162286689283499
2.0185016211288946
1.877274801495274
1.7589957379463168
1.6377982802135211
1.5298961233809412
2.626042153784922
2.6610554349160433
2.688887215478921
2.71785663496561
2.724715826860136
2.7317404739074465
2.689378082810546
2.5479990792230804
2.390987276260775
2.2254012822943277
2.0615343387771556
1.92404870507469
1.7831726038873015
1.6576718760150173
2.6988800219013935
2.533793354616129
2.3549106963915265
2.1765474730208987
2.0266249982146483
1.7361479056669191
2.863963832424018
2.9335992751846245
2.9603024524946875
2.9650142344894124
2.8664063530923416
2.696732907532597
2.5035612695107377
2.3084401830132424
2.143904496405532
1.9752448541222793
1.825032437824883
3.0091439529754784
3.074591475375302
3.1008990385639685
3.060630352245875
2.897610219986865
2.689553710460781
2.4736888699659745
2.290452592283967
2.1024097453684187
1.9349673927076527
1.7702701147667397
3.119937484053384
3.1792561394833254
3.2048956236125825
3.194914104397878
3.0594442027141064
2.8438153363091025
2.6114814140919536
2.4124805120861152
2.207855863540019
2.025671079799592
1.8465980413608183
3.2890426504344976
3.309181928939314
3.312849388901643
3.3013975392448107
3.2287296425597285
3.158689934279294
3.014141085372639
2.765432824592327
2.548891890430087
2.32539785679753
2.12631018773043
1.9307936940237473
3.3372629558648144
3.389470237694526
3.4084406013571207
3.3805263882712464
3.1855019891623284
2.924249310291184
2.690173138102808
2.4469176869332867
2.229946862391469
2.017023098011291
3.4986523061645127
3.510490268251779
3.5111211070959825
3.4876421994075675
3.469375167812877
3.3897866716056435
3.275538701362205
3.1254834404594916
2.8712940139529715
2.6028640503800453
2.3627962522660937
2.126661129637419
3.5823977661648296
3.5907374937721084
3.5858410474946543
3.55434223338652
3.5003638977275244
3.4109976060006764
3.315240333374918
3.047372632519261
2.755473855906411
2.4919079614636583
2.2331848472531255
1.6127597326078214
1.6291721710609723
1.8115361324863395
1.8465859127111226
1.825926500720307
2.02200096222677
2.0400651649775603
2.2250579780052804
2.1928576892977376
2.4601097888185484
2.4973786055943004
2.4312319936739004
2.670412069590146
2.665519139732266
2.6905412461655316
2.7914576079833306
2.828990331771972
2.9025796883406825
2.848197490038756
2.964876682625138
3.0363031835815613
3.0268261134256673
3.117876777355472
3.1427086249224727
3.0423919260752488
3.1992874382947822
3.2348032781392013
3.3231497479938135
3.3292850948738733
3.170926044046571
3.4320696305669864
3.36063821725169
3.4975390379792444
3.2999492872580416
1.4858999160789401
1.5228534458486387
1.631269476409163
1.67181792997714
1.6990918625113358
1.8564985906437546
1.9019022445012022
1.9314447707071283
1.9488038065337774
1.9527545146359186
2.0982814265817504
2.147394344601225
2.177938535583693
2.1953153511873507
2.196135533438365
2.162750211789725
2.2732764636903804
2.3237653797373627
2.3554175631582113
2.367049910744855
2.370913756649425
2.37244444233317
2.369538338362353
2.352853019630707
2.3273820151470868
2.445830570689486
2.4989382476353494
2.5287197859661803
2.5427282043660244
2.5426606147152766
2.537689881958725
2.515568307053982
2.4862794848279286
2.4208093581117054
2.350700555744143
2.205070743314172
2.1363756023823894
2.0359937186759915
2.65531141170384
2.707033829622783
2.735527616596551
2.7428873192948706
2.745630532512158
2.741934575022747
2.7351087947287693
2.705700955999435
2.6697550667726606
2.6031501225480587
2.509535533557077
2.442513320579887
2.3421606334982665
2.2605493333139717
2.148163907659753
2.7805751418027507
2.8308651862186043
2.857273253397237
2.863915164535261
2.8592329038498234
2.848781297718776
2.8142885101068242
2.773461109960521
2.6878025770432097
2.5969717478297896
2.5227969997307365
2.413104272944087
2.3270018549406077
2.203069484088341
2.92610675785196
2.9725469979180636
2.9958502693586646
2.9974825155886866
2.9757260447149605
2.887577486538911
2.6903450828889333
2.4864225628837766
2.2559238058933766
3.051128887382727
3.0861131333464766
3.0891285538085613
3.075980630046053
3.0577183127894974
3.0114049082981884
2.957426380832353
2.853694196576508
2.743990068500646
2.6711315805951896
2.524575104248353
2.429460861614893
2.279999859573805
3.14780816391996
3.1850760955920694
3.19768194884046
3.1872522642975154
3.169513841295312
3.152462242386781
3.0971881239676544
3.0355612182540344
2.9111030086564447
2.7955122442495886
2.690086845291398
2.5570423883769076
2.439183430804905
2.289068076409818
3.217412500096994
3.2487679848084663
3.2561913227904102
3.2399911548260154
3.2211337955248442
3.195748306462066
3.133207740078925
3.0689671864877357
2.9409974352625055
2.8111556667498103
2.7282758934806832
2.55583056038986
2.435089681733854
2.273815411056831
1.4504889931718443
1.4905709893679815
1.5905582274928343
1.6344847661675679
1.6638250834331771
1.8069411540670532
1.85540943147976
1.8867185391435781
1.8965711894375044
2.0374879980279346
2.0909450735607966
2.1120091245853874
2.1226202348625227
2.127112513201793
2.2047588357264427
2.2578469689565526
2.2767184521188217
2.2900698588941517
2.298405127818176
2.289539585391636
2.2513635399079193
2.1980626947125406
2.3676745337221856
2.423157556410831
2.44181304013766
2.4537689666643607
2.45838184513643
2.4461122710669194
2.3991422564344798
2.3384649635826835
2.2009391081144583
2.0347746195472407
2.5643074838564415
2.618656020128537
2.638413104059582
2.646191672193232
2.6456921014146215
2.6275146723437808
2.5784479353141756
2.4967700750177126
2.337854892632654
2.146904981060094
2.6816782355579307
2.732657148516446
2.748624379871721
2.757590542977387
2.7529235409794515
2.730331818718155
2.6645588108340315
2.5839954322098424
2.408788657995113
2.815931025117761
2.86365607877612
2.8828062903829053
2.843706148163427
2.6771737471906834
2.4820889587952517
2.2546794025379837
2.931055794811963
2.9502857661315796
2.960732190071616
2.9642777268633465
2.9483301497325254
2.9138714862697426
2.830097757240998
2.7309201668310705
2.52031834577834
2.2787773374338065
3.0159748329204574
3.0527964041226063
3.0605184111688275
3.0589021512873646
3.034951161986548
2.992164097387078
2.888641562570655
2.7827785298703045
2.6092159364703877
2.552896519258223
2.2878996318849554
3.07489362801588
3.106116699399575
3.110195890773145
3.1048803334010584
3.072379624718764
3.0262470726493564
2.918434834142442
2.7986948278015276
2.551847723838665
2.2727055868086046
