0.8283940755411651
0.8502195866447321
0.8506429439703701
0.8169738265840558
0.7746537913200349
0.7364964275259736
0.6960586626693885
0.6594742089867816
0.6064737895877921
0.5286647193072023
0.9261183236664291
0.9586395915572901
0.9703410627655836
0.9769760266405911
0.9519525924450782
0.9043438308627297
0.8583314853232759
0.8086686447444438
0.763473793853846
0.718318368542834
0.6745407390915155
0.6381826178031061
0.5686711612571194
1.0306678094666608
1.045532629318797
1.0576074970750744
1.071820141509631
1.0750479283995493
1.0724257571882274
1.0252718792163884
0.9728330800365802
0.914399939867261
0.860723639795586
0.806932349479775
0.7547070245613502
0.7112885741170247
0.5901518657427799
1.1304344599645377
1.1593760283607093
1.1663136933899378
1.1773921724717207
1.181398492357308
1.1827104601984737
1.1476915691716782
1.091063593720471
1.0239591580599998
0.9612308487940828
0.8980695321632507
0.83662064928339
0.7854957256257835
0.7334207530472298
1.2765020385777897
1.2938598589052708
1.3073458278399552
1.3224195328660826
1.3255533149445347
1.324304188639008
1.27341895505605
1.1958161055246763
1.1190180480916558
1.0404773980307513
0.9637056345477819
0.8997350723287518
0.8345452561157635
0.7768567505568517
1.3806641085950315
1.3985467130541862
1.4125952281934795
1.4268670976247593
1.4300829714910621
1.433021570108274
1.406962845268559
1.3279743331903369
1.241471273411092
1.1508119857773695
1.0615572977871695
0.9870512481768339
0.9111161745691878
0.8438908980223839
1.409422174892195
1.3182067791587424
1.2201097625663038
1.1228358751374106
1.0414903632522188
0.8851586504685258
1.5080133385859855
1.5433409986015176
1.5561034016073305
1.5575305427386543
1.5001794206696117
1.4060117442724327
1.2998595302351528
1.1932861056825046
1.1038873422198674
1.0127183138060585
0.9320103040242285
1.5855237850979023
1.618857888141515
1.6312218386912998
1.605936139852795
1.5146395195465687
1.3999478418503317
1.2818098873568435
1.1820771516042268
1.0802515276163631
0.9901159791993155
0.9020342864499462
1.644954621067374
1.6750083986067534
1.687144020638332
1.679366094055759
1.602484408769419
1.4832344779460747
1.3558352467587491
1.2473641527429102
1.136411778701876
1.0381867588144091
0.9422585159588804
1.7336750846111886
1.7431656402135396
1.7441588063917624
1.7365638335111018
1.6947801158725253
1.6555509554165215
1.5754275144969245
1.438764718229021
1.3205367754544235
1.1991602105038186
1.0916618025275986
0.9867471595061728
1.761019015846892
1.7872685636425474
1.795547070835399
1.7780858570368865
1.6685209791836066
1.5245522246129017
1.396512030363661
1.264218495109366
1.1468755452129467
1.0324354945955247
1.8454028242219078
1.8506099948191783
1.8501331837846442
1.835624557850452
1.8250138934244733
1.7800935463125354
1.7164537082412443
1.6336190244457875
1.494233666540333
1.3479375715918196
1.2178759823680487
1.0907185633832457
1.8897789971906647
1.8932661030112976
1.8892750715476492
1.8706331334348225
1.8399624602470257
1.7899853547884326
1.7368954774305543
1.5895571379582452
1.4301496387299575
1.2871108660226462
1.1475556746982163
0.8380472430175165
0.8442227760295942
0.9439854588101346
0.9609363880690494
0.9471745558745926
1.0550520609304939
1.0620455279618066
1.162114652022358
1.1415054865480105
1.2892719291071177
1.306287823632794
1.2675709944316869
1.4006909589601986
1.3944171504996408
1.4143252074581818
1.463151909210407
1.4879251419026147
1.524508813132021
1.4905826095574408
1.5606176430508192
1.596138265932031
1.5880559851763312
1.6409213141958572
1.651679562677983
1.5934716685065713
1.6791721879098611
1.7055437307201975
1.7501196833055588
1.7508411066785428
1.6608024568330648
1.8069511457830174
1.7648606458739804
1.8403463902934825
1.7287792682887886
0.7717501441691386
0.7902951649907021
0.8485784046347241
0.8689750868236951
0.8824529591362547
0.9678792322038351
0.9907811414781209
1.0053964749829332
1.0135394298431564
1.0145711787146514
1.0962308617175167
1.1210577780985063
1.1361400235570684
1.14416498341866
1.1434146800970406
1.123673640067988
1.1892668297521276
1.214868840596526
1.2304363409257837
1.2358406218075608
1.2374311760500132
1.2376237494713658
1.2354256549345468
1.2253651427949295
1.21077356962611
1.2811125763968263
1.3079998663256922
1.3226378176739495
1.3287508541799478
1.3280280895489653
1.3247053349784943
1.3116473602032912
1.2949818745888626
1.258434417098654
1.2196843688103334
1.1398223684669269
1.1023317975159415
1.0477333713421983
1.3926312664062412
1.4188086422802872
1.4327009141776208
1.4359494411309557
1.436659556840315
1.4338338355875362
1.4295895054348036
1.4125164509696757
1.3922093622155916
1.3551099709374572
1.3034515971145784
1.2666611338298477
1.2117650921481455
1.1672863396857878
1.1062268434367095
1.4592752269256852
1.4846816829957479
1.497433117922891
1.499561354564081
1.4963250258880962
1.489979790609529
1.4700856542997733
1.4471268994249649
1.3995428203682003
1.34952075913337
1.308822310336215
1.248882377416963
1.2020078814378956
1.1346881143505556
1.5366118062257577
1.5600169695699782
1.5710666448045365
1.5704548837288075
1.5572730036485332
1.5074453022998404
1.3985608529159672
1.2871199377021763
1.161976741579989
1.6022750760679823
1.6191132538248292
1.6197840370587195
1.6112697031116268
1.6006227669662607
1.5743453520619237
1.544194361861456
1.4868197017884583
1.4265707334324182
1.3866980483005364
1.3068171693411532
1.255103848469149
1.1741518821231574
1.6539358782885263
1.6724378332102743
1.6777658126393802
1.670668641295581
1.6602235078699508
1.6504588258121409
1.6193237885501275
1.5850568945213532
1.5164343776563214
1.4530859120981874
1.3955148859193067
1.3231314662692912
1.259226729998727
1.177739800027273
1.6904171535756485
1.7058109389661267
1.7083969142986615
1.6981808871264648
1.6872359984268825
1.6728271829185717
1.6378039257385855
1.6021842086424283
1.531760052834697
1.4607062893000922
1.4155026732348013
1.3218056220586074
1.2564374406594514
1.1694262440579746
0.7523250764895237
0.7723813851463346
0.8262131376423036
0.8482365666079624
0.8625718508314315
0.9405891851662592
0.9649610881988376
0.9802531066786004
0.9833356648033789
1.0627099309551813
1.0896439043021264
1.1000001447825176
1.1050472672974325
1.1051094367666712
1.1514327072047297
1.178190951961214
1.187492245098902
1.193829649125138
1.196894707277785
1.1910057672031744
1.1690367870956866
1.1392676204849288
1.2379466481470294
1.265928223024421
1.275069449723434
1.280652944348823
1.281664956761267
1.2739437480385292
1.2471059102897468
1.213298053705811
1.1376732071355022
1.0471018024334504
1.3423636666183327
1.3697324338850392
1.379302901209475
1.3827734367220526
1.3809576072124767
1.3700181861864893
1.3421535846901764
1.2967698650980466
1.2095194610176287
1.1055731014551449
1.4046192772301145
1.430248578120879
1.4379481124465636
1.4418795362808294
1.4377567000164015
1.4244287995943548
1.3873348888422001
1.3427179334369448
1.2466284798169533
1.4757636779180023
1.4996410307938697
1.5081638393737535
1.4843142632847819
1.3916440200346276
1.2848532212455879
1.1613290116353765
1.5359788807605144
1.545284165151625
1.5502362822591649
1.5511727639772876
1.541008772275241
1.5212026951273547
1.4743894710919794
1.4196998967177856
1.3045886884179214
1.173515156737093
1.5812138066018426
1.5993069268033562
1.6024174211058253
1.6008653038816747
1.586062698425096
1.562114030252514
1.504587393813947
1.446383955730474
1.3516045412880595
1.320959156479911
1.177131205544615
1.6119641748391629
1.627057630057588
1.6283399677686157
1.6246201011038075
1.605579946009552
1.5795821724584542
1.5198505611274826
1.4541466627615416
1.3197180964759319
1.1688480176016927
