0.2650018979002283
0.2691957508441088
0.2604359395297148
0.24251528471352907
0.2224031813217464
0.20498184407785638
0.18693183852125397
0.17087941345672342
0.1479811405456082
0.11484931521861064
0.28291925003703117
0.28955701046569166
0.2909440057498932
0.28906265955137267
0.272939531584577
0.2507268566678559
0.23067431367811736
0.20969073981931252
0.19100302014679305
0.1726465836073497
0.15506827796959582
0.1406043160885138
0.11321612297974742
0.30117648009161946
0.3041294813635649
0.30624148650325206
0.30800463311799087
0.30813408315267377
0.2987716535024398
0.2761112036949956
0.2539475210695268
0.2303231672008403
0.20918161589206666
0.18841871212642328
0.16856452927931606
0.1522592524924142
0.10753658850106224
0.3168435516394003
0.3217679604568601
0.32262988773659385
0.3232650365140853
0.322743998572479
0.3204865266748059
0.3008778568718785
0.2772338918045804
0.25106905544014024
0.22743968272716744
0.2042018101080565
0.182000802678589
0.16380125464697823
0.14551746325156792
0.3370340540439346
0.3397284206198522
0.3414367812615652
0.34239747868158604
0.342228243973983
0.33476861610881076
0.31177643444457886
0.28254474658502
0.2552275678049148
0.22815604618257834
0.20228584628099824
0.1811260840790038
0.15993941517697555
0.14150719082715044
0.3492897167683505
0.3518031296418179
0.3533217053843351
0.35377554807486966
0.35342947731013535
0.352022070371441
0.3360044997079195
0.305972907498286
0.27617547105474816
0.24622980535923364
0.21753170063074892
0.19408083332683976
0.170651961858503
0.15033051619290966
0.32006935092136296
0.2890636752161188
0.25739731714275244
0.22694016449455146
0.2020510891462638
0.1557089054612963
0.3617656272236711
0.3651015818441011
0.36415745615791595
0.3616129058660016
0.3354935179239084
0.3035965119818711
0.27008959195891286
0.23763879329246326
0.21109665552635143
0.18464924692041879
0.1617624947492812
0.3677198090373227
0.37036065100820315
0.36878891997698543
0.35293499393635236
0.32125513058191546
0.2857917605156418
0.2509165354926703
0.22232133452529274
0.1938320489607414
0.16922900007543246
0.1456994262112538
0.3713026811948452
0.37337069708505394
0.37177942803115666
0.36361371270562115
0.33525409323645694
0.2986635357497455
0.2618823870607612
0.2315746860545904
0.20139448897761916
0.17535479310439955
0.15049995281360784
0.37510890143410913
0.3736411265536244
0.3713358783518552
0.3659370602290516
0.34958483531159196
0.3368020388497951
0.31268860758732336
0.27400001821489695
0.24183327518282965
0.2097450332721169
0.18209610470511392
0.15574779611335987
0.37478911076326266
0.3755952677217979
0.37210881075514823
0.3620341712795624
0.3266106095252764
0.28638254898513915
0.2523664115290872
0.21832587555143984
0.18900099247112848
0.16109880064396678
0.37372497775084845
0.37175449052775417
0.3695062951497943
0.36165842471644843
0.3575692597604076
0.34287243381476085
0.32437183499210914
0.3018766995669552
0.2657292564320891
0.22923113759791866
0.19775069719324836
0.16784753383223622
0.3696787919363532
0.3676526575270237
0.3633779193246019
0.35538490217250424
0.3451817392222926
0.3306085382114469
0.3161989101031018
0.2785123679450109
0.23974069702739462
0.2061761690298179
0.17427461206747474
0.2636055569318423
0.2584913366412151
0.28321261733741926
0.28442734514613605
0.27160817138617654
0.3010398358476476
0.29599014316265326
0.3151734384154695
0.29934052468172245
0.3334548710466296
0.33050733925968606
0.3104421601161591
0.3446676300840039
0.33323535961846035
0.34631662839052335
0.34496383249959506
0.3531328711795824
0.35460616640636905
0.3335374683545841
0.3582926061091216
0.3592755332680984
0.34937368077972925
0.362598148804553
0.3582079659291396
0.33355842730448076
0.34670054192614785
0.36218508578831743
0.3637153680429285
0.35708544471935383
0.32526704181728927
0.35914645042774884
0.34022771488224446
0.3503026677118737
0.31489724492256227
0.24095985624549962
0.2450362916936776
0.25500637948702437
0.25914693977615977
0.2611460372038246
0.274663406119806
0.27877885770254324
0.2805086064697401
0.28013488885141685
0.2775683361805274
0.29301887265528215
0.29683903317436855
0.29814966687065264
0.2971698358118335
0.2937281176860989
0.2825836300444826
0.3045082884009438
0.30797913205639965
0.30889788055247547
0.3082901309614761
0.3074721115923625
0.30581807449811754
0.30348395923839516
0.2975563473963491
0.29084421897068957
0.31422211424652075
0.31733854625809116
0.31778916914746025
0.3157240821889907
0.3138144110907203
0.31111148360953345
0.3043222235148633
0.2972462504164945
0.28339809137391936
0.26974591025006256
0.24295482461140563
0.2307078824971623
0.2132143733925121
0.32362886644521593
0.32607183378016624
0.32577493720126655
0.32473892241625685
0.322904278988125
0.3200119591541382
0.3174718536038583
0.30968101285156907
0.3018833957330831
0.2889182750385659
0.27201006506118774
0.26038355692304793
0.2434857085575348
0.23001053574132518
0.21187151983314087
0.32770432336415817
0.3295187472918661
0.3288754835967655
0.3255748725726978
0.3228542141714493
0.31937120955871695
0.31106178311782656
0.30277789492307644
0.2870755984358521
0.27151146744297355
0.25929043366604715
0.24164912293825694
0.22814981359945397
0.20907074718290214
0.33058143927075634
0.3316346129478974
0.3302538069044768
0.3262285695589706
0.31928747569202137
0.30154423652259843
0.2688206307455439
0.23760250918739098
0.20392497889134512
0.3314041229041564
0.32984038970349033
0.32743809203309016
0.32180246486010833
0.3173151999102153
0.30799100116296235
0.29839935783358035
0.2815669089248479
0.264714264253182
0.2538934441406006
0.23268664771247344
0.21922044608841545
0.1985154590028689
0.32814497832972495
0.32763572508775834
0.324921503874026
0.31945098531574384
0.31497118886228903
0.31139908879458567
0.3013820357142226
0.2913037167268666
0.2725402091315798
0.25601822089844045
0.24140777618092923
0.22337807612771143
0.20778037201646885
0.1883740818321542
0.32358561519100126
0.32243921443847073
0.31922387721251094
0.3133012274402112
0.3090365714292501
0.30414316844964534
0.2936266655626407
0.28373999932918725
0.26533601611218777
0.2477036244871978
0.2366797074101845
0.21439491697459234
0.19916129408873398
0.17927456766210612
0.23174532536615253
0.23595740233203474
0.2448856362684341
0.24913648383514572
0.2508086016758831
0.2631637925945838
0.26726352183026947
0.2685769171050974
0.2636740567674815
0.2799952116961482
0.283833158185908
0.28459347879322505
0.2844528289179512
0.27818971808809007
0.29044083562465073
0.2937742206881626
0.29429337391819776
0.2939810947469797
0.29113363184218016
0.28643858685706425
0.27593915210655956
0.2640292956220982
0.2990718818392784
0.3019912975129162
0.3023023284384845
0.30159733572147307
0.29793187243610014
0.2928154483877782
0.2810638431487256
0.26845750016665143
0.24253986462689628
0.21309908012192466
0.307133990509285
0.30924826361424684
0.30896333355284683
0.30803552478550067
0.3034071951637803
0.2975253896007894
0.2864222813462491
0.27075466019915245
0.24308239552481276
0.21176075195232652
0.3105202069766868
0.3120170156696408
0.3115067898208167
0.3100845635838699
0.3049058407024382
0.2985090987548917
0.2848308207950137
0.27028856306324445
0.24126237727391983
0.3123745079909086
0.31309100411930946
0.3102960530369968
0.29742063102827265
0.26764288727560764
0.23723469320635368
0.2038261520515402
0.31240461290774546
0.31210878686931165
0.3109800961279588
0.30861270263814794
0.30220597830970947
0.2944630234856383
0.2794869708573809
0.2635914281251926
0.2323399674907104
0.19842244534615805
0.3084578901739543
0.3074282344433725
0.3053034882204827
0.3031532519956819
0.29594608850711296
0.28759514731958324
0.27067284467734276
0.2549857651253028
0.23069680550597232
0.2230599246386549
0.18829062132264357
0.3034268990491113
0.301786964870643
0.29956909629585565
0.2964517406546546
0.288559798001889
0.2802322766216025
0.26353323334539636
0.2467347413092413
0.21410228639305726
0.17919884200526942
