0.22963202432602453
0.2338210881549144
0.22784343464168444
0.21351790618398064
0.19714336303616423
0.18285287609529
0.16797139953270002
0.15468086648264823
0.1356388427386012
0.1079381137817541
0.2474057390320066
0.2538673761745101
0.25549382424697004
0.2545601095645272
0.24191068151096976
0.2237190968810565
0.20711431449878298
0.18961785445424978
0.1739664020886897
0.1585282859162043
0.14369259518552074
0.131449203630838
0.10817884881890608
0.26569421804979537
0.2685741692969642
0.2707134778001695
0.2727185445868233
0.27298299173309104
0.2662331421876215
0.24769447441666798
0.22920864698307666
0.20934497575955868
0.19147132649968357
0.17384032988620302
0.1569146747108657
0.1429679144253222
0.10449816659920935
0.28177125116246177
0.28675690532515047
0.28772928619189136
0.28874827643863155
0.2885796975243747
0.2870316633008379
0.2712274491823336
0.25141857866538586
0.22926480255492446
0.20912069130196162
0.18921180767745058
0.17011141996645596
0.1543963534378791
0.13855079300314127
0.3031067820589092
0.3058875702471884
0.3077631073153911
0.3091719148346277
0.3091961965202201
0.3037091157364733
0.2845759689851525
0.2596228904269562
0.23608122532479717
0.21261253719052156
0.19007935729371234
0.17157460679203176
0.15296847260431187
0.1367233814516558
0.3165884132280801
0.3192373023089333
0.32098214534943487
0.3219539167865717
0.3218385196086615
0.32093591406631383
0.3079735372398026
0.2823063653907379
0.25647427363101505
0.23031213575025392
0.2051106279785608
0.18442907380434362
0.16367679996457107
0.14559386188269413
0.29601685932676886
0.26904491271743347
0.24126306951541868
0.21439462082020574
0.19234125021571294
0.15101077314653494
0.33100512263189863
0.3349697732860456
0.3347947023820922
0.3329517515346382
0.31102739569850074
0.28324028643157834
0.2537217335387729
0.2249564645763616
0.20132256481308727
0.17765572876452468
0.15708973308108415
0.3384280427613737
0.34174963268668457
0.34105471415747235
0.3280749744875107
0.3005202845814633
0.2691533290857727
0.23807375306175713
0.21244810277253676
0.18681988946588793
0.1645782966352955
0.1432172610113236
0.34330515579323
0.3460318742291673
0.3452853343172051
0.3387761745138798
0.31424690039855796
0.28182047297879176
0.248913363993899
0.22164102922659326
0.1943653843694728
0.1707180909730093
0.14804885622365468
0.3493678627737317
0.3485866436894201
0.3468546623725808
0.3424321795388898
0.32834864923214063
0.31709709530384317
0.29564277524652594
0.26090693736971043
0.231841072964508
0.20270328653026834
0.17747727336519845
0.15333269043124473
0.34992325177458994
0.35147200853434846
0.3490620855285928
0.3406572394323005
0.30938415831384647
0.2731704332610648
0.2423101617164536
0.21126695210184473
0.18438389830520854
0.1587138034084794
0.35183951102732425
0.35039853172211627
0.3486597863972212
0.3420215932253045
0.33844683828520417
0.3254780432178317
0.30888929939963905
0.2885514798115313
0.2555998137212321
0.22215329823615357
0.19315948438776195
0.16549214158375872
0.34984338896553496
0.34834556541417516
0.34484449944534035
0.3379396011905091
0.32891224689155346
0.3158220509510993
0.3027630013846231
0.26834055180555283
0.23265644750287862
0.20160698622564496
0.17195687021090844
0.22925994805098493
0.22612902604808033
0.24863519935368994
0.25043578643723363
0.24071755667001674
0.26692045014318705
0.2637220969069705
0.2822015050114976
0.2698199722275691
0.3011271512354296
0.29977377896589724
0.2833356412873812
0.31409831635355573
0.3053851742292058
0.31573734479434723
0.3168239478598652
0.3237453849492197
0.3263607010329733
0.30917469314406343
0.33035539763660765
0.332501519290563
0.3246901738299803
0.3365582904171323
0.3336215678100312
0.3126208595971099
0.3255763042441225
0.33825842553108054
0.34099826810627243
0.33589033769251403
0.3080816032283291
0.33912683294581336
0.3229089964385645
0.3329948049505701
0.3014887651200776
0.20980422590241848
0.21370326758231376
0.2237398660985469
0.22777123148013717
0.22992085332296036
0.24369688282894827
0.2478143321703635
0.2498053240845455
0.2499624916564329
0.24819250650020605
0.2629472938945652
0.2669106895603083
0.2685866107309188
0.2682626482935377
0.2657399373620327
0.25671233522019554
0.27543324597791446
0.2791462879657034
0.28053188538652746
0.28033363263726224
0.2798068867202563
0.2786030331649654
0.2767937697955587
0.27199069188665725
0.2664049720464606
0.2864271058478563
0.28990222276635125
0.2908702778153716
0.28961169554015526
0.2881172906460466
0.28600764154583047
0.2804058144711007
0.2744358657523851
0.2625776252477319
0.25076697309828594
0.22741148011596246
0.21667798839254462
0.2013022398662733
0.29780470914480567
0.30074356042068834
0.3010361149906266
0.30038659529758555
0.299034170663554
0.2967413886538456
0.29465822100766637
0.28810248803690575
0.28141149178500513
0.27014864150833007
0.2553242888643595
0.2450758191185349
0.23013345008962874
0.21815634657993527
0.2020055794903284
0.3033215128076254
0.30568119621696815
0.30568152941130466
0.303253668680026
0.30106282050435
0.29816808804551215
0.29108489940098076
0.2839037398571485
0.270128800724637
0.25636354741115586
0.2454933320520162
0.22975434960449442
0.21766628377661623
0.20053781812023855
0.30818284537881313
0.309841480061405
0.3091788418928291
0.30605116338273747
0.300240569148551
0.2847794576336364
0.2556407504542233
0.22754874041398115
0.1970522984516922
0.3109676288759734
0.31033560576067426
0.3084935616452821
0.30382171608693676
0.29996856434869673
0.29181618189410413
0.28332627533447935
0.2682654750389868
0.2530882289801954
0.24330697651194438
0.22404715853986854
0.21179296988257107
0.19288225638248643
0.3099092701296291
0.3101064919305642
0.30812961216362755
0.303597741823352
0.2997298672604171
0.29660135766391765
0.28770654226599934
0.2786638469654198
0.26169076214646286
0.24665036711452712
0.233281318829699
0.21674742381310558
0.2023981139117639
0.184484662520084
0.3072842846595664
0.30683943906341626
0.3043589436487342
0.2993265887219152
0.2956080947738767
0.2912758341464379
0.2818282562950417
0.27292836171913387
0.25611734862403834
0.23993057522020442
0.2297735301372158
0.20921668027233076
0.19508239431417937
0.17660648302646426
0.20233666418459498
0.20641320588556353
0.21545373564586243
0.21964793883805941
0.22161113728349432
0.23414324048829221
0.23831746876863585
0.24004008286204007
0.23670142577326145
0.25195189393052964
0.25601809417753996
0.2570664111831156
0.25720522655757866
0.25266191051432585
0.26344816649903224
0.2671044041288434
0.2679045628635501
0.26796208089524437
0.26600788061623576
0.26229201067463426
0.2535803812179439
0.2434805990147581
0.2733789198953157
0.2767528471911213
0.27732937551891695
0.2770394659233253
0.274395513099264
0.2702597607903828
0.26036903620129015
0.24954336592961512
0.22701431997643365
0.20119079911320165
0.2834171612204128
0.2861016983426995
0.2862659634386357
0.28570350804798283
0.28213484179891335
0.2772575435738335
0.26776175456397533
0.254118666331671
0.22974313614383354
0.2018973343251355
0.28821575361318325
0.2903292993502083
0.29023396694436815
0.28929618479073504
0.2851904810035878
0.2798078777636829
0.26796694675979404
0.25518143792856945
0.22937766070174007
0.2920303508247108
0.2934293006025239
0.2915834533921021
0.2807922961582521
0.25449375164509497
0.22718785109828052
0.19695441389767265
0.2939800821974255
0.29407224454542236
0.2933564422764097
0.29154342011123086
0.28620360638204295
0.27949941183391996
0.2662357915722719
0.25198896731701387
0.22370526542213703
0.19278970159270006
0.29213363005359505
0.2918912229366997
0.29031071335023445
0.28856068105114613
0.2823860804736945
0.2750332696638474
0.25985623779484285
0.24563282993613694
0.2234355270761156
0.2164317523045693
0.18440113865679247
0.2889387109239485
0.288077046530335
0.2863429165437389
0.2837410886650223
0.2768556575056
0.26944807475532395
0.2543392100574386
0.2389719906600438
0.20892529398639711
0.17653049161435183
