1.3007964640918128
1.329622289959134
1.3083489193187439
1.2324921053191344
1.1392840033637615
1.052959189187068
0.957743257842518
0.8672209651383377
0.7268675407127981
0.4971901348282913
1.4474573175151682
1.4913888607716066
1.5043395774561168
1.5040144827960167
1.4362097109630925
1.3285183936179354
1.2240374633192406
1.1086014761561678
0.9989347266087635
0.8842984229922152
0.7674869807821445
0.6659581726387088
0.46097669929130586
1.5968023364879
1.616704011766812
1.6319570792304892
1.6474563744424051
1.6501168275915847
1.6162234677105949
1.5030888357085492
1.3833946175819902
1.2482554883105526
1.1201191979930907
0.9868250511759908
0.8518787898738527
0.7353911040595129
0.3936497004855909
1.7323087791253442
1.767972256534103
1.7753394622636578
1.784235894862586
1.7844720083579846
1.776496195134029
1.6775662916055745
1.5454350148855258
1.3907569506421151
1.2432628645718375
1.0903137460734798
0.9363709828701743
0.8043683161024074
0.6666184393044416
1.9145768719934217
1.9345654567559576
1.948304255289582
1.9592243181281408
1.9597771095938878
1.9238680770295096
1.790396749213787
1.6095975995959906
1.432172807350346
1.248033436833329
1.0639734041612574
0.9076145841166648
0.7460906166020401
0.6027681492090796
2.0296437524227646
2.0482614219641615
2.060533463349496
2.0675055427772246
2.0666202766928143
2.059998716940178
1.965188399886
1.773805710001962
1.5750643861121922
1.3669211937562582
1.1594136980869274
0.9842040279960732
0.8045061596981958
0.6462479526542964
1.8731233949568669
1.6629678732389714
1.4401618171780959
1.2179932888646168
1.0309872348845905
0.6725396285529952
2.148557043087229
2.1741486359039133
2.1703092595573654
2.154636529171801
1.9819118596501388
1.7620021289531311
1.5231627270325738
1.2842927356887999
1.083744150593938
0.879853277874274
0.701978113183208
2.2053581333476995
2.2245871251903604
2.2145665419470872
2.1055322966426213
1.8821708091507294
1.6253837295884044
1.3660239968903538
1.1486263398310232
0.928685195386091
0.7379217241949647
0.5574459878429218
2.2390383414779467
2.2526543160262404
2.240746501677126
2.181958210913252
1.97729007499007
1.708838185224539
1.4331313582881724
1.2018238788479814
0.9685979732365135
0.7672156329672244
0.577677806131538
2.268120615887054
2.2554712116298625
2.237385923667311
2.196450860222021
2.074803253996982
1.979725116564697
1.7995776022906538
1.5069943789073237
1.2604451496884752
1.0124886464439742
0.7993444589487118
0.5998344654519772
2.2687639594318574
2.2691926563694325
2.238910956477568
2.159620144245646
1.8891855555768637
1.5820322443203858
1.3202987382833895
1.0572818499302878
0.8320788084019581
0.6223710373482476
2.246462313980073
2.2266140863025967
2.207010602590542
2.142182709601908
2.108927976290838
1.9935622649729188
1.849605488417551
1.6754407100970847
1.3958176994191125
1.1139393954203973
0.8734447512481575
0.6508427828952558
2.2005695256410367
2.1799064613853143
2.141172734884598
2.0738215643575666
1.9911132450023794
1.8750435083600672
1.7615681547197586
1.46793504270293
1.1685396514602
0.9133222921345757
0.6782434211150317
1.3062790826404262
1.2983135484618626
1.4627221575805545
1.4788624832464012
1.428865158962631
1.613741663009007
1.6002739738113867
1.7449529866087947
1.6683581706449837
1.905174493455168
1.8972674686580917
1.7820588679751268
2.012888252199355
1.9474712117456163
2.033542729646499
2.0344531069830776
2.0954379978582773
2.1086716526175726
1.9692097343766044
2.144359761992712
2.1511572983979796
2.082145468265931
2.1796173084982673
2.146216986179106
1.9662956653670678
2.056010685582575
2.182138799923027
2.1833318713153864
2.1272271630666455
1.8806879677029025
2.1324820750085585
1.9768083830817789
2.041630502466382
1.7537384021268934
1.1966934759198082
1.2216855059543663
1.3070165591742589
1.3336761067037077
1.3489757434210643
1.4695962863227747
1.4976044334975027
1.5121231199546556
1.5148515366344657
1.5050028363195544
1.6293073661860618
1.656580599159597
1.6683699147748379
1.666733550149129
1.6498029192499808
1.587497552212323
1.7325940827192743
1.7578181452332715
1.7667559716272625
1.7647034190595499
1.7606679365216553
1.7518070887124193
1.7383734677754437
1.7031155767142354
1.6619006866115404
1.8212836244793915
1.843778237581688
1.848457061319962
1.8367316565651524
1.8244964680211744
1.807754576727796
1.7639771326026248
1.7174873835598294
1.6249532010951908
1.5317952793416267
1.3440420031544846
1.2560268173963625
1.1277663634267947
1.9065328966830384
1.922787248751734
1.9205310524053607
1.9131778387048066
1.900373324881748
1.879996161861293
1.8620233859689705
1.8076198088491875
1.7525488449442108
1.6602400320566222
1.5383473256660187
1.453473482828286
1.3284051751734378
1.2274450975016802
1.0899055549317453
1.941767574043636
1.9523030566689663
1.9455717758497932
1.9203388967404103
1.900262749272807
1.8745149019960947
1.8135196311053958
1.752741574538231
1.6371601930124655
1.5215277700190804
1.429998592364967
1.2965958616938476
1.1936403952690064
1.0468486980209568
1.962455689394471
1.9655040382021007
1.9512318816693563
1.9178844611231372
1.8636333585360791
1.7277891901747826
1.478214964543406
1.2385121070947702
0.9776271411921507
1.9590157343296402
1.9392527382694937
1.917915897647274
1.8709344877972278
1.835006831954141
1.761349226610433
1.686506469196583
1.5558804892912033
1.425406684096308
1.3415865231305049
1.1771064321965987
1.072945630439162
0.912882527253954
1.9202416336189703
1.9070751074353238
1.878110043232189
1.8294352355935943
1.7913093387759857
1.761800618717651
1.6803189342189548
1.5999786264281934
1.4520021514594952
1.3225317385172195
1.2091908439370675
1.0698241064159373
0.9503110922633085
0.8031497674627188
1.8672762131228005
1.847115683322659
1.8130552052257225
1.7587681609330554
1.722038772194364
1.6808923774950835
1.5945152620127245
1.5153386133705486
1.369151487951237
1.2320326894035385
1.146634887788688
0.9763897722241337
0.8616826007056592
0.7146818181989719
1.1576932667049344
1.1838691995966222
1.261339719356669
1.2890098929491203
1.3031225802861057
1.4126249785104001
1.4407717057010345
1.4530828079284956
1.4331180606385903
1.5584367874492204
1.5858256538380149
1.592722203341451
1.5934535493688096
1.5608353167796136
1.6514327710143326
1.675061325511465
1.6797732874533486
1.6789870527407025
1.663004093724875
1.634421567791376
1.5683010100413928
1.491169448222524
1.7286874405803556
1.748958196852406
1.75099966298851
1.74706394031814
1.7233210666703824
1.6893858388254432
1.6102517520430468
1.5237516431083227
1.341513002165314
1.1270929758941615
1.7990213477624881
1.8116605341778715
1.8084079277590126
1.801005052104324
1.7672717024493432
1.7246808016778152
1.6444412793038097
1.530523966625749
1.3259783640977623
1.0892765821552532
1.82539406869252
1.8320015200951598
1.8265394995495186
1.8143898666597207
1.7739656095985643
1.725520501699656
1.6230635240292661
1.5139819856703942
1.294310625820591
1.8344769217267998
1.8327048288140342
1.805851089628891
1.701823714080279
1.471107861294513
1.2364100124576898
0.9771084834636514
1.820973422393951
1.8139891622175597
1.8018117680756762
1.7797716760539943
1.7250884576997867
1.6621466004498382
1.5433104059285416
1.4188005338026644
1.175193172582728
0.9124171368826441
1.7739793201954615
1.7542641120772615
1.7313785566947124
1.7109735790824028
1.6472607800055907
1.5778492038982248
1.4412133533699005
1.3167539987255312
1.127367571434599
1.0681779262397115
0.802766672296733
1.7155829177559458
1.688718175406034
1.6649310835857605
1.6349245523640261
1.5648161493587962
1.4951497330440973
1.3591437984425858
1.2268561575474433
0.9749623185923064
0.7143594921872328
