0.4097338741895766
0.4178595486722859
0.4089852624399279
0.38458991959752065
0.3562104762438112
0.3312021200948356
0.3049596566166592
0.2813652385538919
0.24733150576053292
0.19737120858200674
0.4472787362090941
0.4597713306991297
0.46319380556138523
0.46229130984522376
0.44082176100790366
0.40887378050353773
0.37937008025760016
0.34806901584676553
0.3198733466894223
0.2919292212612992
0.2649187652596612
0.2425513290450512
0.19994334367130634
0.48587810829315814
0.4915022322412034
0.4957569217055592
0.49995380463291605
0.5006102847337287
0.48977764306426513
0.45697335591039284
0.4237533535170606
0.3877629793664813
0.35518197572905896
0.32288920020890177
0.2917233782898091
0.26595995935771016
0.19479188645667314
0.5206220045732761
0.5306210358888956
0.5326566884325189
0.5350548370620312
0.5350466599624192
0.5326466043078077
0.5047365376526077
0.468790792326284
0.42820406615570994
0.39107268581330135
0.3542061636196105
0.31866405194886593
0.2893333005877561
0.2596934361874185
0.5678496414586949
0.57352863685108
0.5774743271204628
0.5807294352737796
0.5809625817062534
0.5717576306062115
0.5368042067142728
0.49043768130011756
0.44638134255870193
0.40226354746278464
0.35972061773442443
0.32468960286199916
0.2893951436416411
0.2585545138765099
0.5985842004288997
0.6040690692988453
0.607811183195995
0.6102766471651868
0.610263744046032
0.6088910272369559
0.585428926656855
0.5373793061970118
0.48855484046887193
0.43887232136469934
0.39082047211556753
0.35128709327356306
0.3115473262233166
0.276895602304793
0.5659362045063175
0.5146828406418847
0.4616217497437247
0.4101004086831853
0.3677146528688027
0.2880923012624157
0.6324882582341732
0.6411598669967439
0.6415074619450206
0.6383716614826208
0.5973818404393969
0.5443089290027566
0.4875885580441144
0.4320964865714752
0.3864024191489564
0.34057135575423186
0.30072540946511245
0.6506768094540281
0.6581008256182416
0.6574628237623232
0.6334109142939714
0.5805541896574978
0.5198715556122834
0.4594963949619853
0.40963133378216704
0.3596549341435346
0.31628447828736017
0.2746826332709413
0.6631226673762336
0.669318927016438
0.6685373404010597
0.6565998688974055
0.6095043069595864
0.5464725602538618
0.4822134752638395
0.42887156192533477
0.3754080179475018
0.3290673300121717
0.28470028932870095
0.678938117646816
0.6779317645614332
0.6748444924706443
0.6665564058045896
0.6394722442098745
0.6176014483054185
0.5756417516071205
0.5074440731957133
0.450260410501319
0.39287246668127673
0.34317846908714933
0.2956977808473304
0.6821133991253892
0.6859572193711599
0.6819125521311008
0.6659192886261277
0.6047686331232758
0.5333246638043285
0.4722975613575703
0.4108339259179134
0.35764990779172223
0.3069204875971521
0.690023486850444
0.6875739567166647
0.6843354964174861
0.6715989100667467
0.6646289721359379
0.6391151178383018
0.60629640148584
0.5658725138958207
0.5003752807901287
0.43376299418529246
0.37607063994241663
0.32111128294847935
0.688991854725929
0.6863205211324797
0.6796366720400892
0.6661261791785965
0.6483378744365434
0.6223106495362509
0.5962541177256291
0.5274443602059935
0.45603773525301733
0.39393780388438515
0.3347924002390912
0.4100487934296023
0.4058853287500766
0.4506181473236446
0.45471306359520636
0.43861895895362374
0.48970303481439165
0.48508136292034426
0.5235034221263717
0.5020622556357697
0.5654162969600536
0.5641618842037414
0.5344034681107497
0.5955479062183628
0.5803675410642126
0.6001817440617191
0.6045952299267092
0.6189666364533747
0.6253269002909279
0.5937077672560549
0.6353870546652972
0.6408057605404185
0.6266527676004134
0.6510290359161117
0.6462566080502335
0.6062371746919053
0.6338732379715215
0.6588267054575192
0.6655495977163107
0.6562449089662088
0.6021245426445859
0.6653124583296801
0.6338728001760127
0.6559886897852766
0.5936441050935641
0.3754469565936347
0.38281850833757247
0.4044293299429106
0.4121834087756438
0.4165132818079433
0.4468382129896673
0.45494608188509705
0.4591100731343337
0.4598997653173926
0.4571235637581395
0.4888671097129471
0.4968873834934493
0.5005462491955498
0.5004928794560414
0.49627740667709996
0.48014476933221695
0.516858542901259
0.5245232301263583
0.5277184482482693
0.5276712778286138
0.5268723022781828
0.5248572502870226
0.521675939483706
0.513013494071585
0.5027684916811641
0.5421744203949301
0.5495089580548516
0.5519131182045659
0.5500616571795202
0.5474456118597874
0.5436443243502775
0.533351112594181
0.5222290368975135
0.4999571000863876
0.4776487898808026
0.43331290682621404
0.4128892701399687
0.3835445804041183
0.569358738369562
0.5756440903845343
0.5768812003420946
0.5758826672341696
0.5735358183186043
0.5693732427611062
0.5655098711981162
0.553213680948569
0.5405246790171573
0.5190441155157178
0.4906033566589115
0.47088756212194444
0.44203552390006456
0.4189472414551641
0.3876954182621113
0.5832784524839242
0.5885785309546676
0.589096331001336
0.5848624869815798
0.5808265404583373
0.5754011214802768
0.5619445380077952
0.548187364276611
0.5216369908333109
0.49498658600005635
0.47388406162438607
0.443293764443955
0.41975880242386393
0.3863963217122651
0.5965724598557498
0.6004961966673363
0.5997275555318368
0.5940498869572918
0.5830502594602042
0.5531403028161531
0.49622674668525024
0.44113776338881244
0.38124402220586373
0.6051254615942767
0.6045881146682077
0.6012581604288469
0.5923899734897583
0.5849633071478204
0.569103175087384
0.5524974287474479
0.5228874365659657
0.493004418239403
0.4736965619178457
0.43565986464130374
0.41148253134973234
0.37411429990939954
0.606247624067874
0.607307902997801
0.6037849828905183
0.5951436166782512
0.5876077115998489
0.5814927715685329
0.5639867225227657
0.5461155317119212
0.5123992341992358
0.48250998674621326
0.4558950631434729
0.42300330444334044
0.39448441918468735
0.358834790511765
0.6035295754424248
0.6031777703967762
0.598570521161512
0.5888012501113662
0.5814951476770361
0.5729516660701615
0.5541930465985083
0.5364381225915017
0.5027976425381891
0.4705430220159654
0.4502460745738503
0.4091350608436221
0.38092255000948616
0.3440237558341421
0.362645422124706
0.37039373392671276
0.3899962306288057
0.39810783154313373
0.40218159469821957
0.4298140536730379
0.4380929331946627
0.44183813628991814
0.43662593234353786
0.4688194710469165
0.47711638822466257
0.47944873949950106
0.47996624879837674
0.4723882913630317
0.4947111620171777
0.5023105855719034
0.5041609675931717
0.5045832598685455
0.501423832717542
0.4947943755670495
0.4788332013436299
0.460078722348865
0.5177126239274444
0.524901177202664
0.5263302027569353
0.5261639330276466
0.5215731888098658
0.5140400135131422
0.4956211353573919
0.4752440544069979
0.4325308443654426
0.38332465216404865
0.5419614904567063
0.5478887238455076
0.548594750812761
0.5477440606123882
0.5413669650568982
0.5322744759250206
0.5143000680537113
0.48820509576316073
0.44125816135842266
0.3874795217604992
0.5542150273147078
0.559041034129545
0.559187632590588
0.5576682409477668
0.5501580184843415
0.5399943821726898
0.5173100080564748
0.49261933064594476
0.44253875555523714
0.5651898493027868
0.5686175796514104
0.5656023703149287
0.5451013406955451
0.49391307018316355
0.4404094532094025
0.38104653182074
0.5718506756431286
0.5722944098385758
0.5711791900945956
0.5678898069526102
0.5577286224005552
0.5447414174775461
0.5187751540161288
0.4907766518237652
0.4349672287296265
0.3739269256176854
0.5711427548854949
0.5712614498456353
0.5684009720648211
0.5650873763060623
0.5531216706018176
0.5387114229087888
0.508659558112427
0.4804367218914664
0.4362969292636077
0.42236086758565317
0.3586651723232051
0.5669691845207923
0.5657390159351462
0.5625168046568528
0.5575200261571008
0.5440203837215558
0.5293820072181763
0.4991626024108805
0.46858445096853396
0.4085408844250913
0.3438692898775095
