7.852199914518551149e-02 1.501392591127863163e+01 1.369452795239035225e+01 1.361104307261507884e+01
7.524359769178172452e-02 1.098330170691446384e+01 3.341584060183638183e+00 1.632949513654126150e+01
9.378724550129752258e-02 1.427162997906759045e+01 1.337086404611044088e+01 1.203970708125170574e+01
6.871211972602775386e-02 4.336608496528711498e+00 1.358667277480132185e+01 1.776399369174890452e+01
7.592750265253189745e-02 2.755869334301813822e+01 8.908950049462276866e+00 1.560560827463322475e+01
6.938694278316273611e-02 1.591962526752548790e+01 1.083491767052253074e+01 1.566181017790762020e+01
7.274108289319156095e-02 2.443293186913316362e+01 6.085497180146214546e+00 1.646364810025082193e+01
5.383311777164033474e-02 2.595676483115279964e+01 8.583322092390224256e+00 1.510501346883622276e+01
8.906505287697194517e-02 1.247790068848230227e+01 1.289170582995518188e+01 1.619103510596514184e+01
5.643160542525740841e-02 1.770279134685029732e+01 8.450654936010396412e+00 1.256105525660253441e+01
7.908121811996947359e-02 9.460471374307171999e+00 6.943332317874683746e+00 1.499108587570366069e+01
7.127149030665382023e-02 9.011776623424022858e+00 4.541984500290474180e+00 1.263760384658878166e+01
7.618308747131895264e-02 6.399046023075628753e+00 4.038826228783005234e+00 1.753396553897767518e+01
6.700643786405495461e-02 7.831839708582962523e+00 5.052959710445308339e+00 1.657225903928428323e+01
8.427157934670759243e-02 1.676055891774027984e+01 7.565526860799305808e+00 1.761295586599454666e+01
5.786448779119687802e-02 2.671655715041314494e+01 4.488585188080798538e+00 1.591099593242875621e+01
6.005908250056040537e-02 2.143565057393988127e+01 8.726011234074299239e+00 1.653953899721397391e+01
8.524010424652736506e-02 2.059171425868212069e+01 6.635169264275845080e+00 1.552000698681858104e+01
5.836123772027367734e-02 2.520645908825352777e+01 7.987116672858602051e+00 1.237897012686568488e+01
5.673819344102811607e-02 1.845461940623191310e+01 8.221068029118400844e+00 1.504052374281190296e+01
5.341369964770225492e-02 2.929917996840179129e+01 1.101395473391226076e+01 1.481611704552942399e+01
7.968314578305706053e-02 2.660466958977950824e+01 4.151916328234278808e+00 1.515065711251711100e+01
9.532315745922514960e-02 2.395402545463874588e+01 7.443367411463960970e+00 1.213250276399609540e+01
7.047784424983130624e-02 2.840100085769976346e+01 1.051701487178586447e+01 1.557436462550281675e+01
7.810474325136912421e-02 4.936467543916788436e+00 1.065059195733373798e+01 1.727880749677828121e+01
6.830479098474054322e-02 2.454826845229319332e+01 3.498992197354173328e+00 1.587333887222728457e+01
7.492796349718570947e-02 2.619138479596026059e+01 1.169072651739222835e+01 1.773858446562374525e+01
5.087157310040964220e-02 1.727431405360969308e+01 7.688852703959106805e+00 1.607701529506487503e+01
8.159812485574277630e-02 1.122155398893321099e+01 1.268434103013464309e+01 1.534597858254789315e+01
9.122820622329522178e-02 2.021002452714403930e+01 3.601302008135753407e+00 1.323261628698740822e+01
7.369352298217593522e-02 2.263652948538750920e+01 1.346502991928358028e+01 1.365603050634359761e+01
6.081356431377130112e-02 1.549417588293910697e+01 4.376027863196751078e+00 1.339019058631010672e+01
6.255577125999051136e-02 2.549859293569003782e+01 6.361668968733245499e+00 1.699549922132556645e+01
9.028005095247350342e-02 9.708945523016794255e+00 9.250289508265307603e+00 1.404243952929009254e+01
6.528253283158745590e-02 3.095054686485698170e+01 1.132303494121039833e+01 1.416329649878116648e+01
6.574184746487207742e-02 5.814349106654143284e+00 9.581765356790086230e+00 1.716802802856988919e+01
8.125543321348793757e-02 1.915503250436851346e+01 9.745934148081801141e+00 1.625842790232363910e+01
8.695292827256448365e-02 1.305208669654286346e+01 1.386256454025901874e+01 1.601912708397716756e+01
8.890290190816778348e-02 1.647976122842699453e+01 5.772126778026572147e+00 1.378762737661104687e+01
9.704655571719351947e-02 8.558918778724352805e+00 1.125980162405990370e+01 1.337295473719447436e+01
8.565896981558109025e-02 2.586458204814750061e+01 4.944788256858319464e+00 1.529184798746227791e+01
5.557217030572553923e-02 1.221414332391520929e+01 1.039431154393411560e+01 1.233109550573185054e+01
9.480179220592038769e-02 1.957952094438805091e+01 9.467887148493352001e+00 1.797528176828426894e+01
5.175126795019466958e-02 4.581390314710612088e+00 1.161566920663487323e+01 1.211388480041950721e+01
9.551294724379660872e-02 1.326652173209998153e+01 1.277263879653526502e+01 1.728124519658105385e+01
8.474991078824491153e-02 1.386729347554381420e+01 4.796370629491084614e+00 1.274691656750899149e+01
8.734260969361057336e-02 4.089317934361985429e+00 1.332463877183826995e+01 1.351976015012371235e+01
7.178643490652236725e-02 1.578134362005264180e+01 5.240311042275740405e+00 1.433148187152301567e+01
6.331675485220017441e-02 2.696495178996579867e+01 9.941246641085719205e+00 1.229248323811959942e+01
9.673189692953171326e-02 1.200321406670548541e+01 7.940393734252633173e+00 1.305893280363996745e+01
9.239443840863259538e-02 2.403204431579068512e+01 9.063399733548040516e+00 1.678219778184607947e+01
5.710831966381923336e-02 6.583824025350494047e+00 7.738075096685069987e+00 1.309299571052640587e+01
5.931157069863209758e-02 6.838894647999559595e+00 1.178828352236619637e+01 1.682576578256262678e+01
5.293287846000252483e-02 2.743102997387938657e+01 6.836405173675203173e+00 1.580892840234019303e+01
9.291487735982716101e-02 1.266587770055684281e+01 1.398200924965238201e+01 1.381024294932304031e+01
6.190649704523923380e-02 8.172029700767520666e+00 7.395127633959881486e+00 1.244801499035676429e+01
5.894757179880329157e-02 2.353980853490531899e+01 1.311988174485054159e+01 1.399834506096275533e+01
9.642975845830524528e-02 1.778234665865202047e+01 5.304745767154029679e+00 1.612419007887660882e+01
7.448522121270423346e-02 2.173071340714602329e+01 8.281957301545059380e+00 1.491617323708780773e+01
7.055514332207124539e-02 3.017043531673017753e+01 5.979391437149594424e+00 1.782414647724897350e+01
7.331599568688708379e-02 9.374355876028371171e+00 1.089553928689358564e+01 1.705501348984383725e+01
8.237806074491652031e-02 1.355554344090598029e+01 1.000864283940657806e+01 1.689930668364163679e+01
5.142995367056124589e-02 7.271416632912739431e+00 1.254333827449095295e+01 1.544457489429330899e+01
6.413213709897649939e-02 1.018658090565478958e+01 7.279583058275286511e+00 1.735688123369624591e+01
7.658093918129409150e-02 5.522099906376025658e+00 5.845056208819736199e+00 1.788279802931396389e+01
7.767838982943138515e-02 8.593891899039233451e+00 6.143158402975844368e+00 1.472110449173327140e+01
9.979820858405687167e-02 2.818159375063313021e+01 9.199514000191864938e+00 1.395402524665097843e+01
8.617770133264407439e-02 1.883239299084927865e+01 8.691042679818036021e+00 1.250316669833784111e+01
5.423441522730641784e-02 2.255510161416615844e+01 7.191260421265983638e+00 1.745206255280848495e+01
7.701716535234917616e-02 2.980047850495277117e+01 8.150195175115108270e+00 1.427488180522040651e+01
9.910394314422765749e-02 2.880136948221340276e+01 1.222325019676521052e+01 1.713294126201419232e+01
9.822905967746460576e-02 2.776191371171558586e+01 7.033998273744122010e+00 1.283536712616785103e+01
8.014431067021632327e-02 1.891823157974502578e+01 5.484927262294472250e+00 1.271961041722478747e+01
5.203612995824844628e-02 2.487115203340000491e+01 6.690980711967856820e+00 1.387883006494186766e+01
6.671703196204802067e-02 2.951615340150187805e+01 1.301928523090064971e+01 1.454964662022221589e+01
6.765147975545848791e-02 1.813691323579345749e+01 3.706016561660259612e+00 1.575248159432529249e+01
8.809129104763957496e-02 1.057542068369646948e+01 5.586083546772225183e+00 1.371001200564315425e+01
5.024470667190773787e-02 3.038648497446209973e+01 1.199003023437492033e+01 1.631747594649691280e+01
9.322013349723899667e-02 1.459435005804391849e+01 1.230055213832116934e+01 1.436730082751465076e+01
8.278779804498437311e-02 2.203916135563153844e+01 5.428528323207819639e+00 1.445795449031884417e+01
5.960555553528482792e-02 2.318903926244657399e+01 1.212483945936281060e+01 1.667443512097319314e+01
8.368315092148256862e-02 1.415592740188657572e+01 3.850424232359397347e+00 1.747756684119453041e+01
7.248057607596763985e-02 1.626645914802050186e+01 1.071450746595111880e+01 1.465021825308184944e+01
8.969320618443443749e-02 2.316371153867635968e+01 1.114122508901908049e+01 1.536607460317952700e+01
9.072025956169685323e-02 1.176217876236935567e+01 4.707301712973514185e+00 1.483320336579306797e+01
8.795259832891656748e-02 7.086760191004680465e+00 1.022540618013736236e+01 1.411141754152717809e+01
6.649744447830792382e-02 1.035258162465435916e+01 4.822357755358835263e+00 1.521980138406424032e+01
5.465833022338793812e-02 1.131368577952414256e+01 1.244271595349748338e+01 1.348658666606559819e+01
9.158217627026098151e-02 2.886103955919031705e+01 6.280682753307557320e+00 1.297973970725505133e+01
9.409754392403804624e-02 3.072659803902569564e+01 1.015220789244008515e+01 1.767882139573318412e+01
6.971703157099873316e-02 7.552857702651648353e+00 1.322033950322987295e+01 1.331709928789145536e+01
6.371549890757030599e-02 2.075321136577039383e+01 9.439222364607303462e+00 1.290386705740127127e+01
9.753963387968994647e-02 2.105675875266827290e+01 8.967079239566567495e+00 1.640570697534235478e+01
8.318313771322519146e-02 1.971848692619533949e+01 6.536938397596396833e+00 1.315570898399442790e+01
9.892384521402666775e-02 2.002944374543263706e+01 3.799835964686749445e+00 1.694029508060944877e+01
5.535857362661482373e-02 2.232279062532348490e+01 9.827550641887141225e+00 1.221572759635978400e+01
6.215798404033089086e-02 1.526784721058053940e+01 3.251936262799735022e+00 1.458969055880835164e+01
8.094710186703507615e-02 6.006634930310569942e+00 1.142199536634325341e+01 1.668562009081007602e+01
6.145029400997797930e-02 1.712794351076773935e+01 4.199132593777273215e+00 1.287127877546531884e+01
6.458689267233853892e-02 5.320482132748688642e+00 1.191583780769068568e+01 1.451899737436910698e+01
