6.169422615900523044e-02 1.451696598537306704e+00 2.271820977793215945e+01 1.814071878841671648e+01 1.715470834460024108e+01
6.747946742470244119e-02 1.447914427588055775e+00 2.109772921567342507e+01 2.693908825599171308e+01 1.625465073303574215e+01
3.720804471295507954e-02 1.406111904761427889e+00 2.606189708233537417e+01 2.643568683842432598e+00 1.785733448096330278e+01
5.760641689169456597e-02 1.464955591665697110e+00 2.348118306553744716e+01 1.707618409047693220e+01 1.803515602821581254e+01
6.156638731785880891e-02 1.436650355924963929e+00 2.256744218705467375e+01 3.763364707622837813e+01 1.730256221740344458e+01
5.489690737605759652e-02 1.413390060348123534e+00 2.382851179465025027e+01 3.059627978830260986e+01 1.641945102493926711e+01
5.954553113496054151e-02 1.418510645711452911e+00 2.139816601198432622e+01 2.074816901096824928e+00 1.651002192962271309e+01
4.570644790308169003e-02 1.400860561185933051e+00 2.369984681541285809e+01 2.081309177168983027e+01 1.742103263300961657e+01
5.860775914758816624e-02 1.405338722691826803e+00 2.042179922155572314e+01 1.815480060968422293e+01 1.681038424261178221e+01
4.412264245349348246e-02 1.456756776083621752e+00 2.734735214444304319e+01 1.010242242809468394e+00 1.818112459189826424e+01
6.104520187056559216e-02 1.440530242200401378e+00 2.308569076615380311e+01 3.481250068365887529e+01 1.685073962171007267e+01
5.060358622792297117e-02 1.427738962647741916e+00 2.306758812417283266e+01 1.632133368202775969e+01 1.805764138207629088e+01
5.930904106273010568e-02 1.484404131313648900e+00 2.512909754286092578e+01 1.610713704200305685e+01 1.745321358628905628e+01
3.636167860629246906e-02 1.400621271057342465e+00 2.602600652073778065e+01 3.642289732223993326e+00 1.828073017723368565e+01
5.455897469307243591e-02 1.434210717528688228e+00 2.397740773732859054e+01 5.405599104528254095e+00 1.726822505089573312e+01
5.174670813773558919e-02 1.390085252561361395e+00 2.332546840355905715e+01 2.029721957385065423e+01 1.689943803223129493e+01
4.178187027326159264e-02 1.449208668960954238e+00 2.832603759765005336e+01 1.845287260209992652e+01 1.781158914731243570e+01
7.126173105216292158e-02 1.485217067184443129e+00 2.356379078473206334e+01 2.382936221845444891e+01 1.709087255492351431e+01
5.507204270060606088e-02 1.475134043116923532e+00 2.775643360874120091e+01 1.137633029389568406e+01 1.662949766508151939e+01
5.697399473087176591e-02 1.406171219425028873e+00 2.147161838079508911e+01 2.721512742371667315e+01 1.731500063895784436e+01
5.063443727275789702e-02 1.437423271249819834e+00 2.656557261583742502e+01 3.581838136589401245e+01 1.714809051885135460e+01
5.860041662682043129e-02 1.446694496922076079e+00 2.416437218852360758e+01 5.680249563219256004e+00 1.691090314417203189e+01
4.931775149264254476e-02 1.459673526381834119e+00 2.798223404865067110e+01 3.258806128805164803e+01 1.733991505922845988e+01
5.776021179869110511e-02 1.413664403745410691e+00 2.214166251819874631e+01 8.840276522854743746e+00 1.690114759050481297e+01
5.562909277602789276e-02 1.429716265761983074e+00 2.099660798955677876e+01 1.545364938492549456e+01 1.744948305147111967e+01
4.996892957702778887e-02 1.428787112016947303e+00 2.509436018805851987e+01 1.141929375741734809e+01 1.777282802141071016e+01
4.759292833291971919e-02 1.424817307057369087e+00 2.408481730538584742e+01 3.355501976660498542e+01 1.795024938003631476e+01
5.231700837343602334e-02 1.449871703817189772e+00 2.560726819614479055e+01 1.091239215838479026e+01 1.766023264074657462e+01
5.237318598703258332e-02 1.419550480924667957e+00 2.157560178763845471e+01 3.012606611581517058e+01 1.829991848120434383e+01
5.633558390955314965e-02 1.412412996547668387e+00 2.086783043748108923e+01 3.557447685499351309e+01 1.716254045950430296e+01
5.075231890233138088e-02 1.406982039192422373e+00 2.274524130910993236e+01 2.473921503292455526e+01 1.727749371199930195e+01
6.054438157639403795e-02 1.464347252490422191e+00 2.477329653715952418e+01 1.955385743157201262e+01 1.723519392292001484e+01
5.949169457161524593e-02 1.439816991971892168e+00 2.403298011553421532e+01 1.624512798459013041e+01 1.641680000732672795e+01
5.043939503646560629e-02 1.489425941356887995e+00 2.919407952219895819e+01 1.441545597301680104e+01 1.750471799279678109e+01
7.303618969119778093e-02 1.524680081111870589e+00 2.689867587752328149e+01 2.709151345743651618e+01 1.684676794617913487e+01
5.757664376998271327e-02 1.405088273222835582e+00 2.182655273864831358e+01 2.235890079616986270e+00 1.627360286837592085e+01
6.519702773402252793e-02 1.453657505809884398e+00 2.166190497706607943e+01 8.258586734204129698e+00 1.647238004351805429e+01
5.290436152451096635e-02 1.410065545678810039e+00 2.329295093607844436e+01 3.088696461860443776e+00 1.683064407418786956e+01
6.151140484329341990e-02 1.423164888043989329e+00 2.142301915799438206e+01 2.163724906175291096e+01 1.691565091654364750e+01
6.065105605722755089e-02 1.460323909754714711e+00 2.548459577020046751e+01 3.600955735764564736e+01 1.651707209131834375e+01
4.913799480786605611e-02 1.436481540037545468e+00 2.433234558077651855e+01 8.303391353636133232e+00 1.821104560436989672e+01
6.141572584999382967e-02 1.433354633197790218e+00 2.219453060580820747e+01 2.651219884437480800e+01 1.654402893047954137e+01
6.197772390464107578e-02 1.447927698710393285e+00 2.355793068175433902e+01 1.175376549339458876e+01 1.627472436420271151e+01
5.521848358178528537e-02 1.445836015570672428e+00 2.243344126701688523e+01 8.465356207218345475e+00 1.795479061419364442e+01
4.818208817134425614e-02 1.428961205643302979e+00 2.685984098443898560e+01 1.961335648167945678e+01 1.695872133844018492e+01
5.514522285040718286e-02 1.406367416301796736e+00 2.261234779059856237e+01 3.177445973960555747e+01 1.627673092444278780e+01
6.023666750673215692e-02 1.430407608801914865e+00 2.213051096620924696e+01 3.006381848825596848e+01 1.693194833241536656e+01
5.419953699938611508e-02 1.437994382484275357e+00 2.089219790448847291e+01 3.126550240819310389e+01 1.831352817496294705e+01
5.651355181075889272e-02 1.425248893256112925e+00 2.303767707562648326e+01 2.105779879516117603e+01 1.701678594731680505e+01
5.424437095332552972e-02 1.432469297253969209e+00 2.117318139108482811e+01 2.479319064412549878e+01 1.851957387588874226e+01
5.602224451573811770e-02 1.438785888869418716e+00 2.450563491999673715e+01 2.243797762051057632e+01 1.697362871054439282e+01
6.275604072104609688e-02 1.426478061004610387e+00 2.209467088936188617e+01 2.205322610369478298e+01 1.645119405304397020e+01
6.021811880695264463e-02 1.451439290589435549e+00 2.169129995249639720e+01 1.242648996450862242e+01 1.735023771395147207e+01
5.239620412244838654e-02 1.428877675228918065e+00 2.110751201617955530e+01 2.615231284218141639e+01 1.774128650358241899e+01
5.433175943035999100e-02 1.397332599303039657e+00 2.216456709975596695e+01 8.582895162706680736e+00 1.691953576649519064e+01
5.516482209333744419e-02 1.415634006400186218e+00 2.253291042566543823e+01 2.799592800305897100e+01 1.779569496495773606e+01
1.585139422047581736e-01 1.873821612814478899e+00 1.642507053772420988e+01 1.301197907683152977e+01 1.249390603363426244e+01
5.149913501900130891e-02 1.416451916530524935e+00 2.392993818913577897e+01 9.918507789552158727e+00 1.685537940109131938e+01
6.028176631851693557e-02 1.426947107601101994e+00 2.159284520635499049e+01 3.714663348538791610e+01 1.687360511827517229e+01
5.627959839052362745e-02 1.397940218573799687e+00 2.129812852258774569e+01 1.518618185048809366e+01 1.665600037292080771e+01
6.162447976881146872e-02 1.449844505856388244e+00 2.362304130868830754e+01 3.371271794438622127e+00 1.711313936435376704e+01
5.675492417475975354e-02 1.411464641531276820e+00 2.242398741163022180e+01 2.094947482176207387e+01 1.682676863709738413e+01
4.616357979259048255e-02 1.457087934930528572e+00 2.595609168844915260e+01 3.065813844432266677e+01 1.834707579393315768e+01
4.891108512583509232e-02 1.458971086656814187e+00 2.712770760805358705e+01 6.858687271428307142e+00 1.826939358997518070e+01
5.368398486627013605e-02 1.416757076958208517e+00 2.217496813280614987e+01 1.775520178213424316e+01 1.748706840736484835e+01
4.607830240019347712e-02 1.491325455203090566e+00 2.836802547330265512e+01 1.938541494769088658e+01 1.887254110075839009e+01
5.591425330555775675e-02 1.438987246155301492e+00 2.289545873695854183e+01 1.851460474341821794e+01 1.791853385578456681e+01
5.838607513681846883e-02 1.425635922551354628e+00 2.146865722665361531e+01 2.685538302231197161e+00 1.714972677365798859e+01
4.973585794156828999e-02 1.414244048054422720e+00 2.136225767945423826e+01 1.061628141375599022e+01 1.795544279039854629e+01
6.228009050908424327e-02 1.440978893654159210e+00 2.358885599226163521e+01 1.725719637218290359e+01 1.688657827306258241e+01
5.448416392288880916e-02 1.399756958061314061e+00 2.100002368298591193e+01 6.294388098048617763e+00 1.757014312950242996e+01
5.235465725295367079e-02 1.389297579742411637e+00 2.187994874293404024e+01 3.541768043007547107e+00 1.655308487242590232e+01
4.061629738762550373e-02 1.417717196205574570e+00 2.750509874318424863e+01 1.170717738278621667e+01 1.756158942243674659e+01
5.358724486578766988e-02 1.408584988743886601e+00 2.251655545688513627e+01 2.237806949413420909e+01 1.654231841525419000e+01
4.823223619327555306e-02 1.414653275686833078e+00 2.432278546334713809e+01 3.507223117265370860e+01 1.739590996945709378e+01
5.839499380378157523e-02 1.435866676385002094e+00 2.436088117229532912e+01 1.236237698981194555e+01 1.656960353860208102e+01
5.688691098225976545e-02 1.455708735010412092e+00 2.574740009367193494e+01 2.776836870913366440e+01 1.717963034206162476e+01
5.572384692218814578e-02 1.464127561067748662e+00 2.534426948598602536e+01 4.948648431861683683e+00 1.755447877653774214e+01
4.721279143379523979e-02 1.449341954061927673e+00 2.829425887767499859e+01 8.396178145685340155e+00 1.780055052768552670e+01
4.735799063229827882e-02 1.431344785572188805e+00 2.291715016708725727e+01 2.773446444949783540e+00 1.882181106554919481e+01
5.089672151695996682e-02 1.392473639285250586e+00 2.226902913182835064e+01 2.108261816738754035e+01 1.653315801475179114e+01
5.801193638317523465e-02 1.443855469867397323e+00 2.403623560420693650e+01 1.277872403320377970e+01 1.755260721103200794e+01
6.528285561977172080e-02 1.424935717354509634e+00 2.095700798799000353e+01 1.819182354441636562e+00 1.705654578145111344e+01
5.078367770187257324e-02 1.400008170733101798e+00 2.158049456062092020e+01 3.691605394452616906e+01 1.694240055903367193e+01
5.660404541822210839e-02 1.426341740386209977e+00 2.231345660748216631e+01 1.880773178266970547e+01 1.734590759077660493e+01
6.306054527494041329e-02 1.461991775171818553e+00 2.292795188797349226e+01 2.069077889580385587e+01 1.682846830230101887e+01
4.115832784685142381e-02 1.442262875947974532e+00 2.852570927579365190e+01 2.275033464224356372e+00 1.838361363307127405e+01
5.481719351767364717e-02 1.447628223928934865e+00 2.350271024822757582e+01 3.341881826963540902e+01 1.818687156362189583e+01
6.265326397336952458e-02 1.441392940702283409e+00 2.198487493836705298e+01 8.144414405286315883e+00 1.647358152864833514e+01
5.383038672031940919e-02 1.439400093268504266e+00 2.435562828170014882e+01 3.635514348778370675e+01 1.719981647131178448e+01
5.047950671219520596e-02 1.461870172758747533e+00 2.682546016901295971e+01 1.554857383798230686e+01 1.768085716437641608e+01
5.406858404935144247e-02 1.403595200833791745e+00 2.192777928790368946e+01 2.173782177775328250e+01 1.738441656721699502e+01
5.246248910460282050e-02 1.373048327083438380e+00 2.067465979335229775e+01 1.838953782437188522e+01 1.655220670271788208e+01
6.195494919436993209e-02 1.420451561979842348e+00 2.090822753803580625e+01 2.277779328946773774e+01 1.711955729456815334e+01
5.500111544707877304e-02 1.450700148716601579e+00 2.404241003171966895e+01 1.606821653056693222e+00 1.719265933013800662e+01
5.482512517383081319e-02 1.392288331037080384e+00 2.116811265717922552e+01 3.183373613968717208e+01 1.628723540812744730e+01
6.082207944323549109e-02 1.433708569227287732e+00 2.412227262522497995e+01 1.949711440108371363e+01 1.660923342729137531e+01
5.548855572798680469e-02 1.455412386812572345e+00 2.243767368668867945e+01 4.019061702737089625e+00 1.810170941228221864e+01
5.441769740836314984e-02 1.410145933195162904e+00 2.209159907460972150e+01 1.644667333091198458e+01 1.632363361515663058e+01
5.127562769222737682e-02 1.377393726196304735e+00 2.138450804483456125e+01 1.665238350472004969e+00 1.659358955734794705e+01
