6.933577132868290471e-02 1.157716767556107973e+00 1.156692982569835237e+01 1.091010621453767193e+01 1.855800941570610263e+01
7.986199211912672902e-02 1.177362237896495856e+00 1.444385165385605774e+01 1.103121774063057003e+01 1.720197931384031875e+01
7.003794853846138924e-02 1.162791470792987614e+00 1.226168656062504425e+01 1.269909790729526833e+01 1.881872352825651973e+01
8.545615539890882850e-02 1.168617713273900627e+00 1.632735918138919118e+01 1.248833771942894799e+01 1.650745933145874389e+01
8.358665504042799010e-02 1.236334400206660078e+00 1.653618884146917978e+01 1.010422728261830727e+01 1.742521946430257174e+01
7.372863991113846882e-02 1.124192866119422263e+00 9.881845426171246061e+00 1.439631574471810538e+01 1.866022513973786090e+01
5.861990054743090872e-02 1.093487028885641310e+00 2.871222681626290552e+01 9.238787199343613921e+00 1.699374864718012645e+01
7.103241610752267232e-02 1.148475674334775487e+00 1.598467953195162039e+01 1.175781375573142995e+01 1.750820477916973772e+01
6.464840174646542537e-02 1.085278824650784513e+00 1.188887089124394159e+01 1.471653647297008050e+01 1.843959243713923613e+01
7.795702827703550331e-02 1.213318242655624601e+00 1.248121281691573614e+01 1.054586054733296407e+01 1.846255437649402253e+01
6.748199002999977214e-02 1.130800728280918932e+00 1.534607131633413069e+01 1.159810852317503027e+01 1.761293476248009426e+01
7.821799319452929500e-02 1.183110032948867518e+00 1.515773635544017139e+01 1.163841522589431499e+01 1.732744068646999835e+01
7.827963201257948089e-02 1.197529202058740250e+00 1.784940862322259036e+01 1.033720198955108494e+01 1.731862001035187859e+01
7.457912921229317704e-02 1.108862407870457645e+00 1.665860873334508341e+01 1.042979015388218222e+01 1.580720950331734542e+01
5.475769306664625413e-02 1.138465423135303745e+00 1.138627194208820725e+01 1.262519417264656241e+01 2.114684560089733623e+01
8.776215802693107526e-02 1.203139404735488860e+00 2.166159321899556289e+01 1.017042051126904845e+01 1.610769102356947968e+01
7.204300259181277422e-02 1.189128701245826036e+00 1.798257983547687644e+01 8.918056605371191381e+00 1.722684549202501714e+01
8.601712381287845988e-02 1.255882687957237565e+00 1.560870504882323928e+01 9.053587822990614598e+00 1.751728326851862150e+01
8.841134668022820886e-02 1.177779728354009237e+00 9.031340826616693462e+00 1.093571614863576436e+01 1.753909320073755396e+01
7.796154532033058859e-02 1.223319620321663193e+00 1.737528877082352352e+01 9.602962066474745484e+00 1.760980083809184649e+01
7.621771628406198706e-02 1.127761088877056839e+00 1.451971260988599433e+01 1.351608168145637023e+01 1.723096306652740495e+01
7.591909132413757200e-02 1.148243309839732662e+00 1.769525606358635628e+01 1.096126590457436834e+01 1.671182442654253109e+01
7.896525668110136731e-02 1.180213659488356992e+00 1.071373993490802157e+01 9.209538645024434089e+00 1.746018042537401271e+01
5.836097610591355067e-02 1.128974790193815414e+00 2.408162442249796698e+01 1.292767014443159113e+01 1.875752759489721555e+01
8.267316610103959962e-02 1.185390475892872830e+00 1.911076895565444289e+01 1.039264756848058902e+01 1.655952846957944757e+01
7.074414768640049922e-02 1.148462228526549556e+00 1.945549180866289873e+01 8.679734505524571375e+00 1.628345667569683641e+01
7.170443981491392282e-02 1.144739015872498822e+00 1.348298331246163961e+01 9.022874300556306792e+00 1.686330189185170525e+01
7.409300937305643431e-02 1.173442672485612404e+00 1.199566895535574318e+01 8.145061900225677221e+00 1.733665392776493519e+01
5.965295486032674843e-02 1.094565474155419382e+00 1.999692116597799085e+01 1.333221497712070303e+01 1.777931646665035359e+01
6.776835576636865144e-02 1.144128681575053541e+00 1.198593364001698092e+01 1.263079245653985971e+01 1.875296746167379425e+01
7.477428959202719883e-02 1.183141639324068350e+00 1.806160068368308202e+01 1.054485542521878827e+01 1.744196985637043440e+01
6.066837986094612833e-02 1.197925639947902132e+00 1.749733568044170084e+01 7.630378542883484272e+00 1.854079118931904091e+01
7.168247295821783549e-02 1.128943298376205107e+00 2.925253541603595053e+01 7.731782860724358386e+00 1.601400612670733636e+01
7.087212377883035652e-02 1.147235162856697910e+00 1.569509871679040813e+01 1.202226666502078700e+01 1.750668121664620713e+01
5.040793338971938375e-02 1.155758565307029473e+00 1.749613373529145122e+01 1.307427315418470926e+01 2.162904249880059382e+01
7.440579755586750055e-02 1.178996587234979021e+00 1.700065323865391775e+01 1.130138929431405614e+01 1.759877451811154714e+01
7.901505103330401514e-02 1.202026699074238092e+00 2.044372084426832004e+01 9.825714917037547735e+00 1.712275894794495912e+01
7.700659550302545175e-02 1.132728854376555461e+00 1.251866377696201837e+01 1.313006850238682865e+01 1.729671808232886931e+01
6.081969320035079951e-02 1.137709363756792769e+00 1.560828148659831882e+01 1.172740183882438814e+01 1.870199313809634489e+01
8.577472733141260075e-02 1.170996048667386491e+00 1.565738318958100450e+01 1.248029286526451997e+01 1.660589895973297558e+01
6.115206871584368681e-02 1.166235954707152134e+00 1.614456169358743765e+01 7.876060009762726466e+00 1.784412215044903505e+01
9.092178495437028274e-02 1.226521122078447545e+00 1.799818130298197616e+01 1.081818063310329059e+01 1.662411598641957511e+01
6.381275396022843827e-02 1.107178704725751306e+00 1.750540819445545537e+01 1.352849789589200213e+01 1.772885814820556760e+01
7.023824953215417055e-02 1.139306720279432028e+00 1.266393865701950006e+01 7.610123855820318362e+00 1.663810055885960537e+01
7.111174490881672083e-02 1.191559660893566353e+00 1.277022112652830543e+01 1.299180736843046802e+01 1.952244132278897837e+01
8.235954774384907084e-02 1.162726211929859588e+00 1.060729870323946500e+01 7.858786409256476979e+00 1.643465882839976899e+01
5.322084735760027052e-02 1.077428700346561019e+00 2.840153325917551541e+01 7.125389649726411534e+00 1.672486860788616170e+01
7.774894336515808524e-02 1.164797921846358220e+00 1.745904235309366825e+01 8.602202494965663249e+00 1.612009385581800203e+01
6.619454286524768805e-02 1.080153491027198376e+00 6.785992636040367287e+00 1.274247535689973176e+01 1.950422143309890899e+01
5.362889292815031100e-02 1.122275841474250857e+00 1.397182112942351040e+01 6.812343439449470850e+00 1.784742038566054489e+01
8.978032463996271639e-02 1.119223491732261211e+00 9.516502615348169769e+00 1.320119918073887177e+01 1.653418103908990489e+01
7.674837608024109858e-02 1.187712147366413618e+00 1.628416278011949458e+01 1.176418512985164178e+01 1.754191816393025860e+01
7.735376609811575599e-02 1.190601600027166418e+00 2.296833507779833639e+01 1.034818176809035073e+01 1.714700933739303323e+01
7.116114953551988531e-02 1.131717636081943645e+00 1.543112381538741928e+01 1.138883473607888774e+01 1.684727706702098615e+01
6.964227902844941087e-02 1.161688412774005474e+00 2.126651182091530501e+01 8.293606677047751674e+00 1.676952907304687201e+01
6.076690474471234393e-02 1.128307391711565355e+00 2.256077177520411325e+01 9.686212544955234094e+00 1.761748242185139901e+01
8.382784412152276265e-02 1.173072153808225382e+00 1.833049108729324672e+01 7.876487012736318682e+00 1.562985477921681898e+01
7.951553959408096117e-02 1.202718133460458194e+00 1.727912418860435295e+01 9.316427390829760569e+00 1.689632329956995704e+01
4.953124243772064755e-02 1.003359528837354464e+00 1.113615812991064935e+01 2.048445822621022927e+01 2.092752276966992042e+01
7.474930417159414420e-02 1.191234109642736572e+00 2.177292120066321957e+01 8.332021751004546672e+00 1.686017648687500525e+01
5.745393844467571592e-02 1.101860183669117976e+00 1.146885440072978568e+01 1.559935588372209736e+01 2.041026023064114625e+01
1.123230747102287180e-01 1.246863434313902008e+00 1.075385746095384754e+01 8.525723009360447691e+00 1.553792459087775413e+01
8.736910210392412335e-02 1.203335221217146866e+00 1.661304763249209770e+01 9.089469721765514265e+00 1.611405868675756992e+01
4.279521862872937010e-02 1.000454334492415276e+00 1.216790003978898760e+01 2.095823002894786669e+01 2.233615104493191694e+01
5.646849476409766810e-02 1.152827975389197679e+00 2.232571562042860336e+01 1.059021413799106526e+01 1.910827767205672956e+01
6.857026131886582998e-02 1.111045167790660315e+00 2.023939585541665664e+01 1.205168505943680124e+01 1.684356357651217806e+01
6.053975055645957615e-02 1.110535175543630126e+00 1.861579013661235749e+01 1.685424772950976902e+01 1.911793084793929864e+01
7.164149082936197011e-02 1.166339462064782007e+00 2.349624146846930373e+01 6.707112953320847559e+00 1.638355023526047916e+01
6.616522474342273474e-02 1.155350293134428830e+00 1.589412265395057844e+01 1.237010782332282233e+01 1.833705965051316866e+01
7.447400068535743600e-02 1.165477598554507388e+00 1.105507286096609576e+01 8.188759070117640704e+00 1.730587636065666857e+01
7.044069681486173073e-02 1.130379336571159410e+00 1.576428692308979151e+01 1.277635583992195123e+01 1.737702688790813355e+01
9.019281898385847485e-02 1.180599639897764508e+00 1.446889822835317752e+01 1.134023082183072439e+01 1.615769058375844480e+01
8.637501323178489732e-02 1.179542488463221295e+00 2.117822024417129256e+01 9.417454256567285853e+00 1.566714829827674293e+01
7.521139391753203784e-02 1.151739817946958677e+00 2.043289241834787973e+01 1.000249584847753681e+01 1.634225851403989083e+01
8.260362725422364105e-02 1.244363854426230986e+00 2.119286954735909845e+01 8.748261265239012374e+00 1.731644177760041714e+01
6.563796229341091470e-02 1.155960720651650897e+00 1.338337557652902099e+01 1.237728239402981600e+01 1.901532980300765274e+01
7.595290916141675397e-02 1.145801395311504267e+00 2.257995335777257040e+01 1.053630258382476903e+01 1.637638044825314765e+01
8.099819473193317632e-02 1.187927185392969154e+00 1.383754002046321929e+01 1.148016959983726615e+01 1.751179759363365207e+01
7.354599926572986945e-02 1.182923380661024648e+00 9.406601572423546997e+00 1.113833053874213341e+01 1.928152958108600856e+01
6.026242100655739009e-02 1.178578559558069117e+00 1.534693056770356279e+01 1.196936659376074097e+01 1.985289150457739282e+01
9.540828610337277749e-02 1.152150837993467070e+00 1.042763644118881317e+01 1.376535992206736303e+01 1.670888443682732216e+01
6.393183065081751992e-02 1.131908598444264280e+00 1.351194278821027694e+01 1.355156786683838988e+01 1.885776367766887773e+01
7.197181721053103054e-02 1.141999935491555762e+00 2.011186852837580830e+01 8.137187536872042770e+00 1.610073132680234309e+01
6.977063752146726860e-02 1.155831231236978063e+00 1.653065095462231682e+01 1.054409047692047885e+01 1.763448306797540255e+01
7.363671004609390058e-02 1.119379870417751333e+00 1.736234394483504317e+01 1.084852755394472901e+01 1.613810668177413277e+01
9.612443310210336267e-02 1.203882642483465215e+00 1.966192953689571610e+01 8.575006216646137602e+00 1.505069818855409913e+01
4.942863225235396424e-02 1.040799268079019679e+00 1.156721865119856751e+01 1.730449842948981143e+01 2.076803234419178423e+01
7.957864087335891901e-02 1.182129994041203558e+00 2.132633416243473690e+01 1.036554730731927521e+01 1.657115196471131569e+01
6.204156794371449429e-02 1.099998311701237519e+00 1.527899852968074690e+01 1.435895184589377394e+01 1.819337447941570574e+01
7.687720351173706057e-02 1.151111580697651293e+00 1.201188197510323263e+01 1.181953756972441916e+01 1.747215755063521314e+01
5.265693039672293685e-02 1.126633594758516654e+00 2.064570799639180620e+01 1.281723315252321171e+01 1.966346203986116237e+01
5.953967957406456485e-02 1.082469366657388798e+00 1.298160187683577149e+01 1.781604085240041968e+01 1.963932661192149709e+01
8.178508487609317812e-02 1.118518179194252671e+00 1.618371220012354073e+01 1.022198017563589190e+01 1.522861995114785394e+01
9.751328294441376221e-02 1.238697680834107695e+00 1.801555004627190826e+01 9.291729168989929732e+00 1.586051516309254517e+01
5.894826454098529844e-02 1.077624749093499146e+00 1.076661615362556113e+01 1.392076775361650931e+01 1.922450415464517448e+01
8.030870870065964784e-02 1.202869765910361100e+00 1.587391969506730405e+01 1.068961394169860135e+01 1.728362893609942930e+01
8.138491469585265592e-02 1.143216087003361636e+00 2.220932079966382844e+01 9.106536038072926331e+00 1.552550332023884039e+01
6.165464760114829079e-02 1.064033155623850924e+00 1.493646645884753354e+01 2.051442537064722416e+01 1.886968930052858084e+01
7.731021701549914416e-02 1.170920644613229200e+00 1.305215323089041490e+01 1.044543541742878290e+01 1.743930105011790488e+01
6.605428815289574040e-02 1.159011726092345373e+00 2.125796448962014296e+01 9.796094710015625040e+00 1.752187267178061703e+01
