1.7484758543145411
1.7661517346948499
1.6885010931149047
1.5618314913707467
1.4264425081135907
1.3131395240995702
1.1995673359100611
1.1017095270393458
0.9676796625797257
0.7856531536161532
1.9374858955165164
1.9717339635209656
1.9747410477297167
1.9518365912744677
1.824801958464627
1.6634864237049543
1.5233719579810152
1.3815336655210084
1.2589982270026965
1.1422350232236018
1.0340179851323075
0.9475599250172151
0.7901083264472614
2.118870531975959
2.135377784788807
2.1460547058106325
2.1515287728772488
2.150224240750256
2.0624677529880775
1.8854748254980296
1.720584065742251
1.5508302249099029
1.40351582113462
1.2630471601429243
1.1328559870958814
1.0288612344550019
0.7565263696576996
2.283869227270671
2.3104404209168745
2.313646356370506
2.311227753729457
2.302529619019977
2.279085838023103
2.1117218464190213
1.9243617181388777
1.7251788086479667
1.5508558824055982
1.384389195820527
1.2301454494916602
1.107046734040905
0.9862526708136117
2.504861999047705
2.520181428313661
2.528015497290675
2.5262044716689482
2.5218117345794018
2.4428882103358958
2.240167304512134
1.9977183180427474
1.7793136251070882
1.569493517106768
1.3751172192215677
1.2203451154358265
1.0689256612152862
0.9399074059578931
2.6441663986608823
2.6574556110807226
2.6628754026399863
2.656645043557248
2.649984317489188
2.631623964564167
2.4737986628304633
2.2074516571886162
1.9552247482900198
1.7102049687354663
1.4829604088841186
1.302383973521952
1.1262756152825486
0.9767377635848019
2.3371422728606124
2.0651998290211564
1.7977704320762546
1.5492451285335924
1.3519815885462132
0.9974459116239741
2.787777104942467
2.7970735785110956
2.7746251471233623
2.7426932868687013
2.4823405298430288
2.1910211608214936
1.8980212362480857
1.6245345296774696
1.4076549378717076
1.1971606042771503
1.019466584644935
2.8555837219734537
2.8582871953983457
2.8271783488360294
2.652985176027308
2.3469912067624774
2.0233563327143917
1.7180850013806441
1.4760115518486314
1.2418091818295915
1.0450733612859155
0.8614900411813089
2.895007294473609
2.8929658041465673
2.8607983344423054
2.7628626739670183
2.4736010087126834
2.1274503422704827
1.7956593983597007
1.5321447288445014
1.277806263066563
1.0649807255043886
0.8673060280138769
2.9097714994524986
2.8803140243279586
2.8477673360727804
2.782790762893128
2.6074191122268657
2.4779288009921614
2.242721261376215
1.8820584930009452
1.5942509053973495
1.3170302488756402
1.0859131839206013
0.8726957047747271
2.92537240059421
2.908017486570247
2.8509970503044033
2.729357293745181
2.359414213454629
1.9711111784239828
1.6581067381592618
1.3568396101058082
1.1067684695333784
0.8774188222821376
2.874176472071364
2.8380824298022578
2.8060482340374344
2.708094277116509
2.6601626754318275
2.499458850542369
2.3081391093865937
2.0840488430896063
1.7395153249037623
1.4071256105297831
1.1326749998822645
0.8824918753398332
2.8088215939818837
2.773611785591479
2.713019906570427
2.613922910288668
2.4980543162005295
2.340515929711476
2.190822855876932
1.8183144016315662
1.4555890887614897
1.1567000703051555
0.8866313793190298
1.7252143698369085
1.676068054425284
1.922672639959788
1.9206153980539813
1.815823273886135
2.09577026002677
2.0429276237580303
2.2402848073265322
2.10055893037828
2.4543880688659208
2.4103759730607073
2.230103440599413
2.5736687923889225
2.45226769960375
2.629100551288472
2.574422874921253
2.6991717104879576
2.686060315977269
2.466953738337948
2.758262765337124
2.7386990945149376
2.6244095578753392
2.78485875500697
2.7188752562281695
2.460302205717321
2.5845051688251393
2.8067129891877016
2.7818576928239915
2.689505400789287
2.3492185619812225
2.7041753184113304
2.47919208444823
2.5745636403416317
2.1816357885966884
1.5752791143319547
1.5967568775889596
1.7083473468678638
1.7309931272782626
1.7398149812242083
1.9032103815874393
1.9264010836427046
1.9335361952978882
1.9256620609078974
1.9021121226248365
2.093797509977901
2.115302439355391
2.1187728048574197
2.104960070785773
2.0729097281282898
1.979626860076504
2.216897255202189
2.235941285085858
2.2355800942411803
2.2260086554781524
2.216879463881924
2.2004073717222163
2.1784854000476885
2.125916795162022
2.0685278141424135
2.3229600683123635
2.3382543861048655
2.3333573287619527
2.307576014623665
2.2871367815044414
2.261462860941776
2.199430641764804
2.1364684909569904
2.0175390983256594
1.9029073660280857
1.6841959216860931
1.5868140661148997
1.4496038250000391
2.424710150215327
2.4330366122352034
2.4199098383457485
2.405820611236452
2.384582654340017
2.353555414803473
2.327742455173646
2.253347413893719
2.181069833910989
2.0642986429620183
1.9161225769701662
1.8163696548182575
1.673592717345215
1.5620166648626845
1.413914951956282
2.466469958356395
2.468204467082981
2.449756106548974
2.408905985706724
2.37962703749283
2.343512527705519
2.261472968858018
2.182757831468304
2.038229209679912
1.8990553014702405
1.791562140998683
1.639598352550515
1.5250796662458934
1.3663524514268648
2.4896930979524843
2.4829782556413695
2.455844813370988
2.4053687235100134
2.330159872054567
2.1532858107605097
1.8483889074393167
1.5712745054931756
1.283248626943786
2.4776494178641544
2.440724208221098
2.4085835299435776
2.342575182344248
2.293946955728164
2.197479504228773
2.1024653141172265
1.9404891553415122
1.7838371321340172
1.684998756160045
1.4955887991689687
1.3780649734537818
1.2007657291762552
2.429700880448949
2.4035163647247173
2.3586531468410086
2.2902212969540323
2.2386483141568823
2.1993227491885214
2.093227494071352
1.9914797409373928
1.8082579804355754
1.6524324980437262
1.518076846451117
1.356401607524504
1.219625020956972
1.0533295355649985
2.356973151918089
2.3225201388542516
2.271849427477994
2.195963077459062
2.1463890729681903
2.092144098297758
1.9800732029121801
1.8794258752345625
1.6982969828003067
1.5318308343008555
1.4302141103387833
1.2300520957593637
1.0969978148970791
0.9284202170976781
1.5077166638175397
1.5303544411179864
1.6316770410522874
1.6553573634465855
1.6617360192480597
1.8116917770949614
1.835286348710194
1.8390149774866993
1.7960128192835891
1.9848254216231256
2.0067503209847732
2.008574411220218
2.004755320789294
1.9475569657823812
2.095322723015023
2.1131380379617304
2.11327598993837
2.1067798217355387
2.077639670411416
2.0355344638817408
1.9472272271859905
1.8503902113301711
2.18773744319965
2.2012720994415274
2.198293191301218
2.1882357164053157
2.150531257031406
2.1027524432554916
1.999949339522978
1.8932920647687164
1.6811606959799292
1.4487823712141006
2.2720528351349008
2.2770791968556687
2.267019337319561
2.254108142230119
2.2048402699357603
2.1476623007462847
2.0454238847219215
1.9067991128542952
1.670698018958634
1.41315718067811
2.3034205818264515
2.301816440636341
2.290458910329084
2.2709610393224353
2.2139578028310547
2.1501696209868273
2.021438285610699
1.8900980410840391
1.6368939765040118
2.3136340156452984
2.3021688433784666
2.26055113094342
2.1223302959479105
1.8400358068826272
1.568832637798757
1.282654455315661
2.291008350045609
2.278093985929041
2.2592618121803625
2.227640239729383
2.154252975512387
2.0736106453334284
1.9257571626018215
1.7761745901729826
1.493418893148006
1.2002562992073145
2.232788729784239
2.200143560700652
2.167200046296703
2.1389770159516637
2.0543907093089895
1.965737866304483
1.7959466583787511
1.6459631590298525
1.4229801653457177
1.3546454670555734
1.0529576576903734
2.1552020278642443
2.1130502246460625
2.0792389485832077
2.038465399117468
1.9458879184639581
1.8564995754889764
1.687236132362748
1.526276748394594
1.2286445409400537
0.9281545097913768
