2.3274080728873243
2.3563116490491938
2.272851311224724
2.1206983246993647
1.955061205352999
1.815143840281203
1.6740598663149566
1.551915813628699
1.3838952367806023
1.1548510561506804
2.616008459334725
2.6690586333330497
2.678141281292042
2.6566649596247083
2.5066927256740796
2.3082216499920554
2.1334446231054014
1.955232269730102
1.8004300159368385
1.652274787410962
1.514547649965003
1.4043605841637652
1.2034850630421765
2.9005502829846552
2.9263098477667664
2.9442717637262517
2.9577501978471927
2.958065368627344
2.861328833461674
2.643811027168921
2.436569364126715
2.2211457723110564
2.032977216486519
1.852667852209953
1.6849617250354403
1.5507358494260715
1.1986467505602252
3.1688293822424747
3.2140667810100894
3.221460917466179
3.225051807336303
3.217726928649361
3.1929851493944077
2.9904556273767486
2.7538345343538495
2.498719517428975
2.27361976261549
2.0574070217520735
1.8562281089179111
1.6952285956797213
1.5368977316444155
3.5464182649056015
3.57381682032371
3.590687556580707
3.597796216967135
3.5948241388612057
3.5070628657317466
3.2528241739137718
2.9389546282098813
2.6525186987841383
2.3751667083624226
2.1167666733653268
1.9101435781907807
1.7072477090924105
1.5336700276626447
3.800657772389162
3.8265612820665256
3.841363279173957
3.843528823143878
3.8381337275711322
3.819601200623082
3.627729940984034
3.2822043250989332
2.948083372007776
2.620108311412931
2.3137279645224527
2.0689165662390656
1.828969816477752
1.6240809553688484
3.4962308544220835
3.134243085021825
2.773662737454277
2.4357523937338392
2.165813419971302
1.676341355980175
4.08647793401018
4.120004989362037
4.103098263110723
4.068045292216805
3.7375005635018734
3.3483614744552153
2.9503114397199046
2.575010117993085
2.275141902424404
1.982102811623928
1.7328139325682232
4.2404870932268395
4.2656979335527625
4.238515867670171
4.0237148034901296
3.615354424730308
3.1722052166231918
2.748746311047686
2.4098799860473132
2.079364467583049
1.7990370408441994
1.5354474844780719
4.345179163806684
4.362855862704323
4.33414815892137
4.216671106414143
3.8334237626465364
3.357238653279762
2.8932276054139683
2.5207477006568415
2.1579080684249954
1.8509789072564957
1.5633438592869946
4.4422930340994435
4.4144999360984185
4.377339358348193
4.296764253087261
4.06546588063479
3.8890471639544706
3.5629049813710623
3.054488769124591
2.643527900342082
2.2434744093531935
1.906068806799519
1.5911612400107422
4.497635042160281
4.494726071035142
4.433614640061857
4.279149051944207
3.771680526852339
3.22091046256441
2.769674106637435
2.330087809981526
1.9603860096224917
1.6168615426382416
4.514292318809453
4.474771729155553
4.436114395283245
4.3098665483146315
4.245685022172481
4.024309389953408
3.7541267372493063
3.4322768211180428
2.9303052802207814
2.4388878584759053
2.0267150089699957
1.6460455852580294
4.481420994325744
4.4411420835695266
4.364958661249699
4.2328292208930485
4.072299422886435
3.848667507371136
3.632568107165804
3.0856291796053728
2.5432733615434024
2.088672400789688
1.671116684805555
2.306293440839213
2.2563203951277777
2.6082191920500737
2.6145206991950687
2.4944209719035833
2.887769789090154
2.834257221597709
3.1385020469474583
2.9745536368079026
3.4978415934001226
3.459871930811467
3.2379897577387906
3.7341348647252928
3.595564021879489
3.8247503979487534
3.795369840816822
3.9727017231705233
3.982094733732237
3.713667747410423
4.112479105875206
4.1138981084837525
3.9790259366797427
4.215480362372532
4.147275920284457
3.811982661815263
4.028229751328788
4.320580011540748
4.321662181640645
4.213913856714646
3.754497861829878
4.286008529125721
3.9898552596869648
4.165435020981297
3.6162293169910114
2.112880270361635
2.144730762153731
2.3181073882076295
2.3528087063167695
2.3692273058211226
2.6299047148462864
2.6675785359639184
2.6835474273563333
2.6797659358030645
2.65492830991184
2.951836387317809
2.9900592031286597
3.002962342200224
2.992920630330161
2.9578511207887574
2.844917733381288
3.172969084080001
3.209960538678231
3.219465058997437
3.2124378126441013
3.203506277186065
3.185737756185371
3.160458493803823
3.0968018857523885
3.024995013566622
3.3774715653555694
3.411985701646662
3.416247355048076
3.391974197627511
3.3689297469389783
3.3385444899663805
3.2619596485544418
3.181754288439683
3.027255835454529
2.876040950004212
2.5843361822302007
2.453611019456744
2.268441687639503
3.5991172408995946
3.6259914282914734
3.620956964421646
3.607507436809783
3.584312726825744
3.5476918574920298
3.5159578436133723
3.4216973879609305
3.3274265980861872
3.1723000813233915
2.972677585226968
2.8371206251232315
2.641695622257674
2.488366868301866
2.2837208040535937
3.7114103048728975
3.730828150727773
3.7186615950161244
3.6740749072771974
3.6390047572667954
3.5939058515247373
3.487825489190043
3.3835724570853816
3.1884349859106864
2.997944962049301
2.8494902937269506
2.6384097723344073
2.478258524292313
2.2551272196860297
3.8135020050431336
3.822100294115086
3.7986581043029606
3.7403135908562906
3.645242907267858
3.408437981463222
2.985597573896924
2.5935887183811235
2.180721588241642
3.8599188114275007
3.8284847274988194
3.792730123930902
3.709258706110955
3.6454742949486807
3.5155343123483225
3.3848330608744694
3.1577986372685123
2.9354882445356556
2.7939425054606386
2.520590053450323
2.349752106297584
2.090270177462716
3.8569100188635987
3.838211318289671
3.7882905756621024
3.7023912752840373
3.634067662859508
3.5807914871879873
3.4337321736835613
3.2901834784297153
3.0267762393866042
2.799732155416468
2.601907022377721
2.362281380160672
2.1576608215051887
1.9067021359792822
3.804084770786671
3.772602281813178
3.7129192507336097
3.6141399081571377
3.5468863996409485
3.471722788831862
3.313285121003789
3.16815072427296
2.9028637412775895
2.6552555980968955
2.5031233940424427
2.2000390391588036
1.9968595734927288
1.7360006961386074
2.0301967093815185
2.064208255630735
2.2232594194486985
2.2601505392851715
2.2744963882580995
2.514666482742832
2.5540416507855492
2.566795308562062
2.5227565516242025
2.811808046239979
2.8521660031922633
2.8606712046874074
2.859717730228152
2.7982962701249328
3.0148158146693125
3.051466713605231
3.05772171727629
3.0548229087839815
3.02528844819606
2.9758592899134575
2.866120052344824
2.742083533060725
3.1988321038121788
3.232449119524318
3.235243658498577
3.2280312620401563
3.1876961955186363
3.1302531370733657
3.0000968500846406
2.8610348656244913
2.579487606367315
2.2670867417174865
3.3933862082550665
3.417891363268633
3.4132307085910303
3.4012272385829223
3.34555766110436
3.2746353026496364
3.1421461468139174
2.957564120063471
2.6368687980495475
2.2824047952045987
3.4888721301471666
3.5048773357156926
3.497621560265048
3.4784263379193145
3.411582871154973
3.3308900128083057
3.1609083395551427
2.983043507811125
2.6337608526747456
3.569350690392615
3.5727509358563747
3.5312740959817317
3.356852438779643
2.971204541763362
2.5892102995569615
2.1795894034965424
3.5973964515356047
3.588867149150464
3.570465537841892
3.534417948708988
3.442404630562074
3.335520170991852
3.132165387790128
2.9218871209012502
2.516553157747582
2.089248876552665
3.574114221218026
3.5477083250367976
3.5106349835792448
3.4760601128380357
3.365507902121325
3.24441272438775
3.0043758390886257
2.787666213093418
2.460176609907239
2.3587979607564384
1.905878738406839
3.5092808506386683
3.4679060171825524
3.4277042530374775
3.375627903880228
3.2513321164523195
3.1260422839680864
2.881988180929975
2.6444610517829195
2.1970721448241095
1.735344585703341
