0.3084936632076659
0.30399524076685736
0.26767067739197253
0.22909923213500405
0.19202136165436848
0.16288289714658652
0.13511364815997545
0.11233714013032389
0.08289827916479668
0.04657291505201943
0.32189044271687395
0.31931856346105764
0.31440637053146553
0.3011368853039932
0.2607673878894783
0.21846508390240307
0.18462152568655016
0.1523095188529214
0.12588183605729994
0.10200799815315482
0.08104963556618085
0.06520155154549731
0.03865691813347892
0.3307031210874559
0.3300446328445035
0.32842226103650496
0.32373205273228267
0.3216562573214646
0.28865795642890624
0.24282626732304788
0.2047915391399662
0.16822816550794342
0.1383470282173713
0.11144566452587736
0.08794010828114025
0.07025768962106091
0.029360540857549414
0.33651184189539235
0.3335212782160659
0.3316482734058392
0.3259442764719536
0.32108985443746657
0.31201858672456506
0.2673021565078173
0.22545970795796294
0.18457987724543568
0.15110310032520435
0.12103904565547689
0.0948828241202679
0.07530389614462056
0.05732516271205315
0.34003485224586943
0.3384529657386413
0.3358825017408203
0.32967635275516405
0.32711743020715733
0.30240978826154064
0.25718975634436864
0.21008386746736812
0.17099502535911748
0.13590539953185943
0.10553355543557075
0.0829606637145663
0.06239901558456406
0.04622649667013698
0.3386347632076926
0.3366832890274396
0.3336467195585411
0.3270615578160402
0.32405255297882096
0.31772707297644875
0.2804048206432952
0.22968768621714497
0.1863962681607655
0.14737290809649964
0.11367842107067068
0.08875337779997323
0.06618018992250187
0.04853535351572778
0.24178277898910197
0.19605227821355353
0.15457006060067516
0.11876525309518739
0.09234584556489657
0.049935307687325375
0.33222057901123386
0.3247860413507858
0.31535437820084233
0.3066442780562475
0.2552911580154215
0.20711902475835314
0.1628555125721893
0.12460455617859542
0.09644870982758176
0.07112788119073585
0.0515014820991657
0.32506956913623297
0.31740459216377914
0.306791553347285
0.2710918688639245
0.2208466628984883
0.17326603758289172
0.13193408989553587
0.10156890773474499
0.0744019974828338
0.05340673630143923
0.03559049631358073
0.31769712221134533
0.3104327073047635
0.30034105938051503
0.27982124130103936
0.23198327948012787
0.1819368068885515
0.13805122566143366
0.10582197957872415
0.07704550942739602
0.054948653233366604
0.03626281136198886
0.29996174600105735
0.2917645776760716
0.28466848743174383
0.2724006827879527
0.24370760512227718
0.22440717378171016
0.19153567038310676
0.14489120430944313
0.11054986012993523
0.0799730225954731
0.056600879464941585
0.03694347649598626
0.29646088654780867
0.28830244779880626
0.2753743732428867
0.254351116124323
0.20125304998783505
0.15194732048847487
0.11543608524653012
0.08297625120044766
0.05826134684333867
0.03759553986694369
0.2711191054635672
0.2637020629261555
0.25790076859923355
0.24223330353467834
0.23516932388246928
0.2129099234693313
0.18810542709167885
0.16091580147118245
0.12168110721324905
0.08677845997661005
0.060323764001811435
0.03834730475521857
0.2527203237997587
0.24629367425151086
0.2365866525883817
0.22236465737420796
0.20690269318299567
0.1872474036353044
0.16936815029672983
0.12769659156350355
0.09041502345823982
0.06227271780792571
0.03897046626735518
0.292149027970503
0.26572678371546243
0.3062667967556119
0.2964257720909746
0.25952432556741495
0.30992547079555044
0.2860226857813672
0.3069262767040533
0.26595727561070115
0.31880326605038056
0.2985937082928431
0.2560997746681544
0.31110924656951566
0.27810359863958234
0.31964095590551966
0.2900282231542502
0.314086599926419
0.3006787101741773
0.25380161907735665
0.3069545843509859
0.2936511445981537
0.2683391197574349
0.29282551300831083
0.27561497009562097
0.23080317549349813
0.24167401169752625
0.28176674665856755
0.2690344342126458
0.2508138695137917
0.20041829859122529
0.24522214888663152
0.21124197289273125
0.219110016793696
0.16866515136403823
0.26176026663865415
0.2608939590270765
0.268956285627984
0.26774196953154733
0.26426380124362936
0.27654627577044205
0.2747416632157812
0.2705683278433782
0.2636708367801958
0.25420337356655276
0.27998668003637445
0.2773744977233945
0.2724996246395143
0.2645573457467312
0.25400859678998033
0.2305052700221387
0.2794196111043895
0.2762485457998175
0.270616518746051
0.2657556330457506
0.2623656273947098
0.25720991506940355
0.2512378696388052
0.23865006479431777
0.22624622242055184
0.2760598344112561
0.27205291492219136
0.26614996894749887
0.2570507023573837
0.2515525347055012
0.2454034386674201
0.23208336667879959
0.2197631765943557
0.19810356556926373
0.17854620274827543
0.14362531108719723
0.12886830450588
0.10899593092952319
0.2677024641988858
0.26307472845401253
0.2562110607350373
0.25187182086662674
0.24643446390668622
0.23953291941896787
0.2342727717020107
0.2202828698401326
0.2077681239671042
0.18877686305001587
0.16608078519151617
0.15148151670417428
0.13144128364789046
0.11637572658432789
0.09730159411278057
0.2598816422302753
0.254530471948727
0.2474777284024643
0.2376601446396926
0.23167855161378398
0.22489386182122106
0.21075085370237154
0.19811806607330582
0.1763428463427856
0.15652301185670514
0.14189707358767786
0.12196987917498692
0.10763232974679078
0.08860612826704663
0.24743409934486174
0.2415349378382965
0.23381245485193117
0.2235362548712159
0.21057457303186708
0.18388834471326196
0.14299944807235473
0.10918537210439938
0.07699283388263213
0.23273428345772978
0.22288475475731664
0.2166433571296783
0.20549118695054477
0.1980158715293157
0.18410487379208842
0.1711391886653357
0.15033985560860746
0.13121739376252664
0.1196284586261692
0.09832317292720641
0.08570071462307682
0.06756016041106988
0.21597592821317263
0.20902297269340034
0.20070924177244057
0.19001861403348652
0.18266196501771392
0.17732665735536554
0.16362748450755876
0.1510953128431719
0.12975159185926413
0.1125157037307495
0.09827040110726112
0.08178260572307684
0.06849686427322182
0.05314915489045891
0.19925671300040262
0.19213120119697785
0.18392195743846548
0.1732814383198115
0.1668763699178096
0.1599853824163385
0.14659116094255678
0.13510796747690504
0.11541050495046068
0.09819337004170342
0.08803041584296953
0.06897132191687494
0.056926339775371926
0.042417311430934065
0.24224579140233135
0.24096992704441514
0.24823833709461343
0.2465564736859717
0.2416095089904061
0.2541819312545207
0.25179882595599934
0.24613035520347204
0.22832673802557096
0.256143070714559
0.25285208243950263
0.2493646759722699
0.24610069422805697
0.22698274754833708
0.2545988468940456
0.2507891160407423
0.24761183642061563
0.24344916510177908
0.23355268356327402
0.2228571429541755
0.20380422748550447
0.185036609156952
0.2505428215354884
0.24592496806562386
0.24237312773424283
0.23794261109829767
0.22724232059832133
0.2165122052198165
0.19648777237221882
0.17770380396322952
0.14338464563589046
0.10893881844836661
0.2415217443877192
0.2360033515135683
0.23126170740103133
0.2273157310782791
0.21582918359124548
0.2047794631186672
0.18715631192987936
0.1653223526106375
0.13122797886501175
0.09725265697350202
0.23358468871859775
0.22771990098409786
0.22350688523120543
0.21833758592744823
0.206577737604147
0.19532898914359714
0.17497166862251876
0.15582539444222498
0.12177831808392846
0.22102330763744596
0.21445992743117384
0.20461026881584501
0.18137294254487832
0.1423802185701461
0.10902127002680245
0.0769578052194557
0.20657616623116862
0.20278155447402219
0.19851665218371162
0.19254421132233127
0.18063278374713668
0.16888068054262442
0.14923641580192168
0.13066906487476687
0.09818211307840939
0.0675310339453147
0.19037601830472195
0.18278151735255527
0.1769990068567777
0.17259228623752246
0.16065858905968675
0.149148875409964
0.12887357543086927
0.11207268832350066
0.08856511236091832
0.08167274569069892
0.05312853782316344
0.17466865633927384
0.16683587683916754
0.1616465729038224
0.1559140008271923
0.1440612576580756
0.13344847033974672
0.11464126808881266
0.09782285360426353
0.06888480926926217
0.04240262793068703
