3.4773401084005044
3.4757279577739926
3.2455137494561512
2.944007011648525
2.6270594545208983
2.359812420748437
2.0898620777629144
1.8555711439218177
1.5333949561253686
1.097865939932152
4.011221023032888
4.035362433499523
4.016724687584642
3.932320847689322
3.604891500580009
3.216230877571793
2.8802333798169464
2.5395148280177935
2.2443543129634436
1.963370803884961
1.7041402510985737
1.4988030600129827
1.1315730662065033
4.522918896540297
4.538544942785765
4.543107486061341
4.527231294640435
4.51596031121388
4.253595447718635
3.8103930022340426
3.407113846849783
2.9938169224504674
2.635560191960042
2.2954134306748215
1.9827892960519133
1.7361471537454252
1.1124451670341262
5.03469094149075
5.053517579897714
5.04854821803173
5.017521565398622
4.981915879044874
4.907429106624539
4.462499655187344
3.9923508843357713
3.4989939354611628
3.0694106596576645
2.662106089273172
2.2889938558843275
1.9957374146770162
1.713106898508589
5.807012571170316
5.821837154258552
5.821184336559216
5.78797130697927
5.768769524607542
5.526933201129632
4.9884853863197955
4.367567253283511
3.8149498633568846
3.2897440640484827
2.8102722478397957
2.435314920781996
2.0759769722106833
1.7779178055406684
6.377579055683342
6.389667558904811
6.383960932201963
6.342510011222935
6.316761033551855
6.255755449049217
5.8099269203701684
5.10533093146555
4.451937258322751
3.825004342699925
3.2528310102544573
2.8067282428178135
2.3808532489914898
2.029052849282991
5.5962314018862225
4.879360303332562
4.184550321510664
3.5494851559861087
3.054986509375771
2.195750619760883
7.100121042985911
7.0883569948922105
7.0059038100934945
6.90725452882307
6.181062373624675
5.397593484619356
4.621980343172318
3.9101117969773407
3.3562059359758245
2.8297089491778196
2.396968861103318
7.553516788675212
7.533848565453365
7.431311872920903
6.931435884187315
6.087116494192078
5.20920921018323
4.394550650948918
3.760159697999711
3.158437408292965
2.665336989600132
2.2188430411200155
7.911301843911294
7.889029549414082
7.7888341721028285
7.505098767130975
6.69155541986401
5.733043747668533
4.82807842732313
4.121351624274563
3.451721554870687
2.9041581876678264
2.409674093719917
8.25412776574047
8.167433388482554
8.072480280346191
7.886303502223766
7.387309045813558
7.019920997817309
6.355438219291932
5.346880770627572
4.553765944156717
3.8022968263973964
3.189019450141763
2.636740773687175
8.651209914712354
8.606492253990812
8.448499183683465
8.101985620709307
7.036759402793321
5.923418872965094
5.0354906913741955
4.192566616851557
3.5055638994471603
2.8885179070000904
9.013912663372562
8.92096724356892
8.832831591703531
8.556370174402389
8.417526679485363
7.948581449802722
7.384883021031788
6.722987497819303
5.708499995885722
4.738333853814353
3.9475626723733996
3.2392977265627794
9.364446251376764
9.27652986710014
9.112432077342795
8.830622993401741
8.49043241708705
8.018602135511248
7.564736758405093
6.429911948662041
5.325861114325878
4.42333628198379
3.616233118576006
3.3868829556670446
3.2247882520272086
3.9247899059149542
3.8772971273861883
3.589188905303852
4.396707291431758
4.217572250318618
4.83202857802602
4.440948291211805
5.6268580232960845
5.4586313025006925
4.967428147617338
6.125979172072287
5.761757104559343
6.4849006034795345
6.25083189313347
6.849953048483544
6.769016947840182
6.143276365826597
7.275467282795462
7.189233128493885
6.856856514369982
7.581651797676969
7.384311351172439
6.654453973461162
7.319482847836605
8.291073813650348
8.233811906382893
7.976712859133373
7.00355465786615
8.514248494879872
7.8768696371187685
8.679879916111938
7.527012676823472
3.1120465845327407
3.1276948201456958
3.459003338814534
3.4753566517099364
3.467355991143607
4.009814459440821
4.0257204144295
4.0123852419741475
3.9679011986546544
3.8905194524675344
4.618102145468949
4.631721638777414
4.609935541061647
4.548701059229483
4.448988925292341
4.193840667345766
5.071571913728869
5.082027963798621
5.051976147881512
5.011831012904247
4.980202642550585
4.928223561590676
4.863271553516998
4.716634077020786
4.562506368112541
5.531966544649337
5.537253628298308
5.499427837732381
5.410869835656757
5.348381847263028
5.27421569960241
5.1028983489464625
4.932553791093846
4.618514236549374
4.320257232849801
3.7599274237159466
3.513589647310829
3.1701484476636774
6.107968920744062
6.105172928817986
6.052786524363943
6.007559209775574
5.94320411884166
5.852573403671902
5.779139555715238
5.573747640624682
5.377182360294214
5.06387632528057
4.670951362091611
4.409009829490927
4.03692623181131
3.749450830510886
3.3722822241132713
6.463844164292831
6.452510952098006
6.389706812016666
6.269335921410752
6.1860016917874825
6.084143683395917
5.8570227012571525
5.641820065327376
5.249637506525525
4.875531623181634
4.589120331627861
4.187157995222407
3.88729410897181
3.476542797671843
6.894239054795459
6.873170017936984
6.794904292324202
6.653507101991803
6.443944586884448
5.951958122547122
5.112536217650299
4.360103215757084
3.5911770586382157
7.193552223865846
7.098264066021684
7.0115428239632624
6.8289431909389675
6.69395344499333
6.423773252371696
6.156775525007215
5.701833151398305
5.263632880578476
4.9879046015658535
4.463020592621318
4.140077090920613
3.657203566451522
7.614592865859116
7.566878543603876
7.457135690455907
7.275454951896846
7.1326949721474175
7.022874549497875
6.720603882738212
6.428653406801853
5.897601475101419
5.444676342061469
5.055103700281358
4.587929000748537
4.19547116863001
3.7213767950014955
7.8756673933152435
7.816733123762525
7.6977992413070435
7.49787926305843
7.36061810482528
7.207463066667449
6.883067691578992
6.586551880345946
6.046217031967148
5.546739468075505
5.2406500412316905
4.640632801629203
4.24286431639798
3.7386998840688057
2.9581075474056036
2.9723468820141754
3.2799206590601124
3.294642961759836
3.275096799280285
3.7878078501911085
3.801658687836723
3.774776865997327
3.627554341378928
4.344640229643887
4.354552686507173
4.337589223476507
4.314555542183883
4.130923861924151
4.757656380563502
4.762768163777135
4.74572526136929
4.713213148998462
4.615774524003635
4.49370145729581
4.25532292647774
4.002799522745988
5.17363728165759
5.173071720780196
5.149688321563698
5.110467589069199
4.993565527585107
4.857197907842398
4.579215112352744
4.298779489352621
3.753140852532821
3.1683023422198864
5.690376866977266
5.679242915319355
5.639865870489882
5.598011528683093
5.454121212412681
5.294598841014553
5.017022540372986
4.64765903033692
4.029585911427952
3.370306799609766
6.006964546417317
5.988317290178771
5.951536174196466
5.892967330926555
5.731212972393286
5.555124307139843
5.204547008691402
4.8512168574906145
4.17961249855447
6.387115462765035
6.355768246170642
6.241584169936892
5.860429461468523
5.0869325524930655
4.352246082790847
3.5891014385444926
6.645242550890172
6.614723717061607
6.567000834129423
6.484142089579914
6.285305496724337
6.063160024320515
5.652885211011741
5.237454654151373
4.455069140900933
3.6550998913086654
7.011102147055789
6.951655206530289
6.873437651189424
6.802275859065842
6.575799295312179
6.3307020566237755
5.8487811887349155
5.417899342110767
4.776866101856555
4.579783650916552
3.7192568259835634
7.235147452824007
7.162744024546237
7.085975490028506
6.985041431372601
6.73750327899258
6.486318720269294
5.995144878424291
5.51947517268168
4.632476083701665
3.7365946933931315
