1.2477327063732861
1.2634724968395024
1.22138451087205
1.14205779508088
1.0550802837358109
0.9812123382295027
0.9063905466972079
0.8413217099723915
0.7513484469731758
0.6277305526223455
1.4138252959145894
1.443136282892857
1.4485768797784204
1.4381059367352824
1.3601194892579542
1.2555898395167666
1.162978558443532
1.0681220982869095
0.9853798845178817
0.9058957420519319
0.831742255923674
0.772234817809102
0.6632646087899537
1.579473773410176
1.5937383618195553
1.6038288053294787
1.6118426625499558
1.612282640004333
1.5629524786902014
1.4482910001991756
1.3381346161043695
1.2230728261442967
1.1221541596679174
1.0251158146850314
0.9345796874052474
0.8619337476001295
0.6705649625337454
1.7383951220044893
1.7641864022068101
1.7686338801165293
1.7715612909972476
1.7682251990124918
1.7558547303858314
1.649519021487071
1.5234533149617593
1.3867177252016039
1.2655419228204927
1.1487686914175905
1.0398041445694486
0.9524113687738515
0.8662867821709535
1.9678509860976239
1.9839197648337235
1.9941886389185994
1.999702895316686
1.998595757751497
1.9540492506746392
1.8188444374459745
1.6498730756941729
1.4947832794951976
1.34407821227928
1.2032822734701043
1.090475908354316
0.979501461386389
0.8844387104655624
2.127469634322066
2.143148823386958
2.1526939322640093
2.1559350511528206
2.1536806213285424
2.1447604501940636
2.044092848328612
1.8578922367246735
1.6762461670884092
1.4971685515026787
1.3293753789785152
1.1950244209234373
1.0630944188475675
0.9502884472803178
1.9888209766158778
1.7916205641876486
1.5941519271595554
1.4084752033548544
1.2598165706320446
0.9895297945628079
2.314354127158241
2.3374817872325098
2.3312568881619344
2.313876280828366
2.1375988824988674
1.9253128964130202
1.7066034421795988
1.4995830297117925
1.3337508908852014
1.1713375305794205
1.03292528029061
2.420684124938965
2.439820998405446
2.428624847029844
2.3160155273382115
2.093435374124881
1.8490946685666367
1.6143881300987013
1.4259798150733642
1.2417264590762604
1.0851177775844298
0.9376715006596033
2.49699151269917
2.5121094659336665
2.500327302560164
2.4399366511185145
2.2319891231453397
1.9688952416089174
1.710736342613298
1.5027004590043362
1.2994216210784737
1.1270158527866174
0.9651633543095298
2.577953562441035
2.5661989538199714
2.5477359621790616
2.50581928065955
2.380869730619034
2.28392040810781
2.1030864879375315
1.8191363120695696
1.5884584894625835
1.3630655136606458
1.172353008205285
0.9939297029244668
2.624793295525559
2.629706217179035
2.6011640175080086
2.5198795238007685
2.2404425916749875
1.9318711772654593
1.677324176281671
1.4282096361518724
1.2178690165394186
1.0218105938097715
2.6695547663162893
2.651237075455864
2.6318059734727064
2.5651604020954
2.53041934103327
2.4083495084908293
2.257623972153115
2.07627634545263
1.791490522861172
1.5109676889407204
1.2744918486645103
1.055124604897447
2.6789571929307274
2.6598466618344285
2.620735314176723
2.5495914422348527
2.4614148114851466
2.336467708587579
2.214461119168908
1.9028541019081409
1.5911746281776427
1.3282888582025194
1.0853825335211447
1.237575516450217
1.21262714071364
1.4112449029469352
1.415565078472327
1.353529224099742
1.5748745626235319
1.5482836889766174
1.7260664927118419
1.6407815724035728
1.9447631986956704
1.9277636319072646
1.81053517361562
2.0966406060054514
2.0258855535154154
2.154816632975454
2.14806431417842
2.253310416907015
2.264583144407786
2.123813630190902
2.351229370952963
2.3589389143989106
2.2899363327547655
2.4308570403393355
2.3991326377939126
2.2192556033019346
2.358575039148848
2.522513336509266
2.533970596732928
2.4805092886918807
2.229918805201251
2.5454739757810145
2.3870233739404583
2.5074757740026508
2.204026893894285
1.135906591646016
1.1530372275044303
1.2538244537352312
1.2727353233151963
1.2819370579199783
1.4363331155338201
1.4573551541484018
1.466723604025235
1.4655110586623206
1.4529463190034502
1.6299433412160982
1.6520229558109487
1.6602438535509776
1.6560925454378082
1.638233483750742
1.5787640695126495
1.7670260505094006
1.7890701771095008
1.7959736584309518
1.7931499037783225
1.7888590201013987
1.7799362862691288
1.7668787816855094
1.7334080537601557
1.695182518063506
1.8980957182643425
1.919647361478807
1.9240923295412142
1.912889026406678
1.9011610230410094
1.8853821848248125
1.8449257627235753
1.8019661438852859
1.7186015062224003
1.636490783955395
1.4774288278720704
1.405938025895669
1.3045007018536097
2.0476864580087937
2.0659666991225083
2.066157798251318
2.0600774134414026
2.048632007955524
2.02977769195474
2.0131154068498676
1.9629214141294729
1.9120217855709671
1.8276374861269336
1.718338409472389
1.6438667304722787
1.5361863509101679
1.451581734671869
1.338426567456071
2.129292123351825
2.1442532250013406
2.1407694282654135
2.1190908632645953
2.1010150193820194
2.077241654772209
2.020344147999083
1.9637742459544134
1.8569205236401078
1.7519623321576812
1.6698693886035367
1.5528595841095283
1.463866153208144
1.3396866710411763
2.2124809228078592
2.2222333971846164
2.2131795831238765
2.1841210655465293
2.1340097559812135
2.005210591923118
1.7710056232002291
1.5520212598989944
1.3202203373899069
2.2628863641203294
2.251513556011765
2.233553404163606
2.1906442586821364
2.1565110951957105
2.0858154925721304
2.013789059597699
1.8875469733912547
1.7631618525866841
1.6836455008839994
1.5295909653085156
1.4330471500616226
1.2859767988196285
2.290849049236799
2.2866777468497883
2.263442149003347
2.219161923318391
2.18265318016081
2.153748467257759
2.0727756192380604
1.9928858344357543
1.8447047199454392
1.7161040671983951
1.6035146334752093
1.4667222476404984
1.3494997885247952
1.2053949958879806
2.2853907173616084
2.274311064192736
2.245595179329396
2.19391344456277
2.157608411094163
2.1165066719286054
2.0284504431065082
1.9468391368567248
1.7962793816678977
1.654640468306478
1.5672530887846652
1.3924737200645132
1.274790898538218
1.1230707604478047
1.0926736020846783
1.1109807244376462
1.2039603003797257
1.2241125832569908
1.2322841089162866
1.3752018773288142
1.397294622736946
1.4050631327901617
1.3829079077987638
1.554935205995752
1.5784413069646626
1.5838954926048594
1.5840049666063025
1.5529187325320295
1.681761757309728
1.703871771381788
1.7083139191589938
1.7077205253935444
1.69328070917166
1.667559951943725
1.6092731488835013
1.5426451567430248
1.8010519257499762
1.8224348501864145
1.8252801149933888
1.8225829909378748
1.8026252742271631
1.7725680864589688
1.7030362881246188
1.6278568001647518
1.4746155447713647
1.3037055903354986
1.934874504279769
1.9523943024710149
1.951901907384021
1.9465911921843106
1.9186390221705003
1.8812341510468102
1.8099756748816889
1.7094326295584474
1.5333097793279324
1.3376296934406031
2.006437439448419
2.0199153746299183
2.018017393719293
2.009334702173377
1.9753525078701681
1.9325842550917982
1.8405248389916418
1.7430304598840085
1.5500338789145227
2.0766734919988474
2.0840460821723377
2.0656751699865437
1.9740230852711715
1.7621678000069565
1.5492831695556613
1.3194928906147325
2.115908210126902
2.1140969412513306
2.1063137250513524
2.0888322033835003
2.0410034018235614
1.9834368620783667
1.8716284962238592
1.7546324187964784
1.5270012654869787
1.2852985574567337
2.1307919835052416
2.122880297589462
2.1055795372949975
2.0881934084089684
2.029792921550377
1.9638547408426557
1.8303235054389904
1.708256691464284
1.5222666394292619
1.4643838223289836
1.2048123108917337
2.1169163569248437
2.100966030192157
2.0815896984463125
2.0550878115796594
1.98846102213033
1.919452598570795
1.7824936836146914
1.6473911751345216
1.390394707478887
1.1225751451503023
