1.4463100628485226
1.4589556455206039
1.3878849621606082
1.277670434609105
1.1609615736746786
1.063766978312304
0.9666501496473869
0.8831735598515619
0.7691056557785418
0.6144963368379469
1.5904589315141595
1.6160825956704183
1.6167884070017935
1.594755443680398
1.483353944164204
1.3447239534388618
1.2251307280106045
1.104537899108337
1.0006456900997172
0.9018736536393975
0.8104782540002007
0.7375220559884487
0.6046710546794244
1.7264661232091212
1.7387784126966506
1.74629497449433
1.748685417815638
1.7469042710898186
1.6676412290166993
1.5154757465744795
1.3753007272143845
1.2317081248604662
1.1075035346505997
0.9893845957050987
0.8801089556006059
0.7929020110514899
0.5648020228555652
1.847460726222341
1.866051362578961
1.8676303990570453
1.8633541289103233
1.8547425614349897
1.8332273459062662
1.6883320029236262
1.5294675118553682
1.361782266515193
1.2156343678641297
1.0765016693167027
0.9478765702299156
0.8453694223564716
0.7449005813799393
2.004357357877702
2.0147049377687067
2.019058494381855
2.014447520896317
2.0098934154991857
1.9390877311609898
1.7666936820524526
1.563734348187682
1.3821052779659038
1.2083530832792202
1.047890859620894
0.9204212605290424
0.7959865888686278
0.690252680757927
2.0987572105792367
2.1071098328747557
2.109094539521312
2.100653882796563
2.0940436175501955
2.0770529854007895
1.9409331867089734
1.7182654386837788
1.5096203163472497
1.308063960618928
1.121876806954973
0.9743926671343912
0.830994063466083
0.7096950818762251
1.813498894878323
1.58913224276682
1.3699886200034925
1.1672850419552452
1.006987874076574
0.7205103915771286
2.1896761592370177
2.1907860912091888
2.1682346274595643
2.1395728915266305
1.9198282752619382
1.679960346149926
1.4408184727111015
1.2188592268797258
1.0436118957015792
0.8742387684558571
0.7320091443507072
2.2274801367045653
2.223126878581459
2.1931495826854515
2.0443217245609095
1.792333862050863
1.5293205341507434
1.2829951244730984
1.088697936371083
0.9016627358211542
0.7454348685443034
0.6007220581464823
2.2454193483913425
2.2376271600375297
2.2068979576065764
2.122331322351888
1.883395301353397
1.602799238391663
1.3362513183123141
1.1258510714395331
0.9239380973035316
0.7560514871321777
0.6014144493652448
2.2359719473581494
2.2083629387638033
2.179762521326257
2.124507604727801
1.979396036330775
1.873971719766051
1.6841479359749119
1.3956459431572854
1.167102445536795
0.9483914256975686
0.7674665666567508
0.6019253126310768
2.2400833168981187
2.2200255290401505
2.1688418833114893
2.0665967570277948
1.7664975479924423
1.4569722739136022
1.2097061472318535
0.9734556859366404
0.7790239792770329
0.6023425220922708
2.1755093448913323
2.1434688048005355
2.1160116839543566
2.034378084671431
1.9950705403594757
1.8653067946730255
1.7123009994500538
1.5348659455537221
1.2642385435718455
1.0054224327594
0.7935940875181633
0.6027968835467535
2.1082998513547664
2.0776954083013637
2.0267366487365335
1.94561703323536
1.85218406127161
1.7267816133571672
1.608627477554011
1.3172481011149941
1.0366125673137183
0.8076312568906283
0.6031372378643312
1.4236095804441353
1.3776249344700349
1.574051306638372
1.5692029655125654
1.4760564041754247
1.701216486977273
1.6518763019650893
1.8021486046264814
1.6794644541676564
1.956564592382231
1.9135165052550445
1.7588497287726597
2.031799720539353
1.92426857649107
2.0733080868564944
2.014521061977839
2.1152309631844513
2.096088226024516
1.908157015857216
2.1466774121683208
2.122212968474091
2.022754002164925
2.149488669044396
2.0892656369053624
1.8735294356616476
1.9624582239066226
2.1477823620563075
2.1175638440733944
2.037232650552902
1.7591178310782152
2.03630884243226
1.850686746493889
1.9172996681433092
1.6021692689934897
1.2977887437674493
1.314342815498942
1.3985772135648995
1.4156622676906738
1.4213116128625976
1.5428365571764848
1.5596476214931319
1.5633340503554927
1.554563637041758
1.5329247605780112
1.6790447763995944
1.693608569223209
1.69372251178645
1.6795321530943252
1.6505983489460365
1.5699049091722905
1.7633285114693649
1.7752550482209923
1.7717171981883348
1.7619657713944379
1.7533866733673582
1.7384347580021393
1.7190841136502228
1.673655151327778
1.6248099576109296
1.8321008086792514
1.8402320811744965
1.8327609851639755
1.8083047413093725
1.7901159321808098
1.767730796041161
1.7146559525304634
1.6615548027273503
1.5622197233430204
1.4672062609354903
1.2869692327735514
1.206987815667459
1.0946366611150096
1.8911940938296767
1.8931985219060583
1.8785287211736934
1.8653007186499193
1.8462289296076264
1.8191831440291426
1.7970994075538522
1.7342791843988972
1.674066187633724
1.5776770779797689
1.4562545965153582
1.3748727332363817
1.258847227978199
1.1683828146641944
1.048835846434122
1.909701878855065
1.905995282222493
1.8870684106572375
1.8504384586498188
1.8251415181876096
1.794464933607528
1.7259113390928489
1.660879399442947
1.542616334940901
1.4295135749696504
1.342603949503225
1.220106072467832
1.1281634232878879
1.0011408467695166
1.9094243981559076
1.898760637051318
1.8727106242315403
1.8285574922980778
1.7651734309803644
1.6199331222602145
1.3740550006302656
1.1529139982517014
0.9248782520448898
1.8827572951348153
1.8473212081246397
1.8191719053891773
1.763313919510965
1.723091908030153
1.6442101161980645
1.5672527654041373
1.4374367283931284
1.312650523868622
1.2343118126053494
1.0848687118682954
0.9925648928823076
0.8539042339708375
1.8281006974206877
1.8021766496096905
1.762674627886664
1.7051205491659314
1.662677521930495
1.6306794898489274
1.545255045333583
1.464027127439282
1.3191686847093962
1.1968470759657335
1.0920249364361818
0.966385336392244
0.8606949494510262
0.7329971070168421
1.7577033869475687
1.7256598101459895
1.6820784947122693
1.619358418540813
1.579118253796178
1.5354249846260948
1.4461978937280013
1.3668651338779894
1.2250950482195293
1.095931658270551
1.0173962548956674
0.8638006822214248
0.7624816415652588
0.6345976615019029
1.2395040039442684
1.2568043972467096
1.3328107828536346
1.3504783892128953
1.3537119166050395
1.4650561675635088
1.481818926780724
1.4822546051800214
1.4423220030201913
1.5874015497264864
1.6017709469005652
1.601291938681096
1.596780818786989
1.5447238252928122
1.6617392135164504
1.6722525753289226
1.6703910260487835
1.6631774658088956
1.6361376091992907
1.5992537131804878
1.523855874839726
1.4423754407593468
1.7200143889817954
1.7262468247347786
1.7216476723332788
1.7113977282676978
1.677180371833193
1.6358064041662408
1.5488756454939359
1.4599606717986688
1.2847160371179946
1.094039813735521
1.7659436637132002
1.7646551461868065
1.7536698967706728
1.7414600981413513
1.6977836908055193
1.6490354987883185
1.563630837021536
1.4493784605417244
1.2567523579894297
1.0483025355674234
1.776862622210405
1.7700883301285408
1.7583766442842352
1.740275384765304
1.690597036023172
1.6367727890557162
1.5303050135973808
1.4230079538862062
1.2181842607105504
1.767150244283519
1.7522778786823445
1.7139870990173298
1.59742091784457
1.368109794230129
1.1512221923741999
0.9244843169010181
1.7330844462019677
1.720012651105252
1.702613514769444
1.674935332604224
1.6130153235492417
1.5465700904887862
1.4269943127880027
1.3072898363030574
1.0833986898581762
0.8535777519720201
1.671941518989783
1.6405346878107352
1.6117044200891866
1.5877049668345895
1.5178052535011022
1.4459716290164182
1.3106656517549817
1.1924495578060832
1.0182907686337122
0.9652420472319931
0.7327751435898223
1.599192529182688
1.5607708947942711
1.5318519039874954
1.4978001101977618
1.4224474479016045
1.351072091281665
1.2176091813887961
1.0922524985487698
0.8629195167848189
0.6344526450293281
