2.051365238381365
2.071064560223553
1.978464894989846
1.8287922767227296
1.668394758217021
1.5336349769804887
1.3980171944918365
1.2806881661509442
1.1191480630149617
0.8979318216755942
2.2885672389283953
2.3280436646279896
2.3312203620232417
2.303746274877667
2.1532099874445425
1.9618682506178236
1.795136610587559
1.6258375890029442
1.4791138494589995
1.3388886704270337
1.2085153982723669
1.1041085659047054
0.9132319538034287
2.517807584509671
2.53719090809724
2.5497030580978355
2.556049505383768
2.554482147366938
2.450368163120324
2.2401810408085305
2.0438250535291425
1.841140932009899
1.664800787267312
1.4962736192582389
1.3397499383640852
1.2145592360592878
0.8859922614944236
2.7307126398174644
2.7625914932723337
2.766500075716041
2.7638760524723947
2.753642810463233
2.7260215251676794
2.527298619717779
2.303990431907698
2.0659687209279793
1.8571931288196963
1.6574750140805643
1.472172200984579
1.324207898625834
1.1789441148227258
3.024259245301079
3.043379954710029
3.0534769635966237
3.0523474750105115
3.04740695484231
2.954718747241634
2.7132761624390946
2.423089554719713
2.1610170889822773
1.908864371819367
1.6750921738010076
1.488965037816346
1.306910493880586
1.1519075344148377
3.217068048822978
3.2343368232244503
3.242090262631987
3.2363232280574206
3.2288676775461296
3.2078019724686957
3.021055178063749
2.702187723929532
2.3989482645860134
2.103826896082859
1.8298982168691742
1.6122517572547166
1.400058213377815
1.2200236099406858
2.8765503106459307
2.5492618046903432
2.226601338904645
1.926448906795756
1.6882051449869104
1.2602300440069245
3.4276678535837197
3.4437640025370175
3.419755362862422
3.3830332159234437
3.0734482374650924
2.7225839530515477
2.368362732630782
2.037233944564148
1.7745630308698588
1.5196098421642863
1.3045858519074272
3.5367596027389494
3.545890687631617
3.5123840130658333
3.307567450640348
2.9393669199231813
2.547200832724293
2.1763115113991827
1.8819311718457086
1.596968067149418
1.3573995823457738
1.134142096893096
3.6079929230081564
3.611777653405184
3.5774873754652075
3.4638143535543446
3.116997834098314
2.6969451453838817
2.2926585023943926
1.9710180265353205
1.6602252262421502
1.3997863107673745
1.1580377865862432
3.660231690865948
3.628827271835857
3.591898040207127
3.516068206107229
3.3065964126518406
3.1500889358708903
2.8640271425988884
2.423189896500252
2.0703842305198266
1.7299052303932425
1.4455542024432249
1.1828277452738358
3.7001907918949732
3.6871030536398455
3.624567646989097
3.481992179931465
3.0343489319817722
2.5586055506504892
2.1732025778994264
1.8011680025451522
1.491488937565046
1.2067240827424313
3.683315790314639
3.6440248019252923
3.607536313824147
3.4928152223715156
3.4356274136377616
3.241483741788983
3.0074349710527937
2.7315454482541317
2.3050768929449914
1.891686818816406
1.548624446634827
1.2350976664236617
3.639148408684757
3.6005599778458035
3.5308854119175415
3.413514396912901
3.2736413588354103
3.0810103223854606
2.8963897601307
2.4334508390028184
1.9793784955570763
1.6028812470326121
1.260360652314042
2.023185651006245
1.9640669511104343
2.270372360789034
2.267239988703601
2.142700126391014
2.4901522959793185
2.427281433116083
2.6797504346289895
2.513954193075038
2.9657729047026478
2.91527427681782
2.701020161260478
3.136637973775085
2.994526301619529
3.215896983627505
3.158677832866898
3.3217757707160573
3.312238328707558
3.054060659890594
3.4197388307840932
3.4037845162052296
3.271200134311903
3.480467819427642
3.4073613541003764
3.0997452104071774
3.2765940396036246
3.5503606518657223
3.533806078499536
3.4293480951058664
3.0206401584295746
3.479624840884123
3.2139041637121744
3.359612132293922
2.8833948093066293
1.849009197717516
1.873289392474082
2.0149454484189735
2.040847971654936
2.0506190341865405
2.2626605609312733
2.2897791476419154
2.2980131564206303
2.288467510237036
2.2603010517754134
2.5124250076562302
2.538518568103081
2.5430571474772643
2.5269534816934844
2.4890407626507067
2.3779814443172387
2.679943624006328
2.703983326435722
2.7046574340584026
2.693782207416463
2.683177706450939
2.6638826439672143
2.6379891715210704
2.575587074225717
2.5071602971575366
2.8310554271741433
2.8518130559172747
2.8477232129354566
2.818444210422482
2.794532872157086
2.7643054471617323
2.6907476120681095
2.615615328818466
2.4731793042595323
2.335470052242546
2.0723088547828366
1.954991004119755
1.7896489305853325
2.988743837138048
3.00251770762917
2.9897760226917254
2.9741308459432605
2.9498243047021755
2.913632655099069
2.8832187341109234
2.794945967985254
2.708502417564255
2.568211968302224
2.389577157268559
2.269093317427578
2.096364307322905
1.9613645447370365
1.7822010368682535
3.064269101101306
3.0712747461421976
3.0526962641176607
3.0064545188108185
2.972440212511938
2.929894162856085
2.8323033205101162
2.738005856108203
2.563813216681652
2.395417843970056
2.2650718777572614
2.080568135029459
1.9413914902011105
1.7485015114929845
3.1267173962561405
3.12471801256656
3.096602059314413
3.039225556606957
2.951017335882394
2.738955432681949
2.368941114942819
2.030662336056606
1.6780318558456013
3.1438443929682083
3.106640633824741
3.070676367600135
2.9940730421517303
2.9364993496174896
2.82097856366978
2.7061223023007224
2.5089908216726498
2.3174508661706352
2.196226214011652
1.963409078657155
1.818704639066837
1.600094799543877
3.1237914889940512
3.100060612036317
3.051372538167001
2.972761458048703
2.9118209060391362
2.864918308414604
2.736878619518804
2.613065795462543
2.3880176430502957
2.195498865565897
2.028905160025071
1.8278959149622185
1.657309146756249
1.4487200877556514
3.065941996977879
3.0325256124299345
2.9767948043338595
2.8887758831398864
2.829920772522198
2.76470653335569
2.628634118678758
2.5051439861886196
2.280907568058438
2.0734233262028496
1.946302239245767
1.6949810659265232
1.5273896061847811
1.3135995247036056
1.7695514564323602
1.795027911007274
1.924451730624978
1.9514460548372714
1.9581092777892104
2.15404584736786
2.1816342727700073
2.1856797562563988
2.134105861116484
2.3823633190420974
2.4090407450066578
2.4114925023727536
2.4071333306856846
2.3393759282912163
2.5342742289566247
2.5570181206300564
2.5578560634118137
2.550677964272608
2.5167220173529223
2.466877458291636
2.3616898106689614
2.2458379720986756
2.6683348535009945
2.6872815709284534
2.6848224235489755
2.6737951139332097
2.6301860482279276
2.573780526645806
2.451276608967751
2.3234537590847184
2.0684841004052386
1.7886010032005384
2.8039401421368697
2.8143969867604013
2.8044581168175644
2.7902179264658598
2.73351400570872
2.6660609099226775
2.5441212905405886
2.377599534387231
2.092596016131585
1.7811939862396184
2.866133445085089
2.869542996519738
2.8582532032765826
2.836821709369218
2.7711147148000204
2.69588835479763
2.541961139217214
2.383672485565507
2.076958430647601
2.9116083576055005
2.9044822901771457
2.85971968153716
2.6979522051602767
2.357655352553546
2.027278657338161
1.6771736887464883
2.914756647505379
2.9028259303760597
2.8830608752619415
2.847859688453247
2.7628352138339496
2.6670610120768985
2.4888146970950302
2.306815223580972
1.9602956324949665
1.599321283723022
2.879988205255973
2.8493487724218527
2.8135094498007294
2.781615641600445
2.6828056208929767
2.5769116833981114
2.370413772482058
2.186075438170402
1.9101690520577093
1.825207059875568
1.4480944147561479
2.814103440372263
2.772242038224322
2.7350893787216255
2.6885010710341892
2.579563040362838
2.471900655962131
2.264496924391834
2.064976602464201
1.6926804988556108
1.3130958385679736
