3.945352035238384
3.931123148281259
3.6673914671406176
3.3343998799286965
2.981610047643616
2.6811489814566762
2.3743435493151277
2.1054894921770657
1.7335514667759615
1.2271049351044008
4.666820344107894
4.675821815601653
4.647261835799865
4.544261566763053
4.169217261036959
3.7263002737658493
3.340526463937009
2.945423133195337
2.6000464703089525
2.2698744456843976
1.9635651988893956
1.7204799432708644
1.286441125774225
5.368039593140235
5.377468033375756
5.375459608459366
5.347706605698196
5.332253359314781
5.01534523512571
4.497565636663882
4.025220351261174
3.536979224431728
3.110236369995655
2.703613852718362
2.3279690537449773
2.0311948013980508
1.2838923654973013
6.09550125664466
6.0996367141097005
6.088939460233727
6.04344937880286
5.996885632555293
5.903657574901696
5.36694304960242
4.804301211685736
4.210250410710269
3.689221938063783
3.1937864325820615
2.7378268800561054
2.379124113545457
2.0338163435437755
7.238784733614225
7.2458083378940294
7.235606961361851
7.182233599034022
7.155258268508238
6.843199874160915
6.173032734478467
5.40218910353889
4.712985870532867
4.056939042873302
3.4557013308970728
2.985433530175791
2.5355174483596907
2.1639409752266334
8.120935524295612
8.123703339004837
8.106108170031577
8.041032681440136
8.004599735375812
7.921542051863396
7.343774780910824
6.44705657445884
5.613640646016719
4.81452362056309
4.082906067269592
3.5126850076036398
2.969458155665885
2.5228284642538017
7.156753003470982
6.230381184221193
5.333492330984877
4.511566837585674
3.87201789063904
2.765783374160644
9.290663591143565
9.247147323507635
9.123462777604795
8.986450173499954
8.020233998522677
6.9909435711187475
5.975087352147093
5.040936007663189
4.3148923456157595
3.6265583524570597
3.0637128455851363
10.056936572441687
10.002071347389798
9.847615558526472
9.158876177845865
8.024365470314773
6.853084240795666
5.7654089165672024
4.919885649066428
4.120223038054745
3.46846809526167
2.881779644461883
10.682339691950498
10.62435675050398
10.470064598376707
10.067708482768516
8.951079944859648
7.651764621711001
6.425936910880566
5.470861870430412
4.568781125675615
3.835298778134723
3.1768309938687
11.288279420668086
11.152729649805947
11.012489266489071
10.745386717247559
10.044669888511741
9.537226024963738
8.619371683373043
7.230734330207197
6.14217288576922
5.114376521251405
4.280509991677545
3.534023820007496
12.0455706805742
11.954604410131862
11.71030455878507
11.206070622880391
9.702140510624226
8.142551621755887
6.904092043262232
5.732964483608014
4.784300964932537
3.9372473690466503
12.765320305311597
12.618807138186417
12.48431008916617
12.077374150163683
11.874205179520407
11.194114873489063
10.384061886163568
9.43678709367687
7.991955063491545
6.616454930241566
5.502668292301285
4.510829041629556
13.517053540792862
13.377116618391863
13.123663170682585
12.699772695019435
12.195614190506912
11.50146611538493
10.837493370064276
9.187105627730096
7.5903404892080015
6.293935497353251
5.141335486147742
3.835993821028269
3.6466443741129653
4.553525014876719
4.487775210642198
4.152860838780616
5.198928902388714
4.976964992424759
5.821450414854608
5.343166345498549
6.99447005081826
6.765292180110611
6.148796599315966
7.769587854021501
7.2869609798618615
8.367352489413983
8.013743384261444
8.95800968074038
8.818150436080986
7.9738984128305965
9.680934506827205
9.530079190286514
9.065541297115937
10.207034583719492
9.913959590761758
8.90364028092696
9.956353482940878
11.552513354995243
11.426051067859888
11.0399109423563
9.657915329834502
12.034440727562135
11.09636248164923
12.489632757961814
10.784755067711764
3.555001932435825
3.562444323163754
4.017267600751101
4.024556140713254
4.007284743078526
4.776617063817524
4.781914539736719
4.756934777775221
4.697269213331515
4.6012461703383085
5.653002602300824
5.653793081854863
5.616710054527499
5.533943367423223
5.407339009710985
5.092145614651549
6.334052695412383
6.330470639435239
6.281139329305518
6.225151208870644
6.182677776241644
6.114388272726465
6.030728272193974
5.844373661078747
5.649916290737369
7.0526397358486514
7.0405447321268815
6.979781864588647
6.856743438615112
6.772704314598794
6.674792692572323
6.452384662739524
6.232417631099861
5.8290692893185945
5.4475950769861345
4.73195923645757
4.416969941247294
3.9774024086932553
7.992781976439875
7.968647381143553
7.885988853576958
7.820791480121735
7.730629665293659
7.6062147526091195
7.506859922902204
7.231542983631159
6.970390597646298
6.558390522783507
6.041156684386252
5.697116970300333
5.2078534111866395
4.830599739296679
4.3360786891841
8.600223508521458
8.564354858449773
8.465303100789061
8.292594115131044
8.17597129459918
8.035131707718522
7.726329272078926
7.437739793365807
6.910416288299036
6.409642699972732
6.026215054706971
5.489419618831232
5.089411524398794
4.542705728256334
9.36993988599493
9.31971720698751
9.196054704674955
8.990751771387613
8.69739673679597
8.014968122613734
6.863591456281124
5.8372930773552225
4.792902073125955
9.924916134332674
9.770827662747715
9.64299067102253
9.378047801849567
9.185150324065955
8.803417050258956
8.428538371603178
7.7927435723650085
7.183342930440285
6.800715507437613
6.074274978621167
5.628459537209563
4.964420284044131
10.783194940778907
10.693721326089438
10.521249361163001
10.249687148492615
10.039788233407458
9.879471654942776
9.441909029651367
9.02250418663977
8.263228316292036
7.618410646543642
7.065498793224649
6.404423081423571
5.851588073799625
5.185257031132918
11.357981872559892
11.252467784440919
11.064153263731104
10.760970994575972
10.55606447973294
10.329434925490954
9.852427551748487
9.419169141353512
8.633230502913507
7.910204948120246
7.468070687954799
6.605878315596487
6.035746098874716
5.315514677407377
3.3851979152318403
3.390385447698972
3.8152041232794316
3.819720324929022
3.788349576034121
4.517560817691221
4.519467728569899
4.477007404438027
4.293259599184249
5.322044063942251
5.31763335484496
5.289577084823037
5.257079982274781
5.021412779621819
5.94430326782287
5.933187363128209
5.904706221262644
5.858067093212904
5.728009123430023
5.570351751723698
5.268541108975246
4.95090422002297
6.595634904271907
6.575700769768919
6.53762199198538
6.480833000657911
6.322572372035466
6.142771004228159
5.7821828742424755
5.4219039548804
4.723804718071127
3.9751754405096182
7.442454326920139
7.406992949662347
7.345166019101072
7.284387003720139
7.0843504974618305
6.868629692029236
6.500514573855994
6.012316291533055
5.198733309495677
4.333615687090613
7.985844274726181
7.940022902333584
7.88159696411067
7.794928251917198
7.567997010284403
7.328450215936018
6.853445403998193
6.378870326924095
5.479840849670271
8.670065993695713
8.606213544652876
8.43559327808196
7.896284334502954
6.830281889919403
5.827040853838654
4.79018364149225
9.159416462171455
9.106836898870384
9.031881544871133
8.907706780683322
8.62011987942792
8.304493057241052
7.727787585851009
7.148553248852341
6.063675685237522
4.961604189046225
9.91319084947965
9.807865560938124
9.685857295851067
9.578214672930473
9.243982372755887
8.888509939329898
8.196334988435233
7.581671006817828
6.6720027091721406
6.393210083071121
5.1823230301814025
10.418254615257588
10.292711583177676
10.172167929919842
10.018392090878212
9.648689020849295
9.278769720345588
8.561584349981336
7.87189664063231
6.594372152522337
5.312526609594384
