3.6386420878957133
3.644447115564681
3.4520264998405845
3.1827442451787094
2.890873840830859
2.6393226305837674
2.379676807995287
2.14955563145699
1.8255810155671013
1.371868496232147
4.311986353856394
4.344933970335948
4.333757270186519
4.264248682593963
3.9696892195966442
3.6047783116910748
3.281356463418065
2.9458189182588477
2.6487934059925156
2.360406397114394
2.0890617212175844
1.870373353767431
1.4698062706457862
4.982193803485205
5.002341879533282
5.011703478330615
5.004303407153971
4.995997719624852
4.7627292550335705
4.340730328313876
3.9450437071446847
3.529534026263591
3.161253145765321
2.804524779494925
2.470084559643804
2.2015809637324373
1.501247983996002
5.681398847999362
5.712598465545032
5.711630002924937
5.689433580932719
5.65931376044434
5.592833897074476
5.165989665353357
4.6966171311718234
4.190658985900327
3.7398202705697536
3.303602360429601
2.8959321013086807
2.5698454612690935
2.250265576536223
6.791340631511437
6.815604172557444
6.8231338668365735
6.8008542660334435
6.784630463562743
6.555197484468338
6.0077516147221734
5.353131204133752
4.7555654010968755
4.17565276001219
3.6354433150092897
3.2055171584003403
2.786549492846916
2.433415114687131
7.656426729071199
7.679715258640087
7.683631068670067
7.653347774472463
7.630442393456104
7.573110886989801
7.11916096634088
6.364105954531892
5.642012134495293
4.934501073375184
4.2754960920749285
3.752605091308475
3.2450540683204174
2.8190510147503374
7.046507198919264
6.2453812293954885
5.451073483574255
4.709964278510189
4.122691909085117
3.0777242873385355
8.813511478608234
8.829329722093787
8.756381450354862
8.657753415455216
7.87189935512623
6.985515226138129
6.086260724148885
5.243406605364503
4.575970840538719
3.931022431980859
3.3925143540431915
9.579922181445337
9.587381255513662
9.491969754856253
8.951116310902528
7.984277632825029
6.949640814201261
5.968290587889033
5.1904494580334966
4.440493515078176
3.8162624542938595
3.242765874852339
10.208275550197952
10.211141925191923
10.116934770793828
9.810638329092733
8.872983737384954
7.729432894260217
6.624324215705202
5.7456867698075165
4.899478649297411
4.196745249669977
3.5529093033481076
10.887243929980826
10.803359861423523
10.701856146566186
10.493863533672348
9.91247758577818
9.47391248986458
8.667205914800851
7.417775311343773
6.41699006984862
5.453141655722514
4.654390978598264
3.924704375038907
11.587941236018745
11.565941509447475
11.40226488363175
11.003026487043764
9.70756880161166
8.309466980917655
7.172490984768211
6.075254086727255
5.16726713730335
4.340035464841813
12.397371759349317
12.300109846951765
12.200551349029073
11.873911224667058
11.705068834938492
11.124257515105718
10.411920477488055
9.56238752596959
8.240330950575292
6.954392140347726
5.8903432852069315
4.923689062435734
13.16295220228081
13.067230755416912
12.87467788620859
12.528998214136395
12.100053496701712
11.493233692673723
10.901731049268285
9.399883904115228
7.9121773059890295
6.676844852925084
5.556716986006862
3.56564054834265
3.4319177090807984
4.243449149956579
4.209584851869425
3.953672564674955
4.880708139119685
4.72520401723665
5.512558621964379
5.1424493076274205
6.627313542094546
6.478324605503993
5.983491781909696
7.423315224760424
7.062469277794872
7.9421466114321415
7.744725239119391
8.544305452449203
8.49062032231326
7.8251062887949185
9.26960744075349
9.209286515517988
8.857215189370134
9.85486697955892
9.65633833664898
8.824620317367623
9.82282471976938
11.133329007265004
11.117118021487899
10.835137649594333
9.662113442209801
11.79138768901821
11.024470777646888
12.315995295139112
10.84733794400102
3.3096688988908025
3.329045250179232
3.754864798848731
3.776688348020963
3.775042713058753
4.49334491352814
4.517702840544978
4.512696202184575
4.476495617093849
4.406984923747017
5.356299157645895
5.381730349259968
5.369741816889392
5.316964100411072
5.223286603270019
4.971153440117251
6.03416761120913
6.059141624859146
6.04004783471644
6.004892632069284
5.975462535254792
5.925526222257516
5.861333820099142
5.712699766257238
5.552944699201734
6.755697561767871
6.778828372047406
6.751301677016682
6.667766518631832
6.604738227247312
6.528522948184852
6.348918138908331
6.1658839538651105
5.823089097241444
5.491977864923232
4.859316491613911
4.577027518942542
4.179076534950136
7.710363413173528
7.726667171557502
7.684319086650637
7.6405662950897355
7.574822445308698
7.478772205800913
7.399389943828691
7.17340250435382
6.952590922410727
6.595510878556208
6.140849195692809
5.8342188584533305
5.393735461170978
5.05045097123753
4.595183543892586
8.33339065847873
8.34270758395226
8.286984365376359
8.162300669615748
8.071781139747312
7.958485800058864
7.70077071598117
7.452430450540431
6.992457082522412
6.547239782212643
6.2025173509358345
5.714467412771294
5.346628142816638
4.838210954009127
9.127651820574876
9.127028850383534
9.052616088187266
8.89915176700081
8.65969890359559
8.076108768231153
7.049795049191977
6.109595835008924
5.130729451137765
9.733423506000335
9.645800121504186
9.551248330653873
9.34086215930448
9.180925468202366
8.854328198055601
8.526252869125978
7.959010459354178
7.406064870619554
7.054859037749289
6.380604480266692
5.9617466506787595
5.3300125419188005
10.594555194671782
10.562835614489014
10.445086407489036
10.231779746444765
10.057599354675606
9.92153314242985
9.541306525632752
9.169152562393354
8.482060006719143
7.889071940356371
7.374331788903527
6.751949263158303
6.225009580101974
5.582907858141677
11.194809406205856
11.147615299011967
11.014363290035353
10.771458812839803
10.59928235715837
10.404585285739387
9.984943125973821
9.596157156493566
8.878794710762373
8.207877605253383
7.7933501246378
6.9747606300293326
6.427160004937876
5.727260224245691
3.1702170929805686
3.189214002097156
3.58842579396841
3.609674617594823
3.598295228471507
4.278558433294866
4.301964978344754
4.284529733358035
4.15213163082693
5.079289562987741
5.102888601641035
5.092629008332965
5.073896408095123
4.900158814797901
5.706072971039337
5.727063335836365
5.716273844204771
5.688593841194175
5.5956826782646205
5.4725272332528885
5.224727611520573
4.955683764296103
6.368178494900569
6.386218070334592
6.368651954161111
6.333220396189099
6.217493477581054
6.0746725968248505
5.774934437688014
5.465357734056015
4.850713063989339
4.176672954708024
7.238715676133958
7.24814673949553
7.214466612665244
7.173642738480276
7.02316887052821
6.848189605332176
6.5356744305993395
6.110721595783691
5.384032953587644
4.592503422918735
7.803136626961868
7.804847554341639
7.772533639665663
7.71359265572213
7.538425690022822
7.339829723070261
6.933225665797491
6.514946968318833
5.704228836974918
8.519028311133685
8.507257205001553
8.391535188405772
7.953200123098123
7.014668604330062
6.098587498588833
5.127747207935208
9.058179904679502
9.033782842780333
8.986204735333894
8.895799600108399
8.664885784551608
8.397368058322309
7.890914871533391
7.36926709606043
6.3691939998171705
5.326918272425511
9.824035802372476
9.778445608903954
9.693341856648946
9.610810095214369
9.33602047215725
9.029453812492267
8.411683085287605
7.850104664069975
7.002902583301339
6.739858882014212
5.579683793705603
10.353532289912563
10.290189972526052
10.203672863711189
10.083175041549142
9.773279720878383
9.449618930453031
8.80337520897736
8.16722687760325
6.962360086698273
5.723982931111215
