2.7160099859884457
2.7388267446774304
2.622799720503959
2.434133035919411
2.228609649275602
2.0530117127849525
1.8736727185353745
1.7161860315844795
1.4959542953842973
1.1880654675298454
3.126679350351408
3.176147684970666
3.180229017371865
3.1453609279227206
2.9520689582917603
2.7022878813182447
2.4811257855453306
2.2534452111842667
2.053403079725582
1.8600178055416663
1.6784051442204349
1.5318230011708691
1.261312616102353
3.5350020004451834
3.5606929037137887
3.577471500402356
3.5866130532636302
3.5848766301241066
3.4501870434885658
3.171468434099473
2.9066935624991235
2.629699552078141
2.385554804523838
2.1497760492854794
1.9288566646076508
1.7510121046047689
1.2804883926746895
3.941345807634478
3.986909106441919
3.993082012378692
3.9914501446923443
3.978608200785057
3.9431421993983813
3.6766291043797623
3.370698440182957
3.0399855152040858
2.7461854271764103
2.4623505383066897
2.196913820221232
1.9837823682418154
1.7735772175070357
4.553498790478071
4.583984956382047
4.601562730489859
4.60475898755271
4.599237999507656
4.476715424073518
4.140276189389856
3.7271677255556996
3.34876132453609
2.9810922669875204
2.6377264068916135
2.363005774974838
2.093245633190352
1.863253090242698
5.003257559729485
5.033647086367842
5.049991454516532
5.04891333602318
5.040410594059865
5.013862426444892
4.75504708462927
4.294445386488848
3.848142157774563
3.40901927420062
2.9983450256394932
2.6704379047854565
2.3494774030049426
2.0767791747550386
4.662939864178064
4.175910474507984
3.6897372473285213
3.23380341584369
2.8700197555882614
2.2132691459144374
5.566741931734065
5.610845695271792
5.587538342065297
5.539914952311682
5.093568233248346
4.565849542594561
4.024538580183515
3.513850686748429
3.1063922212015327
2.7090491559441254
2.372985328251612
5.915192592930064
5.9532513255938735
5.919300810365506
5.630443221123784
5.072350456083349
4.463186365299699
3.880236239772688
3.414292221731298
2.960740370713794
2.5782337392816297
2.221352789396738
6.185430081099027
6.217667324646809
6.184434566698202
6.029282296226899
5.504687226732943
4.844673445516767
4.199376565661118
3.681581739842595
3.1779683392903206
2.7541609718232754
2.3598541361764527
6.487253971461763
6.456792652635971
6.409596263171965
6.3034261545609445
5.9876876706706295
5.742841696466013
5.28645711356966
4.571312254894078
3.9925445601990726
3.429480844844902
2.956586354333364
2.517965926975082
6.72175139030037
6.736826717267253
6.667743492605613
6.46385361018624
5.755940234756024
4.972852128852528
4.328435064941596
3.7000492637876548
3.173059754681813
2.6857362594374385
7.0088693967863565
6.967888764536228
6.921074656749629
6.756320664176555
6.668726247164037
6.359574435889426
5.974656215929923
5.510424004455513
4.780884439226811
4.063588130302178
3.462179091470524
2.9079372319456995
7.218758171289119
7.177191751889125
7.084702005774139
6.909252544825878
6.6866975868264245
6.367148154874095
6.0527268132131296
5.246120098608921
4.437955684029258
3.758445405696074
3.1337470143257375
2.6800306574654797
2.6050858862893946
3.1029957602642155
3.09876952415483
2.9384934786379633
3.5004118047975763
3.419336460046921
3.879162227963472
3.657924284752907
4.47984468261296
4.4184790315446785
4.12191260852366
4.904446923620808
4.713679292727749
5.115288652295568
5.066013877085221
5.412582168002003
5.423739841326356
5.06104113369593
5.73935595021516
5.7466872822406305
5.567280719865339
6.012843649798791
5.928282169785919
5.473014587439479
5.930777858546622
6.457197936675143
6.49239658987939
6.360658087161226
5.728015774757094
6.6946380254364435
6.300843179878297
6.789037538750871
6.022164400348092
2.4666041821942075
2.495194127432693
2.7490963370704296
2.7810112508248888
2.792728068904058
3.1991898093825486
3.235209164192373
3.2467021739964324
3.234608987141539
3.197341043796346
3.697698051627463
3.7364045041515235
3.7451725115421186
3.725276237625893
3.674849194846027
3.5226680080602457
4.068498323376257
4.107967495578072
4.113887822931517
4.10111991927038
4.087525661833239
4.06199052778798
4.026728300152738
3.940335424407133
3.844007883184973
4.442661789787761
4.4823501227338065
4.4836316301803905
4.447881800997861
4.415530594636416
4.373872347397941
4.2704655592167375
4.162262754392626
3.954975799248497
3.7521526623369796
3.361233366695089
3.18587696415978
2.937729524717278
4.905157197780542
4.940566255591319
4.93400100962669
4.915869138202086
4.8844495098760685
4.834683400820042
4.791620341786424
4.664200492820862
4.536348832252246
4.325881806544416
4.054553488394912
3.8702500632684727
3.604244651585045
3.395841167270692
3.1179066993692612
5.185069388390175
5.2156787118996455
5.20188817660807
5.143930188253517
5.097157810416143
5.036362825723434
4.892567325641816
4.750664304900249
4.483544883383455
4.221987961209736
4.018072092086298
3.727806378248772
3.5077286016667886
3.201603897020003
5.513023591997745
5.536041478901192
5.511711815425827
5.43812198745203
5.311823450361432
4.9878108900293805
4.400444454316813
3.8534336049539144
3.2768921827135427
5.751348585455968
5.725845753900619
5.68195940176677
5.575108150327335
5.489906319815274
5.312325041001007
5.13087103238439
4.812789369025575
4.499454987853632
4.299196402743063
3.9121291326118115
3.6700763321120737
3.3023627992959255
6.012821657525948
6.013229805470408
5.962281912043717
5.856398860199398
5.766326076931982
5.694583841030688
5.491181806919819
5.289358687453935
4.912788981159394
4.584920374037145
4.298066949176694
3.9495608056204805
3.6519569281668685
3.286801810753233
6.163221776757624
6.15189124886445
6.090969671979544
5.969140555482451
5.880405441543221
5.7786492865551295
5.556897829653384
5.349281052069279
4.963240495801348
4.59879706562336
4.37299890330485
3.922950630462515
3.619894078927106
3.2297356000579556
2.36669442990828
2.396565754817943
2.6326188095127288
2.665856596314299
2.6731150238570436
3.0542387756905276
3.0912976302081137
3.096875759770629
3.028179015153329
3.5173533771285057
3.5574534201345425
3.5625860861864775
3.557781343092201
3.46702580594281
3.8610297606872854
3.8995050733909484
3.903605244413125
3.89597393502845
3.8517370103740305
3.783088884553314
3.6351561639253487
3.469528181310921
4.204065618136243
4.242432719877409
4.243230388618197
4.23131516974061
4.1744945300025025
4.095607077358935
3.9197270870210668
3.732625633493858
3.354888010252484
2.9359421348009076
4.624327431417394
4.65737717350815
4.650910122366102
4.634619266865357
4.559652278645652
4.463639760044384
4.284149669368062
4.0334947018918
3.5974306094511834
3.1160122260100747
4.876373403152717
4.9033911947031
4.895748454972861
4.871490364209568
4.783201238493439
4.6747593618384045
4.443556834402166
4.200151397511411
3.720857051281357
5.167944111696838
5.18560561670265
5.138987592333543
4.908527821490499
4.377746733083336
3.8463133884582223
3.274959879263579
5.37523087648276
5.37242681866318
5.354475421471091
5.312533909112024
5.194469293265493
5.050683575992292
4.770418884606675
4.476559618646913
3.905034673931613
3.3004440330859994
5.5967706104417845
5.589757149501383
5.5521533045805755
5.511942842454018
5.370611516004446
5.207376406832424
4.871526499008024
4.562133619933533
4.089925294461185
3.942529428742408
3.2849462087053904
5.718841070152612
5.698457478132725
5.658063027705437
5.598157955909545
5.43823555776086
5.267260114708443
4.921174019980085
4.576214266096464
3.9161329950847383
3.227965794336864
