3.75531154057192
3.746360729969005
3.531648099184861
3.2515112946238975
2.947672766836823
2.6837661213193442
2.4091009668186665
2.1638346292883357
1.8161326312656694
1.32786867591028
4.530134355503972
4.541917695193599
4.520076381579404
4.436125060775333
4.118185242133777
3.731684510430902
3.3877594810376546
3.02838541958661
2.7080306616184546
2.3950045771474917
2.1000889415016517
1.8620747940541973
1.4280048433123311
5.304180628528771
5.3146511451760166
5.315186166576961
5.2945616417568395
5.282237305123662
5.013317254412819
4.556612854745454
4.129901070041643
3.679455016917938
3.2777187728855446
2.8862725014587305
2.518982923406677
2.2238164186351277
1.4601907560991159
6.132177652065201
6.141987540272935
6.134406497359687
6.097905432992886
6.058736055953777
5.978718577538581
5.5011987380902
4.98643038406644
4.430634578558276
3.932910162520111
3.4487569533091658
2.9961659888778183
2.6339355997704788
2.279959451521337
7.482664120969648
7.493543883204547
7.4882563821500865
7.4451668899011
7.422085093198651
7.1423043493680245
6.519194530097017
5.78317284720638
5.110406149816632
4.454960975974934
3.844825018372868
3.3592681039261536
2.887723460404754
2.4928865395881337
8.56510624689369
8.573106933323617
8.561518739265855
8.506819857161675
8.47442005450531
8.399214505144212
7.85775076983103
6.9896177836763345
6.163273660987925
5.351939784415173
4.597494391179034
3.9992095782723474
3.4207240458377353
2.938572516118405
7.819272653682998
6.892245132543906
5.972809719478367
5.117038331035707
4.439526159417703
3.2429130659448986
10.055159892159299
10.02807190727423
9.9164849442155
9.787038853982908
8.839689216714392
7.7994005381538605
6.746819780102847
5.763744143024813
4.986347638198895
4.238458576600818
3.6186702092196215
11.068080655122671
11.028873232358759
10.884609225246049
10.204893836442656
9.04564260673687
7.816463814392975
6.656985512273702
5.739914388105869
4.8599501484396015
4.133207622754079
3.4718112333843734
11.915040692692392
11.870928109127146
11.72538948732696
11.326597563280865
10.176245578931418
8.799065965428593
7.478773817768094
6.432107600119167
5.429243570173669
4.603132929928248
3.853451830805546
12.799572545323251
12.669864806363622
12.53033982385205
12.257505309426048
11.527016215190587
10.986270054940118
10.000857368844295
8.48863480725977
7.282280842923073
6.126992425620685
5.177592138126246
4.318638783437634
13.833352411802155
13.755766832767295
13.511100166947227
12.984468173067118
11.359906360879522
9.643105087249298
8.255272992512278
6.924314911603136
5.83247462110347
4.847472954770659
14.955204101857124
14.805382035994583
14.66383247669455
14.22375282503688
14.002333636512612
13.257936806907411
12.360825607070216
11.299062307231132
9.65779035667574
8.073264410129363
6.774115467819814
5.6056500637726
16.097789597875202
15.9486602953604
15.674731976615362
15.20928842439688
14.648447127053938
13.867648521515672
13.11300701171491
11.214783797696601
9.351919692215603
7.820770246071991
6.446204065135608
3.6673817342156485
3.513555251468414
4.437781274300583
4.386064789992551
4.10336596222964
5.165137812882196
4.978019615001653
5.901900580053548
5.4784848779811375
7.2670637327828045
7.0661968223926666
6.495037907482096
8.247835737720644
7.800191089549686
8.963801176982054
8.650333051213535
9.731876147132425
9.61292205838366
8.790758696613194
10.692132986668502
10.559677116411743
10.105028557179232
11.443083646275984
11.160157429921897
10.12402253856339
11.428700985610702
13.299377320900076
13.19345074099682
12.797405080556066
11.30931580580324
14.162437848115012
13.144606131316138
14.962550779574832
13.05015471567934
3.4282954828578567
3.4363067621487016
3.9320889272615798
3.940878489411192
3.928500503246816
4.786429445010284
4.794921973696763
4.776278854108478
4.726590937870664
4.643777702529534
5.812968238781228
5.819178257913352
5.789861671782321
5.717974640779329
5.604906268356796
5.316231384580314
6.640740731157894
6.643788596148444
6.6034281308779565
6.554188909321322
6.515952926309642
6.453595246771709
6.376158739506288
6.201395886091363
6.016981703402538
7.5428398825192025
7.539863267959514
7.487640652772143
7.374235816572957
7.2947156591976645
7.201528473533398
6.987806447309786
6.774206598199242
6.376399042691096
5.9946816151208155
5.266972119233141
4.943578620275472
4.487374727282
8.768679466600563
8.754171252728561
8.680244952014895
8.618665824742381
8.532213580065708
8.410962143382493
8.312510285478936
8.037433565493002
7.77332645903703
7.349950802506957
6.814334847184555
6.455231079944337
5.94038994234215
5.539437517906572
5.00905030404552
9.589835506341121
9.565305943168944
9.473695925876758
9.303820943430305
9.187151582738162
9.044705986715945
8.72783475441636
8.426485916427348
7.874264572263829
7.344848026365899
6.936230519973176
6.358587086486517
5.924592305096892
5.326285112768143
10.666204203952777
10.626301946284707
10.5065101518879
10.297285542815967
9.989068677187245
9.26500542225668
8.02100546048291
6.891183374318482
5.723429311263963
11.484265387801937
11.331620369307025
11.197666836009406
10.91766920589289
10.712251402016292
10.300721127743266
9.893440358289842
9.195132567885915
8.51901783015652
8.09146363907718
7.273786997044081
6.7682556935898655
6.009558304561077
12.74439981556421
12.660521684881566
12.48048106105482
12.18829557913098
11.958768754332528
11.782178554710661
11.295447872750058
10.82452929687152
9.964679782590062
9.227551012776601
8.59193420475783
7.826404316335807
7.1823340779965665
6.401472598703294
13.642250213119409
13.539050095293709
13.337781970348567
13.003009502330931
12.773171542799815
12.517180888836364
11.974177963983522
11.477096104901626
10.567787512753902
9.725442536795404
9.206922190562825
8.190215869771771
7.513873512256648
6.654610766871754
3.284439389124153
3.2909588739028446
3.7578095294175133
3.764654519458287
3.7402789283914526
4.555974178363976
4.561967764460462
4.527980049645319
4.367933608087159
5.508080151185673
5.509864419872124
5.487147324982767
5.4593752635127375
5.24682940461439
6.272040031664668
6.269058695307056
6.245443456865527
6.204182233966288
6.084727980159042
5.936712586193202
5.649696650641012
5.341974637577259
7.098715134077826
7.088060206368404
7.0546172321399405
7.002792925436898
6.853919161321088
6.681200861431089
6.327256707283122
5.9675083547339645
5.2581988249863265
4.484931483734364
8.2147476167899
8.190646734957927
8.13446635537672
8.07629298395903
7.880164428369296
7.664009445522468
7.287299360593609
6.78280995153871
5.930259012096108
5.006264432305507
8.958872282598186
8.923327703282615
8.868565199759919
8.783955031903966
8.554954534704398
8.306594607905037
7.811234755975375
7.31051521229899
6.3477340859442215
9.92570293940754
9.870678997217464
9.697205736038013
9.131347870033713
7.982897654991192
6.879285284188845
5.720224080554451
10.6517141709088
10.600651233149343
10.525119791642023
10.396739364122592
10.091204399686562
9.75098242867242
9.119973216859758
8.478472440262475
7.261267094133813
6.006182255129674
11.775175795585678
11.67369858366674
11.545440281866325
11.429693724892708
11.062794914246064
10.666359472494639
9.885145116917752
9.183621418816765
8.136283154554324
7.812828776166828
6.397872069004983
12.573119074137264
12.446529895175939
12.315964719308411
12.145923081984849
11.729958007431566
11.308183280547219
10.48104319849382
9.678784791990557
8.176044084711252
6.650883591099558
