0.6314296785155257
0.6268934675408049
0.5654905375136016
0.4949525163469862
0.4251321612307465
0.36904450466205735
0.3145059673260831
0.2688180378998933
0.20812852581373412
0.12947354400951433
0.6685237288289821
0.6681747077185464
0.6611469357027974
0.6389777896399855
0.5654315461714883
0.48499322886359925
0.4190251515141357
0.35471460465677124
0.30097986602956245
0.2513563896665436
0.20671395909381204
0.17208637737729146
0.11172553543166887
0.6975553530041156
0.6981001699065267
0.6966264762550206
0.6899602957344316
0.686656569654989
0.6277141197867305
0.5402153308781752
0.46540112565365543
0.3918800132784159
0.3304822221721465
0.27397710761011634
0.22338864119322716
0.18436031343856712
0.0890778297194055
0.7197564217227297
0.7173987391118238
0.7147369572652963
0.7055839198876005
0.6972060608909048
0.6809041503392663
0.5957665805133833
0.512922796683125
0.4300070244824835
0.36059110486766077
0.29686697539111473
0.240072646880941
0.19648650407153684
0.1554025746391093
0.7415080093546901
0.7401520470090563
0.7366039436750788
0.7264047270254034
0.7219121089506684
0.6755950753348079
0.5858802323086338
0.48940370500476654
0.4074062785318162
0.3321610829137231
0.26548273748017365
0.2146975774239769
0.16724465145450268
0.1288345864857488
0.7484414598076571
0.7461859907095778
0.74155214906725
0.7301749466790611
0.724705267514855
0.7128731912817797
0.6392680888868587
0.5349770567615846
0.4435609136003938
0.35927710510193006
0.28479265542032534
0.228356669350951
0.17595325355138342
0.13381328421880873
0.5630813634064168
0.4661945741223251
0.3762550274910111
0.2968113448080086
0.23678447414272172
0.13684972144411964
0.7462643187483298
0.7342036007035804
0.7166300776948604
0.6996439478499388
0.5944507759293798
0.4921069319414613
0.39578126466423863
0.31057668532198446
0.24638213977532286
0.18729649364698714
0.1401803947655965
0.7375821520885081
0.7244463115149389
0.7040838647894233
0.6311301750862183
0.5242131235838184
0.42025909532951716
0.3278114912642993
0.2583189978476889
0.19461818370002537
0.14419956873529813
0.1001414434135493
0.726567641988507
0.7136606057133806
0.6939789313788861
0.6519912126130072
0.5502299148587522
0.4406172958468243
0.34216979878862397
0.26820776131023627
0.20064087290439656
0.14741737425485454
0.10115367715643886
0.6953584594212646
0.6790290675931016
0.6645047929599411
0.6389005992942018
0.577589379526406
0.5356211911757947
0.4631220405755374
0.3581613157392789
0.27916752740171746
0.20721227369277065
0.15084292133313335
0.10212332017572485
0.6893429606231356
0.673586727687479
0.6470626080123233
0.6023733334390456
0.48583652534145016
0.37466549867869514
0.29045615807651637
0.213913261345027
0.1542362328711442
0.10301064400695363
0.6395695320920418
0.6240394649786984
0.6116903604207088
0.5778115690456314
0.5623177036466441
0.5130654140669407
0.4575303610338837
0.3955549835713289
0.30482137375535
0.22234907871422804
0.15837142071761007
0.1038578175061236
0.6013501471831032
0.587566808072598
0.5664497763273708
0.535008557253977
0.5004391441826818
0.4558615344119768
0.4151276350252722
0.31856017115179497
0.2303078200501691
0.16212969917739156
0.10433222359266188
0.6053541284082821
0.561361261295092
0.6439210322845187
0.6289146517489526
0.5627166030986819
0.6637605622135567
0.6219386549643511
0.6696985964044427
0.592745495353495
0.7034025891242621
0.6670015094921056
0.5833807313980275
0.6978949905688233
0.633988423714265
0.715323582738109
0.6614260583950092
0.7098310672921516
0.6859507025226541
0.5909724306873034
0.7004547968586906
0.6760042192122977
0.6247599953416552
0.6765544299081989
0.6421746342594017
0.5474385251799284
0.5727873656101476
0.656821203094409
0.6321948860043555
0.5940334504466751
0.4838455394973318
0.5834985588014632
0.5090993723543662
0.5272918973766889
0.41345059169372744
0.5453010981395836
0.5462421605888226
0.5678248660061546
0.568168863579347
0.5637203541571176
0.5952748230815073
0.5944583657880828
0.5885032601871816
0.5769244053057963
0.5599184526003984
0.6145705816204616
0.6120006189416644
0.6043242854167729
0.5902781611875508
0.570521356546463
0.524687062949067
0.6216982295296057
0.6177879329154675
0.6083522689497811
0.5995383555853454
0.5932054591923327
0.5833942995539817
0.571809391858242
0.5469024156407921
0.5219119811188314
0.6223716103675083
0.6165482147511998
0.6061320984013792
0.5888095802250898
0.578071118090996
0.5658189577958475
0.5388121152512654
0.5134190973859991
0.46810011282607183
0.42655340996996793
0.3510203864090123
0.31857209906965833
0.2742672094809828
0.6132944821406848
0.6056638697487033
0.5927880822775471
0.5843027166989011
0.5734491539955328
0.5594117970158204
0.5485814037778688
0.5193740477343081
0.4928623276988072
0.4520927986898572
0.40271469947497956
0.3705573990285639
0.3259012024589551
0.2919379041603803
0.24833320946268234
0.601306855463709
0.5918116502388173
0.5781377889025731
0.5582252948924232
0.5458291473673356
0.5315853105789818
0.5015366418338919
0.4743185603748047
0.42678869358241056
0.3829418561600814
0.3502244998514926
0.30519114398580804
0.2723194826690112
0.22813791871391856
0.5794362071614666
0.5682549173453026
0.552669026215144
0.5311960733418161
0.5034829241080189
0.44515487087122657
0.35357485779118225
0.27599272912311046
0.20028742594641571
0.5511996292535909
0.531016421218518
0.5177820324711327
0.4937133373719864
0.47739320202972346
0.44665614709139484
0.41770404871100747
0.3707004625301135
0.3269678256688689
0.30021328843161454
0.2504356916012987
0.22057179875713787
0.1770819790354436
0.5166769167862848
0.502188975307225
0.4842941555536944
0.4607692959537821
0.4443786465090618
0.4324156296682111
0.4014087744404491
0.3728307683334619
0.32359006264488743
0.28331513878765846
0.24969411857137175
0.21038715081223577
0.17827704981849746
0.1407254275524172
0.4809088291708114
0.46552785716301154
0.4473862749415326
0.42347477304172004
0.4087860183286722
0.393237031567613
0.36240136152845515
0.3358407332066428
0.28967629136859724
0.24891061282795676
0.22461348185678354
0.17850001106486654
0.1490119055469778
0.11300216110450072
0.5096667359061737
0.5100177383529704
0.5292950289196822
0.5289132488014396
0.5218661259060244
0.5525650649548666
0.5507348716324789
0.541987825164241
0.5098336337749434
0.5677391640778565
0.5639465454177705
0.5583065535003149
0.5526204849650624
0.5166124915087332
0.5720548954810858
0.5668349850680092
0.5614658491935874
0.553960079178095
0.5351479136765674
0.5140502590850284
0.47543666236811
0.4365920406595444
0.5703462404180178
0.563169915481536
0.5568579557652428
0.5485235840447791
0.5275248016300154
0.5057985776845008
0.4642763885836879
0.4245420713700171
0.3504357323882237
0.274125719510801
0.558661719433591
0.5491053043873847
0.5400490235763059
0.5322598789830725
0.5088684160412207
0.4857790531217581
0.4482243408606917
0.4008881611810856
0.32538021672761475
0.2482119651613942
0.5456285724114067
0.534867631972112
0.5265826334812026
0.5161051982224282
0.49163417264642195
0.46767181779806805
0.42349692144671447
0.3812557579114333
0.30472476656863356
0.522514596693376
0.5097159947773692
0.4893091067346489
0.4391305764631258
0.35207652045234283
0.27559259284403265
0.20020203517041898
0.4939005159640817
0.48606440042117816
0.477114624086536
0.4643453891125546
0.4383481229289827
0.4122834720561358
0.3680410540161843
0.3256417386385925
0.25009384694624803
0.1770121339035167
0.4597170639243473
0.44350849268192793
0.43086170737802276
0.42110085346923043
0.3942993158473239
0.3681634732437568
0.32148135852418497
0.2822520234959361
0.22661847458298778
0.2101258759122451
0.14067840319969005
0.42536101464479814
0.40812543581473276
0.3964833390274668
0.3835206505939614
0.3563732326761284
0.3318789559576645
0.28784266833635264
0.24803067404439585
0.17829963967867427
0.11297110953882684
