2.059070927750588
2.077547923607364
1.9780906974730674
1.822525007121104
1.6574494721042126
1.5198464399059148
1.3822016706228153
1.2637990365253664
1.10186223365436
0.8821305109356268
2.2687600005122914
2.3059576914708595
2.3074326647777954
2.276864483055517
2.119843241504782
1.9236871898243175
1.75420468624216
1.5831393343663822
1.4356502553972892
1.2953494961068
1.1654468591259732
1.0616981202433953
0.8727856149025943
2.467415608140242
2.4853306119965484
2.4964035302588496
2.500401984021546
2.498058987123881
2.386957197564835
2.171673135065054
1.9728870019931564
1.76902149466302
1.5925436514633637
1.4246085999282914
1.2691658521635405
1.145090045499104
0.8204557696493644
2.645267997033125
2.672754782430636
2.675315851886062
2.6698839303464674
2.6580182262681067
2.6279682124605293
2.4232728815123097
2.1978813311329457
1.9596064640944828
1.7517435758894082
1.5537247849875355
1.3705661085029208
1.2245635642599797
1.0814437362093838
2.8780562152676277
2.893534173844854
2.90040233528961
2.8947937646408204
2.8885898495572144
2.7893249623366536
2.5449311923706355
2.2562234456658725
1.9974923836979945
1.749751938617514
1.5208188621877632
1.338888042265896
1.1612292373019766
1.0101884807019894
3.020079959410531
3.03284128689011
3.0365084939617013
3.0255023026925763
3.0164300368715113
2.992792242640503
2.8004505708914724
2.4836500954845286
2.186094912409586
1.8983086061256433
1.6322450380828022
1.4213751379312807
1.2162309990925297
1.0425643908506173
2.6239708051731716
2.303815203038824
1.9906465022985818
1.7006831570922922
1.4712252504029995
1.0606752477129506
3.1598017399975467
3.1635959612868567
3.1327775884736457
3.0926664817427203
2.780781643935359
2.438372211115241
2.0963034417121893
1.7784242383058337
1.5272267437528888
1.284236417980959
1.0799411391266929
3.220392509962929
3.2164648572581886
3.1751893910660214
2.9646177002153333
2.604947660380693
2.228353133101911
1.875076942393423
1.5960999400617981
1.327256255996522
1.102363598275797
0.8937480848125839
3.2514024947593496
3.242435141011989
3.200076210104834
3.080762581546389
2.7400058621218473
2.337994651080609
1.955293889572325
1.6526361169445698
1.36210583152848
1.1199846799917115
0.8966043251753357
3.2459222890997594
3.20773098148953
3.1675580226172184
3.089341167897954
2.8825008707783875
2.731632478570212
2.459386402399037
2.0447072617601934
1.7156356024174184
1.400229680611127
1.1387953992125446
0.8990911656428497
3.255206545247531
3.228704419383394
3.157215608019893
3.012088316091116
2.582269000615878
2.1369657408570792
1.7804303745300312
1.4391583471824558
1.1576519305268411
0.9012299106872075
3.1715880210957117
3.1267480189797934
3.087980925042274
2.9718967061078194
2.915791554387891
2.7296138051273937
2.509774122423934
2.2540462355816597
1.8632301413348251
1.488604939929415
1.1811898955072786
0.9034991549890705
3.080817556605632
3.0378863901793998
2.9656154626446956
2.8497454907315443
2.7157766302893225
2.5352791757239785
2.364853274263461
1.943566330497753
1.5366733614272894
1.2036395013894177
0.9052327197530746
2.0276274878278193
1.9634862276138534
2.24648959350271
2.2404049394223136
2.1094159517004174
2.4331388845031228
2.3643813195166223
2.583365715504794
2.4105228236773164
2.811771217479559
2.7524428113227843
2.5335926923872814
2.9273446497158524
2.7763068718149606
2.9884263151189225
2.9090710107209516
3.0539922520847824
3.0295011319334484
2.763772656702945
3.105248692804162
3.0732368358569486
2.933135030476222
3.1162914530827357
3.032428966298229
2.7255302671232267
2.8576176853489503
3.1214960391516176
3.0819432181735142
2.9689014629221138
2.5713572661201174
2.972715406735554
2.707970788722934
2.8077839088832404
2.3552135189724077
1.8490587974126644
1.8728981436911512
1.9958131874252762
2.0205525601542904
2.0290122117469167
2.2072027486308747
2.23180362022479
2.237665306534649
2.225785461461217
2.1955331590885634
2.4088176486884443
2.430536272029914
2.431511435925698
2.412099790180405
2.3715581455567247
2.2575367087422196
2.5351754323570375
2.55337232970026
2.549334469284815
2.5359964148538046
2.524081089646606
2.5031795764176494
2.4759564581396405
2.411774139912572
2.342540448824884
2.640024184730402
2.6530885099407553
2.6435466332288704
2.60968853782524
2.584164532220468
2.5526141574625605
2.4774961960184925
2.4021022079390617
2.2607524934706382
2.12531723690475
1.8680879010933804
1.7538556280270776
1.5932936935967015
2.7334174656059815
2.7379374992813656
2.718318587123279
2.6999955531233906
2.673316999175827
2.6352226018581812
2.6039825005482133
2.5148509284353135
2.429143891164275
2.291643688252522
2.118138023967207
2.0016696054441634
1.8356229312567887
1.7060454471566346
1.5346813115977875
2.765738508659314
2.76225139778867
2.7365533679114553
2.6853279088214936
2.6496387052654002
2.6061896601827113
2.508702719535989
2.415971513365055
2.246939294285471
2.08501345873451
1.9604384949851605
1.7847281241930624
1.6527252560330998
1.470189287913407
2.772657803430202
2.759290603748866
2.723471156746603
2.661406985087002
2.5714986061686442
2.3641301113917117
2.0114677160707077
1.6932961333076417
1.364941756598597
2.740972791531339
2.692272970157568
2.652738610970172
2.5735978068732974
2.5163008445583626
2.4035771202412612
2.2933492994586415
2.106847994425771
1.9273219889457864
1.8144823189583743
1.5989459178019885
1.4656792983052043
1.2652506354177335
2.668916888825796
2.633594812600447
2.578234489837068
2.4965918852168323
2.4360781993030978
2.3903062071984125
2.267761013331295
2.1509750440368647
1.9421515534321552
1.7654852025022099
1.6138523867066337
1.4319100305872232
1.2785706853132741
1.093079949643879
2.572632968269309
2.5283589597408733
2.4668965554995137
2.3776059494006527
2.320017610500387
2.2573417240454057
2.1289867293152342
2.014553914795837
1.80961009939757
1.6224381747554977
1.5085595059408723
1.285323000856087
1.137808750780227
0.9512171678128809
1.7666938150944405
1.791640131217897
1.9027572206431274
1.9283919197886812
1.9334990367462237
2.0969189315602748
2.1215590979741825
2.1228983505673766
2.0671704029570637
2.2785808395859877
2.3001791356601835
2.3000783590348366
2.2940518296310652
2.221224019609974
2.390592925704249
2.4068987401543183
2.4048685569654284
2.3951495098385225
2.35750307044769
2.305540512880253
2.198756558467105
2.082974207751584
2.480213817685978
2.4907218930299355
2.484858622040846
2.4708717718533917
2.4230638266952145
2.3646689572788704
2.241318906976286
2.1147463366399277
1.8647872356169797
1.5924141193218309
2.554427981115371
2.554447540175578
2.539696965595137
2.522798466211434
2.46154537412014
2.3925424423066475
2.2710669565867856
2.1080409818004564
1.8325291296118824
1.5338870525591686
2.5755787765366356
2.5678407564189305
2.5519777928140313
2.526853159515951
2.456927602781394
2.3805808780612687
2.228818771082375
2.0754113803840997
1.781872910156156
2.568595655537497
2.549354007909272
2.4961936221655403
2.3309013624462835
2.002634687643606
1.6907615436843446
1.3643429310217052
2.525897476011516
2.5081594561752842
2.4840748958417724
2.4451728342059282
2.3574136597136253
2.26266881758374
2.0913085270130103
1.9193117720585635
1.596726349674124
1.2647483349084907
2.443883800072861
2.40081210923738
2.3603040638557524
2.326431463159379
2.226864537295051
2.124009284418998
1.929389053541469
1.758850225036438
1.5069974504671104
1.430159685923091
1.0927294462280839
2.3435741372951786
2.290298450331823
2.2494944716808294
2.201128431158515
2.093401402167225
1.9908253669058718
1.7982970024109857
1.6168392172503578
1.283955024582316
0.9509802303983799
