2.850226324999341
2.8606614692819705
2.6980640312879975
2.46799106079795
2.223057421123744
2.015991499618501
1.8060964909937165
1.6232160871963202
1.3699537229121845
1.0221089466444193
3.263646356300572
3.2985482049216346
3.291864352609248
3.2362361191042597
2.993286391176481
2.6957914780882053
2.4368476019383785
2.172938882735397
1.9432220254624124
1.723201620037447
1.518579835842326
1.355081744241958
1.058166652675947
3.664255663901462
3.6835992343792126
3.6936161708343658
3.6905861990360367
3.6845707562705368
3.50031234252403
3.1657262981791034
2.856927973996166
2.5381968568768425
2.2603240155699056
1.9947344125399111
1.7485469602056078
1.5525369669451765
1.0459928303592774
4.0598005958649885
4.089535816921711
4.090055516642138
4.074987410745552
4.052700239286858
4.001917450492448
3.6739269289780654
3.3171153002674796
2.938700630342601
2.6068867750804183
2.2899856434662857
1.9970743196539935
1.7646619557755363
1.538274974979173
4.648762877648391
4.66941466170044
4.6769749156030755
4.662993218076669
4.651622868949753
4.485022720181872
4.085893765039588
3.6149143325589517
3.1914031903287627
2.785478462346763
2.4113180965340484
2.1158205834066766
1.8295267843734169
1.5890669756121665
5.076721940026541
5.095887512016942
5.100592314644848
5.081057483412345
5.065467987016902
5.0256365931124805
4.705872135331807
4.17848530387521
3.6810453628042428
3.199413036675578
2.755355646158414
2.405619901492647
2.068055866399119
1.7856831538524731
4.547336605193677
4.005019379777616
3.473477643946425
2.9824653644280374
2.596193019864344
1.9137158276153758
5.6086914242367945
5.622594016084782
5.574682601603396
5.5087176057635805
4.981428682832962
4.393166829334354
3.802935373673112
3.2550943790305777
2.8243491137391237
2.410384078625149
2.065865797115891
5.935314291665134
5.94290390751634
5.881368966920413
5.528111368019203
4.90192050562877
4.2388220676228165
3.6158246358362205
3.125462133039302
2.6552105335224856
2.2650564081792517
1.9070779765281498
6.188072292159783
6.191819683273099
6.1318001729613085
5.935919392031111
5.3406007916193685
4.62182571745035
3.933709910595412
3.3903794038389545
2.8698862233885247
2.439035887241011
2.0448681683358103
6.4426202290446986
6.390263255287391
6.327150679834563
6.197374193497058
5.836323005363596
5.565490735488983
5.070018993745906
4.308450068624291
3.70260342290536
3.1222424825082222
2.642860993524256
2.2056454492835793
6.690660865958827
6.6769048607430035
6.576024064585838
6.332887790060641
5.55213060605548
4.7180992603703205
4.044622417896036
3.398206818824399
2.8650726272804588
2.380257141275098
6.934431960341994
6.875202135337437
6.815776668611587
6.622135877551513
6.522910050726193
6.182275483711543
5.767257017771842
5.274978068049386
4.5130128785843615
3.776106834892815
3.168522227558981
2.617784982928649
7.138897913646779
7.082084404693522
6.9699590081952
6.770595635758103
6.5255092935973895
6.181094006784904
5.84721430880294
5.003774576879359
4.173576511891861
3.487149261519801
2.8662982153502368
2.791267094814586
2.680033577186762
3.2128693800929478
3.1888751471573333
2.979699981000605
3.590173481009935
3.4694514155273786
3.937955848398408
3.655532181419384
4.5328551583471475
4.427645460671777
4.068086025035083
4.9178417545125175
4.665643196820031
5.15440293131002
5.025158054101945
5.427426053313257
5.39519689336501
4.950172061410237
5.733106434210225
5.696781294920919
5.467138548601091
5.964495844473529
5.838097648509514
5.310361854090362
5.7816733341584605
6.416892990047851
6.4055487768327355
6.23316034810449
5.525531882746591
6.578100882358719
6.12576514102073
6.65372292108355
5.817843134076325
2.561723264326171
2.5827517362654584
2.837675564196068
2.8604140753701848
2.8621755814064023
3.2718410118393826
3.2959974913323573
3.2950616050321253
3.268549101631503
3.2153049321761764
3.745451635092467
3.7691905847991634
3.763001136990863
3.725518759419879
3.656370852871043
3.469318834077207
4.09355386355554
4.1159801536864045
4.104558372955239
4.080196228117749
4.059455931609019
4.023968069443544
3.978155991999865
3.8717346523151166
3.7574855393715025
4.4417374438316015
4.461546465677498
4.444527610946396
4.387720109778435
4.344601283108235
4.29194859885005
4.16719439131484
4.04108808780292
3.805093038172331
3.5784534924052465
3.1485449982531004
2.9579286568620176
2.6906212745532576
4.8683692266133685
4.882252964447665
4.854962407737082
4.826159135327639
4.782865165442679
4.719625327414559
4.667190071232882
4.517414343950066
4.3716227945050985
4.136522241544872
3.8386177617756347
3.6385430997812787
3.3525386792111176
3.1302917206197813
2.8367580789401723
5.125086337623691
5.132730757983046
5.097871649647453
5.017552035866875
4.959133520766461
4.886262895196974
4.7202521248415765
4.560701662300784
4.26642218123873
3.982824255399834
3.7641645109435067
3.455589442110981
3.223834235451459
2.904342174383337
5.425995898457836
5.425703698968094
5.37931435561504
5.2831261233848466
5.13363097246362
4.771429382398476
4.139087720256736
3.5637342534582714
2.968271946627022
5.633974616622423
5.579385001975552
5.521198692985026
5.3928914313051655
5.295490383965004
5.097720744846344
4.899727991070504
4.5589194856976345
4.2277588780866235
4.018118014849519
3.6165807805287273
3.3678610667627122
2.9935040443560066
5.890257782359775
5.8682824569900065
5.797029132495946
5.670319079811519
5.568038800695072
5.488355227201167
5.266835209795369
5.050688262586677
4.653756415486303
4.312578533768821
4.01708030119664
3.6608417620098024
3.3595639008954947
2.993295843982129
6.036326783690256
6.0044221939570175
5.925157936735599
5.784390955191319
5.6857776178363295
5.574608965113418
5.336817876364906
5.117533690148877
4.714857209512568
4.339607166913658
4.108632533752036
3.6527936097173472
3.3488060946685474
2.961043815826294
2.442981238001481
2.4638864235750986
2.7001068225255773
2.7225854302033867
2.716927815245537
3.102633379822562
3.1258948465876943
3.115800939736809
3.0155846648296114
3.5379441106195673
3.5605068441772008
3.554832417490428
3.5418653468422403
3.4154761753160887
3.8567716375192362
3.87604690174322
3.8698593342604024
3.851286260903968
3.7862497525015746
3.699026564069956
3.5227344476079434
3.332259550643207
4.172507251547925
4.188754841699707
4.178171477009269
4.15462464823678
4.075272689610921
3.977578144095102
3.7718254439924737
3.560193127459785
3.1427227252457692
2.68901970909654
4.555861391175597
4.56456210257056
4.543476942250179
4.51703303374854
4.417987755664831
4.302826013494873
4.0973474973626445
3.8190504751067276
3.3463209974618104
2.8350679848473677
4.784561175295813
4.787043174147368
4.766598662958434
4.7290826870847615
4.616559195682615
4.489087193317452
4.229025728144389
3.962579694621052
3.449258505136724
5.049300540771154
5.041730975978735
4.9692097253812255
4.696738212395419
4.118048452484605
3.5572356295870335
2.966543035345419
5.227427922514132
5.21203288078658
5.182441549772569
5.126738383634426
4.986124812160488
4.824138874162658
4.519275393675419
4.206494653231939
3.6100870784530965
2.9917771588076008
5.445482045708772
5.414759954182702
5.363239900781423
5.313968568982747
5.152194368537827
4.973030090422041
4.61497384221421
4.291250457652042
3.804770848067579
3.6543372420658735
2.99160009110541
5.565652789352027
5.523668779413798
5.4719858841380455
5.401365375320584
5.223310472592269
5.039304964241399
4.674940829026798
4.318273632735549
3.6464068719697957
2.9593980051753572
