1.8666963745830165
1.8735887017304398
1.754420604401468
1.5907693721367868
1.4204731061883096
1.2793279752353335
1.1385181363993222
1.0176627675782663
0.8525310262648524
0.6288048485165726
2.0528423963707123
2.075458683497072
2.069741059805213
2.029660144442549
1.8610909379763076
1.6600690534714184
1.4885781840799677
1.3165249607879126
1.1689401275038345
1.0291638060021557
0.9002413853280229
0.7977952298821913
0.6125479377841797
2.2249039413872698
2.2367674876632426
2.2423924878756742
2.238602922997246
2.2339972726967843
2.10753414495895
1.8867030014174058
1.6873492300957977
1.4848673413065938
1.3108656085735784
1.1463963237749557
0.9951671732959236
0.87540844826078
0.567059790306483
2.379916357482149
2.395499181406982
2.394714480959135
2.382722693505651
2.367216656657359
2.3326376105695816
2.1201032332681966
1.8952598216934549
1.6609162967286073
1.4584430184500607
1.267218566865124
1.091888117086638
0.9535321261218974
0.8192981640483468
2.5843720431384383
2.5937388737046407
2.59535722326348
2.582713461395667
2.574620098431705
2.4669575077135
2.2225501012059543
1.941382109504125
1.692768991245021
1.4572938885855427
1.2420841156360376
1.073144486400577
0.9102284681827781
0.7737241608700219
2.7113431859591857
2.718548076201992
2.7174760233817543
2.700647761908312
2.6898411363589876
2.663706102199644
2.4689850494525443
2.1613632764987827
1.8773994554174942
1.6061086329171703
1.3583008903643017
1.1644452116451969
0.9783547079691052
0.8232243492995095
2.299167211036972
1.994557636346478
1.7004292103421452
1.4314773638885752
1.2214417222299974
0.8532937335652003
2.8407337206803773
2.83562055821651
2.8008132216263633
2.759355933627444
2.4551679627949228
2.1301080175605285
1.8098927001532714
1.516058135876674
1.2869097327117691
1.0681969525774357
0.8871094496054126
2.9007777549936367
2.890417045217682
2.8468007016313743
2.6412837387148116
2.300367334941462
1.948786773781013
1.6231203320304421
1.369235090282612
1.1277204379588364
0.9286346377736521
0.7467683398805107
2.935241922111179
2.9221553056509855
2.8789259604941537
2.763059567060317
2.44049825705429
2.065754258100525
1.7133750990520504
1.4382659283469108
1.177146510330419
0.9626348194669297
0.7674338437145245
2.936034477820739
2.8985338144103445
2.859882100724163
2.7854291229586616
2.5907498138582015
2.4497054557336617
2.1969110588266973
1.8153122996558317
1.515950079561653
1.2322687518876152
1.000090198923781
0.7899565178774113
2.9597563911996403
2.9340387865940376
2.866486399498647
2.7306430575750693
2.3313873972181245
1.9218214415207386
1.5970726199823495
1.2894018233724627
1.0384814368621136
0.8123751361839952
2.902571826261178
2.8617371894805266
2.8260043424434724
2.719326794966773
2.6676131720857996
2.496159462250486
2.293567371772767
2.058870147585359
1.7021023655665424
1.3629127544267097
1.0871618878629827
0.840123151638249
2.8432072000583912
2.8049318543496224
2.7398527722415813
2.634737429976439
2.5121123192967625
2.3469427095504227
2.1906498080963708
1.8053253499774515
1.435018222105815
1.1342229726029909
0.8661528373673155
1.8229756387409402
1.7416644587327592
2.015825629755258
1.9976045915385046
1.852066169603374
2.171424903605954
2.087838724757954
2.293423113283206
2.10904550941083
2.506481241833541
2.4344566309929982
2.212662902164649
2.6054142256026966
2.4476296996834597
2.6766856971996034
2.5792013139957803
2.7366390985092734
2.7024613465964946
2.4399216162100488
2.7890879916322073
2.75060117326507
2.6126707735816117
2.801942412623378
2.718647361870817
2.42717348474613
2.5675246371266245
2.833477044212953
2.7955088814304845
2.689787994613577
2.3209445163712843
2.71745719000194
2.475038687879651
2.5930720259172033
2.1807954376309193
1.6579809366954674
1.6730717098766523
1.7835362304597757
1.7987183945205625
1.7992812370984819
1.9641672641799819
1.9785496568356167
1.976284702002228
1.9573601116553734
1.9215286857079896
2.1374581415193425
2.1490776945240824
2.1424290804780535
2.1164686964970767
2.071391884357352
1.953522370013623
2.2477622693821266
2.2565149423203383
2.245461979527157
2.228603009661597
2.2149469032475797
2.192123644020104
2.163413354895099
2.0978737153453357
2.0287543035396784
2.3416016438297036
2.34620315876665
2.331134491562644
2.2933834347706457
2.2666919683908673
2.2345799218600964
2.159849581695575
2.0861663393438823
1.9497887810470753
1.820584449114141
1.5780540033166417
1.471257591470237
1.3223817031400698
2.4302529155456782
2.428767784513335
2.4058150562261407
2.386520589541102
2.35940407982129
2.321600235836031
2.2909951578913534
2.2049456928643028
2.123140099779747
1.9931375914920233
1.8305956339650102
1.7222968989950886
1.568715086252401
1.449775096724587
1.2936801169167782
2.465747470595505
2.458271906214423
2.4310132622351475
2.380321766764889
2.3457491908787014
2.30408471289962
2.2114514429136887
2.124231114325936
1.9663545609537243
1.816209178339412
1.70146479983808
1.5405542001695793
1.4204764366699323
1.2556902566737207
2.484532972488611
2.470162283421418
2.4352949884490545
2.3763461363770277
2.2920723106334115
2.0992190281580627
1.7748374267968043
1.485685335585938
1.1905455805258935
2.4685557933757716
2.423240784971292
2.386712738510034
2.313639976628935
2.260763830196547
2.1570193869411756
2.0557027126483765
1.8849531440351408
1.7214110152777726
1.6189657482671174
1.4242274325447608
1.304518510917187
1.1257760264507022
2.428129057589125
2.3979995870634
2.348998904075243
2.2757594828508045
2.2209219610630857
2.1794960020997713
2.068207475163817
1.9621475868699245
1.7725001239026292
1.6122846097212036
1.4753057227774928
1.3110706623602277
1.174042683059955
1.0084096116276613
2.362379362477783
2.3258870874643907
2.2727760680294833
2.1938336132734837
2.1423215770066175
2.086082530921218
1.9704122754686852
1.8668739013345654
1.6812004400730263
1.511831362443191
1.4086928637459037
1.2073614906758916
1.074614918107133
0.907139093872311
1.5738257065788759
1.5887378776872272
1.6890205605154003
1.7038558841312035
1.699522927905135
1.8535546799902223
1.8668458605389209
1.858740518033869
1.7914868274341291
2.0087599808619503
2.019010639731931
2.0135421767985098
2.004175905631459
1.9222931443761102
2.106079864040635
2.1123678317813286
2.1062063851161525
2.0929230957784375
2.0507021846739706
1.996706172484654
1.8899866285507299
1.7768237995300697
2.1866228317940752
2.188378228531936
2.179153948953731
2.162621006013855
2.1120626707849923
2.053381912876632
1.9328389215380553
1.811398555310429
1.5752038303585605
1.3216261025487304
2.258700396617546
2.2528413043920414
2.236029391852038
2.218304898708877
2.1572697663976217
2.0904297616590903
1.9747629455921822
1.821582708162758
1.5659480570801787
1.292963649801006
2.2847500968627457
2.2735901494450337
2.2570215588291345
2.2320165272920405
2.1644085590417914
2.0920572377418867
1.9498535874522496
1.807441749153818
1.537922785955897
2.2917949243988005
2.272385172302712
2.2220732759637776
2.068176574156638
1.7664742319297908
1.4832320436830735
1.1899401594620727
2.266841224535436
2.2507093548630226
2.2287397103886057
2.193198278826503
2.112945123797661
2.026234414642565
1.869905408117076
1.713556567882568
1.4219730083011977
1.1252277097958436
2.2179597835233045
2.18161193195384
2.1462457330957068
2.11635412492722
2.0274301705632873
1.9350121784870358
1.7594021925672896
1.6053264541407617
1.378580942416808
1.3091275114415344
1.007960913759753
2.1485559814546833
2.105202779595513
2.0704190027293294
2.0283852778863842
1.9334223357765965
1.84189316263731
1.668956066164988
1.5055642438856938
1.2056699650816087
0.9067700210889543
