2.0702956142872146
2.094927596722628
2.019297959676156
1.8830331394333844
1.73441469236915
1.6084559985663822
1.4809928088775575
1.370207906364005
1.217052892657481
1.0064816141523898
2.3389718712619265
2.3853240146938792
2.3929494927997603
2.3730910246780494
2.238204678712411
2.0598295655858316
1.9023670758998221
1.741344709452633
1.6010242250998101
1.4663195215926126
1.3406741427002833
1.2398310773490253
1.0550656524302793
2.605056962452218
2.627755381700743
2.64351769043832
2.655168566684914
2.6553417539031408
2.567797181822109
2.3719529800782992
2.185051420983279
1.990308930066715
1.8197481921803718
1.6559100819573422
1.503133721999327
1.380576615912151
1.0576848313501757
2.8590828420450394
2.8993831848524088
2.905947154367084
2.9090062699348715
2.9023027721732797
2.879970130639627
2.6973239815872345
2.4836780045211717
2.2528607696928873
2.0487271600736743
1.8522785895429832
1.6691327507222429
1.5223350302584844
1.3777396609738775
3.2229766442575185
3.2479466141507483
3.2633904673215035
3.270092753938669
3.2674924449001495
3.1886301591194126
2.9588854298953104
2.674468397805609
2.414344747980445
2.162096490783655
1.9267791596531438
1.7384617261201207
1.553400437985916
1.3950568177602816
3.473776536950755
3.4978339706957517
3.5118078094551692
3.5145279510578957
3.5098663737075886
3.493463316574121
3.320655104669137
3.0073533293304484
2.7035008454786396
2.4047876811297155
2.125436989524084
1.9021120058796097
1.6831320196551491
1.496194991037292
3.216731245015001
2.8872945519631235
2.5585052438649716
2.2500688622844223
2.003569810058172
1.5565325257416953
3.7643554184576224
3.7976579293836985
3.783991959760479
3.7530726573581608
3.4545268260194497
3.1001606091169465
2.7367341054880643
2.393652808016528
2.1194052220035067
1.8513227454738481
1.6233442727837577
3.927526445706987
3.9541387656936426
3.9319005904242372
3.7394957735433634
3.3678129536020363
2.962575643500463
2.5746521489690717
2.264006836621577
1.9608770999184033
1.7038522328295023
1.462411558284884
4.043233850420426
4.063497881742736
4.0403543989117425
3.9362807895582885
3.5883390164690816
3.1524931505146117
2.726622197515138
2.3843962861274917
2.050801399691766
1.7686200642333016
1.5043725917409458
4.160779853773329
4.138378200968345
4.106049912151955
4.03455371374031
3.825240364391418
3.6642063191822616
3.3652375718043794
2.8976794012221365
2.5190745283810907
2.150131547010005
1.838848450543977
1.5484238751341004
4.231757499904883
4.234961174692401
4.183937989204808
4.046347460572485
3.5830373544288308
3.0756741912087064
2.658774237559719
2.2519532180761352
1.9095228155733746
1.5912851955718623
4.287630004399055
4.255037102430383
4.221628177044885
4.109358952805087
4.051416051160512
3.849325937864524
3.6011555936460877
3.3038078108665383
2.8384095195637604
2.3815240944547638
1.9977315455552018
1.6427232007606263
4.291732852028254
4.2583518430594305
4.191990213261495
4.07333999425954
3.9275073810410674
3.7220805863089135
3.5222571461429983
3.013829321763464
2.507328304538234
2.0816520071330986
1.689665885265249
2.0505982712456614
2.004784585745673
2.3311553923643316
2.3358328067287726
2.2273492978608997
2.5925409867883977
2.5436894355688255
2.8311236990748583
2.683050151779021
3.179601092013538
3.14580977799494
2.94540002112771
3.415262417485735
3.291159839907406
3.509384605522657
3.487007306370522
3.6613242494378375
3.6733825860257663
3.4323373073181758
3.8110778625363646
3.8171427714446726
3.697563040522753
3.9285582086796347
3.870738612150318
3.5679694520115515
3.7896002570221174
4.06536139552803
4.076383003100687
3.983447474312386
3.5663045259165087
4.08081489067938
3.815432256429976
4.0064246560370105
3.5057641112786944
1.88036628391882
1.9077981764192566
2.070379120622035
2.1004662129197325
2.114402887690222
2.3625646994405782
2.3956343139818026
2.4094244840683037
2.4055411843692385
2.3828000300919863
2.6698003342784378
2.704000072421338
2.7154552981954345
2.7062559843583416
2.6744317262795625
2.5721868286640763
2.885399522230236
2.919094439834062
2.9279635090059504
2.9217279859218435
2.913710415013754
2.8977194124478283
2.874885502731735
2.817338905722983
2.7523047173354214
3.089692942710551
3.122007629807462
3.12662827785389
3.1053158686467666
3.084642048283821
3.057304836900238
2.988179709578446
2.9154860561743754
2.7752352906492033
2.6377000295219997
2.372104571339623
2.252940034474761
2.084107962199294
3.3198559770086975
3.346404737791279
3.343582144529564
3.332086253415502
3.3116826042938037
3.2789931495997777
3.25048312837656
3.1654212598425144
3.0798797423410944
2.9387944425666546
2.756771337465332
2.6330374206672484
2.4544594181616697
2.3143330746103477
2.127195126807442
3.4433213523301416
3.464081891875128
3.4552837976837973
3.4165311266916127
3.3853670306091392
3.3448873885627326
3.249047618703176
3.154395319758565
2.976533699487634
2.802447642457376
2.6666200024540023
2.4733014563334064
2.3265387155190447
2.1220282676633513
3.56632052259826
3.57839987070397
3.5601835279825575
3.509483065533427
3.4245440341685183
3.2096533875866458
2.822523279788134
2.462342513787199
2.0823420888488293
3.636544578370875
3.613327519213525
3.581898805903427
3.508933879042891
3.4516933174575577
3.3339665486829215
3.214651358616325
3.006516497833473
2.8020597642889293
2.6716017662309053
2.41957113918999
2.2616709376075055
2.021734279918874
3.6702461841412592
3.659532758869022
3.6184630402957194
3.543390032504724
3.482289145173944
3.434250874807847
3.300405250961847
3.168914010384172
2.9260903829383462
2.7159412744700626
2.532426383683861
2.3097813862534986
2.1194733714275964
1.885752417865459
3.651822802321034
3.6300664401430636
3.5803738822161963
3.4936132617069218
3.4333142866889945
3.3653642333350366
3.2205494825942997
3.086909501574647
2.841180671863284
2.610785479132149
2.468823844286312
2.185559915724146
1.995279899868742
1.7504248226114028
1.806657872667034
1.8358503511164719
1.9855667033029742
2.0174691468601265
2.029333542142017
2.2590287492769345
2.2935537155348023
2.3042836511284492
2.2636755062530978
2.5433998774342332
2.5795249630760253
2.5869790148116727
2.5860340396154133
2.530159469013558
2.7421454103951906
2.7755888358348213
2.781388538091614
2.7788623330515585
2.7522920551199674
2.707585748400449
2.608187068993007
2.495626032453092
2.927279575090224
2.9589332153818524
2.9619199442628794
2.9558081011455934
2.9199099881845574
2.8681004753658557
2.7502062546541746
2.6238487524061456
2.367613355069067
2.082846722647026
3.1319786161768106
3.1567544209032454
3.153722655307159
3.1435342345704727
3.0943373499293916
3.030525283648812
2.9105424041788313
2.7425659092581642
2.449895031283784
2.125939486143819
3.2393836205159934
3.2573851736952997
3.2522716288758837
3.236085205818
3.17706316609741
3.1045644925239193
2.950406343955615
2.7882514445505566
2.4688351154866996
3.3417349795588875
3.3495357107209323
3.315488548319365
3.1600325627722397
2.8085377078907507
2.4580350682461516
2.0812068404723565
3.394296748432286
3.389215239852114
3.3746364125409625
3.344005648729772
3.2627782119115762
3.1665101293327913
2.981336955088392
2.7886066472561453
2.4155118304390815
2.020680170006121
3.4078868022060838
3.3905486286735367
3.360088654098954
3.33037934338073
3.2324149993348703
3.1230670358853456
2.9034234047741356
2.7036220857883992
2.400323311180966
2.306134765980286
1.8848525781317005
3.37647713892598
3.346533150988744
3.3131222115081593
3.268342364136748
3.157488148951574
3.043791038796817
2.8195422554688245
2.59944260057771
2.1823305776299295
1.7496631283171156
