1.6376577339680034
1.6572777053116756
1.5958508077521134
1.4865135411814134
1.3679090734709565
1.2678884024231905
1.1671332642084762
1.0799703128101383
0.9601398011123102
0.7968348079837299
1.836016667618619
1.8723554649816307
1.8780637345114277
1.8617267317515405
1.7535463040741701
1.6115815631903794
1.4868866653882116
1.359906400617113
1.2497096113805395
1.1443165092061596
1.0463841126233835
0.9680436354674933
0.8252159296990461
2.0306715230538965
2.048297272051741
2.060437138053553
2.0690901739901086
2.0690349648272672
1.99819488718393
1.842517467808294
1.6949149515619906
1.5417240021683547
1.40807152208827
1.2801060976750986
1.1611532441903032
1.065973689250697
0.8163250976153147
2.2131147112958782
2.243633282136968
2.248418996578538
2.250023261113533
2.244286355734102
2.225985971112478
2.08058927559898
1.9121747117108219
1.731086863460263
1.5715421219054606
1.4184615862797363
1.2761248004403665
1.1622669447288716
1.0503340218656818
2.4678378849012272
2.486185068222597
2.497192799375405
2.500905057505212
2.4984187702589917
2.43424621335698
2.25301850720916
2.0306844718551758
1.828284147081414
1.6325899468075997
1.4504547926108586
1.304925034328106
1.1621139610327098
1.0400170472631398
2.637592168384823
2.6547259448003913
2.6641204801237466
2.664221509144694
2.659947133846233
2.646093090370892
2.5084255337081225
2.2637563587051672
2.028115266336428
1.7972642458898813
1.5818979982485146
1.4099842636989877
1.2416370608841856
1.0980229771289793
2.408873963086534
2.1538153638989
1.9003670069712046
1.663220310652143
1.473998069788449
1.1314258420996455
2.8260324850818703
2.846760334252403
2.8330739531034257
2.807357260440167
2.5722674919432373
2.2982580532013737
2.0188732694237737
1.755946710905582
1.5461568223106863
1.3413960899170567
1.167435422897221
2.925780391011431
2.9405816951313404
2.919479072859491
2.7657836666089524
2.4781949392788976
2.16760071037446
1.8715380623382327
1.6350112658330191
1.404651208825858
1.2095735588705383
1.0264334946151532
2.9923443658738917
3.0019940996834724
2.97982704199336
2.895277295372483
2.6249720477604304
2.2915246410443806
1.96760317190843
1.7080837769997874
1.455694994716761
1.242575805497673
1.043216436364739
3.0500534160478425
3.0288967722374402
3.001859071330213
2.9442636556781463
2.7809687117039954
2.6572176530390887
2.4291672831633
2.0747694071929788
1.7889727079467195
1.5112843867268557
1.2775434524776823
1.0598403718986622
3.0842059696506947
3.079365497613885
3.0342579275711876
2.9243663814553256
2.5687856002604583
2.1853207665021137
1.8720639733169817
1.567556302510221
1.3120119910216037
1.0751282809669007
3.084092076817405
3.0550553042743482
3.0272459086860644
2.937701768697464
2.8925180591143027
2.737552613168916
2.549243983756717
2.325663045481217
1.9778650314804924
1.6382304956925322
1.3541342211241088
1.0923643868998696
3.0532686927287407
3.023958236695265
2.969613534570861
2.876558214062811
2.7642504722252568
2.608554336300274
2.4585699760336963
2.080132593177193
1.7060854487519184
1.3934613030261793
1.107085070757413
1.6214769286061428
1.5842148773732556
1.8289280111084034
1.8321399096526203
1.7449512510747174
2.0192457596168536
1.9792786229277382
2.1880047024241085
2.0695330361299127
2.431092764480533
2.4015410713392424
2.242766193896165
2.5870166059863866
2.4862459004216304
2.648558245114984
2.62192583382672
2.745308232702581
2.7482505431569137
2.555936166720007
2.8353838065606296
2.832613854404776
2.735211643453649
2.898631345502668
2.8478727538763615
2.6103792804587056
2.7556596294184983
2.9620888630083333
2.958120744737607
2.880081826894107
2.5571772105237085
2.9234385999177706
2.714310140167987
2.831153609710799
2.4476284614362265
1.4845353527244225
1.5065060377051598
1.625321257882372
1.6491265959551529
1.6600464515705893
1.8379003061801658
1.863498026088561
1.8738594347876536
1.8702805644438838
1.8518950932322598
2.0554604860140095
2.0810709454545826
2.0890234671099
2.0808439740012665
2.055067124535407
1.973974728666326
2.2034671828009964
2.2279323694370556
2.2332595512770768
2.2275255023235054
2.2207923925866258
2.207704960474819
2.1893622385146654
2.1436503359520387
2.092433057646831
2.3388997626773977
2.361280647179732
2.3628067167520506
2.34432568632722
2.3275179194582427
2.3055901815342326
2.2508098559563847
2.1938055509804686
2.0844189247829914
1.9776858078624193
1.7722165554497338
1.6802491482749837
1.5501071828069595
2.4832438062195856
2.5000069054056633
2.494749293912994
2.4845462560355585
2.4675059358229903
2.4410578739178304
2.4183359086698037
2.3512629931737408
2.284566768039125
2.175227264150115
2.0348739627241565
1.9397304433152724
1.802752162675949
1.6953612945375325
1.5521919065474339
2.5545368314803008
2.565869027462416
2.555592877510332
2.52282527626875
2.4975789797875363
2.465386068699565
2.3902030525560574
2.3166654697487217
2.179534308229624
2.0460088937727794
1.942132788256514
1.7945881045822047
1.6827840371658513
1.5272611560735148
2.6166060720382753
2.6202457317700367
2.6019777122866894
2.5596380003060264
2.491944582631977
2.325229629661407
2.0295929604509557
1.7565045076436812
1.4695682076314387
2.6406154815764276
2.6160082315193036
2.589264117312458
2.530400660933036
2.485316242759107
2.3939479804888144
2.3024114419283235
2.1439826793482015
1.9892031343338767
1.8908226565880863
1.7010826915681931
1.5826591687679665
1.4030358119481245
2.629922245230489
2.6144939310633832
2.577941203963512
2.5166752530968046
2.4684656481683778
2.4310272576317984
2.328194809313892
2.2281375059396282
2.0450710898285673
1.8878539545270783
1.7510398641088858
1.5855045757612294
1.444364671699104
1.2715517820685667
2.5864399708191854
2.5622374375346
2.5190783204960807
2.449127675770978
2.401888693103859
2.3492916449587216
2.2389100830412705
2.138196560514976
1.9545036288254474
1.7835626908356155
1.6786501085192904
1.4700751436449948
1.330482808388314
1.1515671565911516
1.4253618149863494
1.448766247775293
1.557576958517426
1.582809686367207
1.5921038418488922
1.7558637213876513
1.7824978674650633
1.7904060248358733
1.7575812649135238
1.9561541929324124
1.983087962858674
1.9882059117587085
1.9869667638109547
1.9416779560535584
2.091563508585081
2.115606572248714
2.119179438416692
2.1163483596018757
2.094269824041585
2.058536920497012
1.980148227035952
1.8920872557805977
2.2128714792396633
2.234414427690826
2.23545377183348
2.2295232336154887
2.1997507502333637
2.1584322309151043
2.065799722989315
1.9674172467560775
1.7689118501210703
1.5491885891030934
2.338635737695877
2.3534552288770856
2.348969283359303
2.339797671303134
2.2992079093236173
2.2485158160253613
2.1546748119513977
2.0245972880205607
1.7994853346392212
1.551306993704857
2.398497609094798
2.4072749120529227
2.4010815916705974
2.386627305194498
2.3382706791358903
2.280826109172177
2.1608495833368107
2.0359195604339986
1.7914570624675625
2.445915123741787
2.445730097994363
2.4145773457433277
2.290313145913824
2.0199032608435963
1.7535752269738443
1.4688176589778619
2.4575589441667836
2.450347256918048
2.4364495211902204
2.4102095985420564
2.344572245251518
2.2691704061164404
2.1267535314024584
1.9800899540710541
1.6983972744524065
1.4023636813300804
2.433484307441403
2.412486362124257
2.3854172127532154
2.3606298505523458
2.2824133516189655
2.1974819118913285
2.0301107838160792
1.8798320086912383
1.65323066176569
1.5832096579562995
1.2710174855679146
2.382305376685475
2.351070557806751
2.32205357133031
2.284989501856278
2.1975448608430312
2.1100978782690283
1.9406518273471536
1.776432509709183
1.4681377314236344
1.1511474608437886
