3.8533096387406385
3.84691990043635
3.5702116008342712
3.217672658778184
2.8493194939313495
2.5415365064929403
2.2321624338596053
1.9653349655320567
1.6011721595074484
1.1149040845541087
4.406412930078208
4.428063116794371
4.403161053764261
4.30112068057088
3.919171836764823
3.4708798426032668
3.087269984400823
2.700314807537647
2.3672744855767474
2.052258401011412
1.763393664100898
1.5360477539723973
1.1333688306585203
4.9289809403241085
4.943999813530909
4.946528385802992
4.9243700866545055
4.910341808865985
4.602748341056862
4.0941778144376215
3.6370470723668618
3.1712511363859295
2.7701960326982435
2.391883502878747
2.0463077323958574
1.7754159314148232
1.0991616399872755
5.444742797866504
5.459656372037214
5.452179197132438
5.413554563958328
5.371236611850099
5.283813005231749
4.774511730746769
4.24493800350874
3.6928753994075993
3.2155441497912514
2.765940754005627
2.3566083883939757
2.036935906137862
1.7308273673690604
6.211257923843865
6.223783630666928
6.219214064743445
6.176686441766534
6.153707898742812
5.876222993284954
5.273597714209476
4.585432199762798
3.977756445780309
3.404125329139393
2.8836603517597617
2.479211981626809
2.0940509573687796
1.7767378789980963
6.7670028169606535
6.776109391387919
6.765902582587487
6.714889271989047
6.684793816496107
6.614686849906729
6.116213140838975
5.34034172089989
4.626325961084229
3.946611825445426
3.3300965478821185
2.8523937006397713
2.399171194201579
2.027263611131118
5.839920005630131
5.0602837310138105
4.3101911488903895
3.6288560562292727
3.1015777269894103
2.193650234363167
7.460463950382139
7.438070231511618
7.342634456287735
7.231701244449245
6.433807003294128
5.585171307488629
4.751694709176207
3.9915378654223126
3.403637474484646
2.8481725817553674
2.394545820402083
7.889420396938345
7.8589491512069545
7.741246045327406
7.192351752170965
6.281427421063202
5.343015368239813
4.47788879310368
3.8082204991978674
3.17675488419463
2.6625019850200218
2.199808530036948
8.223850580101612
8.191010106248584
8.076784484007645
7.765488351475622
6.889719845677979
5.869199549202785
4.912311683798282
4.169472799398673
3.4696679782299498
2.9009038790625348
2.390450303182796
8.526224213671648
8.428634411160298
8.324530132013347
8.122527892362674
7.587218253963317
7.196258101809917
6.492774307400221
5.431162313780655
4.601297713676506
3.8194312766207177
3.1851082645058857
2.6172918489747827
8.902018011601625
8.846778539066728
8.672359055951555
8.29998657067425
7.173318719177444
6.006470131893953
5.081510739867039
4.208290381819316
3.500655901743946
2.868738171506423
9.210118859532031
9.108417285343823
9.013405361618018
8.719456938300489
8.572818593613679
8.080234427846987
7.491171642900316
6.801984419774795
5.7508173295161535
4.751081589880123
3.9406456481969943
3.2187560692414747
9.516305276332428
9.42163763981246
9.24744905679543
8.951652297628877
8.596969530725191
8.10635298410615
7.6363107106830395
6.466136736645308
5.333919054285006
4.413259049767628
3.594214477524683
3.7430293960561265
3.5469406332206503
4.300230900905699
4.239764797971855
3.9018239794038427
4.775089287563331
4.5631787770060095
5.201482439536704
4.751196031382015
6.000527824975249
5.802870690591457
5.25116204417224
6.476203000772355
6.065134219250854
6.839297842550465
6.562929895711334
7.18591057522331
7.085986012022986
6.394283534922336
7.58761586649684
7.481950020775664
7.114599698339091
7.860804545318109
7.6399413313003
6.851389410942158
7.517313882120429
8.525174440509344
8.4511035887641
8.171200875883791
7.139374646522789
8.681525092623417
8.007110616345223
8.798326790550352
7.598103787291711
3.428681835668488
3.4434301760895316
3.785030849841575
3.7998471835217402
3.7872176310052703
4.3429556528448225
4.356495512925069
4.337106311135539
4.282281864265189
4.191132941908303
4.94756733995566
4.956836391102906
4.927743059366902
4.854815677285165
4.739787532746591
4.450914248843169
5.390951304408854
5.396376826869771
5.357879502004711
5.310627264749575
5.274128718138404
5.214755300094787
5.141114797344346
4.976093014832704
4.8039870983218025
5.835278361879816
5.834551639083791
5.787939646592454
5.685791015117988
5.615238987673887
5.532128441352544
5.3416630128362925
5.153959623031323
4.809533969271305
4.484156726254249
3.8766767457741818
3.6107603329347953
3.2414138274329374
6.382270965085648
6.37211801804257
6.309514902825989
6.257960095827757
6.185867146348175
6.085581701279787
6.00483007504551
5.7800814401752545
5.566415430389461
5.227669428173661
4.8050516393655185
4.52446838141806
4.126902587674111
3.8208313504296645
3.4207477041303105
6.714244791796385
6.694769754196987
6.621940012359693
6.48789963018056
6.396353046266836
6.285277753959095
6.039243117905084
5.807634222925805
5.387666791377271
4.988988721522883
4.684553414414314
4.258849455696069
3.9423041531249163
3.5101809563316597
7.110077668980175
7.0804980316473225
6.991687617381162
6.836615921369725
6.610636056109011
6.0859579900638066
5.198685955407381
4.409032238751784
3.6072255395395603
7.375120413185957
7.267052320757107
7.172622839242034
6.976468621238594
6.8326951984085404
6.546707702364077
6.264945745160762
5.786968229064871
5.328477144179199
5.040815341388063
4.49484488791774
4.160001208529801
3.6609746043552573
7.752984448624636
7.697075429417051
7.578192677546643
7.385235094749053
7.234612921388295
7.119167540904599
6.802903934776726
6.498701126897135
5.947440639523116
5.479070706729941
5.077317546536272
4.596786518784626
4.194373916036094
3.7096409694568666
7.977794969177151
7.911672778949511
7.7843616986066255
7.574149591391237
7.430898168506087
7.271552167242003
6.9353712064945885
6.629114752832011
6.072883837787858
5.560478098580328
5.247104102954523
4.634597304108545
4.229765412946584
3.7182088455427658
3.2495203735309706
3.2621132827309918
3.578462565797471
3.591082041612872
3.5647823261006617
4.090497832049178
4.100223867051151
4.064745072664244
3.8917118579683287
4.640706000948007
4.645281572648732
4.6230115907193365
4.595096138042025
4.383561047208426
5.042667369706828
5.041788942735694
5.019988154025315
4.981187555687975
4.86889837465662
4.731053953984013
4.465139704658331
4.185857730831241
5.4423784015578756
5.434142678593178
5.40522982483595
5.359279072176205
5.226563923244454
5.074817454101055
4.768437993730638
4.461787883779734
3.869665680185885
3.2395253950628606
5.929568928393911
5.909713066828148
5.863351571047098
5.815763545015978
5.655523040883425
5.480615557720299
5.17915398295254
4.781034807981309
4.11938913662907
3.4187433060053434
6.2234311369897615
6.1958459241564325
6.152939766497959
6.087034626900497
5.90908557525206
5.718123379291411
5.341277734096142
4.964059878810471
4.251165504563142
6.570487131662928
6.529624701990761
6.4023948345507256
5.992129253438569
5.172601099862215
4.401074244223832
3.6051372765589895
6.796682049727112
6.761163668371116
6.708057893612077
6.617916545610943
6.4052172206439755
6.169449116275046
5.737175079933006
5.301918494504332
4.486818574080017
3.658862897085484
7.1234505257119105
7.05554081633243
6.970859452999229
6.89487659639447
6.65589717921535
6.399310423183585
5.89805804288218
5.452042543358105
4.7911394737068145
4.58859388949657
3.7075381139005184
7.3149833362019585
7.23444725628698
7.152685825574302
7.046382656631104
6.788186101251916
6.52786962860546
6.021385858549848
5.53302839931605
4.626406270969442
3.716099060236101
