2.084306887019953
2.106200968318725
2.032130982968448
1.8998671342545923
1.7537581028011082
1.62814361763701
1.4993204803040454
1.3857855098419218
1.2263891397141424
1.0021896914461064
2.4129992168391436
2.4566132401291316
2.4635878119282837
2.4437571933553146
2.3106894576238632
2.13282050323761
1.9737239507562943
1.8090130585231579
1.6636363700700556
1.5225154794217282
1.3894727158562667
1.2816998471594854
1.0817626493895296
2.744487267182032
2.7668582322358115
2.7824188820990114
2.7939801249197207
2.794183605476332
2.7068810696325856
2.509140363273334
2.3179652361987526
2.116420197725605
1.937782153337377
1.764432141807292
1.6012720830181817
1.4693600220531264
1.1175383955310458
3.0775457249539158
3.1192047322493126
3.126167580751093
3.129920348980559
3.1233670771471185
3.1012808878091693
2.9150472702255783
2.6938583223865282
2.4520439119485746
2.2357185373398716
2.0255640431068302
1.8280177712871308
1.6686147649167389
1.5106421177347849
3.5857102671631718
3.6136228190129938
3.6314241858651144
3.640678725573298
3.6386110671754106
3.559150169699537
3.3180955665350074
3.0146429665851495
2.7337339991868705
2.4588721907369706
2.200591327133475
1.9927540551556497
1.7875143874397366
1.6114698987487908
3.964159459861905
3.9927716410273857
4.010450320464653
4.01708142010071
4.013206776628203
3.9975448560445317
3.8171407850528203
3.4791567859941854
3.1463181044931363
2.815961844043462
2.504832050576776
2.254821972252407
2.0085913549041687
1.7979891835110775
3.780811644939591
3.4169316980014885
3.049937079029616
2.7031237196861437
2.4245340833445166
1.9166862432122078
4.444571116850627
4.492588172686465
4.48448223301328
4.4543257115337855
4.133153608527644
3.7386130857487774
3.328649112129817
2.938552400552133
2.6250602708964896
2.3172623973136446
2.055016401697869
4.745804569390455
4.789589649388978
4.774560411935611
4.5720000680480135
4.155924698285473
3.6931778008603016
3.245831403504396
2.8854580019248437
2.532130221445245
2.23184639730086
1.949601297856734
4.981680859929661
5.020362429377263
5.0058762682580555
4.8999704931318275
4.511555155201894
4.009563926403607
3.512773836666749
3.110742364205165
2.716760605474921
2.3825568845184693
2.0691700748074284
5.259708215338885
5.24546812808549
5.214972622044631
5.1406509344933315
4.908061772275931
4.723465553946204
4.3751446222524235
3.8230220836564
3.371925784460168
2.929566836081419
2.554981818166327
2.2047663945033498
5.457200713777826
5.483337710464686
5.443119089019457
5.2977776948877295
4.7625700596258325
4.15685657814152
3.6529219152070245
3.1573503115294757
2.7381981561640805
2.3474000219753393
5.7316661034146374
5.707710218370913
5.676249995760396
5.557726736521474
5.492954583773844
5.258731491079132
4.962806204548582
4.6019367730110865
4.029576423735076
3.461535492994206
2.981029561939613
2.5344436492076854
5.927177792377076
5.901709290631156
5.837220535889417
5.7077175891278245
5.539196938414338
5.293175741659905
5.048583556575076
4.414626664544894
3.7725588697356502
3.2276949787152494
2.7223935315089753
2.064183105789586
2.0184687290331853
2.403982346314611
2.407670619761775
2.300082732882022
2.731642225373014
2.6826909268102996
3.0509301606221846
2.900189286550299
3.5439048773474586
3.512696369371266
3.3033129806957544
3.9099189103629555
3.7837563808399373
4.075683266869254
4.069873414955527
4.33289159110592
4.360328655863004
4.106567523389505
4.616303928131153
4.641444473256834
4.5203190071960435
4.8659122272175885
4.8172347092721886
4.485370694670272
4.861004900067721
5.247487087322222
5.298738695369869
5.212456862685356
4.739248389241357
5.498101850694825
5.209730440084092
5.60755846095462
5.022870479387114
1.9039488676931604
1.9287194825590168
2.1328786234022954
2.160951214578945
2.1735873390712954
2.501847459265457
2.534376326560692
2.5479547572319996
2.543812735760941
2.5205142660966366
2.9166058519598823
2.9528089791666683
2.965479944131225
2.956596282846016
2.924150987716479
2.8178156161106553
3.2293147954112835
3.26727324583501
3.278903392877004
3.2734564986147383
3.265572095971611
3.2493759546530905
3.2257229459156176
3.165440107752014
3.096485179834901
3.548705003996692
3.5884233788044924
3.5970242998019364
3.577388546707814
3.55617286270025
3.5276943406371917
3.4545821008889948
3.376177700492479
3.223723828467859
3.0728317890679864
2.7793410940899794
2.6468981867473977
2.4585987200232213
3.9493258399255224
3.9869154350590077
3.990795737268886
3.9810204512016245
3.961167904339965
3.927370648769363
3.8971278340037094
3.8053636682476992
3.7113064747921816
3.5544015869490155
3.349938173381297
3.2101419608842106
3.00727248888922
2.847676627905281
2.633774895803798
4.19545718003729
4.230363742574722
4.228862790385536
4.192669807971528
4.160550115391614
4.117506260561075
4.012495421878887
3.907088215195409
3.705940354643393
3.507038014558895
3.3509410356803757
3.127714529924075
2.9575995734817866
2.7199155601873617
4.487884776714564
4.517500270885264
4.508485889703667
4.460190821284297
4.369884876816601
4.1280390053452205
3.678491848420582
3.2540241152851586
2.8022731685310984
4.70878628730478
4.702828052759322
4.6746213151176175
4.59925526546202
4.536745409684073
4.403839610116491
4.266029052080807
4.021464241349711
3.778486941308808
3.6222942005993715
3.318855950512149
3.1281245970335116
2.836981254570106
4.946733229257631
4.959178987777704
4.928912134118596
4.854483164231366
4.7881675565642485
4.734424619813239
4.579668092184061
4.424241752062496
4.130906228161385
3.873482335318944
3.6468244662790394
3.370264750471074
3.1328403175986432
2.840063012961531
5.091314520694896
5.0940821640658545
5.05524487037433
4.967312085019596
4.90098605218731
4.823835704728837
4.653152669726654
4.491490805036316
4.188218182052621
3.8995951900155164
3.7197695309428545
3.359613500365534
3.11578419005621
2.800219567683807
1.8327013169181785
1.858977325446737
2.049376037667333
2.0791003031859048
2.089332149841795
2.3969989787533876
2.431130043244779
2.441300432862844
2.3991984201861567
2.784707953008604
2.8230762099476667
2.8313258890378274
2.83073525025957
2.7731476322218347
3.076573246491189
3.11472672766647
3.1221213584375285
3.1205009774977817
3.0939139834664005
3.047152381996228
2.941722300309073
2.8208902377536136
3.3714838235810394
3.4111810100389923
3.416574719604187
3.412009305540322
3.3764413695700863
3.321740503655998
3.1947770802298727
3.0567099857836975
2.7740442832350545
2.4570858934636495
3.7384680077280668
3.775621216008637
3.7769334511892225
3.7684360166773168
3.7193715051697147
3.6513184493204784
3.5198047316605297
3.3323710086137384
3.0015246957397324
2.632154242485832
3.962037121833799
3.9949575836975693
3.994745486095223
3.981547662691918
3.921999889360181
3.8440861937590065
3.672564849122145
3.488711577576179
3.1218163117414672
4.224715333572344
4.251170320707657
4.226361808337186
4.061775957140966
3.6593127512344603
3.2479361343501463
2.8005986487288794
4.419859240544218
4.42415365542811
4.41549201446854
4.388749899644631
4.305177112091733
4.198688193303838
3.985691401941962
3.7590517607058853
3.3127665775574346
2.8353114963982753
4.623861889444319
4.631354554783959
4.608629943469056
4.581130673973535
4.478144742114606
4.355001862123679
4.095912102485416
3.8540363382771456
3.4812343328810895
3.3642004720582883
2.8384413988807866
4.7435766458246045
4.740028261518473
4.714012689579161
4.671818103391923
4.552901590608323
4.422005771543632
4.152401163399959
3.880272873955029
3.3537215594830947
2.798671092227093
