0.7918552931690004
0.7971692040192301
0.7531603897222736
0.688807960873329
0.621300499267445
0.5652753202050917
0.5093812109064985
0.4613899721650054
0.3958027261725614
0.3067404813686578
0.8663917136897901
0.8784742178520746
0.8775977166327031
0.8633293793695732
0.7977552686008392
0.7179049754102204
0.6494557870461563
0.5806305812022399
0.521476530976621
0.46531894999576523
0.41337122799177145
0.3719168929709912
0.2964429404847573
0.9355508712878126
0.9414406204770631
0.9447096226699253
0.9446290243653797
0.9431944809535543
0.8952179489334245
0.8076151981808131
0.7278033940345405
0.6464190925816672
0.576246392255812
0.5096736270092257
0.4481807724442553
0.3991948407885596
0.27135825510331024
0.9962625848666863
1.0045000212692474
1.004737651558524
1.0010163394659992
0.9954107087204271
0.9822789025468793
0.8984012329325761
0.8082697941861556
0.7137914988804988
0.6318008016670649
0.5540054522083585
0.482272563593073
0.42526787557630286
0.36954215944982355
1.0734276031089889
1.0779516561734654
1.0792607313601803
1.0750951898575103
1.0720910624762614
1.0300742489875845
0.932174619934845
0.818583981450406
0.717605571096376
0.6214497481953795
0.5330012255319732
0.4630296567483957
0.3949975277421124
0.3374578302407159
1.1185070776625352
1.1218899656415713
1.1218697659115457
1.1156429087375315
1.1114394969769652
1.101172106651377
1.0232365693275955
0.8989104638369444
0.7835253360203388
0.6727020578130747
0.5708210647281071
0.49051127565605523
0.4128021518916677
0.3474308849086382
0.9484632999737956
0.8247011790542147
0.7046191282868087
0.5941337372913846
0.5072201438961995
0.35311564287059477
1.1599925321117102
1.1579261535814769
1.1438377389572
1.1270745603668526
1.0038237771981378
0.8717839610523206
0.741190383725045
0.6206856103807257
0.5260753311498011
0.43513668672618566
0.35925514638563194
1.1755755542000057
1.1707238847234034
1.1525953800119453
1.0686847771643597
0.9301066630798626
0.7869595464063839
0.6537836765904291
0.5493665055156522
0.4494383723772793
0.3665186198863032
0.2902435857792488
1.181496079239753
1.175094548880103
1.1567363470002727
1.1089022285709944
0.9774030306182103
0.8250018928941592
0.6813113328269107
0.5686087426044917
0.4610900112938408
0.37230515522538316
0.2910940120623392
1.1704243859907133
1.1542067128402098
1.1379471763654632
1.1070705947290276
1.027283730783058
0.9698727481168907
0.867181781696091
0.7120404438780776
0.5899874843361388
0.4739024390020353
0.3785338810203131
0.29189126343525973
1.1711227241757487
1.158466336078558
1.1291971533476768
1.072624872067896
0.9098219315110708
0.7437815188528202
0.6120841223007861
0.4870336985975908
0.3848250133098216
0.2926053504695149
1.130729744451513
1.1126395304478918
1.0973420238170395
1.052574015499885
1.0311996810438524
0.9609961820567287
0.8788528995241355
0.7840919859658083
0.6403332696777765
0.503739848021641
0.3927025118177481
0.2933846202636003
1.0917129046530982
1.0746666261348947
1.046690431907442
1.0026919121215874
0.9523482200581523
0.8852100456720726
0.8222306529115437
0.6677517651686197
0.5199355765464889
0.40021283862101126
0.2939320159638685
0.7768150214896733
0.7476011735905327
0.8544430224840528
0.8495292293890058
0.7938450136284694
0.9176292149640395
0.8867902609972931
0.9657021034883874
0.893709557789507
1.0437946497670691
1.0165387580527598
0.9280636783798688
1.0773197515839628
1.014507204898475
1.1000896189106677
1.061678946436683
1.118223896992331
1.1043031943992205
0.9977603860743957
1.1306935188138594
1.1141494534174614
1.0574755354963774
1.1268070222458388
1.0917178671866574
0.9723108153110371
1.018533934731529
1.1219529302857474
1.102610919757143
1.0574439093899326
0.9060338006221537
1.0547979457459349
0.9534801695942332
0.9881149269588357
0.818927029965743
0.7070579161567044
0.7150752615955649
0.7584803657539204
0.7665905422593164
0.7684557820181002
0.8309960195712137
0.8386814013754699
0.8392658059823828
0.832961608307237
0.8196176186764604
0.8979526268193817
0.9041631494214745
0.902666013109254
0.8932543138036729
0.8758777303206438
0.8292469843426625
0.9382917973598427
0.9429416999407328
0.9393375442999025
0.9330039639944188
0.9277328442124051
0.9187985992685253
0.9074655770053522
0.8813377312980121
0.8536074062149499
0.9700531099465948
0.9725009455312416
0.9668236929031657
0.9518824499483712
0.9412361670923338
0.9283369672476629
0.8981857183006251
0.8683687289417892
0.8130173693615885
0.760420649725173
0.661232988231544
0.617363456411357
0.5559734175095739
0.9952025706157533
0.9944040089031528
0.9848384717034369
0.9769159285720137
0.9658037136462386
0.9503516329196583
0.937879025602117
0.9027199827782538
0.8693479396682084
0.8162767688892979
0.7498199669840664
0.7054531220095624
0.6424193424762618
0.5934051165983142
0.5289071789255492
1.0010829848516005
0.9972311114344623
0.9855184740254935
0.9643498003102199
0.9500391038275051
0.9329045753689565
0.8948893504187224
0.8591305661831683
0.7945381508899537
0.7330821474608586
0.6860641847595811
0.6199661888540641
0.5705465094773445
0.5025074653855429
0.9961863534318084
0.9887513051979441
0.9733467700920742
0.9483716003257442
0.9132396923477601
0.8339189754075921
0.7011653523905857
0.5827712773479653
0.46153434379329666
0.9777489986810293
0.956992655978548
0.9411648990751887
0.9102839095367419
0.8882523103996635
0.8453770097893957
0.8037763045866031
0.733994507414067
0.6672313631652058
0.6254536743193572
0.5460530143196518
0.49721032263509285
0.4240748136181969
0.9452555040107534
0.9301158526843083
0.9080445454465975
0.8764761649606211
0.853422824160866
0.8361381561374673
0.7902139982667684
0.7467512987519715
0.6696073432991797
0.6047441830712454
0.5494171974756893
0.4832278867617913
0.4278052506458834
0.36102280261868486
0.905249535926195
0.8871055574182966
0.8631367694384137
0.8295303950912243
0.8074684545517105
0.7840469642653115
0.736426502610782
0.6942692458185993
0.6192326245622639
0.5512053539464148
0.509922271192758
0.4295323891470839
0.376700772560691
0.3102696616921573
0.6734280123780898
0.6816697180839221
0.7207374921349581
0.7289610345562639
0.7291849305461965
0.7867409162123365
0.7941684319740913
0.792663187507417
0.7677907648668576
0.8463310099303518
0.8521468050075576
0.8507583730311982
0.8475011853416615
0.8160400918291943
0.8814043287755688
0.8850898071477302
0.8830783619390741
0.8781570369693388
0.8617237349952284
0.8402819414322797
0.7973955275834044
0.7516316689784404
0.9077483104059489
0.9089849833845552
0.9054871135781458
0.8989632075314431
0.8786997781679428
0.8550150403146884
0.8061299859997166
0.756698702474954
0.660087315620311
0.5556741406623555
0.9262049968772358
0.9234156998017331
0.9163576504765995
0.9090324841545744
0.8838560938202832
0.8564425642796681
0.8090662936993778
0.7463090016911584
0.6413600120046776
0.5286412075349272
0.928320912696227
0.9227354686665333
0.9155041608686448
0.9048698700122185
0.8766950569197351
0.8467412364140013
0.788239423643706
0.729769109745309
0.6189971272519385
0.918771935921685
0.909015369947381
0.8868955747768507
0.8223883458341522
0.698146501075235
0.5819202677125636
0.46133877903127085
0.8968134190069632
0.8890408965130905
0.8790740731672964
0.8635243764034715
0.8293975133342419
0.7931899771195604
0.7286791736787334
0.664513957098624
0.5453145068645451
0.4239128142034636
0.8614075006266537
0.8433425886034643
0.827307796056873
0.814132701678707
0.7761897228462319
0.7375473359674667
0.6652886753722416
0.6025184848452608
0.5105957476357632
0.48265288845922644
0.36091254059498107
0.8205824951810423
0.7991213185104827
0.7832818276194038
0.7648139874357652
0.7243100233771798
0.6862263357461
0.6154325795608814
0.549343206231481
0.42908919597499584
0.31019717188707213
