1.6633982118716375
1.678557606375847
1.605729841970736
1.4871790204477497
1.3589258453986135
1.2501433048150599
1.139743898366596
1.0434311130507528
0.9096160477655205
0.724060616524435
1.887975277263778
1.919580578380331
1.922331051206774
1.900744104782499
1.7805970302203578
1.6262585712743522
1.490541756776961
1.3516655461699296
1.2304015827451338
1.1137613195613052
1.004689022793556
0.9169486014989617
0.7556274175552341
2.108790781986377
2.1248028831966477
2.135265380655318
2.140980985268199
2.139910727596976
2.0569442303884147
1.8862391889695047
1.7251689489610096
1.5576515843821837
1.4108766568078923
1.2698040527324979
1.1381439736920504
1.0324603915915262
0.7538362498308465
2.322520136639079
2.3501736970148936
2.3538721669122444
2.35270658753444
2.3448311450829076
2.3230312667814617
2.161107309657199
1.9765967294157931
1.7783224913818128
1.6032009277178538
1.4347903642726472
1.2778695250771706
1.1522116823519348
1.0285452257324483
2.6336598871217176
2.651378290351213
2.661400604974464
2.6626585217710286
2.6591688505875215
2.585008972267437
2.384350424928957
2.1398586778115747
1.9172658798356588
1.701960737642789
1.501576857782139
1.341652291599371
1.184921755878293
1.0514288269281398
2.8530123793786784
2.8701217261640712
2.878953982796152
2.8772034466861136
2.8718588922427575
2.855635908098733
2.7017571083218277
2.431486487580876
2.171517756853
1.9169498281603525
1.679696637374083
1.4907270433529758
1.3061225268414585
1.1494276210673986
2.617785128603526
2.3357283794615946
2.055630408133796
1.793896008125603
1.5855895664675463
1.2104588144057038
3.1150901358634284
3.137292935655241
3.1217145609430905
3.092960701223862
2.8322983668612083
2.5285023366383266
2.218797989260896
1.927752704588627
1.6961591048097422
1.4708001083532298
1.2804056687915755
3.268385550228723
3.286082922502875
3.263676950594479
3.0943185892494562
2.774826034278099
2.4291575425825234
2.099903688050659
1.837524492123329
1.582725043249304
1.368136153041581
1.1679728964873628
3.3816210658931958
3.3953494197572054
3.3729652663519833
3.2811670369642725
2.981376291327429
2.609131699539416
2.2473166778160647
1.957995025389168
1.6773364437370584
1.4415456993813567
1.222287985650334
3.4990555702704893
3.4785024197985885
3.449977153030027
3.387824489035937
3.2076171247763767
3.069622579788407
2.8141968276597438
2.4163352083044933
2.09570738525394
1.7847350975949843
1.5241068755810498
1.282592142350563
3.585317546622791
3.587204626550079
3.5429220541894932
3.424636224641236
3.0281528376010396
2.5956448440428934
2.2417461260176554
1.8979200873546136
1.6103349065306556
1.344765551875578
3.6689036853515735
3.641914753549743
3.6136576912394656
3.5183514786884182
3.468883152657605
3.2965138884416536
3.084492334603068
2.8307407855405797
2.4342996659785703
2.0464569661524283
1.7224176893481251
1.4244245294376452
3.7138037003117357
3.6867358261635896
3.631577919695664
3.5316695680518753
3.407852126950507
3.2327211945891654
3.062028528473838
2.6275748538439223
2.1954911973054894
1.8338960474077062
1.50248272334423
1.6411798208627597
1.5944497005366756
1.87379353538673
1.8715408146998376
1.7721376171050658
2.087804483589446
2.0379973283381405
2.284311006817524
2.1498553218069123
2.5886393340867615
2.5507421185083454
2.3736096163965303
2.792359609968882
2.6779596465266047
2.88868894185195
2.8544132841716072
3.025313604825896
3.027581645612128
2.814139523108129
3.1673915618981705
3.1661886940200548
3.059570683326366
3.279361116149356
3.226290752118552
2.9643163921690574
3.1773830441503605
3.442239103814458
3.4506225061800704
3.370574350027713
3.013702049051386
3.4918662028850904
3.266685386669064
3.4717054450952034
3.0470480613386233
1.5050992691247136
1.523792857125259
1.6607498809875696
1.6812349004006009
1.6889359852601318
1.9023404756842055
1.9247939789578463
1.9319798159432535
1.9246543786228032
1.9019766036123285
2.1603493362993644
2.183518269544542
2.1885790782925096
2.1764151306258963
2.145901889293899
2.054475480600461
2.345056427029878
2.3678766985311532
2.370727457587284
2.3627976432582316
2.354537371721337
2.3391404465503594
2.3180392763194853
2.266529858184224
2.2093974207264933
2.5242612651258627
2.546139745616293
2.5458160231162563
2.5238052687654347
2.504514141355591
2.479769768181918
2.4186465806635957
2.3552323247114306
2.234150314141655
2.116094066972551
1.8894120789924378
1.7879911525897518
1.6447382158936512
2.7339597889552305
2.7520186835654665
2.7461156832073366
2.734759217599783
2.7158104322271917
2.6863985989865906
2.661166378955795
2.586894008759609
2.5129668513284193
2.3918408426034086
2.2363622806944794
2.1310200618032895
1.9793836069654784
1.8607058311961073
1.7027578765886728
2.852691795633636
2.8667808335312537
2.8564286729198294
2.8211399040204777
2.7935232724810826
2.758109650440643
2.6751181722670414
2.5937799085383184
2.4416495779217033
2.2933257500474524
2.178008037218733
2.0142030120297565
1.8902494485917651
1.7180424089992665
2.9808900101589186
2.9892233485562665
2.97198833641604
2.9275919074882815
2.854238270704449
2.6701644315206834
2.3407323733568717
2.0359280961548505
1.7159750446499598
3.0633130992667508
3.0428991564128656
3.015906398512037
2.953376607537928
2.9045585763187627
2.8041142146444757
2.702441751260564
2.5254877989917017
2.3519965051772216
2.241501128170787
2.028410218636841
1.8954018104608554
1.6937481770510887
3.134391359445884
3.1272254111613162
3.0936967590694078
3.0309281461292157
2.9794289693785303
2.938889159502592
2.825520345718081
2.713977681929415
2.5078091826811577
2.329417210912083
2.1739096471578963
1.985429574971369
1.8247811481978713
1.6281170260634779
3.15580769937033
3.1410773838384305
3.1015904627650324
3.0301135053028143
2.979765701743497
2.9227489338232893
2.80051477419478
2.687222537299909
2.478457215610599
2.282722314406999
2.161906321074544
1.9217176694628726
1.7605043640864444
1.5535256411440126
1.4423078554020035
1.4618657357383955
1.588356070929109
1.6096911473177693
1.6147612274969156
1.813801293244227
1.8367971562589667
1.8404898399175922
1.7988471100725845
2.0521901002419654
2.0761130646438155
2.0790634751676422
2.0760623728145857
2.021396749722618
2.2222575983270336
2.244327880926321
2.2463888866323365
2.241545050821615
2.2148010458469565
2.1738955346439246
2.0861876870866283
1.9885089825463167
2.3849914831461345
2.4058472130057775
2.4056870319116763
2.398091093043775
2.363784799649401
2.3172040842694517
2.214112564968864
2.1050313946467374
1.8858423247442384
1.6437416031337604
2.5728163603252443
2.5890159094838268
2.5839232718733784
2.5737080777837984
2.528811403743178
2.472668299990742
2.368797188333858
2.224790376870485
1.9756723657179172
1.7017382800203735
2.677624877341876
2.6893266311279413
2.6833007994029745
2.6680129142965994
2.6155317995990712
2.552536802407359
2.420028788285451
2.281578022503997
2.0105039607253277
2.7878517006982526
2.792709696742933
2.762220563772296
2.6282372286826545
2.3288732759267137
2.0322554114976703
1.7149973854051421
2.8551961802487322
2.8506944192509573
2.8381537527579113
2.812127290561206
2.7429443020137296
2.6609847908665185
2.5037322236882877
2.340326017995644
2.0248521622304265
1.6928076409873078
2.9081425571323347
2.8961028609413506
2.871416725454542
2.8469598034319934
2.765140757884376
2.673125064099905
2.4874575561339753
2.318271524693636
2.0617332520610527
1.9820628508807467
1.6272562492948643
2.917646308762168
2.8969384193431496
2.870718860581752
2.834464585815521
2.7428261818960364
2.647573362108278
2.458345315699973
2.2720505711872785
1.9185817168005939
1.5527438543851344
