1.0703737723994369
1.0761615814904588
1.012439099668738
0.9221455631510898
0.8278847095616161
0.7497774656235423
0.6718951646127342
0.6050754130482993
0.5137540241561149
0.38973292295674267
1.169720908411203
1.1844921699097544
1.1822964061204162
1.1612342602282475
1.068862782285916
0.9576455172440208
0.8626135323078309
0.7672113379760944
0.6853155609920332
0.6076569353702173
0.5359788688236765
0.47866666464589874
0.37466466106314533
1.2612095439147009
1.2685460285972157
1.2723368671514566
1.2711821238181369
1.2688945427891654
1.2004453456147195
1.0784944598024926
0.9680081923821976
0.8556198374777975
0.7589032503235911
0.667304283386952
0.5828281525427298
0.5156695891581697
0.34105674541621234
1.3414444833353063
1.3512621546191805
1.351145755211485
1.345129414081105
1.3368964810851138
1.318134738966914
1.2011218448226448
1.0765949440548288
0.9465258066572798
0.833934036353484
0.727338516348471
0.6292634378747202
0.5515280818975894
0.4757374466686902
1.4432548767974394
1.4487011776493581
1.4498201722107087
1.443145019826571
1.4387482162861231
1.3795714281525562
1.2444041846075595
1.088537781523951
0.9504583549835491
0.8193358035447584
0.6990586643625061
0.6042062914459672
0.5122800767691478
0.43480331902667185
1.5026387067047706
1.5065845724986804
1.505934363624559
1.496553976259412
1.490556948153887
1.4760549253728035
1.3681850029345544
1.197812570151743
1.0403882485949125
0.889655831422758
0.7515061152537404
0.6429683444964698
0.538297638085625
0.450574621277746
1.2653771615194782
1.096695121904333
0.933577571518505
0.7839590338364979
0.66665534651365
0.4597198012605259
1.557251595586072
1.553224401485268
1.533269962106728
1.5099760702658551
1.3409988816077634
1.1612022204723895
0.9839974041538347
0.8209998089051967
0.6934545365392104
0.5712725348917221
0.4696792892479794
1.5777157172376195
1.5701674414567537
1.5448507050860067
1.4298093972406045
1.2412382081281497
1.0472043376363707
0.8672559552526696
0.7266231187986494
0.5924566520995
0.4815140424327678
0.37978931402137417
1.5854725477888796
1.576072372759323
1.5506248863875416
1.4851166139178371
1.3062514014244333
1.0998068252234856
0.9057709917786779
0.7540401567298103
0.6097367720587616
0.4910097568247227
0.38261489452965025
1.5699207537786704
1.5476234767970196
1.5253950725637073
1.483317722176403
1.374964003138903
1.2971265845458848
1.158187971082455
0.9487775124402293
0.7845042851942902
0.6286963425432378
0.5010522259042254
0.38538710375128515
1.5716779417451674
1.5542271681703166
1.5143365669592772
1.4375452531515835
1.2171944619466097
0.9932068792517662
0.8159550349730476
0.6480785674228822
0.5111925496260102
0.3879548103817594
1.517677374184139
1.4931924603784914
1.4725324607656016
1.4119580400639797
1.3830746452560119
1.2882493193583053
1.1773866776042468
1.0496333142624146
0.8561253616974887
0.6726422030012764
0.523767766415765
0.3907999720705739
1.4661729880765175
1.4432523269155708
1.4055561312738458
1.3462449967214123
1.2783344777890695
1.1878770335028512
1.1030106565316327
0.8950436614485401
0.6963368979700543
0.5356131677569612
0.39303804756721855
1.047849363489737
1.0049857674521265
1.151172305392752
1.1427151615563516
1.0636371289193327
1.2338266297682419
1.1891673699678478
1.2959232808579926
1.1948579527317933
1.4007914528987908
1.3614869249515968
1.2389146660354162
1.4440565832621588
1.3564967255497027
1.4762488388117831
1.420897028844899
1.4998457094314162
1.4793854016363703
1.3328651250786956
1.5162850570518769
1.4926078412109254
1.4147350432053778
1.510293701138258
1.461963201025268
1.2993895638877504
1.3631454339592388
1.5049975398635844
1.4783666491813163
1.416994910189846
1.2120551921409102
1.4148349340124315
1.2780211020370051
1.3263585762725565
1.0984772938516756
0.9529971331190634
0.96291074647235
1.0208945139124537
1.0308388223051164
1.0323587995368249
1.1164264675817859
1.1257009676749117
1.1254254806502373
1.1157636918114127
1.096558880319084
1.204427711696638
1.2116879641291969
1.2086163171208637
1.1947522223984186
1.1701395259838439
1.1051990744951157
1.2573828547310257
1.2625792220618288
1.2566879369069468
1.2474824642400961
1.2399764828359638
1.227393737373916
1.2115527938861168
1.1752987577993148
1.1370262013182098
1.2990327503035313
1.301327377431979
1.2927831744213925
1.2716627627957109
1.256823970237633
1.2389539785957004
1.1973976931135617
1.1564877702487808
1.0807693000578833
1.0090200627117332
0.8741125829435346
0.8145739135857837
0.7314282550618091
1.3320156898391813
1.3301384568224062
1.3165106565675686
1.305457096774967
1.2900779564404417
1.268816305037424
1.2517020236757095
1.2036243589744369
1.1581266315765761
1.0859310267223687
0.9957429123369127
0.9356356070696903
0.850374777792412
0.7841956367164733
0.69727628692152
1.33970692402148
1.3338513375848449
1.317504756575109
1.288389217509712
1.2688027863196953
1.2453361079696899
1.1936504848528067
1.1450840025131421
1.057514794833349
0.9743532304137335
0.9108352812854378
0.821676405269632
0.7551259071906496
0.6636411219637577
1.3332809612521752
1.322837968855325
1.3017005095862928
1.2676715397928653
1.21997633940719
1.1125751786350353
0.9333344678831842
0.7739702696861269
0.6112627819313027
1.3087591227262014
1.2805115579563928
1.25906397320189
1.217267756546322
1.187479473544545
1.129559537215938
1.0734022460045616
0.9793251840539892
0.8894320531745888
0.8332477355051982
0.7265770034707033
0.6610174013063331
0.5630938785538364
1.2662627864292029
1.2459251741555306
1.2162395908545889
1.173755289084215
1.1427091181114952
1.119440768478635
1.0576186951027626
0.9991430502286466
0.8953800098048345
0.8082918994591517
0.733895113809878
0.6450820956597644
0.5707718858675684
0.48140086943796384
1.2135235599558374
1.1893387590306275
1.1572223185168562
1.1116326703192612
1.0825405959447338
1.0510891293087135
0.9871094132261957
0.9304566605412282
0.8296101935096685
0.7382531104485348
0.682803380025452
0.5749043496166744
0.5039656533716006
0.4149590380479303
0.9061244095298178
0.9161826482892369
0.9684230937675078
0.9783562663280788
0.9773935808576888
1.0551452371885086
1.063912717267328
1.060575205268249
1.0246331557739528
1.1332752365158671
1.139829829116932
1.1372074643117178
1.1322671108703453
1.0876111779501143
1.1791857212423662
1.1829754090413591
1.1796678327904708
1.1724121419575997
1.1491297039778303
1.1192635681999321
1.0600659080923127
0.9972312073508354
1.2136773524891362
1.2142574836620001
1.2090013920958718
1.1996739715920421
1.171359396142881
1.1386551900325375
1.0715820644248457
1.0040601643374658
0.8725884139930105
0.7310306386146546
1.2378252647858872
1.2332145140111797
1.223223183165962
1.2130185955091457
1.1783363116012129
1.1408306724009696
1.0762688847418358
0.991039638311398
0.8489551175780571
0.6969190300147484
1.2405933467348464
1.232439200103519
1.2223841424927506
1.2077186258088108
1.169191699912295
1.128427598867721
1.0490441645017572
0.9698952233772644
0.8203692960295925
1.2280751306008313
1.2145663585320945
1.1844135886642069
1.0969951104897546
0.9292431482978974
0.7728107136039262
0.6109931847341601
1.1990295109430866
1.1884909322233594
1.1750004187132257
1.1539734724712052
1.1078873879400744
1.0590353331935165
0.9720927390887912
0.8857238298322008
0.7255603878469644
0.5628666326325696
1.1527657592646943
1.1286227539673583
1.1070486926615526
1.0894176082942533
1.038448044286685
0.9865371612702958
0.8894386830758448
0.8051112519966972
0.6817474012891732
0.6442753777687228
0.4812398118877436
1.099039786052782
1.0705138244155765
1.0493638770458902
1.024674066734422
0.9704235237915668
0.9193500228788282
0.824329825943642
0.7356453706865742
0.5742677427277763
0.41484729576281054
