0.9819609507899465
0.9902475990055013
0.9410656029681235
0.8654952961401027
0.7855706535005899
0.7190302389138854
0.6525424388658378
0.5953885483871936
0.5172608727391941
0.4112781570181679
1.0793502508805373
1.0963981584846532
1.096650573262389
1.0812920281616032
1.004809967344801
0.9099321309027537
0.8281460796279466
0.7456975939550212
0.6746722648141233
0.6071569516991021
0.5446701300784534
0.4947717053052612
0.4039139970754177
1.171063676579807
1.1792769370028566
1.184233960972361
1.185613659155555
1.184323277632175
1.1296758437161485
1.025542505837218
0.92975636616372
0.8316861776892882
0.7468825285072472
0.6662542906509363
0.5916669733776105
0.5321521056656208
0.37649829444348815
1.2525889082993118
1.2648896560560499
1.2658571941540306
1.2627154676114876
1.2567128476175642
1.2418639557619213
1.1426310487176603
1.0341311690826738
0.9197085042177711
0.8200299164371411
0.7251743048304028
0.6375056501591181
0.5676629875264142
0.499231782902288
1.3581795145803424
1.365029539982471
1.3678164730370885
1.3644198047561895
1.361242732755417
1.312590100230493
1.1948526032047193
1.0564944956831002
0.9327814482416201
0.8144994594503877
0.7053215921735291
0.6186427984276641
0.5340742214596831
0.46225809004736657
1.4216120835158716
1.4271084229547637
1.4282865370499562
1.422304395569261
1.4177259519136798
1.4060293013922855
1.3129806628681941
1.1612449082674876
1.019229839033729
0.8821455085906651
0.7555910587364417
0.6554131409808085
0.5580761008717857
0.4757975068595692
1.2258298833026475
1.0731689380708158
0.9241866816270783
0.7864743566854078
0.6776523898333828
0.4833745883441642
1.4825762800460842
1.4829614153177262
1.4673886234795195
1.4477573714034644
1.2979646664602495
1.1348047571931523
0.9722941788362015
0.8215709405558208
0.702659210391421
0.5878192771041246
0.49145599357856723
1.5078136210782294
1.504538544183849
1.4839410517584375
1.3824575760331048
1.2110865762246978
1.0324260973611663
0.8652337044481435
0.7334580492410301
0.6067001073010004
0.5009082736018466
0.40298224881189587
1.5196951393849323
1.5141435700395498
1.4930731937256283
1.435408412871089
1.2729194443426861
1.082361681158339
0.9014949045738557
0.7588419104534957
0.6220448125582435
0.508382487962711
0.4037905997066857
1.5127853387044767
1.4939035745755542
1.4743993381938387
1.4367796910547457
1.3381238591517095
1.266512646509727
1.137653419966979
0.9419394410403407
0.7870212123547724
0.6388761953590671
0.516405749998647
0.40444100078008294
1.5155914873308398
1.501800249512614
1.4669043320641157
1.3973752048867076
1.1936300215512528
0.9836948709950942
0.816114038646346
0.656102244186705
0.5245962323316862
0.40500290687702145
1.4714686967107138
1.449665052908788
1.4310121443407324
1.3755459927456621
1.348877414584888
1.2607388993810453
1.157016765097405
1.0367352226298276
0.8533343296231546
0.6780531661678654
0.5346765872815885
0.4056086283721516
1.4258450145228414
1.4050547983179535
1.3704562478187061
1.3154143294817733
1.2520583208509608
1.1670095270419678
1.0869164605244148
0.889484733470963
0.6993757819884939
0.54443495219413
0.40604853566383925
0.9660743261484754
0.9341124956627401
1.0676768925720717
1.0639761087228348
0.9998700043327542
1.153194179049509
1.1190032507581673
1.2208221123444636
1.1366333614224695
1.3251395704627889
1.2952878066454159
1.189549769984629
1.3754033694307044
1.301709826153729
1.403810846560565
1.362943530820888
1.431817012599873
1.41833103337657
1.2900719564812104
1.452787426057145
1.4357569333727476
1.3678657658217384
1.4542125469049583
1.413030404860517
1.266244898667124
1.3266597972310563
1.4529732574489673
1.43218113184209
1.3774925094094435
1.1886333327300993
1.3769372985153727
1.2508347302164513
1.2962213970586427
1.0825367840493032
0.8805176478464956
0.8915576967408996
0.9484714760874391
0.9598423796491877
0.9634520660552212
1.0456292488290309
1.0567777813872983
1.059027088900444
1.052802587186317
1.0378347907553676
1.1372352504240195
1.1468337431089717
1.146647066477125
1.136726784747421
1.1168037884725226
1.0615484147361562
1.1938393752462946
1.201643113152545
1.1989713377511801
1.1921826189599678
1.1862588705760382
1.175976386254532
1.1627050540493327
1.131624700159306
1.09826326361124
1.2399488695138847
1.2451743880449984
1.2398574505441557
1.223000155398538
1.210531562457324
1.1952174013880377
1.1589732060370177
1.1227633713922955
1.0550900318942773
0.9904119555282487
0.8678171318464163
0.8134354971107465
0.7370844796216923
1.27943193897156
1.2805379383338178
1.2703601505655393
1.2612757587786108
1.2482211158585608
1.2297495187185288
1.2146935709734685
1.1718796313088564
1.1308949149974803
1.0653338965001429
0.9828053976737314
0.9275163290556663
0.8487238982696691
0.7873104217315483
0.7062034142911954
1.2916689738618028
1.2889241892739556
1.2758942010594683
1.2508609290546395
1.2336096318207503
1.2127641287764317
1.1660749349753856
1.1218453855106065
1.0414899474252428
0.9646819764248168
0.9056919962901444
0.8225699340381043
0.7602133781698662
0.674083988051782
1.2911771206334655
1.283756903622619
1.265939983262848
1.2358531123277279
1.1927409486751768
1.0940793608565775
0.9272290272120973
0.7772230313466758
0.622820021214286
1.2728546771472136
1.248662352585803
1.2295046709545296
1.1915557440966826
1.1642144634384142
1.1106652845739766
1.0584613903457278
0.9703932992718106
0.8857925933812562
0.8326956287260231
0.7314582828404245
0.6689407242394321
0.5750757110536332
1.235759989441261
1.2181010569393327
1.191262295164603
1.1521637468401862
1.1233918067469115
1.1016902219909603
1.0437651515820343
0.9887010330908682
0.8905334792882931
0.807667258285528
0.7366850663192259
0.6516188754127977
0.5800804769091191
0.49368112771100797
1.1880298150409356
1.1662740935304123
1.136702959953201
1.0941778162729483
1.0669000912717643
1.0372853307303422
0.9768236184896517
0.9230734569869231
0.8270434755642482
0.7395747930303164
0.6864103604986161
0.5824434047668118
0.5138672139813936
0.4273095098750337
0.8406353051370461
0.852145999970767
0.9034982429709533
0.915225528047437
0.9171331005628968
0.9924960023747096
1.0035708841717037
1.0035537700513213
0.975884553385866
1.0747092864839654
1.0841271162002324
1.0836110130231715
1.080412365290397
1.0445320067535107
1.1245788369534022
1.1313911148951727
1.1299675050425453
1.1249086803740216
1.1062683129386808
1.0809951332945176
1.0294871232190315
0.9739133917878567
1.1636010643128532
1.167512945437694
1.1642394324438297
1.1571350729440133
1.1336459934620726
1.1053661444241636
1.0460780714603817
0.985520798345516
0.8662974545148516
0.7366823766013928
1.1942089576651174
1.193055732636101
1.185450018663338
1.1770652215970174
1.1472092832258216
1.1139777339408563
1.0558433288229225
0.9781626093682924
0.8473097302784641
0.7058435855883834
1.20134068111864
1.1965121014378122
1.1884612742970593
1.1760641948439665
1.1421833024477617
1.1055469880055282
1.0331681007711357
0.9602853032679801
0.8212714443202651
1.1945046172918046
1.184236961958677
1.158107418011105
1.0788490097153611
0.923206985961978
0.776078325019225
0.6225531696933009
1.171226131525722
1.162298909080323
1.1504635405493793
1.1316146959005653
1.0895476283976728
1.0444314727719506
0.9633231056205798
0.8821622139376164
0.7304619245663238
0.5748539373282541
1.1297926475347464
1.1084279754493187
1.0888607066973663
1.0725699494642738
1.0251620821496696
0.9764622021615789
0.884766992377048
0.8046832228783443
0.6867636359110171
0.6508414703080281
0.4935293673040709
1.0805031056918757
1.0544521619929428
1.0348472136453035
1.0117673071321185
0.9607538432174311
0.9123553477595527
0.8219591208265784
0.7370731395612539
0.5818421279116154
0.4272094941186456
