1.1859610638480507
1.1950464270471084
1.13290610387899
1.0394479339484721
0.940833904946352
0.8587345205691977
0.7766523781143607
0.7060481173503431
0.6093953049376636
0.47792587713157725
1.3040299593201465
1.3236275885454627
1.3232888250641546
1.3035917402812982
1.2087358594186959
1.0918390350663971
0.9911927920341953
0.8897463802092295
0.8023590355897743
0.7192681318443651
0.6423168707672926
0.5808626217315979
0.46887966882057797
1.4149460856328082
1.4244945323049756
1.4300998902402098
1.431123309123463
1.4293482668880366
1.3609972580121157
1.2327299338609055
1.1150648777284309
0.9946917893679467
0.8906589630743607
0.7917768476230833
0.7003125616509422
0.6273774497850132
0.43675338454575496
1.513860146440279
1.5279835657236305
1.5288979581447018
1.52451633128482
1.5168562948370128
1.4982817639651593
1.3759053461072492
1.2427837079584338
1.1026076978504373
0.9806125282377756
0.864606657258569
0.7574601375825329
0.6721995066313162
0.5887518874737886
1.6425839731779541
1.650551767968451
1.6535985557149506
1.648939482249198
1.644912689107354
1.5846701995786272
1.4402946406020407
1.2711338082577621
1.120103678691665
0.9758792995973207
0.8429122486785082
0.7375206100259302
0.6348613491145066
0.5478362832327145
1.7205274705310885
1.7269264437784941
1.7281171219904374
1.7204164130195618
1.7147038183313537
1.7002118281149028
1.5860972446853745
1.400750685278065
1.2275988230482804
1.0606728906306737
0.9067869918216093
0.7851906998338134
0.6672514975802856
0.5673707008458931
1.4808764508775822
1.2948340266073504
1.1137787816028695
0.9461844649636288
0.8141749921249933
0.5787320506425299
1.7964461703192574
1.7965871674535507
1.7774053860277177
1.7533587768587284
1.5705541767459117
1.3718106476671217
1.1741430602100553
0.9910537389905547
0.846853134070534
0.7078260815843548
0.5913700189771548
1.828732128815953
1.824661226233137
1.7995213401241044
1.675869577233383
1.4672596285594581
1.2500245431033692
1.046960448939219
0.8871603190554587
0.733681555934337
0.6057709256487437
0.4875738492088847
1.8447301934265115
1.8380676390265787
1.812501947109891
1.7424055326280705
1.5447843405657595
1.3131156725857889
1.09343495115107
0.9203923838373258
0.754660504997765
0.6171442503728811
0.4907330700986599
1.8385403075132771
1.8157457012519322
1.7921363386887035
1.7464933758776613
1.626668140505106
1.5396337488360965
1.3830971177271811
1.1452693690165003
0.9572590991151773
0.7776423176524336
0.6292914937881137
0.4937478041500882
1.8438209153933396
1.827518890073387
1.7854936589447232
1.701286161688791
1.453870707544935
1.1987838000880326
0.9952622394449672
0.8010700527068972
0.6415286481128999
0.4964767914184931
1.793786235575022
1.7676443011310408
1.7451489460328389
1.678133242742835
1.6458356436257977
1.538898338983402
1.412911077442678
1.2667114323637483
1.0437928012900046
0.8307526516630345
0.6564593520885661
0.49947724714725367
1.7414750185935186
1.7165401099569282
1.6748967091723062
1.6083546114924052
1.531574151080107
1.4283212508904013
1.3309630516341606
1.0908027985421132
0.8594090919814933
0.6706608306989955
0.5019209728381421
1.165368303287576
1.1245589763016046
1.288406530621164
1.2827621110286918
1.2028062578399703
1.3913839611504017
1.3481579580075536
1.4729128345321751
1.36868563075464
1.601254817893237
1.5637590371680936
1.4338911141677146
1.663092529820541
1.5724408772668927
1.6993273051012878
1.6484167585501677
1.7343779514676247
1.7175595863914102
1.5609452357108236
1.7615503232350946
1.7407428819581592
1.6580533619098958
1.7649823223676244
1.7150201387739825
1.5365988843225482
1.61257207137855
1.7672037189875678
1.7427595603532995
1.6767805171334011
1.447683994895106
1.6790546488622038
1.5265970312234582
1.5844564837311081
1.3254704125013863
1.0618031132927164
1.0745009759466988
1.1437100814811403
1.1567686909200978
1.1604641731252643
1.2610926471878574
1.2738681361255297
1.2759161417660336
1.2676574164892702
1.2487944421348112
1.3722861907079305
1.3832565997278883
1.3824228946181325
1.369729641985768
1.34492002940993
1.276802719007228
1.4414979824916387
1.4503987773211535
1.4466273904027493
1.4380524972484257
1.4306647401733619
1.4179289243198832
1.4015459205384884
1.3633347695185012
1.3224279627316216
1.498462304855252
1.5043756948652518
1.4975512427174569
1.476685891078667
1.4613463769268158
1.4425606708370955
1.3981929048418043
1.353951231674627
1.2713568480442312
1.192503772106867
1.0432472433257738
0.9770918482610992
0.884309858090125
1.5483944180650748
1.5495725078574023
1.5370639929631331
1.525944584611529
1.5099979602720828
1.4874663084075346
1.4691020409188982
1.4169416270289523
1.3670404924535027
1.2872517051965158
1.1868909945335884
1.1197012299185034
1.0239986662691514
0.9494675132845501
0.8511450012881661
1.5649568962443479
1.5616556487595676
1.5458332610118855
1.5154145387453017
1.494470749695461
1.469038675393308
1.4123422608978558
1.35859342222294
1.2609474663713423
1.167650328983858
1.096035780370045
0.9951699295386242
0.9195594978580046
0.8152172670395341
1.566956103609655
1.558234050742436
1.5368079718914307
1.500434405986276
1.4482107751657392
1.328518576837327
1.1259993008153695
0.9440574207995089
0.7569748963774313
1.5472425834543453
1.5183686663785378
1.495324154405934
1.4494965940364575
1.416405404614106
1.351528945280222
1.2881971190541766
1.18136014441154
1.0787144013356416
1.0142779057033688
0.8914704393266172
0.8156698771137062
0.7018944851148449
1.5055786358140673
1.4848354356902838
1.4527830046875585
1.4057825753221973
1.3710575612151337
1.3447765555760516
1.2746300497236107
1.2078939197111995
1.0887411437854448
0.9880996324708943
0.9019034235827269
0.7985471858673323
0.7116027770477126
0.6065889646319509
1.4503543167623039
1.424742496357382
1.3894495722367357
1.338322787095569
1.3053984066132291
1.269608303083548
1.196378010945967
1.131160521693088
1.0144999074862335
0.9081726906762807
0.8434640105396124
0.7169054334256463
0.6333824997299353
0.5278378490746645
1.012734879325482
1.0258848743678355
1.0884321826811767
1.1018037150858229
1.103249841433005
1.1958830169184929
1.208465476510411
1.2076025361220788
1.1726070851341974
1.295701125966136
1.3063429609735497
1.3052778096130024
1.3010847738448508
1.2563238891833566
1.3567448977707357
1.3643885559279683
1.362360699228624
1.3559027362532874
1.3327226170124282
1.3015858251063253
1.2384266235679016
1.1704436588443545
1.4051552043771793
1.4094587723150416
1.4052615918839766
1.3964234384258716
1.3675093798129752
1.3328745555686268
1.2604379518503108
1.18657658188538
1.0414042398733065
0.8838212949466162
1.4443787337409018
1.4428390150071033
1.433526317863049
1.4232789258035807
1.386886200145728
1.3464220646541725
1.2756759144290022
1.1812211485626374
1.0222665095985428
0.8507017395885824
1.4547804903212411
1.4490069313371392
1.4392787416966912
1.4242320170214227
1.383125656131462
1.3386366253010722
1.250742038356203
1.1622485111609688
0.9935666734662562
1.4491212754458938
1.4370241375429686
1.4056180791660948
1.3097413266357227
1.1210126132542866
0.9426264102602783
0.7566360429480531
1.4234316015941346
1.412877989165473
1.3987427312361
1.3761062924095167
1.3253792200352013
1.270818786465491
1.172558384662669
1.0741754610959942
0.8902100777002964
0.7016073993933313
1.3764210145169542
1.3513264231953763
1.3279273357509054
1.3084570094410202
1.2513680095552893
1.1925491330964726
1.0814678418546642
0.9844300865088961
0.8411869552443598
0.7975412524249547
0.6063839106929317
1.3191611092024882
1.2885428547734072
1.2651745398331105
1.2375326270899933
1.1760529182906132
1.1175928102598809
1.0080141814644186
0.9049515397945594
0.716108556565558
0.5276946167470877
