0.3859869302025405
0.39426450402801233
0.38813825404311636
0.3672066349962715
0.34256624311587164
0.32081588657721233
0.29799314723417797
0.277473920597974
0.24784823689585728
0.204192358320326
0.41968954179036877
0.4320982293255491
0.43582775374087673
0.4359908941385303
0.4183633992941905
0.3909756526588903
0.36550076327257736
0.33841406656097944
0.3139800118983235
0.28971185547136463
0.2662251256633351
0.2467075596010595
0.20920984210736426
0.45506441461541663
0.4606056561345785
0.46489226894512753
0.46939373604829726
0.4702121057873511
0.4625948567445477
0.4349822534724626
0.40651255614803317
0.37551319109660597
0.34736819717202627
0.3193844796093966
0.2923150833116996
0.2698434836763882
0.20689487217088146
0.4870712592739825
0.4971038121795268
0.49926597967878356
0.502148830550168
0.5026161908270943
0.501156886872667
0.47850226997288403
0.44800930264266187
0.41323111970942433
0.38125896129065223
0.3493808467944714
0.3185452787397222
0.2929734225517421
0.2669824466300576
0.5312174537272837
0.5369265006234086
0.5410575368202603
0.5449262630020184
0.545436881690193
0.5392650347138813
0.5105036837287434
0.4711841264012532
0.4334537593054549
0.3954307759054033
0.3585828090793681
0.32806138334606966
0.2971077939128629
0.26984041747487003
0.5605931610823122
0.5662013817042095
0.5702403992200432
0.5734540974190181
0.5738204789204653
0.5732659461278053
0.5551415345890092
0.5148744081238908
0.47326966086226135
0.43056322047692824
0.38899671199711394
0.35456809067502415
0.3197061149080661
0.2890306466219003
0.5414493366949115
0.49795780361200026
0.4524306773999724
0.4078982730124922
0.37099118332357894
0.30082581837588246
0.594063013017109
0.6036378673440687
0.6053163567650738
0.6034839069512077
0.5707240787174764
0.5259789685441698
0.4774315199601442
0.4295128426667503
0.3897358494556339
0.3495151347400768
0.3142017606412551
0.6128773823529071
0.6213926284801413
0.6224206882884918
0.6042825092082733
0.5603136705965214
0.5085829460627657
0.4565201688996541
0.4131246172184345
0.36925133225516843
0.33077888212665485
0.2934367775835075
0.6263726380430891
0.6337237075194602
0.6346272620952229
0.626240317284318
0.5877904702493533
0.5343170630105751
0.478986168704026
0.4325661615157518
0.38562652019655413
0.3444860845368281
0.30461973102048256
0.6453499325555321
0.6458256261264663
0.6440331283488065
0.638011088535336
0.6162937029620973
0.5980988403460764
0.5626080768973646
0.504018247277947
0.45428970060351065
0.40386423546789185
0.35972466550076243
0.3169894047009788
0.649496052287431
0.6549534182592862
0.65342091406948
0.6415407003926301
0.5909547742595754
0.5297981199605184
0.4767669010888446
0.4227614372088977
0.3754331373443506
0.3297197234503314
0.6632781692086956
0.6624087399196497
0.6603943050652564
0.6510069015087047
0.6454811290463823
0.6245307797093486
0.5969586885450411
0.5623793580769815
0.5055694391254589
0.44701690387704307
0.3956352034408445
0.3459801972186833
0.6671843916992192
0.6660079866933342
0.6615438352278412
0.6511911452745972
0.6368016279806072
0.6150983463488502
0.5929777653575888
0.5335104678356347
0.4707378447261588
0.415372807165888
0.3617901839985362
0.3873599515218777
0.38521271012680286
0.42409006688170303
0.428902180398094
0.4162911203510368
0.46045407176746195
0.4582063672291828
0.49265896415419047
0.47599891324336774
0.5310582844579828
0.5322052526463144
0.5082538269855523
0.5609035143584811
0.5503546220219264
0.5640609037621743
0.5724915900780174
0.583108180215568
0.5913587811630504
0.5672705993803502
0.6003261967938478
0.6078391445467206
0.5979409288721624
0.6182928925079412
0.616538723088862
0.5846895004300233
0.6109816703412585
0.6286360747152464
0.6379928450186828
0.6323630099645657
0.588407232570238
0.6436432584156342
0.6194740265617626
0.6413985721906618
0.5904071606147865
0.3553149697458926
0.362684785479804
0.38200194218052486
0.3897674933112574
0.39435562324076096
0.4213169757164685
0.4294957079031382
0.4340242691127288
0.4355270211841746
0.4337975864316667
0.4608413214296031
0.46905370789585865
0.47324575273471614
0.47414354841035417
0.4712722883764803
0.45831989255391364
0.48768093671054913
0.4956626443556445
0.49955419205713536
0.5001613865758116
0.4998227408000382
0.4985179081353359
0.49619231679770204
0.48936327800086526
0.4809817071692565
0.5125646885144154
0.5204065076689256
0.5236501685175973
0.5231584387963115
0.5213901447022594
0.5185507372291083
0.5103761994034444
0.5012575511271051
0.4826160670891882
0.4636849186994728
0.4256848477551021
0.40806719140660935
0.38264740009519993
0.5404426086251967
0.5474776051190319
0.549846199688107
0.5495868270369164
0.5481844587451027
0.5451928873761928
0.5422527431609396
0.5324123148504278
0.521963221393597
0.5039361547712305
0.47977060621118783
0.46288487048556104
0.43803867781974215
0.41803901855663467
0.39085489233590714
0.5556386218612485
0.5619252296669836
0.5637239497191698
0.5612907456503571
0.5583491916344703
0.5541886543611559
0.5433739557359532
0.5319870092639669
0.5096470235888226
0.48692325104575157
0.4688058480075197
0.44237002187099894
0.42191392513651305
0.3927504856379632
0.5715348535753916
0.576681423639122
0.5774938753314452
0.5738807866048935
0.5654378725475034
0.5409245508335393
0.4925136800389366
0.4448089765933973
0.39221865412287465
0.5835929337355859
0.5852335515913639
0.5832391048960242
0.5767527872504409
0.5709085902767606
0.5579986004804767
0.5441443503331755
0.5190166649592057
0.49330734826999595
0.4765594558975429
0.4433651624636085
0.42210194833477177
0.3890298072625452
0.5894454604369296
0.5922076987367348
0.5907279103895512
0.5846165332286374
0.5787970823956889
0.5738658108064452
0.5594786243981114
0.5444587791056331
0.5156049620273702
0.48968195866568576
0.46638295806188057
0.43737145122142373
0.41202280454184215
0.38010204628675176
0.5915821689610798
0.5932166476212183
0.5907845380985655
0.5836950252720893
0.5779773602517841
0.5710745535510471
0.5555123521068993
0.5404577156595988
0.5115866540251086
0.4832871134962085
0.46541250185057326
0.4288818143034628
0.4035907195909028
0.37020945648355663
0.3441088345490442
0.35192343029060047
0.36945491704036326
0.37766138225639667
0.3821909051310288
0.4066426925109793
0.41510732692873276
0.4194555920368781
0.41634611140183947
0.44366888589330555
0.4523027721469484
0.4550597307015663
0.4559948473341681
0.45101729055363426
0.4687906093992022
0.4768756838790858
0.47915761593585027
0.480178747275066
0.47847308141340567
0.4734669791158404
0.4604793075482477
0.4447636722053554
0.4917369108925894
0.49961610173871507
0.501602937269584
0.5021436052410668
0.49928411122868455
0.4935213254924713
0.4784963188901746
0.46136862262272016
0.4249286407379985
0.38243141977190437
0.5171366548471841
0.5240809611564298
0.5256282105843924
0.525495241772668
0.5211971279439767
0.5141251666381499
0.4994037846846759
0.47746236773906037
0.43728026737117115
0.3906404592493074
0.5309212302577987
0.5369272814481987
0.5379013278869976
0.5373908408134674
0.532161234238899
0.5241627725601987
0.5054856113657707
0.4846303066865525
0.4416276660607539
0.544778078823153
0.5497102470589027
0.5487837511882477
0.5331817166063051
0.4902496629203693
0.4440842185372433
0.39201765655678483
0.5551562898808384
0.5565325133739948
0.5564269052580045
0.5544911809777323
0.5470053549203997
0.5366115801120777
0.5149886728962677
0.4911059868855744
0.44266780655171706
0.38883643496879183
0.5592278546171487
0.5614621122319794
0.5600249384277758
0.5578318947172634
0.5488263673921244
0.5371588237471905
0.5118792468716287
0.4875963299598927
0.44901302549487715
0.4367110990435388
0.37992247135285545
0.5599453921431413
0.5610721617174993
0.5593035193798932
0.5558416189075776
0.5453978803558774
0.533405521885585
0.507912065427683
0.4812853201640762
0.4282593920967699
0.3700421275232106
