1.0506581346546633
1.0740786683959016
1.0600241438819766
1.0050516079947691
0.9397908227611373
0.8820498334654937
0.8213988216203616
0.766849949527952
0.6881417029234491
0.5725462164847346
1.1481634377282939
1.183234215941394
1.1941359051174205
1.19576897469107
1.1499374793893156
1.0770818317627016
1.0090129776446461
0.9365161867632603
0.8710719524892472
0.8060689514493455
0.7432110020179887
0.6910474047831611
0.5911385720037361
1.2505682409748944
1.2662939980286207
1.2785625329714725
1.2917175101718237
1.2942272654194595
1.2758199793436291
1.2023228219316104
1.125883486339336
1.0424352513876751
0.9665851966387189
0.8911462619639664
0.8182065564175741
0.7577136122264433
0.5888537867531085
1.3439331478857472
1.3727418678877716
1.3790720241902503
1.3878209497041512
1.3896216303441273
1.3863809873818214
1.3265360094925487
1.2443906293973264
1.1502963353752689
1.0636465643526272
0.9772007866612409
0.893595104222393
0.8243040765316224
0.7539370325349065
1.4736127991854115
1.4901354723004174
1.502227332143715
1.513943600754903
1.5156693045478395
1.500590995608645
1.42322911208989
1.3161991111936824
1.2132094514175487
1.1093916357801779
1.0085353283471212
0.9251038891238507
0.8405244518272663
0.7660306874928062
1.5605328190686258
1.5768499031613048
1.5887720079546581
1.598731731839357
1.600101698980389
1.5991844296953293
1.551009544355902
1.4413737460695286
1.327274123980159
1.209937364581254
1.0956640456704896
1.001005043419194
0.9051827699131931
0.8209491165684085
1.517511846650587
1.3979597457976478
1.2725167843211358
1.149711433514624
1.0479113638645656
0.8544198289455271
1.6601032827006428
1.6885340726084086
1.6944002164487177
1.6900579808287495
1.6013655442411947
1.4781329925547293
1.343978344381703
1.2114092827258396
1.1013281814670846
0.9900157580481279
0.8922877947575489
1.7163659727551286
1.741800481794299
1.7458738493985066
1.6974601681389858
1.5762694708757201
1.43287681081417
1.2883250145373304
1.1677764377019781
1.0458819169053482
0.9389835282943482
0.835277376493811
1.7568619564989842
1.7788851204629161
1.7825718466249967
1.760528672661259
1.6546975225780411
1.506182637026772
1.3521514576896636
1.2228716303158034
1.092046900264971
0.9773977400548345
0.8663381258408828
1.8140811356369124
1.816306987218219
1.811847881941716
1.7956840331725756
1.7359441962631
1.6854485639589412
1.5866290177125415
1.4231051977978912
1.2841851167274347
1.1432733661311958
1.0198653564797768
0.9004990039388492
1.8266156506024032
1.843170181852636
1.8399648090600167
1.8077342791153133
1.6670275554976854
1.495966095921475
1.3474336438538053
1.1960747130011193
1.0634824346600145
0.9354068528155245
1.868582390758707
1.866775381616272
1.8613985659062355
1.8354288027062806
1.820227450239396
1.762019087165571
1.6847350120486473
1.587727859763734
1.4281343845257815
1.2636107042644178
1.1191878811354177
0.9795399477851411
1.8807053410845942
1.8778011351617931
1.8656440653218849
1.8369698053384305
1.7966623241042332
1.7357530576061198
1.6735429936846713
1.5060991234627668
1.3292676936016485
1.1732500739082021
1.0224502615589115
1.0557399768070763
1.052003575877189
1.1617992952647873
1.176217047614907
1.1442057236581926
1.2676620211147405
1.2636242636238961
1.362668337204528
1.3195308416297076
1.4752828091227965
1.480732855032009
1.416886460934507
1.5642872921055482
1.5376508934045454
1.5736636090289053
1.601270991921583
1.6303499430118853
1.6556649340246663
1.5915515793977046
1.6819475089980118
1.7051417035577088
1.6794146033818587
1.7360747775959653
1.7328965577706876
1.6458548863762987
1.720790649257491
1.7676643930992706
1.795961371747554
1.7815494547878605
1.6597550491426019
1.8141925370711764
1.747593711093917
1.8090610532762594
1.6662225164267637
0.9686856255712476
0.9893551254841224
1.0456337844115005
1.0675846109735236
1.0808229925450241
1.1598621064764303
1.1832322933518757
1.1965225050752573
1.2015183328120704
1.1976277641983015
1.275709356551022
1.299463092740656
1.31198065811929
1.3154720274069733
1.3084955247403178
1.2742829552292525
1.3549531351492385
1.3782396232868095
1.390079831852038
1.392386713317315
1.391825208086567
1.388719646938501
1.3827564074327896
1.3647054802627554
1.3421999088849728
1.4288633937714443
1.4519474401947194
1.4620143173290538
1.4617158074099381
1.457294438897541
1.449883696039643
1.4280310172916084
1.4033554369454124
1.3525488253501978
1.3007285761798066
1.196446676628978
1.1480612496057687
1.078191721836368
1.5121742966603722
1.5330608977512856
1.5407799813275713
1.5405662965854068
1.5371739098320631
1.52940892174024
1.5215610924083536
1.4949429962088967
1.4663914337437336
1.4168689224675988
1.3502484602678897
1.3036208745608557
1.234927874304457
1.1796321516808979
1.1044027736055395
1.5578360388542714
1.5766654935788937
1.5827492832105783
1.576915001064143
1.5691628173142582
1.5579738939294503
1.5284770258352478
1.4971823932337
1.4355066494503397
1.3725858060585174
1.3223297597260721
1.2489703728693216
1.1921504048333844
1.1111648020782616
1.605761320826878
1.6214350067638494
1.62469339002069
1.6154433675755908
1.592573311503855
1.5249485163420782
1.3903418864222552
1.2572430784773345
1.110621944665058
1.6424040770757835
1.6482403046300758
1.643176661374782
1.625672105238763
1.609616978705129
1.5738971430198025
1.5354003943966494
1.465309955659829
1.393495194959392
1.346652555926822
1.2537957922116947
1.1942873486470773
1.1017218857378952
1.6604699749378904
1.6691441369847289
1.6658714964094026
1.6490008210618146
1.63288274555527
1.6192919961145387
1.5791151503708927
1.5371017223413097
1.456169087203297
1.3834506216734137
1.3179506550757198
1.2364760675365014
1.1652382252727316
1.0755408531953228
1.6672291158917136
1.67254354479817
1.666204888226748
1.6466399993669576
1.630702621326564
1.6114095196718725
1.5677598096335343
1.5254878270944703
1.4442573410784774
1.3645604935482134
1.314231840815006
1.2113097739108156
1.1400711122090463
1.046070319520037
0.9389831376791222
0.9609784499652748
1.012185180443141
1.035470658864187
1.0487383562961188
1.1204213638242977
1.144724149611706
1.1577052250291575
1.1509313851541512
1.2291387764264616
1.2542531564940889
1.262564588523734
1.2656394925237149
1.253764978119827
1.3034798617473078
1.3271879646045113
1.334163305270069
1.3376155067062085
1.3339828434951564
1.3209839270166983
1.2862133097830895
1.2436561592736108
1.371783360502605
1.3950792543173183
1.4012964048829377
1.4034349693427903
1.3966060091734025
1.3814233442146526
1.3408551031873877
1.2941988614598534
1.194292378613015
1.0775744732137884
1.4478792190285918
1.46869701117885
1.4737953446119552
1.4739277578543608
1.4630353769169702
1.444079448957345
1.4039556804788547
1.3436645459178902
1.2327602273827771
1.103788299013877
1.4893815485105888
1.5075388643667704
1.5109007667679528
1.5101170887299062
1.4965155744918102
1.4748695396120104
1.4236281893007336
1.3660356902036925
1.246846007969172
1.5314200301680867
1.5464940765987456
1.545048927568928
1.5028624755072022
1.3838694813829338
1.2551686746662305
1.1100460115514164
1.5630293708772867
1.5674578687882497
1.5676213399907568
1.5627472117971435
1.5425058914581942
1.513886027995462
1.453802097800502
1.3872041443916339
1.25180192197001
1.1011688353272526
1.575699356930008
1.5829771871696594
1.5795788853686512
1.5736822702151971
1.5487297794863026
1.5162410791743726
1.4455442653721742
1.377503992874927
1.2691045395560017
1.2345945671660796
1.0750299435168573
1.578348365154864
1.582205694855676
1.5775229601273215
1.5680350075323266
1.5389690839156154
1.505420498783443
1.4338073412826313
1.3588719765307644
1.2095443599295774
1.0455971520354264
