0.6463131105107179
0.6571787934053676
0.6374117648133418
0.5947039431174328
0.5464015736469391
0.5044197966817789
0.4607983494455393
0.42193185894002533
0.36638800036926006
0.28595558091253453
0.6943209982699909
0.7113908044047977
0.7152348949411078
0.7113172100358168
0.6729416129666873
0.6192441029028795
0.5705495005005049
0.5194610403655833
0.47385804617301863
0.42899861858959254
0.3860036748363157
0.3506178461072465
0.2836514865072597
0.7431830084780924
0.7508052070432314
0.7563332955556566
0.7611610802096902
0.7616330085986438
0.7398283040131758
0.6848517418449913
0.63071198724304
0.5728143484057224
0.5209190100658638
0.46986267155480904
0.42099881050922466
0.3808585494515542
0.27087144739093466
0.7856340483629731
0.7985304654062827
0.8008913430660909
0.802915935829079
0.8018878166986957
0.7966780184420549
0.7491462865245367
0.6910891743661656
0.6266453701280181
0.5682987208423573
0.5108810485151872
0.45587971175891856
0.4108245747822342
0.36554093058301723
0.8410078228476771
0.8481394080846258
0.8527527981173083
0.8556664138820959
0.8553984564775391
0.8376746386374531
0.7810632899984825
0.7085319874727319
0.6405624114518701
0.5730967298113901
0.5085744466277391
0.4557862841791375
0.4029107558048092
0.3569436440256502
0.875157780275825
0.8818458511377714
0.8860118653266837
0.8876538816849148
0.8869514970917795
0.8836925381102435
0.8444157125841931
0.7696016800211569
0.6951341073753525
0.6201180677866007
0.5481790054149953
0.4893811332495416
0.4306224647350637
0.379656007528715
0.8064796027137748
0.728732917056825
0.6491788461542684
0.5726121831012082
0.5100381135949351
0.39348063729317
0.9105233518002437
0.9197654986758136
0.9179127503873249
0.9118075640452704
0.8468000525220255
0.7666388786679116
0.6822105992758405
0.6003854465013397
0.533462517827039
0.46673929901539013
0.4090759946943164
0.927852808740385
0.9352907472562197
0.9318399273516109
0.8924974013359298
0.8127285000959898
0.7230778238331885
0.6348364416692047
0.5624686289624933
0.49037771071135555
0.4281518700289134
0.368711319982883
0.9386108025072147
0.9445025220427901
0.9409462088749723
0.920755433271416
0.8492682420815388
0.7565822399300343
0.6632729875769137
0.5863772713204702
0.5098143039329229
0.4437956056293567
0.3808584993601099
0.9505526129432051
0.9471592965076514
0.941490399702958
0.9280233695715172
0.8867637453714284
0.854352737645648
0.7930918163636019
0.6946948131932228
0.6128661125139103
0.5312488276505211
0.46097659645883804
0.3941114826727738
0.9505876943600372
0.9531499865128917
0.9447203448290592
0.9193761587792194
0.8293300251400341
0.7267773893145427
0.6400318443533308
0.5532528843577502
0.4785245587060803
0.4075824204759929
0.9500066133181384
0.9449514987495657
0.9393804077042227
0.9195369374241814
0.9090615570413325
0.8716498796461635
0.8244412365013324
0.766945943506357
0.6744530892876
0.5811521730676222
0.5007570601107679
0.42450429006935464
0.9405354854461551
0.9354622896053137
0.9246538032225411
0.9042851464517558
0.8782163626904017
0.8408922438939164
0.8039561504191964
0.7073623439407701
0.607999361004674
0.5220895757852163
0.44058161279040037
0.6437712944488462
0.6326186247056332
0.6960532257808558
0.6998048004713885
0.6696269620144545
0.7441989457133642
0.7328620353867801
0.7832986741668887
0.7452676533375924
0.8331330870347418
0.8268504861421206
0.7776693377183617
0.8649254008992763
0.8373426969183897
0.8697386327526115
0.8682123179764882
0.8890629865982262
0.8938268872234384
0.8417763271712274
0.9042393910700284
0.9078492190264985
0.8833286660189891
0.91727238022096
0.9068151764844806
0.8448947850261973
0.8793146738268626
0.9182486240310622
0.9229982116675757
0.9065799693675332
0.8258582555969364
0.9128054145147032
0.8648275248608006
0.8911364824309196
0.8005950020185114
0.58851487770619
0.598875900994998
0.6258605275880861
0.6364831933090642
0.641822841302353
0.6787038231019688
0.6893987142807185
0.6941460456146651
0.6936742592873575
0.6877547980177044
0.7287476092562464
0.7388299955089386
0.742569992686224
0.7406046691547058
0.7324750965105429
0.7053211626342256
0.760518617931855
0.769783420828066
0.7725887048864443
0.7713525681562311
0.7694702211081185
0.7655489780778091
0.7599100133077266
0.7454199363859283
0.7288820875861822
0.7877851754184862
0.79622385131232
0.7978278508567708
0.7930937048194442
0.7883586277878111
0.7818824870721286
0.7651359125058664
0.7475732998870241
0.7130660682776419
0.6789528009039185
0.6118974930626097
0.5812052845031784
0.5373555938817308
0.8148044661982213
0.821540367749411
0.8212513540572035
0.8188369317538762
0.814417328350927
0.8073072222638751
0.8010165773458002
0.781616231647984
0.7620951494381744
0.7295388046084529
0.6869935068782016
0.6577093923513567
0.6151093759029815
0.5811412588809626
0.5354116657962793
0.8269816634296078
0.8321601703383193
0.8309134494204399
0.822878551577208
0.8161837658180646
0.8075021536459164
0.7866918346701385
0.7658393236205364
0.7262301574907507
0.68690941914927
0.6559950981755035
0.6113667759418062
0.5772035065780293
0.5289304110236608
0.8363377263594459
0.8394973297334063
0.8363574445262627
0.8264076369919823
0.8090422160798642
0.7642075009867052
0.6811927534714833
0.6019179823203111
0.5163713522005748
0.83999356825075
0.8364667192031765
0.8305335501776513
0.8163891816647809
0.8050595221154697
0.7814238793697291
0.7569667045525177
0.7142391324321682
0.6713400706001116
0.6437709231670573
0.5897256210545271
0.5554743191842791
0.5027751661839756
0.8329820446735342
0.832033635638975
0.8252839233977708
0.8115100900561109
0.8001377977974289
0.7910303974031894
0.7654854185923451
0.7397652836312021
0.6918185215300575
0.6496019796159338
0.6122467577575813
0.5661909030386121
0.5263794796694004
0.4768306992803871
0.8221343622921568
0.8194424074150456
0.8113627289535076
0.7962969814467016
0.7854203510171679
0.7728757735977906
0.745952361837079
0.720769281939292
0.6735526782313902
0.628381185031849
0.6001237053215853
0.5431182837775628
0.5041592731197584
0.4533353356467556
0.5664802361989931
0.5772297933257999
0.6014812468049148
0.6124288107485245
0.6170370969445109
0.6507019896981682
0.6614141855916884
0.6652074323774211
0.6539242710228566
0.696694539100934
0.7068865874675392
0.7091281866241546
0.7090115873188589
0.6942237050361003
0.7256824621856465
0.7346452063600216
0.7362422434008544
0.735739092369071
0.729075785393714
0.7176659735649166
0.6918213305094859
0.6623182429186059
0.7500216014144255
0.7580300005219173
0.7590691572648608
0.7575657280867961
0.748796808149238
0.7362409558320463
0.7070922307595405
0.6756536901336814
0.6108337599747218
0.5370596639931801
0.7733885759610878
0.7793443816420714
0.778929857731323
0.7767782063994213
0.765497148089777
0.7508961183232914
0.7231228745352601
0.6837653740136733
0.6140717355952107
0.5351265015605328
0.7836465376568083
0.7879732908371629
0.7869649200480251
0.7835888229051837
0.7708376300323774
0.7548448750711544
0.7204478012514125
0.6837589319155967
0.6103702957351679
0.7902073603287667
0.7925036371325802
0.7858374924202113
0.7535664396624814
0.6781545405498519
0.6009695549928515
0.5161167620262447
0.7916801917000238
0.7911346458678488
0.7884271672002898
0.7825771015102667
0.7664818402274
0.7469060784592683
0.7088700807852586
0.6684428913932404
0.5888320833291733
0.5025358827866747
0.7827099469678981
0.7804189434842327
0.7751579284251721
0.7697232307396722
0.7514076487574407
0.7301913008757371
0.6870021846804895
0.6469414133004973
0.5848789479949635
0.5653729042833857
0.4766168503498465
0.7705321163869921
0.7665533143515101
0.7609765074159774
0.7530614493581482
0.7328829716060515
0.7117303782860789
0.6689112223895405
0.6258902944017672
0.5423684575318615
0.4531423012642359
