0.5788540860175082
0.5893622853516409
0.5740785680105137
0.5377597246209045
0.49627060011711754
0.46006590764920363
0.4223668880584822
0.3887028832983391
0.3404834268680709
0.2704062467393814
0.6240306077041889
0.6402767875950229
0.6443342452972197
0.6418850838399989
0.6097292001097567
0.5635806531073138
0.5214622581897672
0.4771183382940396
0.43744768365709097
0.3983276697142583
0.36074990427977977
0.32975479177059075
0.2709084147987047
0.670429770760202
0.6776787766505316
0.6830531826180422
0.688064690391225
0.6887142924915596
0.6714405799545149
0.6243471741813192
0.5774336152591583
0.527041639940355
0.48171254713863515
0.4370482427377139
0.3941212801695441
0.35879808565951965
0.26152153535109673
0.7112267171891853
0.7237687039108491
0.7261954723649899
0.7287138697707259
0.7282416315996463
0.7242614523460094
0.6840291923648479
0.6337117920535162
0.5774728170408107
0.5263575342054324
0.47585892584710615
0.4274344667369379
0.3876161373928224
0.3474967378223713
0.7653377803841249
0.7723317566015012
0.777035212972837
0.7805238580416953
0.7805595575477325
0.7664755752130429
0.7177738314583747
0.6543603417186598
0.5945755873221
0.5350064502415154
0.47784474414639194
0.43093157863816506
0.383793428025504
0.3426738005879439
0.7994933821699016
0.8061457748261512
0.8105138348506367
0.8128933006401508
0.8125779766273762
0.8102228174199093
0.7771249952943494
0.7118292124014284
0.6461868162398752
0.5797483324146868
0.5157909193071271
0.4633348116361503
0.41074598642282667
0.3649590867151814
0.7465693871865178
0.6780016993458591
0.6074309090678274
0.5392269263344038
0.48328699100535694
0.3785624172458347
0.8359453072899694
0.8458493435606771
0.8452911220475791
0.8405363751057129
0.784612839741923
0.7139332655755648
0.6389239047003646
0.5658885005551768
0.5059220463938547
0.4459168604415222
0.3938238732427132
0.8546529112973082
0.8629243588059285
0.8610305092985365
0.8278248574343748
0.7576766782428012
0.677930160311352
0.5989905334551138
0.533977534286671
0.46896414850231455
0.412615950272298
0.35855841401583466
0.8668986349122303
0.8736673334237165
0.8716411862487209
0.8549348904408591
0.792417830093128
0.7099462682482316
0.6263429184980898
0.557129144847174
0.4879345087730304
0.4280168529282509
0.370641960444058
0.8819538361528404
0.8798602498026588
0.8753849067271102
0.8640508062360887
0.828117919147035
0.7994633741230235
0.7448812555732508
0.6566041740226463
0.5828069329313046
0.5088917980094118
0.44496565144023714
0.38384995817131035
0.8833203868300682
0.8870855909444817
0.8807976635722345
0.8592784550188085
0.7796071444645065
0.6875398393585544
0.6091696248871934
0.5304084960068901
0.46227553177596437
0.3972928716619917
0.8877136205357212
0.8839507652215282
0.8794616994616121
0.8624447993618723
0.8533320269162717
0.8202557782593426
0.7780469813913726
0.7263315994994459
0.6426236497575661
0.5577278924176521
0.4842586761476093
0.4142140247185035
0.8823296612669952
0.8784224405443147
0.8694159934814927
0.851754704919763
0.8287276145209422
0.7953879591735155
0.7621615873158774
0.6746836615273094
0.5841172594035274
0.5054084041167678
0.4303405568515654
0.5778161101735104
0.5697553675977347
0.6270179251016281
0.6314736301335288
0.6067183649528709
0.6733583795587303
0.6650986719606873
0.7120534444091976
0.6804735836616241
0.7601474913269831
0.7565245274536471
0.7146392397806322
0.7929238261127859
0.770579819544145
0.7972387804062979
0.7996200725216785
0.8174383499073931
0.8238587953344803
0.7799284160376571
0.8340825669713542
0.8393060481229068
0.8192640083975242
0.8495563786241855
0.8418998319527795
0.7883079121138535
0.8211093507706684
0.8537216985914489
0.8604002755416488
0.8472258086799853
0.7763173612290174
0.8552379066403543
0.813766561724342
0.8392645434514079
0.7589474708718138
0.5286987024890777
0.538492233051469
0.5640292721234414
0.5741577964475938
0.579534524306708
0.6146264021523842
0.6249709668409948
0.6299391401281699
0.6302711005720903
0.6257225771496289
0.6634106116138699
0.6733624497310817
0.6775289924373181
0.6766272624438096
0.6701598125795764
0.6471640889668886
0.6950244088375319
0.7043387707829621
0.7077636935967491
0.707206248759502
0.705839393464436
0.702749545532382
0.6981178950548346
0.6858690726490375
0.6716486060928649
0.7228222918718908
0.7315254033076701
0.7338884003634081
0.7306013010526341
0.7267645620812817
0.7213703531178081
0.7070844834554524
0.6918837958793792
0.6617235408649941
0.6317073469530716
0.5723910357740251
0.5451465013911841
0.5061331753414209
0.7515085984603763
0.758846298687149
0.759485337239362
0.7577857780545207
0.7542984495065467
0.7484256477722867
0.7431010106824953
0.726385256341764
0.7093484128124523
0.6806973257727262
0.643014762697461
0.6169790033072987
0.5790316764133683
0.548632306100723
0.5076547509349509
0.7653516806362148
0.7712358697840516
0.7711040490949623
0.764837112349375
0.7592261867202065
0.7518298192458319
0.7337720947810419
0.7154859306007086
0.6804443596513065
0.6454487609076065
0.6178454628178506
0.5778784337231815
0.5471974288909455
0.5037462744637068
0.7774453269632237
0.7815238668895017
0.7797221259379894
0.7716738955624618
0.7568189796766904
0.7174301700790066
0.6433441417444066
0.5720118075400576
0.4946550622154375
0.7842174651828431
0.7824436737313212
0.7776920762992543
0.7657256752528068
0.7558888306357029
0.735109712654119
0.7134982390879889
0.6752002996349156
0.6366342811567945
0.6117667448135999
0.5629006614602083
0.5318229697281635
0.48388071500778235
0.7812298980707566
0.7815790123921009
0.7764322382595767
0.7648089789205723
0.7549253074808012
0.7469424271575931
0.7242806984495278
0.7012729620356821
0.6581242643817095
0.6199246218149815
0.5859892375700878
0.5440482017141934
0.5076829639524337
0.4622886582101661
0.7742549179496065
0.7729734967294403
0.7665463768735576
0.7536452326178925
0.7441517185040974
0.7331031980834103
0.7090444830334728
0.6863896879520508
0.6436861531613647
0.6025917642668881
0.5768228574671919
0.52471877199768
0.4888836373926121
0.44210650596206097
0.5097863423059271
0.5200192297700958
0.5430273626628085
0.5535572477595287
0.5584465357765939
0.5903834789744394
0.6008642676278094
0.605138308507927
0.5965496429232794
0.6354885223480282
0.645686457666336
0.6482852352318907
0.6485969641051544
0.6369342525670246
0.664573254930895
0.6737306495832043
0.6757086623377974
0.6757977420168656
0.6707518399626383
0.6612581053583708
0.6390763385318828
0.6133994384915055
0.6896571550444314
0.6980904538532762
0.6994925626496125
0.6988042686857254
0.6918955048632012
0.6813323426599114
0.6561454096643496
0.6286181100334556
0.5713891187721754
0.5058523276324565
0.7149273255028137
0.7215955399957106
0.7219429953073911
0.720465198524459
0.7113041964431422
0.6988532972436944
0.6746691610627449
0.6399714137030967
0.5780473085769197
0.5073820807510862
0.7269364810724749
0.7321614062046345
0.7318521801939256
0.7294057885170695
0.7188778893400828
0.7051393047770946
0.6749889336881794
0.6424743493556541
0.5769287590916702
0.7363670976684171
0.7397711397216742
0.7349443741662971
0.7073618005919755
0.6404509294980822
0.5711025458429577
0.49440881914137597
0.7410150077831185
0.7411723271201945
0.7392866186554432
0.7346080144871464
0.7209381827888578
0.7038388455689566
0.6700816208956208
0.6338629637397363
0.5620398464865733
0.4836480804473111
0.736030354818791
0.7352572888558379
0.7311481887434542
0.7266496432682636
0.7108425705425926
0.692116942768755
0.6535011632128046
0.6173621191242563
0.5610202041379803
0.5432544496106759
0.4620790740689421
0.72763168558856
0.7252424131394065
0.7207796338847735
0.7141006700749484
0.6965095202155712
0.677702562873139
0.6392092533426778
0.6001802362631917
0.5239869871290243
0.4419161287951452
