1.3289905935045419
1.366313154141052
1.3744951002385135
1.3268036713903513
1.2650288119305337
1.208890991809907
1.1491918449163274
1.0950553223694772
1.016426685121519
0.9003839727864599
1.4902799178758463
1.545392150803055
1.5661150859427693
1.5802425874968669
1.5478127498314984
1.4787176853483786
1.410845708057154
1.3371488348287728
1.2698698421796268
1.2024374654239147
1.1369033302095986
1.082317398046563
0.9773462910051968
1.6643622549055257
1.689551727571133
1.7102759671135754
1.7353549823196308
1.7413017136179783
1.7452073659636798
1.6780849515974152
1.6007492757572495
1.5137511582385783
1.4334283803692962
1.3526484094415228
1.2739976116884506
1.2083737389908384
1.023786364493917
1.831555599988986
1.8812738570802656
1.89349888250334
1.9137482276905065
1.9218311700215178
1.926519732870175
1.8799640208263773
1.796868799621616
1.6967367196240892
1.6024794678770062
1.507132531450927
1.4140673855110537
1.3363263102292449
1.2568292188495878
2.078464120540654
2.1084199937394104
2.1321115688334444
2.1595968751503243
2.1656987364007123
2.1711990113393376
2.099316582446467
1.983705417350089
1.8677623514669586
1.7484148644635087
1.631223527405831
1.533136154343807
1.4327502034996797
1.34352014467069
2.256246380161534
2.287376824688279
2.312321347635826
2.3388213683719843
2.3452997425452384
2.352408258836891
2.3206624056186085
2.2042156326741855
2.0734480069295618
1.935152405146672
1.798193939738543
1.6833141449657052
1.5656898700208879
1.4609910006988316
2.3400049173424553
2.202223666925265
2.0523010194607694
1.9026211766774457
1.776801424291298
1.5331927560854708
2.475783520456385
2.538930887250225
2.5642531912800792
2.5698910842431295
2.4911863389949063
2.3494427374245244
2.186953953007801
2.0225287188897854
1.88379783347468
1.7415969570066605
1.6149909676245695
2.6108954393795734
2.6710537619998656
2.6963780843216996
2.667119405094063
2.5313420748770987
2.355736444036821
2.1729493557751214
2.017615731608351
1.858155276592987
1.7161567420354518
1.5765914495562672
2.715376551280721
2.76996891978663
2.7949278633138355
2.7899945644812973
2.6782225626926306
2.4959280163353577
2.298505514902317
2.1291149865089323
1.9548410163493588
1.799596766953234
1.6470849848309486
2.8747326837954184
2.894569687007871
2.8993129746114708
2.8915513946387192
2.83226485446241
2.7734663155340815
2.6509282280492346
2.438902845726812
2.253815284883694
2.062603804819009
1.8921352903467394
1.7247608288697922
2.922502512341322
2.9714573652461262
2.991473908676459
2.9709179821625775
2.807082043984569
2.583824358011001
2.3829809488917606
2.1739769860990745
1.9873478370473046
1.8041830118150293
3.0783330661686668
3.0908312032909633
3.092755901515368
3.075213002112143
3.0603451604738603
2.993680232364189
2.8963274250960067
2.767568794098245
2.5486111768741817
2.316816927416039
2.1089702225109312
1.9047888835433413
3.1622068645402903
3.1714482970433435
3.1694239460121816
3.1442280783344527
3.09925916958518
3.0231967954417365
2.9409609917589696
2.7096068503138735
2.4565247576099227
2.22760136317911
2.002716458433897
1.3482047166409468
1.364109204032838
1.523507671922761
1.5542515973543913
1.5400266447598603
1.7102940615228077
1.7282737108223825
1.892875450470474
1.8697986442485535
2.106215728039318
2.1415543410067905
2.08963744193012
2.2991272562892506
2.299883331973393
2.3195297238452266
2.4137082838037296
2.4474030375664535
2.5151708037747955
2.4751754859540838
2.574533889767262
2.64088986241966
2.6372869880748766
2.7180113808745663
2.7437876743250915
2.6630854683855993
2.806058304181331
2.832613564301575
2.9154626458632795
2.925192606880781
2.7940332306620226
3.0237640100961243
2.967515556041098
3.0932436447576777
2.927162115109486
1.243060541055837
1.2743912446170884
1.3709116043896854
1.4055773599861567
1.429150800302429
1.5709241681625306
1.610221535304428
1.6361477272223968
1.651900417189027
1.6563655336662608
1.7882350282427786
1.8313403727920476
1.8585730152400362
1.874786082476745
1.8769488752880557
1.8511879137462228
1.9472307476173076
1.9920911542696014
2.0206492512194725
2.0315866287912145
2.0354956412178895
2.0376470260328663
2.0360183457336407
2.02336279477694
2.0029834541510523
2.1055709057707155
2.1532038412522794
2.180551024825458
2.1945087766835902
2.195375030874864
2.1920585577420724
2.17489179090429
2.151225220816518
2.097434209273269
2.039281013313752
1.9179476054320643
1.8606384194126788
1.776813277165103
2.300055672926834
2.347055951848274
2.3738463392065974
2.3812660290694025
2.384784408677988
2.3828516010785914
2.3778059593930676
2.3544787811287504
2.32505010469141
2.2697719738935818
2.19144639465675
2.13518045492878
2.0507529611789397
1.9820480171021986
1.887322955148311
2.417702708594744
2.4639211576871127
2.48906974756251
2.4971391702633094
2.4942513297177924
2.4863737209455508
2.4585952276789578
2.4249094408783436
2.353288867072134
2.2768450067888786
2.214203100008011
2.1214186129824366
2.0485132615322166
1.9433947400052043
2.555943446543993
2.5992419909244053
2.622069181863129
2.625975466738044
2.609498843555128
2.536681634349744
2.369941264396405
2.1963457065375227
1.9996818242497942
2.675712194562866
2.7098580477997887
2.7141958008463356
2.7051582031821293
2.6905712796015337
2.652344180185463
2.607048497479048
2.51906020259586
2.425535893923154
2.3632745120923175
2.2377625816454656
2.1561744847806863
2.0279428455596813
2.771871887612813
2.80773053559287
2.8214911775469367
2.815047449382777
2.801014812974304
2.7870430687031287
2.7407603535513663
2.6885119682579326
2.582038236970115
2.4826865452155813
2.391787614166851
2.2770258430242625
2.1751007610506377
2.0454462361351715
2.8423813162023275
2.873087714811125
2.882299544968402
2.870707844686357
2.85546079321428
2.8344213791148185
2.7815741749918512
2.72666831792553
2.6166134700673247
2.5043101235378282
2.43256462947967
2.2829813190858137
2.1781143166318455
2.037993553217667
1.214494759464859
1.2485616227273244
1.337907397854159
1.3755538967834327
1.4010822960125666
1.5304057680216216
1.5725139941557278
1.60018469225349
1.6108803431285328
1.7380385356305894
1.7851373229443903
1.804011718237727
1.8137425362511272
1.8204883484082635
1.8903925160111699
1.9376590349369638
1.9547752152553102
1.9671860699081218
1.9761536110340574
1.9701397420585685
1.9399230972980337
1.8964651977323623
2.040309332732978
2.0902909147732665
2.107435191461564
2.11883152266669
2.124944768278096
2.1161085849094867
2.0784571595421824
2.0285459005574054
1.9143093277795125
1.775734637804142
2.2234428157197277
2.273147090092413
2.2917822627080167
2.299551705894408
2.301606571378143
2.2877960046755317
2.247951429320343
2.180148250833212
2.046927358340642
1.886198926053135
2.3340198078750176
2.381135865931356
2.396449095532944
2.4056966215023543
2.404245154094915
2.386669487581159
2.3326438396739886
2.265298057411787
2.1175636748274105
2.4622082428531953
2.506964230141384
2.5267798722730173
2.4975444764565413
2.35814823549872
2.192450545693458
1.9985577148267533
2.573067391699529
2.591536782226378
2.6021844461218366
2.607024207814842
2.595886527032302
2.5680221963842795
2.497879753710427
2.413782513761665
2.2339197604802874
2.0268337402379397
2.658370643599161
2.694244528530195
2.7030918655009124
2.7028994515122453
2.6841901137951516
2.649400940585375
2.561760221644234
2.4711702228066788
2.3218309748348838
2.273262361681324
2.0443803903650357
2.718932178055308
2.7499689750703884
2.755365854828737
2.7523905083812283
2.726606085127526
2.688031282171405
2.596170658230608
2.493005374405525
2.279353507373969
2.0369779448510266
