1.8151491454979176
1.8604430136558419
1.8535650575553866
1.772912952256047
1.6729964747476542
1.5829288642837571
1.4872654899150008
1.4004547214073628
1.274337160026871
1.0895479207496572
2.0375478727931364
2.106169551137269
2.1299281082274577
2.1408472902351314
2.0770580499333438
1.9632731512290198
1.854045362051774
1.7361927648426358
1.6287879494795405
1.521355153957221
1.4171853026598604
1.3308423668436646
1.1673916622351395
2.2729525390900895
2.3045516769482877
2.3299381973825537
2.3590671828020384
2.365417151868007
2.3505267871903843
2.2355133937078655
2.1101890998575654
1.9710756275568464
1.8432839092411035
1.7152351730667377
1.5909938246424833
1.4880017141450648
1.2052835924427852
2.497753555086364
2.558946629027514
2.5732713867895187
2.5953166860653885
2.6023952299406994
2.602420875160709
2.512552690396201
2.3758449878595855
2.2153888950949923
2.0657689711910363
1.9152888145637101
1.769136298583523
1.6479141389148522
1.5250736999400378
2.825729628580954
2.862587120082814
2.8907564283091567
2.921002345576569
2.9268277988057867
2.9150052106884967
2.787632361591488
2.6002531109867286
2.4163121343406586
2.2288733813829684
2.0461768567231986
1.8945465112480038
1.7408449893282114
1.6059902227982177
3.0581890530667977
3.09596381316714
3.125047943539033
3.1532559705811445
3.158961878456812
3.162712672779234
3.0907112605307088
2.897263347600331
2.6891312075829474
2.4723337053321934
2.2598074751263244
2.083192780927043
1.9041738997261028
1.7470030303934085
3.0806933243878363
2.8603405108694417
2.6253981914454694
2.3936437959595227
2.2007877639358786
1.8336509885262464
3.3395729475342004
3.412424159581173
3.4356524783219498
3.4345856785454987
3.2854148111341224
3.0564209692570254
2.801622578591498
2.5475034808515993
2.3355008388946286
2.120566126776588
1.9318324358348313
3.508442398376153
3.576606352757361
3.597881139911431
3.5244462696099643
3.299186727705255
3.022822570590677
2.740749558021352
2.5041366021656146
2.2640605752463916
2.053266225701158
1.8494652276754753
3.6363220976801114
3.697237100473943
3.7178912699461355
3.689597763184345
3.495624450715853
3.206857988207251
2.90222127278655
2.6447484812484285
2.3831311875540533
2.1534147580857637
1.9314132890610558
3.8205789994619397
3.8361343456790276
3.833941991016826
3.810066158578038
3.7021064355173925
3.605121352517174
3.4104882242263312
3.0829223067840155
2.80208854078519
2.5158466283422225
2.26445975710958
2.021641801787798
3.8794713357463118
3.930660536593782
3.940112277202061
3.8885567119181044
3.6160493134228164
3.269576869214171
2.965120607471581
2.6530319785732592
2.378672160426718
2.1138271965080078
4.045238730913423
4.051083039593163
4.045791765631953
4.003142395679984
3.9750591359451772
3.8616961285396934
3.7060605792646286
3.506379446972346
3.1742207602238026
2.8289621356388275
2.524482384959676
2.230715920580785
4.126564942528157
4.128846724475475
4.112419802824722
4.060723828798142
3.982510107361615
3.858949240411415
3.7299663683345488
3.377469678348312
3.0009397217805653
2.6665868472507595
2.3438970032116577
1.8323903181641699
1.8396084691201398
2.0721091739694386
2.105702630142038
2.0666239780284594
2.319722743636417
2.3277144589800693
2.5568993031886893
2.498941420998634
2.8461404196803626
2.8750578745458157
2.774731718659813
3.0907150008215507
3.062900373153399
3.128034614996509
3.2198564242969505
3.288526023195046
3.3609726360884777
3.264167440059578
3.446355905555163
3.515862998224198
3.4847428078181073
3.614736108437252
3.628011117183802
3.4757204578832193
3.6675739447236317
3.751791000787136
3.8390757207089647
3.8281819856777304
3.5991041173827747
3.944692690635938
3.827650395740622
3.994114572245152
3.7123222531658313
1.6862231003088508
1.72507025611713
1.8581693677991793
1.9009701264903376
1.9285293246905661
2.125067818104022
2.173141604747322
2.202894216951126
2.217961969685208
2.2169676902068787
2.411330487487892
2.4633293489357686
2.493670629653257
2.507773345348613
2.5020353383488927
2.450281017474558
2.61774773382592
2.6711847740654764
2.702118508533287
2.71156825881728
2.7135058841263997
2.711691145279155
2.704335980402002
2.677153118150191
2.640219296296093
2.8200420417347
2.875786568085927
2.904347427683531
2.9130625981372185
2.9087976009007828
2.8986441556624736
2.864004549945225
2.8219439849778065
2.7321377526649866
2.638261575893141
2.4465986156326816
2.357080935616131
2.2271404711326515
3.062592171902703
3.11619061439223
3.1422820941207967
3.1468476634909153
3.14533835275124
3.135369916413638
3.1232440474128333
3.0786330120185523
3.027701020192004
2.9366672121348603
2.8116415425923442
2.7232478323172624
2.5919565249375482
2.486040750865292
2.341191451222903
3.205081110148128
3.256388603365417
3.279449647162318
3.278060604204257
3.2674742865222743
3.2496582955201156
3.1980878227426053
3.14078789653772
3.0244052804008437
2.903574565699687
2.8060230686112417
2.662990762553134
2.5515931080603997
2.392356410045489
3.3668963616350283
3.4131620291012164
3.431612829411233
3.4232857413067155
3.3861071303927868
3.260511715418598
2.9966920856976014
2.7311159347826552
2.4357076028391167
3.4992892967495104
3.5280151303861524
3.5248362053525817
3.498244909525173
3.4698287201194353
3.4029480740012237
3.3283709841921043
3.1889971786930813
3.044432068223278
2.9493425227364707
2.7599111529114366
2.6379536460306237
2.447819806839633
3.5987263525615725
3.63164553319775
3.636060618703651
3.6116938868280952
3.5830906798860878
3.557650504397601
3.4792334876460185
3.39515407526351
3.229452819070907
3.0782476690315415
2.941803404936878
2.77125908741258
2.6215041161823835
2.432627414911005
3.6612701967769987
3.6872584557437587
3.685053423006827
3.653226416953998
3.623792019444978
3.5866238012864518
3.499330677454614
3.4124040086382954
3.2422523888785157
3.0743076920950223
2.9675907402212354
2.74789257176758
2.5956374113428575
2.3943457057500073
1.6408927900342567
1.6826984784276353
1.8056663288078652
1.8516284014414581
1.8803640214210853
2.060486803385741
2.1113324611174016
2.141735209719273
2.1418144807094763
2.331542692782581
2.387556719871933
2.408173258447921
2.4175662852685886
2.4095412377170087
2.5272445892677666
2.582572090440974
2.6009788408698142
2.612557574775004
2.6144505421157467
2.596735718376127
2.5404649941060766
2.46727493910988
2.716569709779276
2.774006973817297
2.7916850510553064
2.8013230358433603
2.797904004118662
2.7756512114416307
2.7072984287032775
2.6243072610604488
2.4419365417815233
2.2257830214588696
2.941849811260598
2.9971353777776986
3.0147669416432654
3.0197999586056357
3.0090666808563356
2.978889839176428
2.908265928660354
2.797060002027667
2.5870954749351234
2.339790899792298
3.0736305039722644
3.124667071882424
3.1384300532609255
3.143428758804763
3.12690062153729
3.0909226932135554
2.9976984764563843
2.8887574833874288
2.658124391129864
3.220643533101938
3.266886374201143
3.277930604754556
3.209834342402417
2.981680580915394
2.726244744168785
2.43433314803503
3.339969399660945
3.3570678758881733
3.3639522817639227
3.3611989173424073
3.3299392838411523
3.2781941137108173
3.161989936754197
3.029580394784777
2.7551462071573227
2.4464772372201797
3.423761259450623
3.4553441532549756
3.456735653834268
3.449334313239986
3.4068421067079733
3.345382516778098
3.20390978638157
3.063878850465147
2.8389068566746283
2.76665913664864
2.431359308507197
3.474260237779335
3.4991113436989583
3.4956811116513156
3.4819611662781473
3.4296390672505934
3.36369049013121
3.216758231083267
3.0603536842265444
2.743514056669973
2.393155511738169
