0.8200361075272341
0.8393473247508394
0.8317857680775899
0.7916333020015278
0.7432298724665917
0.7001497914815827
0.6547774867556477
0.6139024300106415
0.5549038008395937
0.46846981426840284
0.9045126080676276
0.9334649119964461
0.9429302291556139
0.9457814919783553
0.9130398130503334
0.8586653478953999
0.8073762354082378
0.7525441928623987
0.7029382906491112
0.6535985673743621
0.6059045780949988
0.5663548952473266
0.49088354672952217
0.9935698826807724
1.006665139627286
1.017022162347704
1.0284898755624114
1.030828423444808
1.0197583269644697
0.9649401171186206
0.9069406948582854
0.8432555683064483
0.785203800487357
0.7273621056069914
0.6714261252285273
0.6250441543154778
0.49613503769632117
1.0762326768266695
1.1007625657562305
1.1063163428476321
1.114421545555194
1.116573847118092
1.1151187204041781
1.0712757103886186
1.008662271280572
0.9362820260513135
0.8693683289615302
0.8024572548439851
0.737699225530185
0.684012552363156
0.62951960578678
1.1933288212062771
1.2076474245479505
1.2183477468254664
1.2292686079089974
1.2311337867186936
1.2221278802547355
1.16355099164477
1.0805186643525737
1.0000131798903207
0.9185135449129461
0.8393939603378539
0.7738065412625259
0.7072959450357973
0.6487330612124728
1.2736504655819347
1.2880111531092375
1.2987693568024992
1.3084673848391901
1.3101435069122733
1.3103507621437342
1.2753465657248098
1.1901579554267911
1.1003252677275828
1.0075089798318284
0.9169166371556507
0.8417715237941913
0.7656294427854564
0.698632389955412
1.2571950917037045
1.1627546349824367
1.0630458448821989
0.9651669443182284
0.8838951321965022
0.7291865203564409
1.3678190273975392
1.3940822991421116
1.4009716041411457
1.3988036787143574
1.331375450407498
1.2338003674491018
1.126645187893095
1.0203829387996937
0.9319634401640122
0.8424253423339899
0.7637392174114095
1.4226859233584666
1.4465709368326494
1.4522927562713774
1.4169384641857339
1.321113442619582
1.2060160764559253
1.0894043558783053
0.9919027417811194
0.8931342769932431
0.8064070446661298
0.7222414562026169
1.4630761980336375
1.4840675912883314
1.4894493805000921
1.4743026574949596
1.3912105186874955
1.2716757631462527
1.1468313754390502
1.0417132167299552
0.9351194725759253
0.8415582528127954
0.750872288848093
1.5210752556622253
1.5248712988370918
1.5224483055131302
1.5107994770148863
1.4642245183686304
1.4238437313800818
1.3439745885255754
1.2108450705527278
1.0972775430258026
0.9818054471263592
0.8804935680578422
0.7824051012077774
1.5363193521400738
1.5529852951472523
1.5531858121279287
1.5292739602348797
1.4164997547909102
1.2767423942291876
1.1547187703327675
1.0300239335263337
0.920542446307418
0.8146747932847529
1.583792773808334
1.5839893141335888
1.5806204187905526
1.5611930202092255
1.5494294571306857
1.5026206441839847
1.4397157132580867
1.3600054643034378
1.2281948542367893
1.0917827856825884
0.9716519139821246
0.855534060241993
1.6028681529187274
1.6019447323665268
1.5935034083967183
1.5713216108189043
1.5390703139366346
1.4894232972395947
1.4382199574541408
1.2994203761157783
1.1520266207603167
1.0214476264966572
0.8953466991263506
0.8256969304998215
0.8254858454149531
0.9173046831848314
0.9302550406674439
0.9084653583099545
1.0101905224825583
1.0099361170986016
1.0958539765555717
1.0655561273152347
1.1978692598147906
1.2057256126764948
1.1582873866323913
1.2813431325082874
1.264174474324993
1.291265508966699
1.320617856206839
1.3450815991471747
1.369773863090898
1.3230494116355294
1.3957709514413017
1.4188941067342968
1.40154651151345
1.4496990847071496
1.4506299480274423
1.3836001396749575
1.4511283896401446
1.4866079144796158
1.5150814349409645
1.5065540265337904
1.410157209831592
1.5411225255321706
1.4899838565633654
1.5467773377498302
1.4317486235426216
0.7583435942784778
0.7751632424356287
0.8246103872882578
0.8427219408419822
0.8539880671787882
0.9246939302334831
0.9443744389725931
0.9560281598903609
0.9611623888440058
0.959263284692442
1.0284777257523012
1.0489755328862178
1.0603333498375511
1.0645758010882995
1.0603884260367737
1.0353383906325166
1.1010275303407049
1.1215051787521595
1.1326234917856688
1.1354389192568057
1.1355543254686404
1.133823389362893
1.129779554351942
1.1166083973617091
1.0996200226762312
1.1701445349224153
1.190882405643251
1.2007154371868736
1.2021872543562064
1.1994347054489807
1.1942187195273057
1.177974116354997
1.1590947574697934
1.1196321636800264
1.0789794103775474
0.9966920860943488
0.9584224669115432
0.9030251767746938
1.250253780910129
1.2695190693177298
1.2777763592297022
1.278514453368533
1.2767250399868701
1.2713897610969367
1.2656204554701147
1.2454369140961592
1.223231428805489
1.1842234206904587
1.1312973503540409
1.0941073113111524
1.039118154452423
0.9948050324281519
0.9343883965256412
1.2956392781817254
1.3134929302035925
1.320451251176936
1.317555369877164
1.3121289416523259
1.3038116377975988
1.2810988995826618
1.2565263320430593
1.207479375158539
1.15710099008563
1.1166345187184286
1.057470779185721
1.011548213681655
0.9459915449618047
1.3452448237507721
1.3606644514514472
1.365464692264949
1.3597665671072974
1.3426966439106975
1.289372768976055
1.1807967481571147
1.0726059474701126
0.9527726825667991
1.3846819393341083
1.39249173293877
1.3896148034498454
1.3768850941472708
1.3645086754520528
1.3363023812549615
1.3054468773915555
1.2486183172644818
1.1900619869067899
1.151746653907422
1.0755591296768103
1.0266534724533587
0.9504586352425379
1.4092288988515296
1.4193008703448844
1.4184384016026204
1.4066049057769805
1.3941819605527805
1.3834658620475015
1.3512330979560754
1.317126774107726
1.2507895161467963
1.1906427930202874
1.1366383276613463
1.0691403028541782
1.009994541476085
0.9354257764570826
1.423031369715329
1.4301061370762793
1.4268282174658704
1.4122941427638305
1.3998248833473885
1.3844547661221107
1.3490916021701334
1.3144131228270517
1.2473784890644677
1.1811423218060226
1.139263385465378
1.0533105908788554
0.9938086003268711
0.9150959462454067
0.7362944345649467
0.7542882516411163
0.7995473879151533
0.8188728655284032
0.8303966038439752
0.8947274062738015
0.9153537672968268
0.9270127106846265
0.9240677960550979
0.9925482552002703
1.01441304745368
1.0220525401664537
1.0252173289016058
1.0184466839353623
1.0609786301136885
1.0820075749368088
1.0885931132784248
1.0923246667688031
1.0910746274607797
1.0819592438695207
1.0558686296723694
1.0231416668305635
1.1252659978078736
1.1464170429410176
1.1525089812417724
1.1552635793512476
1.1515735095482462
1.1406408137887285
1.1097649026845935
1.0734544373004813
0.9948587544179874
0.9024959681373335
1.1990843651615697
1.218638812574772
1.2241659092239958
1.2251218018251677
1.2182811447182322
1.204212658934923
1.1731891463940989
1.1256532575099094
1.037249094935376
0.9338545160229943
1.2407431415315222
1.2582473025667673
1.2622814314181834
1.2628328602160936
1.2536836805695106
1.237357049562114
1.1972460243849137
1.1514413596051998
1.0556244297086292
1.2850737810970383
1.3002635036985954
1.3016150086220888
1.2701970613955458
1.175151297461143
1.0707858024701957
0.9522633336334564
1.320018035706803
1.3251365040474026
1.3264239180619812
1.3237139759768775
1.30893345789958
1.286658365997477
1.238540494700652
1.184536682847135
1.0737973023871745
0.9499660529165487
1.3397110920356918
1.3486565927060294
1.3473776436256866
1.3433864260582327
1.3244879492225823
1.2987688513645832
1.2413941421142924
1.1853709756524835
1.0960487882065453
1.0674618913443907
0.9349663542874156
1.349349751970291
1.3553947272062816
1.3528263062376171
1.3460890996635901
1.3235820626580566
1.2966054326955168
1.238078876688123
1.1760656925156083
1.0517255100324452
0.914667750112927
