0.7384232389581291
0.7501121000514464
0.7256079991043158
0.6755358986260448
0.6193369669291738
0.5706568586960782
0.5202350036893331
0.47538198432804485
0.41141716852576776
0.31895252631708454
0.7892255335987064
0.807761827369401
0.811622690524989
0.8063373979769355
0.7612044723125481
0.6990359649112448
0.6429314151819596
0.5842223435947187
0.5319365184702979
0.4806317495620952
0.4314381425327627
0.39101668520699817
0.31455215124306146
0.8408973299638843
0.849154879428967
0.8550591821980893
0.8599771043192762
0.8603340184983086
0.8340613536408757
0.7705556810974523
0.7084650796042131
0.6422913373746515
0.5830757646160498
0.52493547861072
0.4693634016347585
0.42374936510865574
0.29881635625929276
0.8853235304741289
0.8991029658898301
0.9015095548984884
0.9032730322413246
0.9017953199478433
0.8954523533156121
0.8404186900665971
0.7740688583755667
0.7007320610775036
0.6344744415058674
0.5693457868841698
0.5071455701422156
0.45618433929886154
0.40501789899887464
0.9426621313571173
0.9502142020211005
0.9550008631104364
0.957669791887034
0.9571871393769739
0.9361886456523656
0.871579053061228
0.789486395496475
0.7127864387877274
0.6368019926377939
0.564226812622294
0.5049006684712632
0.44553612492414474
0.3939301697595506
0.977536060751758
0.9845755266519887
0.9888303289128366
0.9900841688062129
0.9890869954533381
0.9851282337693004
0.9400487333462217
0.8555923821019554
0.7718675222263071
0.6877363059513592
0.6071561287865951
0.5413496116534674
0.4756476010805617
0.4187047894376214
0.8954595297552099
0.8082366624756937
0.7192228385125998
0.6336595997341398
0.5637824793275944
0.4337781668670786
1.013108353419754
1.0224481965906027
1.019757725176559
1.0125821611899393
0.9390275989821312
0.8492653379280138
0.7550219532553271
0.6638074534450223
0.5892484539243249
0.5150106862690357
0.45081846249126817
1.0301422454566525
1.0375336931705292
1.0330779936330396
0.9883697447449323
0.8991470232764374
0.799330748933441
0.7012383344937086
0.6208525788696018
0.5408468988304578
0.4718021409718206
0.40583507572369787
1.0404312723871385
1.0462193324988658
1.0417010027698377
1.0186504823568414
0.9387157673225378
0.8356708716575282
0.7321648892946899
0.6469381807766627
0.5621330681702912
0.48902562516422327
0.4193139680198154
1.0513258447072589
1.0471215402581266
1.0406253811510056
1.0253483547915543
0.9792649102296153
0.9432319137117373
0.87529173877135
0.7663598717063601
0.6758609975255683
0.5856514474514499
0.5079913621647877
0.43405923526555146
1.0506437848093766
1.0528582255114582
1.042989601393485
1.014537855656422
0.9146432346166793
0.8013180077736712
0.7055678288057388
0.6098288256096058
0.5274265761407355
0.44910523303450844
1.0477999416491035
1.042212170585798
1.0358520463675505
1.0136788487386021
1.0020422043592916
0.9606307923075644
0.9084913332503285
0.8450892766937099
0.7432827843362932
0.6405749797793829
0.5520724024320812
0.4680866428201778
1.0366058872283512
1.0308138519783738
1.0187241674582115
0.9961426725257204
0.9673434767648005
0.9262284160154006
0.8855940137727631
0.7793917938867594
0.6702333724668237
0.5758295416707468
0.48620274260129587
0.7344630247983842
0.7201823818190236
0.7900143930944938
0.79338277298315
0.7574840994307026
0.8404684959908842
0.826278278963784
0.8805675730969548
0.8361128457123138
0.9325698668851771
0.9242341670792468
0.8678380791963946
0.9644749228726989
0.9322746166325605
0.9694036550905718
0.9654910736255049
0.9887982252341743
0.9928870179920445
0.9335320419174677
1.0035865571651352
1.0062937887930044
0.97835702648937
1.0158679985792023
1.0034439620753344
0.9339485678848072
0.9711516458984673
1.0151287185024058
1.0193606092463576
1.0006103969878917
0.9108647613336565
1.0066359415870194
0.9531891191345078
0.9818345670761909
0.8819327038508102
0.6713047715242584
0.6826648763888967
0.7110014422214844
0.7225534551634177
0.7281221447820345
0.7666366558859944
0.778133776286843
0.7829531366513602
0.7818864542038462
0.7746774614181208
0.818683582733134
0.8293627740473174
0.8330142251737441
0.8302413418273412
0.8205658770314109
0.7892425405946861
0.8513115727441595
0.8610256258825671
0.8635786788182226
0.8618519986264399
0.8595476252405085
0.8548878578283983
0.8483270805136651
0.8316769001015057
0.8128146882218156
0.8789482553177003
0.8876727908395304
0.8889137964733924
0.8830944977323408
0.8775662881507701
0.8701032900446353
0.8510024689370309
0.8311014669941225
0.7921732732066482
0.7538055123911908
0.6785557657890167
0.6441449194597998
0.5950393118134799
0.9057980779428241
0.9127749042246225
0.9117659198935185
0.9088352083071789
0.903661863233477
0.8955043573594205
0.8883457459977138
0.8664124678058898
0.8444669884768051
0.8079859339307467
0.7604297947372046
0.7277397489448162
0.6802396333744711
0.6423825375096524
0.591426456301723
0.9174742588232764
0.9225493313242263
0.9207091334015067
0.9113753367671973
0.9037051659674806
0.8938876678304304
0.8704826619979855
0.8471571800387759
0.8029560921961988
0.7591693679087489
0.7247880128748168
0.6751865636306621
0.637243132438929
0.5836410548550165
0.9258047702418035
0.9287377285288971
0.9248116988318289
0.9134133911760576
0.8938666765234379
0.8438715782500437
0.7517444854918804
0.6639411502273935
0.5692732079527448
0.9282628119256933
0.9238077957989224
0.9170160872506331
0.9011097626805096
0.8884494202832869
0.8621670015737753
0.8351434425233055
0.7877323175194748
0.7402926374713927
0.7098390502496459
0.6501843992197635
0.6123230097587979
0.554136641231038
0.9193109287398643
0.9178710151374324
0.910137797122724
0.8946978724406948
0.8820491489920768
0.8719740148101074
0.8437621663006637
0.8153243861426538
0.7624678578188733
0.7159527928255687
0.6748318306703869
0.624116070456087
0.5802671201413038
0.5257298836261373
0.9065977775143247
0.9033205088790717
0.894225042576417
0.8774918538839327
0.8654577037501828
0.8516579724955273
0.8219924158201319
0.7941354251399267
0.7422944758989685
0.6926324612164062
0.6615541489022769
0.5989405876966872
0.5561148504866417
0.5002226456282294
0.6455694302886027
0.6573044892829013
0.6826986329010629
0.6945554512493707
0.6991999406549044
0.7344193342775319
0.7458726106157668
0.7495210730856597
0.7357454213034478
0.7821385937968933
0.7928596097796834
0.7949842668819058
0.794576672121765
0.776965388144626
0.8118052495470828
0.821127445033143
0.8225650481646203
0.8216761872824536
0.813666316299155
0.8004618222006891
0.770955762174747
0.7375086558062047
0.8363659658605569
0.844544074421743
0.8452588092198482
0.8433992502627974
0.8330686810258359
0.8186685485973864
0.7856248485040065
0.7501918874461442
0.6773924344565077
0.5947162979609631
0.859385909507959
0.865294272597686
0.8644629301834128
0.8618381260663043
0.8487915843530818
0.8322287878602002
0.8009783852241419
0.7569063368839826
0.6791083323789437
0.5911159763183718
0.8690938085814112
0.8732670671125549
0.8718175872667707
0.8677894521525432
0.8531858556063868
0.8351649302533061
0.7966518715072692
0.7557360588701856
0.6741014663015445
0.8745263143175469
0.8764740351793376
0.868587732206598
0.8322831281055735
0.748437051166456
0.6629089418328286
0.568996140934395
0.8747278397678687
0.8738733741012246
0.8706730216627098
0.8639777746481965
0.8459031681879575
0.8240794023054832
0.7818883929129864
0.7371390753700497
0.6492115086665502
0.5538759041547798
0.8638123744884685
0.8608743852594581
0.8548557149324666
0.8487824768428748
0.8284335624077863
0.8048994506206939
0.7572210944306982
0.7130530944549728
0.6447034499531383
0.623223363534693
0.525495991078277
0.8497728494482034
0.8450990693541948
0.8388261725625608
0.8300258361423455
0.8077461008257583
0.7842781250443632
0.7372294697338878
0.6899110702424419
0.5981196934835272
0.5000105217422551
