1.2922940702602839
1.3268480653262735
1.3283371728200373
1.276290842287766
1.210697790728898
1.15155627847414
1.0888579289546265
1.0320856946172359
0.949655896192673
0.8276736618343239
1.4351207092257183
1.4859703276537704
1.504333117709709
1.5149509779538293
1.4767865433332903
1.4035283761140591
1.3326807573966444
1.2561689756308172
1.1864768000072519
1.1167521906155975
1.0489517546793983
0.9924253754446374
0.8834570711675207
1.588306784693304
1.6113231076387151
1.6300338666944734
1.6520991155266518
1.6571240069288478
1.6536596903732554
1.5815753617056094
1.5013290974430287
1.4118280835575474
1.3295129692082368
1.2469194739793865
1.1665213955079763
1.099441317360058
0.9102172065355546
1.732782646277559
1.7772141596545488
1.7878757352798649
1.8049391616362398
1.8111733684217204
1.813275278805667
1.7601577550576815
1.6739920549817853
1.5717451375916558
1.4761244734208938
1.3796809418528642
1.2856432589365734
1.2071402154125206
1.1268694448369776
1.941818977865994
1.9680826805535916
1.9884944413302958
2.011340197342125
2.0160862615095527
2.014299431463977
1.937479659652358
1.8202009878815617
1.7040585652729938
1.5851348338953228
1.4686385458174973
1.3712919274875097
1.2717747278121694
1.1833187076128289
2.0888359477706073
2.115662967207743
2.1367301593564707
2.158079774140932
2.1628962739137885
2.167171184072197
2.1280461376345703
2.009305558162177
1.8792394322657224
1.7427816673123278
1.608176535456583
1.4955280427289899
1.3803981605324775
1.2780831426568673
2.1249968047331724
1.988298901885344
1.8411668520490225
1.6950036981343501
1.5724891183605691
1.3361193689843276
2.2660671566738
2.318282962303758
2.3370588777372236
2.339039859094725
2.2530670876916754
2.1124225224074817
1.9538161917940111
1.7943225440261195
1.6602444900509226
1.5231797399455371
1.4014512677889222
2.37237207541596
2.4212156183679863
2.4391138021389565
2.4008929316128036
2.2649616570143594
2.0943485769583794
1.9183862407996672
1.7695548797143679
1.617267887020636
1.4820726443915646
1.3494498637705432
2.4528783961847354
2.496591079243914
2.5139544436104124
2.5017970436192054
2.387407819693033
2.21054432799763
2.0215180937271584
1.8602810110544357
1.695032786274172
1.548336831560591
1.404569188320205
2.574296734093735
2.5876829485510227
2.588816357437101
2.577178894005816
2.514936088857122
2.4568460368225993
2.338423254067632
2.136383020670484
1.9613727178021236
1.781362082363808
1.621575012284475
1.4651021477021253
2.6065309820703146
2.6439789342375493
2.6550789752790904
2.628524694128328
2.4665935580448832
2.254479389796741
2.0657069966024846
1.8703347648555793
1.6966872091720302
1.5268106282452512
2.7172084060487776
2.7240505458125592
2.7228936667271104
2.7007490159439826
2.6852559331852355
2.6186108275694058
2.5250296389774047
2.403474420756843
2.1989274970389627
1.983974222187613
1.7922573913157616
1.6048213471193211
2.770183611053762
2.7744484521885115
2.767721662049111
2.739585099945566
2.6942900058188983
2.620895821399779
2.5431811576646663
2.3277415501862224
2.094589024866703
1.8850389115715938
1.6800903696723783
1.3079057749450271
1.3182620488972598
1.4633444815617058
1.4900134821846927
1.4693626247669407
1.626399295637786
1.6376617830964915
1.7817808167002602
1.750702982236202
1.9612357022661306
1.9870696909008327
1.9286450605069065
2.1187141506259497
2.109243651715685
2.133226796007289
2.205727708355188
2.236035199058769
2.290039699930369
2.2388343868112566
2.33533326728137
2.3872321338884843
2.3745409785607134
2.446155939545891
2.4611973578132207
2.374199089335265
2.492185267501597
2.525715905350596
2.5892043889536276
2.5890230225928037
2.455412701844414
2.6600764430838035
2.5963231335293773
2.696289892259455
2.5315931895854478
1.2040194632959895
1.233314453041724
1.3176192518746934
1.3495868047876212
1.3707715587360745
1.4922007087563396
1.5276964264257131
1.550664533498415
1.5630800169461123
1.5648722642842312
1.6775545786099866
1.7155082032315978
1.7385837985982
1.7508741711368963
1.749880865856936
1.720003537265535
1.8101718352838765
1.8488597165799299
1.8724759822387091
1.880678850168461
1.8830940578547735
1.883380644845546
1.880079662088283
1.8648847964234947
1.8428654877158972
1.9394992519545273
1.9797680459622653
2.0016732572906446
2.0107537336570194
2.009658137430767
2.004638556219315
1.9849133519813165
1.9598396862162
1.904823116075033
1.8465331283194057
1.7262519095607818
1.6697093862527093
1.587287525150749
2.0941790559759696
2.132885365639977
2.1532556615585636
2.157963177016716
2.1588881444864088
2.1545544546415045
2.1481636115771545
2.122462070277988
2.0920594915417987
2.0365415070907247
1.9592645721982385
1.9042080458546524
1.8220473940793933
1.755369413566725
1.6637735691863365
2.1850975830750143
2.222255736138843
2.2407861513164953
2.243542456968954
2.2385327629842475
2.228935406795169
2.1991704605385927
2.16486850426137
2.093924159783669
2.0193433317602985
1.958720633750012
1.8693164266223885
1.7993634468018775
1.698750371118014
2.288691844915854
2.3223997241719445
2.338107046534095
2.336633019972615
2.316647644497465
2.2424423210854534
2.080890215792998
1.915498219182133
1.7294856925695705
2.3760632257722585
2.3997080001273865
2.400193794653112
2.3870578300618304
2.3710656539960713
2.3319602848577268
2.287281724562006
2.2024177904250637
2.113334077850472
2.0544075239353097
1.9362871315994405
1.8597417631183302
1.7397914542897692
2.4387891142802878
2.4644952466317607
2.4712611555958968
2.4599096574426103
2.4442369532793355
2.4295870755301703
2.3835193278982594
2.3328772382092735
2.2319116768229534
2.1387232523120248
2.0541087065448553
1.9475853913451975
1.853458880340638
1.7338880697711256
2.4815801225514935
2.5023973616935367
2.504977292090519
2.489014780117171
2.4725604664666934
2.451026320521011
2.3993505964451898
2.3469813465666363
2.243631108562986
2.1395815657529225
2.073345889924419
1.9359855882904622
1.8401079208366504
1.7122882183012893
1.173915069334448
1.20560398697047
1.2831445226934481
1.317675979733194
1.3402753680649206
1.450492669581079
1.4882244600367274
1.5119975366361282
1.517100644440346
1.6267026592191678
1.6678153095917618
1.683704671553474
1.6914386219631947
1.6917341437338675
1.7530897466925237
1.7935838492645129
1.8076397211085502
1.817239017399528
1.8218803370385288
1.8130104038032024
1.779747972769069
1.7347321125556834
1.8747430282528588
1.916612524225425
1.9303027652254605
1.9386305901295569
1.9399987758433526
1.9283283586266682
1.887860671263355
1.8369735235748283
1.7230371907711552
1.5863438644068724
2.0192568825256676
2.0596292991593
2.0736875909124834
2.078741523438557
2.0756635397815852
2.059166414429225
2.0173425070668802
1.9493676969598543
1.8187240286119075
1.66280735578347
2.104007756999694
2.1414142494281947
2.1525278314719714
2.158078144992315
2.151556814813245
2.1314454786405332
2.0759543412609998
2.0093345540130154
1.8660035703380426
2.1987806863537553
2.233153405266806
2.2449017307207515
2.2086659205469656
2.0707999095370013
1.9121954655545992
1.7285435420779969
2.2784915406581154
2.2918189026681266
2.2984144818053935
2.299281361984726
2.2835763503336546
2.253924601179976
2.1843932922389686
2.103377038121519
1.9330620422422495
1.7388718478010914
2.332443471825972
2.3572662461628537
2.3610907037072226
2.358279295047863
2.335675411646235
2.2999219370006085
2.2149022245340615
2.129107939509144
1.989578204034478
1.94447407386068
1.7330183032330206
2.3672108831651353
2.387439631769223
2.3884651041962006
2.382218135761415
2.3533713401974086
2.3147451448029783
2.2266597289333414
2.130242311727465
1.9330197969575316
1.711469252308958
