0.8266605525607442
0.8497150874020074
0.853957325982138
0.8234593359450337
0.7842080213718188
0.7486018216118979
0.7107490971189101
0.6764169023139812
0.6264944599795922
0.5525183949946524
0.9228797910501554
0.9567603137367142
0.969385953392114
0.9777353220318296
0.956640934658366
0.9128453279768048
0.8699818495569738
0.8234862762517965
0.7810330037567906
0.7384755451015611
0.6970478999499496
0.6624777853902315
0.5957607603388336
1.0266459859757544
1.0420471318446451
1.054685810391379
1.0698935231226971
1.0734675640218037
1.0748168949641397
1.032209776671626
0.9835253068775209
0.9288486074020889
0.8784064766642448
0.8276621405951794
0.7781893162572611
0.7368597535400704
0.6200501502931565
1.1255314074958098
1.1556822334593693
1.1630549122524174
1.175173550038139
1.179926781514255
1.1824426760754563
1.1524546797526753
1.1002400743739125
1.0375489424345055
0.9786005499202532
0.9189785632662066
0.8607261537297288
0.8120185713872036
0.7621373909739986
1.27034207706821
1.2883388970756429
1.3025195188412193
1.318840593249477
1.32240709678941
1.3246469855851624
1.2792074986562707
1.20711700179292
1.1350302514178952
1.06088468240465
0.9880469238353453
0.927049939793173
0.8645603044452553
0.8088970447664274
1.3736319119617593
1.3922082102409215
1.407028054315005
1.4225871970770891
1.4263274742215974
1.4302797404135725
1.4093402172349252
1.3367368007048557
1.255726885892526
1.170181845894069
1.0854881322208911
1.0144220187971498
0.9416042156726202
0.8767907625749752
1.4162662639669064
1.3310530242623313
1.2385482472441256
1.146253445206144
1.0686575169103645
0.9182964664170048
1.4999870396583408
1.5371516846526692
1.5516729143112158
1.5545263218395025
1.5045283585557612
1.416950107984919
1.3169627450474979
1.2158726264658843
1.130597338928923
1.0431686977527475
0.9652862464478987
1.5770014383247175
1.6121633312605574
1.626485040133496
1.6067748774842827
1.5227575094733916
1.4149769441363556
1.302990961054157
1.2078786921608995
1.1102406943642928
1.023271769343261
0.9377237163097845
1.6360900929846272
1.6678336238552451
1.6818606305461412
1.6774793717742698
1.6079090500702564
1.4961729178055396
1.3755329556359799
1.2721218600582027
1.165752341267951
1.07099410615721
0.9778478572802273
1.7262734721477755
1.7373101895800827
1.7395732753318762
1.7340483770754234
1.6968640683985348
1.6606692455119114
1.5857109069537851
1.4564629817214054
1.343813016463924
1.2274845119619517
1.123809802642818
1.021968843862614
1.751673206617192
1.7796454951024088
1.7903035516387795
1.7764613625525056
1.6756458825893108
1.5398039405402248
1.417910765855613
1.2911704103603368
1.178222821615743
1.0669931495471017
1.8373967129754716
1.8442472167562738
1.8448358447194975
1.8330989454253845
1.8239606802839357
1.7826558523734564
1.723279071427102
1.6451647857440157
1.5126880076541092
1.3726355652883573
1.2471435228204621
1.123991906021346
1.8819598701384828
1.886657492598383
1.884470278075424
1.8683314500543455
1.840501628820571
1.7940837918612205
1.7442231860894803
1.604520965040005
1.452090524503365
1.3143564603875761
1.1790910685726912
0.8382498580506036
0.8474871424484183
0.9429726127189295
0.9616343785136863
0.9518268511049149
1.0541747094484064
1.0643952519116961
1.1618334227837668
1.146238883037967
1.2862329433322035
1.306638170435198
1.2733378261360955
1.3980677814952125
1.396796518496564
1.408529051387829
1.4631549537199817
1.4821415336714878
1.5216764793667104
1.4949360512052476
1.5544178597880338
1.592843714349512
1.588962456460266
1.6360221772048293
1.6499663179168635
1.598912990481613
1.6813328521771114
1.6979173076914118
1.7453386306235492
1.7494362830972279
1.6679525624278364
1.8034865366835755
1.767276175551084
1.8383850397364492
1.7361560312910451
0.7724797747568757
0.7918636580976997
0.8490753086676986
0.8703963005641494
0.8848149626631182
0.9680152148294082
0.9919701397418039
1.007658089181115
1.0170271918540186
1.01942134229945
1.096022351921184
1.1220328567181146
1.1383127604300267
1.1477912080268395
1.1486299309380368
1.131947978607845
1.188843893165617
1.2156509697370954
1.2326160301644082
1.238962342699223
1.241143851900587
1.242169233259826
1.240883992435147
1.2326014176613518
1.2196793616761379
1.2805221049312097
1.308805763116597
1.324828727113179
1.3327525002243046
1.33285439479295
1.3305088354871044
1.3194110667582077
1.3044918833755095
1.2708955735327794
1.2347865917378082
1.159626634100058
1.124146690516265
1.0722798325263945
1.391970408969439
1.4195976470102096
1.4350302526305039
1.4391384297306
1.4408544895849016
1.4392339542360146
1.4358697202301405
1.4209820848509092
1.4025779038494746
1.3682826172117903
1.319927187016699
1.2852582701303743
1.2332985871932667
1.1910298972350453
1.1327898311497906
1.4586717965794378
1.4856041999705796
1.499955296128596
1.5039690136298351
1.501786831185548
1.496593231517679
1.4790401124490067
1.4580681497735255
1.4138478136202082
1.3668384313398483
1.3283924118327355
1.2715072999082881
1.2268464510564252
1.1624625753922717
1.5361745565961968
1.5611145662356993
1.5738679713847024
1.5752770156429723
1.5644138774818979
1.5191095836698407
1.416897189099139
1.3109436491806907
1.1910660207070596
1.60285107265538
1.6219159757226278
1.6238438475394081
1.6174464392839993
1.6081700799232794
1.584364161233166
1.5564649472367338
1.5026520057579569
1.4456423117065678
1.407744558036085
1.3314932675719429
1.2819184342269052
1.2040574181181458
1.6541012373410318
1.6742080284992729
1.6813789490245397
1.6763320696573638
1.6673170748614936
1.6585559221754502
1.6299894231991285
1.5980140760754975
1.5332704527836993
1.4730636879524892
1.4180812543216137
1.3486905402451028
1.2871773486535805
1.2088100026827238
1.6909329265690878
1.7078891452748666
1.7122155398153345
1.7041507998749472
1.6944845347364674
1.6813819528113236
1.6489546769886152
1.6155341597746247
1.5488598909772504
1.4810889970941383
1.4378329815422293
1.34774332029382
1.2846435526291407
1.2003333104309388
0.7543807915527491
0.7754295368661618
0.8282392573259368
0.8513606761849563
0.8669265201199069
0.9425845033181139
0.968196586564568
0.9848821087374511
0.9907102531791109
1.0647262986771941
1.0930812654293123
1.1043436005138196
1.1100788242780113
1.113244907760018
1.1535341443512843
1.1817741981823955
1.1918954115063887
1.1991397543762725
1.2039884538010013
1.199784762419766
1.1804884277358294
1.153216085277208
1.240163753870371
1.2697648803369708
1.2798082160536335
1.2863513134572737
1.2893118623261273
1.2833423061448996
1.2594789450142823
1.2283350924914638
1.1574450074932516
1.0716349198744277
1.344865893011149
1.37398184189435
1.3846893866327574
1.3890126732786747
1.3893505626740805
1.3803005116085465
1.3552470828877587
1.3131855532274557
1.2310214861149202
1.132122844001739
1.4074125086415432
1.43476882864819
1.4434630908294475
1.4485000034348403
1.4466626945571945
1.4353026109265323
1.4015713518879738
1.3599802947476718
1.2692233364614065
1.4789696779771513
1.5046689659791586
1.5153714126963527
1.4959381027466858
1.4099320019338866
1.3086490652776794
1.1904060621984658
1.5404293017104271
1.550834052443095
1.5566345267718147
1.5588387926557363
1.5510529320712665
1.5334550848151185
1.4901792853860487
1.4387298623375537
1.3292393611581717
1.2034091615110565
1.5854968986056537
1.6053726641736772
1.6098221059722273
1.6091661740895065
1.5968097207657086
1.5750919843587785
1.5213992931005653
1.4663321068818298
1.375870302696587
1.3464968804302402
1.2081910798026207
1.616597495654547
1.6335317791924047
1.6359591975465202
1.6334384857320965
1.6168541106883156
1.5929857344277567
1.5369467208771765
1.474510165470318
1.3456384215391712
1.1997463722177382
