1.8957802178680976
1.9485599220095304
1.9593182132159086
1.8907380968269025
1.8021335694023024
1.7216647859757013
1.6361690462851455
1.5587151403415134
1.4464480204622905
1.2817558238960691
2.1316341761131987
2.2100103796626933
2.2394028553868375
2.2592155151051294
2.2121034442093106
2.112654019691314
2.015082251905237
1.9092512973447477
1.8127259041728794
1.7161282209111568
1.6224366080589212
1.5446241342667952
1.3959232852249268
2.385839786297855
2.4218122561824678
2.4513871317270226
2.487122158562507
2.4955765971458344
2.5004400486855674
2.4034533925123154
2.291977310598865
2.1667049837176995
2.0512034421893754
1.935186766299852
1.8224221275742527
1.7286145770281798
1.4668387496307125
2.6309748653690654
2.702209264226083
2.7197050939112217
2.7486336957638033
2.760112752980366
2.766669049063587
2.6989610149935155
2.578848829389268
2.4343212941464225
2.2984182480479842
2.161130238858905
2.027345812379273
1.9158897027697088
1.8022494622849434
2.9943516919561333
3.03751999272379
3.0716397496617596
3.1111532311186894
3.119903748311898
3.127389156785144
3.022936057613222
2.8554295664976816
2.6876416810920443
2.5151466158313815
2.346022643822545
2.204792260707705
2.060610184712444
1.9327425530140707
3.257028263127482
3.3020117549684738
3.338053562848653
3.3763110870740016
3.3856346424666364
3.3958167691966663
3.3493139519021318
3.1801019347810406
2.9903513988072765
2.789923650988499
2.5917191172851717
2.425805169985421
2.2562942771753365
2.105816430358364
3.38048791735809
3.18023711661208
2.962606543911768
2.7456299186876207
2.5635899768239785
2.2122459542639548
3.5825080050206846
3.6741696510044535
3.7108502467020728
3.7189362611051897
3.60402061101375
3.39764067705378
3.1613832986229
2.9225609588050343
2.721447431470337
2.5156855582261843
2.332905350917735
3.7834298135048936
3.8709860290285762
3.9077771488206987
3.864848823638743
3.6667295760133314
3.4108184898666636
3.14478599752868
2.919086368702902
2.687782379637205
2.482230628594388
2.2807245318809977
3.9391310446684553
4.01874903763646
4.055114969668866
4.047782203021641
3.8843985327177535
3.6183027033096153
3.330485367064034
3.083916559065943
2.83064093516189
2.6054545860365446
2.3847578504444735
4.17550209893472
4.204469251551315
4.2113457803919605
4.199934395972517
4.113158040721152
4.027143741711088
3.8479991953369095
3.5383343477821487
3.2684109690263634
2.9899674993843175
2.7421731282980297
2.4994102948483725
4.248869181744897
4.32053242506917
4.349849869704005
4.31968436430073
4.079714808548461
3.7530812165671485
3.459646708564391
3.1547145291513425
2.8828796234984715
2.616635418266829
4.481320261634168
4.499828246752835
4.502478700678198
4.476752544535435
4.454924939108368
4.357119778964099
4.214370977477306
4.025637599223703
3.7050518091567453
3.3661131694705886
3.0626606532409855
2.7651395526071023
4.608048428625073
4.6216558928276426
4.6186874754820755
4.581665124835595
4.515634539421112
4.4038993710398975
4.283161768231612
3.9437770219883954
3.572971112005116
3.238060048845508
2.909644589836135
1.9226285450266312
1.9445471922452073
2.1785652032273046
2.2221016527957964
2.200986295640838
2.4510204706502194
2.4761732803774095
2.718296732794423
2.6843447115369274
3.033983625833682
3.0845684203009007
3.0089543998038146
3.3186081420528595
3.3192033929539027
3.351801085377553
3.4879381521477906
3.5409889169899547
3.639338481640509
3.58073177222679
3.7302588820570066
3.8267802322497584
3.821357078772359
3.942778021268691
3.9803006799746172
3.862294333900607
4.0748217171628225
4.1170877867012265
4.238455133215442
4.252681182794265
4.060598285941941
4.401195427405492
4.318715862528009
4.506539312190286
4.2628832968061285
1.7728937864341598
1.8172641578091844
1.958940146094289
2.0081949690250855
2.041628925882494
2.2510631757785355
2.3071606342967335
2.3441275993188158
2.366490524611491
2.3726438267697936
2.56984234918461
2.63169837710575
2.6707233822915852
2.6938645235672616
2.6967627559351675
2.6592637869679203
2.803999664677414
2.8686118996461336
2.909696769850842
2.925373781903604
2.9309512432158487
2.9339768731283407
2.9315211339092673
2.9130597745189966
2.883457474978784
3.0379771204790584
3.106811331842612
3.1463014804259952
3.166379949573514
3.167537822289054
3.162658420509838
3.1376640760867667
3.1032501609346475
3.025165397666429
2.940800755300179
2.765005501637495
2.6820513452689503
2.5608162256634603
3.3263172417432862
3.3945486017325583
3.433450004193292
3.4441947006702143
3.449298462325253
3.4463781342856534
3.4389906713398455
3.4050153477891687
3.362166606633725
3.2817410534692257
3.167874284837191
3.0861299312740846
2.963498961414267
2.863839658266302
2.726545435232053
3.5013216598152685
3.56862855470333
3.605207245147031
3.6169157704078736
3.6126946494288257
3.601182335909122
3.560654495792941
3.5115702285159682
3.4072493785168123
3.2959482108935956
3.2047704488405757
3.0698723574672555
2.9639370228941786
2.81135864867768
3.7075562097470787
3.7708466844459916
3.804190856970953
3.8098770667627546
3.785825021981892
3.679495545687184
3.4362171086021487
3.1832998436384066
2.8972083025430746
3.8860538288153985
3.936054666037807
3.942440099875656
3.9292596326502465
3.9079182482804287
3.8520376759932042
3.785831071739334
3.657232952345232
3.5206833121681145
3.4297954730558744
3.2467199341842834
3.127813968191408
2.9409309636683214
4.031450381897252
4.084149459262695
4.1043898243915855
4.095042509925159
4.07449367368319
4.054031123790419
3.986224782510629
3.909760636946531
3.7539002571373317
3.608556093882611
3.475621486280151
3.3079542468576895
3.159144690538098
2.970023749648376
4.137910195374141
4.183176708122083
4.196771191868529
4.179813641606129
4.157475144521418
4.126604706374815
4.0491837785441005
3.968670948982971
3.8074026461008788
3.642956812226995
3.5378585195246557
3.31901746872946
3.165767958047384
2.9611028896113307
1.7318912880686992
1.7801314608867813
1.9114660646375696
1.9649538522732053
2.001118798661763
2.1925936512059483
2.2527226098767117
2.292129680323836
2.307009871144211
2.497182140355327
2.5648047557286415
2.591839886676826
2.605758044890014
2.6150604427634243
2.7215431799656544
2.7896261378429608
2.8142681940778753
2.832092037040479
2.8448643905532585
2.8360128206833237
2.7921540211848264
2.7292062112626088
2.943079897053472
3.015359051139827
3.040106087509275
3.0565462757544926
3.0652853133879425
3.0523618379814845
2.997664306558764
2.9252430922703745
2.75973198880823
2.5592671256011936
3.214675946593754
3.286876677857648
3.313913180375008
3.32516669008807
3.3281100674974495
3.3079786062445273
3.250001579258142
3.1514376891734877
2.957933503741229
2.7249097362361896
3.3791678547138755
3.4478051270047114
3.470126038592889
3.483572504679762
3.481425311808419
3.455825812476089
3.3771535709690714
3.27911531530502
3.064252180109648
3.5705202466361987
3.6359287756649805
3.6649258798413853
3.622297819524823
3.4189828000165954
3.1776072437086436
2.8955652296771137
3.7357872060059814
3.7624971199267834
3.7784658762534673
3.785592879618306
3.7693789251800336
3.728695746895173
3.62622651632884
3.5034774002951785
3.2410948249521776
2.9393075062383427
3.864968949788731
3.9177505827176593
3.9307821894342103
3.930549323483186
3.903215870545227
3.8523746826317433
3.7241464449701875
3.591662861258101
3.3733865369811658
3.3024347166700356
2.968460843203724
3.9566418078486785
4.002363873830236
4.010375474383836
4.006114639085468
3.9684179521703857
3.911883302218737
3.777374821330858
3.6263537998165765
3.313691539738171
2.9596125046593458
