0.6415524735429701
0.6601053370048388
0.6655096382933159
0.6435947457094465
0.6148064546792503
0.5885430018687633
0.5605386474869747
0.5350785933202135
0.497945301870058
0.44258888912327915
0.717110163913876
0.7442150832769734
0.7545579457564587
0.7620033277221354
0.7477827314633727
0.7158128469081693
0.6841779905277681
0.6497116929829541
0.6181499405451393
0.5864235269071313
0.5554500440565519
0.5295349056910281
0.4792410852313661
0.7990296516846571
0.8113410954491291
0.8215141865330122
0.8339349787254168
0.8369180555598543
0.8402095624483878
0.8095235348654027
0.7736300945135642
0.7330496754818945
0.6954751706912593
0.6575604816327006
0.620488531849695
0.5894240318018478
0.5009916356774896
0.8773458173172621
0.9016094922966726
0.9076229763038391
0.9176934254985339
0.9218344746632687
0.9244924280848645
0.9039037658366728
0.8655673422843605
0.8190105848050567
0.7750356068568075
0.7303978036749376
0.6866499010915936
0.6499558695319887
0.6122533130389319
0.9925654819064982
1.0070800669815536
1.0186175917667246
1.0321566162526967
1.035211328811117
1.0390014376583756
1.0064914944295222
0.9530912038184125
0.8992273713181005
0.8435745061055979
0.7887086386337455
0.74261072278596
0.6952276946862825
0.6528588197529672
1.0752144157294965
1.090253495373757
1.1023779553933422
1.115399845999607
1.1186543617118476
1.1223675540173137
1.1089196229053369
1.055543592973247
0.9950223597217178
0.9307233606636562
0.8668038471443688
0.8129818840137336
0.7576462522813391
0.7081636437749493
1.1183871704351254
1.0547932185477293
0.9852243892653513
0.9154963361042527
0.8566584527679766
0.7420450851831984
1.1769374744093306
1.2074516654493195
1.2199995019013279
1.223124601430192
1.188113302742577
1.12293766753217
1.0477239840287336
0.971274287627966
0.9065322719542819
0.8399211548060768
0.7803513145989158
1.2393848022112806
1.2683973152129728
1.2810217789178198
1.268858199982876
1.2068551466054147
1.1258268799167157
1.041057201404805
0.9687468257864098
0.8942432474152852
0.8276156014292554
0.7618250492911662
1.287581809514736
1.31387000757589
1.3262261979532375
1.3249290064734347
1.2743705975078603
1.1905123048905313
1.0991511892820798
1.0204542102279692
0.9391926629451011
0.8665079012684677
0.7947817021637565
1.3620406546407808
1.3718521792413387
1.3744833954669924
1.371446415067453
1.3448798515616431
1.3180703441197248
1.2618256014717872
1.163949388184868
1.0781453310589149
0.989170382080006
0.9095446252503433
0.8310178257340984
1.3828792155229863
1.4063967858783282
1.4165349067909407
1.4079444947837525
1.3334391378212571
1.2306619252411972
1.137761806922018
1.0407225241589435
0.9537242412939587
0.8679861673137155
1.4551224901037412
1.4615959791065167
1.462824705590009
1.4554026000112914
1.4489662530229177
1.4185768053592116
1.3741206401647987
1.314978697176394
1.213985305290093
1.1066413457340478
1.010005693921451
0.914775473907624
1.4935487418736637
1.498237109157625
1.4978249759165105
1.486830485671263
1.4664983385080737
1.4318600107585586
1.3942295005586969
1.2878367744985075
1.1709222806145556
1.064734474782999
0.9599940185411968
0.6516084297280187
0.660463634585457
0.7339824486942188
0.7494453132935911
0.7440165868018784
0.8222669748416623
0.8320558347849526
0.9083653360827654
0.8990238599338151
1.006868792323069
1.024862910115149
1.0018682294409584
1.0970673603961925
1.099039686178017
1.1046748155560986
1.1512446071701188
1.164202742399323
1.1972536363730133
1.1805296698721448
1.222925176887422
1.2552028831958288
1.2547768469787157
1.290047101146695
1.3031762919990804
1.2672316464781561
1.3325559015470325
1.341115815742564
1.3809231458177311
1.3865024587265995
1.3273066827571942
1.4309742524223146
1.4063220939490957
1.4629708962463912
1.3877703220081115
0.6009005244516926
0.6163917706775689
0.6613750949998278
0.6784569086736225
0.6901851592550765
0.7556297750482959
0.7749023400573208
0.7877433254648716
0.7957438337898215
0.7983709001113226
0.8575898968179323
0.8786300257939635
0.8920691839673932
0.9003210609935421
0.9018849151938937
0.8905684350153983
0.9319083083177552
0.9537282199898858
0.9677949026857469
0.973324741397638
0.9753819579359595
0.9766759973197479
0.976196090501883
0.970729475505743
0.9615467507960799
1.005690950089195
1.0287926471940734
1.0422363487950421
1.0494965729272465
1.0501249927403558
1.0488569813803095
1.041294580163395
1.0305848804006186
1.0058929181901888
0.9790296532407392
0.9226718612677961
0.8959537875315344
0.8567853097901966
1.096018450156783
1.1187461390817015
1.131905083907828
1.1356851560807593
1.137670829168185
1.1371200061825217
1.1349969312164088
1.1245894073208484
1.1112138001450416
1.0858407762266593
1.0496730140263073
1.02359910029095
0.9844252866627521
0.9523786513989249
0.9081687026605534
1.1505171424286182
1.1728309895634599
1.185209907016194
1.1895900044693075
1.1885355323225781
1.1851580207401347
1.172714909880454
1.1573625847889175
1.1244659609262428
1.0891590029904354
1.0601367143111757
1.0170550362236486
0.9831288692942676
0.9340938916604602
1.214406372252629
1.235266766764175
1.2465360806466252
1.2489717459048015
1.2418746535325855
1.2088375361456238
1.1320264172434253
1.0515430225009457
0.959964656787838
1.270077337816245
1.2868000731119527
1.2892037326896644
1.2855590209052274
1.2790898145461849
1.261800023538834
1.2411027128541732
1.200658448812222
1.1574793431177008
1.128657189168224
1.0704758029549661
1.0325367283138933
0.9727981781075297
1.3137673144419453
1.3310619379102575
1.3380974770725362
1.3356130494126366
1.3294287544499213
1.3231489630986255
1.302139868348783
1.27822090478072
1.2292628296388237
1.1834071694526591
1.141360076461858
1.0881435406831537
1.0407771900716436
0.9803881677952492
1.3460129937343221
1.3608854029632742
1.3657040119018664
1.3608854435525792
1.3541008826511454
1.3445962717279423
1.3205380459492477
1.2953920628391316
1.2447725040641784
1.192944316183957
1.159773149765257
1.0904301649058719
1.0417188472195902
0.9764503565566477
0.5875857104370612
0.6044535741458011
0.6460187063359746
0.6645963493337704
0.6773712433740046
0.7368259387765037
0.7575028250658001
0.7712959536168017
0.7773811310917387
0.8343437526087649
0.8573637989676395
0.8666979822579678
0.8715839453359858
0.8758372266369983
0.9056390209014986
0.9286753629493097
0.9371046694062642
0.9433199511953289
0.9481695203100482
0.9458437243973615
0.9322589256931217
0.9122983800088665
0.9755586270963348
0.9998400850891634
1.0082834467808863
1.0140063990615902
1.0175106698913545
1.0138545146806506
0.9968439644097659
0.9739064215956812
0.920932724283094
0.8562687648782434
1.060705635139319
1.0847954308670236
1.0939723512604451
1.097911947516734
1.0995185909693157
1.0935392447811434
1.0754799879030494
1.0443023147637063
0.9826037118754221
0.9076324598339909
1.1119996940158956
1.1347873060279319
1.142318630195596
1.1470216125307058
1.147007135105977
1.1392650444782748
1.1146857377924708
1.083683776504754
1.0152237703959748
1.1712778591991173
1.192918675892686
1.2028885459951941
1.190368841421596
1.126449940734992
1.0496975057567952
0.9594308094659996
1.2228911079438505
1.2318544672294796
1.2371568251913516
1.2397952152463227
1.2352280644364462
1.2227230343963191
1.1906725416954618
1.1519321225045647
1.0686582865379974
0.9722722749822229
1.2616324610275507
1.2789916876653156
1.2835141109969195
1.2836829277380424
1.275586377630676
1.2598501691541961
1.2197248261068654
1.177985013979227
1.1088876510693402
1.0863674428038237
0.9798837182303408
1.289322341247313
1.3043965683838172
1.3072525684856695
1.3061748270406839
1.2947802723632489
1.2772730844420233
1.2351740822887474
1.1876297641845894
1.0887203154779077
0.9759701634820004
