0.3505228878344793
0.3592856571166954
0.3577741188430928
0.34207702714349214
0.32276699094095485
0.30546133970365363
0.28715005513841474
0.27058184825443016
0.24651377585328466
0.21079866691579421
0.38752860814531465
0.40051901796716427
0.40498963494672896
0.406989705293863
0.39477151753446
0.37319118384126704
0.35258742905480994
0.3304237660458981
0.31027306088588646
0.2901268147969229
0.2705342793328155
0.25418588184483026
0.22260950941550842
0.4269681058051958
0.43283904802079554
0.43754850854587773
0.4429400410618333
0.44410683933080325
0.44120371366817646
0.4197294480241991
0.3964594620492603
0.3706982959134525
0.3470772126229638
0.3234124436130727
0.30038736251637255
0.2811770539643756
0.2269126359332425
0.4639522418316892
0.4751178221797446
0.4777263617486589
0.4817258958694286
0.4830092351841072
0.48296054509663366
0.46641243112323
0.4414120162076484
0.4121304039803433
0.38486973471018904
0.35744482755664014
0.33073637379481596
0.3084569984935348
0.28568279174266087
0.517139884942563
0.5237051276200682
0.5287118300633541
0.5340919713356491
0.5351244028699854
0.5329546692797041
0.5101485811660756
0.4766605767684675
0.4438298953522712
0.4103467816400438
0.3776246323761973
0.3503277321942057
0.32245560008280605
0.29771924135425887
0.5543523288270329
0.5610146652214698
0.5661337970198064
0.571068979563432
0.5720763558886649
0.5727308562453933
0.5600381565222627
0.5259857908139294
0.4893620373087257
0.45117925815530113
0.4136401989695087
0.3822977467078733
0.3503212212721741
0.32196775938791894
0.5562656816741764
0.517821604862504
0.47678285071956983
0.43618020393706214
0.4022384202712922
0.33694545875891124
0.5990914705700439
0.6117459596223052
0.6157833957818414
0.6156284866582371
0.5899048632879688
0.5503315318938672
0.5062233403894095
0.46209376900530386
0.42511328110093405
0.3874001499609656
0.35400596996402434
0.6258805030687753
0.637648453774338
0.6413673512563672
0.62894525459061
0.5904823699959492
0.5431515708555116
0.4946710720561821
0.4538211934072563
0.4121418057039889
0.37525796115883814
0.3391682041776121
0.6461818811216861
0.6566856963779433
0.6603109424514763
0.6556577617229201
0.6229008777876289
0.5738766421044835
0.5219366721050621
0.4778243027336754
0.43278201964868646
0.3929235515279061
0.35396945191103096
0.6762819291740826
0.6790427191863115
0.6787931524878845
0.6749089963882968
0.6568987524955054
0.6406309034644477
0.6078806908801565
0.5525109570297426
0.504805555214045
0.45590971313342576
0.41266374619372986
0.3704439462722602
0.6850689534986123
0.6939754908217908
0.6958271532997097
0.6875075448806861
0.6422302133047643
0.5841902185817494
0.532880573613386
0.47998849208716576
0.4331564283495841
0.38748668770289
0.7127492603316545
0.7139609083544561
0.7132546726516685
0.7064917948655114
0.7019480254572124
0.683396128911225
0.6576754592831893
0.6245456670536315
0.5691019603757029
0.5111209244279625
0.45966031690850434
0.40936038802934843
0.7266296786324807
0.7273027153021537
0.7249495442795514
0.7168141286658851
0.7041722770772237
0.6840155619874543
0.6628486244778248
0.604562544213915
0.5418323199300741
0.4856822125221217
0.4309595167252607
0.3537990957029621
0.3550713566308855
0.39401454621346926
0.40032686523597666
0.3927990830677739
0.43557912941944893
0.43696584868231253
0.4746398572339797
0.4639286195621683
0.5207019036543198
0.5258179774069468
0.5078454081994211
0.5600483857555961
0.5551398685531083
0.5644571485104244
0.5805224216870625
0.5902680469907958
0.6028628406448658
0.5862165660034079
0.6152580845076029
0.627323694752662
0.6221097654891343
0.6426739745547598
0.6451172453813675
0.6194863825507454
0.6510058126773942
0.663569377144124
0.6786949870741109
0.6772518625189478
0.6393386176781513
0.6963814259709138
0.6776072200801646
0.7055152496243606
0.6598315655992476
0.3253868923692176
0.33291203959972115
0.3546628370604274
0.3628098117987966
0.3680422138186556
0.3993390597450217
0.4082735039874074
0.4137714583731301
0.41653972374934994
0.4163390215624093
0.4463872107151797
0.45581776429326065
0.46130858216942355
0.4638321728706156
0.46277038122747455
0.45336147879698413
0.4798583229137335
0.4893937182842523
0.4949032067264069
0.49659292163255214
0.4969344653062247
0.49659295161576705
0.4952796518914519
0.49041385115095415
0.483818389574898
0.5123681364746052
0.5221832871510645
0.5272156717259956
0.5287468739434171
0.5280157003200173
0.5262298905274936
0.5201234924721172
0.5127344096339914
0.4969265477619289
0.48041549527842453
0.44664315327548443
0.4308290004228738
0.4078438322264584
0.5511324879511964
0.5604763955101634
0.5650114836415957
0.5658230493717705
0.5655865845983629
0.5638974624355967
0.5618358898409811
0.5541138243728013
0.5453256470956827
0.5295875548914062
0.5079431312538717
0.49261179165533936
0.4698267426983895
0.45137480319972617
0.4261089420693937
0.573896664882354
0.5827908862659178
0.586835472261183
0.5866720228273535
0.5848809775004346
0.5818688974901418
0.5730966429472863
0.5633003513075552
0.5433798518457525
0.5226548064968999
0.5058905864023229
0.4812501761166083
0.46202923943191254
0.4344652750274043
0.5998926459263532
0.6078801849657872
0.611159646803958
0.6099024319204475
0.6037164657930876
0.582575581190338
0.5378808096702815
0.4926126563312311
0.44195886931026007
0.6216620527146498
0.6268065250331833
0.6263937456709828
0.6221113662996649
0.6174204852158801
0.6063027433675209
0.5938208519162814
0.5704360320076772
0.5460548824999802
0.5299896810301956
0.4978679346798865
0.4771318600719071
0.4446846003471396
0.6379804682587706
0.6439912682185063
0.6450508961128337
0.6413082088946235
0.6367043577589687
0.6325637905644496
0.6197082409449058
0.6057719065154755
0.5782173849205474
0.5529497131146173
0.530093867227772
0.5013569803936443
0.4760486317910299
0.44395155650745505
0.6492237453936746
0.6540289305790502
0.6541148421813741
0.6492719223376197
0.6445873659888949
0.6385751545088345
0.6243411693925397
0.6100610742545257
0.5820528194219824
0.5540153889275168
0.5361760351737216
0.49934121630898765
0.47367716735502813
0.43954512303338966
0.31658714588474024
0.3246803466253181
0.34464791767503355
0.35338876806023023
0.3588504280742558
0.3873184739144332
0.3967445305192031
0.4023808980544042
0.40235069639286314
0.4318980251415809
0.4420334072963591
0.4457642103458401
0.44745973440108255
0.44598259758513814
0.4636702907420664
0.473553075839773
0.47682522180901576
0.4788940183194112
0.47922134584739196
0.47605966150985707
0.4659973607827469
0.45292932024908805
0.4941427394682658
0.5042553856424873
0.5073880400443863
0.5090879723500517
0.5084806422078351
0.504579909303811
0.49255062325348287
0.4779567472636165
0.4458214543255945
0.4076045254068895
0.5302302812112833
0.5398606716369332
0.5429580844633672
0.5438722491444034
0.5420293795793014
0.5368433866748463
0.5246491453543328
0.5054057111360546
0.468979663081122
0.4258644883282883
0.5513879448644757
0.5602403928848395
0.5626393354562881
0.5635596790818672
0.5608145700764832
0.5546919321017041
0.538764252017366
0.5200910247470294
0.48040628317423534
0.5751058236277667
0.5831392170904256
0.5851873710545334
0.5738777096888802
0.5352950258602978
0.49177042558431655
0.44172006472151093
0.5948822326709395
0.5979143758798333
0.5991935060273128
0.5988683905132363
0.5938162247880493
0.5852226382056486
0.5657996893969406
0.5434990844852977
0.49704364275759716
0.44445073030819926
0.6089724538203299
0.6146744574959574
0.6151448207776417
0.6140782405418296
0.6073267364687243
0.5972427494559749
0.573823230825314
0.5504693248554786
0.5127243005743981
0.5005566099106294
0.4437284942547417
0.6182069869760323
0.622813454012662
0.62268944721304
0.6206619596493462
0.6123806518297094
0.6016801954219234
0.5776448008745438
0.5515916255331628
0.49857256568393565
0.43933306328355337
