0.24799772151417934
0.25298098000930624
0.24799202230665024
0.2337060811130124
0.21711229208717375
0.20253665301513432
0.1872927283277339
0.1736241812336405
0.15394771188158046
0.12507916202846298
0.26830157573152785
0.2758374731910772
0.2779590040427126
0.27759495187769473
0.2653121501551862
0.24689648658707053
0.22990440622050082
0.21191351044725334
0.1957353514890839
0.17971231397541854
0.16424438841550554
0.15142081267827423
0.12686891323802585
0.28946849610058445
0.29282535457406766
0.295381027785774
0.29795539760971124
0.29837725086583616
0.2924879076643576
0.27385019316731396
0.2549156536809507
0.2344161325133964
0.21587306913149823
0.1974935736434165
0.17976406066224057
0.16508417343688656
0.12416745989888962
0.3083665883357484
0.31433063004038886
0.31556767850738066
0.3170913957245197
0.31718583956385044
0.3159425013282206
0.3003904608646752
0.28012570712617135
0.257209809368042
0.23623916180159968
0.215402805613468
0.19530916430774534
0.17869255511407195
0.16185127518520337
0.33400167344635656
0.33735936595345845
0.3397282476581118
0.3417846390400769
0.3419824257039328
0.33720644574836967
0.3179095992552982
0.292075512094652
0.2674710616446113
0.24277963937871133
0.2189354717897201
0.1992463991567088
0.17934084000133396
0.16185149501948343
0.350696011878349
0.35395304011129813
0.35622361184693596
0.3578368325034125
0.35791850235420436
0.35729733500654764
0.3447048312353902
0.31824694002346504
0.291193998512086
0.2635778952237787
0.23680538487723984
0.21470645378821307
0.1924024152287496
0.172856375651554
0.33411076039161514
0.30586084100375677
0.2764867730876344
0.24788104134897906
0.22425743676457777
0.179574603231153
0.3692467439068148
0.3745379795237299
0.37506022076653756
0.37354226451892536
0.35153289577205926
0.3224670759988536
0.2912114845708992
0.260515858512848
0.23513306093017536
0.20955807235402635
0.1871868871332038
0.3793391817225402
0.38394345123860113
0.38397978754240675
0.3714129120176427
0.342751043422978
0.30950817631726807
0.276260563843651
0.248653416483632
0.2208705817678729
0.19659191940699106
0.1731090774836885
0.3863558426296781
0.3902615236085794
0.3902348146027941
0.3841842182555529
0.3589275554201586
0.32457882380194364
0.2893205718559823
0.259872303026973
0.23022773680234673
0.20434272647275847
0.17935238329739345
0.39587654827353363
0.39567868047660903
0.3942253447839295
0.38999973678009436
0.37563146676005793
0.3638498255818372
0.3410936148331878
0.3038280409468877
0.2723737827390331
0.24061356568899236
0.2129250877124975
0.18622296405503258
0.3975325745687008
0.4001960000528679
0.3985149051026378
0.3903266430774174
0.35758448193086445
0.3187234849921313
0.2852610399075161
0.25134153767701833
0.22174551263720813
0.19326886570417046
0.40321238203123316
0.402236985640592
0.40069816293867366
0.3941894794324082
0.39056069240809826
0.3770062385639668
0.35938818304486114
0.3374743757446363
0.30171234019316545
0.2650593775018482
0.2330336376122482
0.20222175050953212
0.4035731020752992
0.402447794521767
0.39921621905760196
0.3922718288541629
0.38289995128961857
0.3691070290018496
0.354992709779614
0.31759388691205515
0.27839814452586087
0.24400083982188817
0.21087150689556278
0.24834251505041333
0.2461256254767663
0.27049242740318113
0.2730939398731949
0.2640021831331204
0.2920146437716077
0.28972482931920174
0.3106144913491522
0.2988277804380343
0.33302928520646824
0.33282274121933086
0.31651890757085516
0.34965461207445575
0.341795365196285
0.3514484164463526
0.35499172677782803
0.3619233106319432
0.3661092321757155
0.3494269805328198
0.3710659362055671
0.374760503885099
0.3675569236676702
0.38030493130126136
0.37830030610633836
0.3570563989321036
0.37243408515437554
0.3846120904794719
0.38922878595055926
0.3848158937010248
0.3560642229734426
0.3901960311648952
0.37399801643599734
0.38646366192150483
0.35347874686183534
0.22759089512314132
0.2321039970936429
0.24364526068299114
0.24835797230287818
0.25103616706290305
0.26699356789528556
0.2718869390320223
0.2744627699151596
0.27508894600666034
0.2736426154404506
0.29004527212118253
0.29486676487746755
0.29716892780071597
0.2973471620729794
0.29513620446102523
0.2862487699137842
0.3053959644378483
0.31001173883993105
0.3120649068975763
0.3121940595078301
0.31182743063417306
0.3107947080034409
0.309113476515967
0.30440963749848016
0.29877995603897584
0.3193352718988597
0.32378349435864207
0.3254036185135277
0.32463867807143193
0.323306085527581
0.32129870061985555
0.3157392728039652
0.30966627324106527
0.29741326864018774
0.28507533200110574
0.26046203880674745
0.24909292188786195
0.23273286730922338
0.33448906628876474
0.338361734128365
0.339368284590483
0.33897098252766006
0.33782929123180244
0.3356873734976138
0.3336559886485587
0.32705501472272636
0.32017207523602104
0.3084247246255215
0.2928027398099244
0.28193560145478375
0.265999548498527
0.25320267976324845
0.23585585969958806
0.34240247943640095
0.3457588011968828
0.3463997690277915
0.34438874990787327
0.34230459359262017
0.33945915098155865
0.33226431708109017
0.32482081402911095
0.31034845926613547
0.2957430543678738
0.2841495500039153
0.26728059393407805
0.2542668828445262
0.2357547083232543
0.3502310035263434
0.352847632547255
0.3528225437083057
0.35006055148639303
0.3443141002853701
0.3282870839313122
0.29727947738011123
0.2669902335473201
0.2338175387511412
0.3557528722705254
0.35603551468479944
0.3544545280234373
0.3499442910581072
0.3460407751792261
0.3375991727000075
0.32865960800406574
0.31259950378177054
0.29627372229496407
0.2856814270101384
0.26474804391988116
0.251378984275138
0.23063806044189347
0.3572200942200226
0.3582923087202123
0.3568197652087464
0.3525083722919432
0.3486098324932462
0.3453883998638553
0.3361643165475054
0.3264415686459197
0.30816466614252125
0.2918305473941995
0.277216928916281
0.2590680860282787
0.24324573553476486
0.22338947540733753
0.3566506737025372
0.35701432679950007
0.35497984453561826
0.35008019690750974
0.3462914198117566
0.34179156696550406
0.3317950239105356
0.3222477837670354
0.3040249238580221
0.28630418505929583
0.2751418189896373
0.2524218553334956
0.2367078214901878
0.21607344245696639
0.2200354640130064
0.2247942062833759
0.23522829776876297
0.2401773464053319
0.24275034559730624
0.25722521722212327
0.26225055591073154
0.2646374794104542
0.26196475395747526
0.2787134783824735
0.28373658139778324
0.2852250495449966
0.285629660876505
0.28171809320818303
0.2929924419047141
0.29761939474381227
0.29881573976014125
0.29921348067239034
0.2976877543711012
0.2941486639275072
0.2853972643756742
0.2750097367172734
0.30574703144104803
0.3101606114968839
0.3111445981706204
0.31122278651923296
0.30895287131147964
0.304930658206732
0.2948984674555597
0.28367652523921993
0.26000426316621306
0.23260305716330254
0.31938997763594346
0.3231326056538909
0.32376640511238397
0.3234551266027931
0.32023856200265044
0.3154158585060664
0.30568141129038895
0.2914102379431575
0.26554473880541724
0.2357282536941687
0.32647331146698494
0.32961067827605034
0.32990749014706333
0.32928798186897795
0.32548759092530566
0.32009995276807274
0.3078452422415198
0.29436951233510195
0.2668382032459773
0.33309929119280396
0.3355047425031907
0.33430265265283576
0.3236497970551087
0.2959322099473398
0.2665618580993716
0.23369977061574487
0.33762229834463225
0.33814263770972297
0.33777531629259905
0.3362276296234856
0.33104137935526917
0.32417477283856444
0.3102092636536581
0.29497187584472795
0.2643385889484148
0.230525579063297
0.33809099406381815
0.33876088767133544
0.33752584815719755
0.3359031846765069
0.32976485456508475
0.32213447741157275
0.3059749207360225
0.2906090759049525
0.2663735417859841
0.2586843554474762
0.22328620831236956
0.33675679582828233
0.33673704245175606
0.33528957926542907
0.33282753731069104
0.32585680378838305
0.3181178094746465
0.3018805584064717
0.2851406333100392
0.25206314948521286
0.21597810479684204
