0.2516313541622072
0.25569952362786813
0.24764509923113176
0.23083614251628592
0.21194147459500892
0.19554490867758378
0.17854753101789364
0.1634193927433899
0.14182052256107097
0.11051604954137037
0.2686630022103078
0.27505930576390436
0.27643937600080887
0.27476485764480285
0.25969877188318863
0.23883971379448632
0.21997315123175867
0.20020525888240082
0.18258435400075151
0.16526593897246716
0.14866679265102042
0.1349970387132284
0.10907424866111579
0.28606125349571426
0.2889016660413817
0.2909456053035761
0.2926851829791728
0.2928299106989155
0.2841793244870695
0.26292476269079224
0.24207530190869142
0.2198092701854622
0.1998783387866758
0.1802841442504409
0.16152990180337748
0.14611446146058907
0.10372972064998416
0.3009941454992073
0.305751921205088
0.3065973218936559
0.3072646113303821
0.3068129123322714
0.30474128537169876
0.2864010123506513
0.264159938717152
0.23951349356193516
0.21723118756559753
0.19529511025403803
0.17431873890941907
0.1571076564098223
0.13979748033158798
0.320249035401257
0.32285049595926885
0.32451670623218853
0.3255048798113889
0.3253692664665806
0.3184749429705247
0.29689329227943184
0.2693601085743022
0.24360258097535561
0.2180422735668742
0.19359247401915355
0.1735761926819608
0.15351021160647013
0.13603465510259893
0.33194784095579505
0.33438036010769473
0.33587062634562914
0.33637412943554795
0.3360771708080697
0.3347880846757277
0.3198116955808719
0.2915416199622298
0.2634527343224529
0.23517605226172014
0.2080501748511344
0.1858633922575994
0.16369135704891472
0.14438900658511497
0.30489187148600627
0.2756517712761955
0.2457496808538138
0.2169602256123501
0.1934075893279382
0.1494756058296031
0.3438626410895144
0.3471308488994972
0.34631808774956385
0.3439682789609493
0.3194558560498402
0.2893886527853984
0.25775436546231617
0.2270793961133147
0.20196670665621835
0.17690875191519712
0.1552022595822934
0.3495445498465495
0.35214787292283356
0.35074197158760184
0.33590428777312237
0.3060631778602825
0.2725863702763405
0.23962007576161756
0.21255957764825364
0.18557092033511347
0.1622356218919765
0.13989013412457244
0.35296430993429995
0.3550068175416472
0.35357671503089305
0.3459522737028574
0.31926083590536636
0.2847274867279675
0.2499613434473699
0.22128076313233683
0.1926899593164196
0.16799197468300583
0.144387821068486
0.35666221902282585
0.3553265778826853
0.35317939515320784
0.3481287078176598
0.3327464410089567
0.3206957778050335
0.29793566003058003
0.2613704902378084
0.23093179229285984
0.200534326957023
0.17431086978372493
0.1492890342792078
0.356269903207513
0.35710483786374486
0.35387751961740527
0.3444235891611775
0.31102348674167035
0.2730083852136088
0.24082135748237699
0.2085770019224424
0.18076557754462505
0.1542696847362673
0.35535412418298407
0.3534451249533062
0.3513544459263128
0.34397741324411985
0.3400854312308001
0.3262693214290611
0.3088068058305474
0.2875374370860693
0.25332318508867646
0.21877302847613322
0.18891725429966286
0.1605218274268334
0.3513692700157645
0.3494777507222558
0.34546339508477064
0.33793300906703355
0.32830704546144307
0.31454355078346663
0.30092590731466895
0.26527570026315955
0.22855813861106972
0.1967341805247987
0.16644891872657225
0.25042820499900026
0.24579542479741748
0.26909181323442366
0.2703578623911445
0.2584317206366754
0.28613292212708397
0.28153335980437566
0.29968924312238693
0.2849377048525445
0.3170299266098448
0.3144220974817288
0.29562307381349134
0.3277968455628552
0.3171772752913572
0.329236803519743
0.3282439672557794
0.3357600097001415
0.33730869439646144
0.31759490903125326
0.34068519290663757
0.34182013585717985
0.33251849403145145
0.34485612122335785
0.3408157655860111
0.31764883285005635
0.3300058477537658
0.3443485189299636
0.34591116410939193
0.33972525476618515
0.3097470144872288
0.341562915606648
0.32375981425865874
0.33311636549995327
0.2996918319434946
0.2289793092213101
0.2329066907077853
0.24237356464021237
0.24636662273260634
0.24832651221043248
0.26113012187144663
0.265105468903704
0.2668140952321881
0.26653676710817686
0.2641834977058212
0.2786618018141204
0.2823657806638504
0.28368469830998605
0.2828358900747555
0.2796496698262926
0.26920678845818724
0.289648470471723
0.29302098126210835
0.2939657303735389
0.2934377776938316
0.2926909867799724
0.2911614681035705
0.2889888396670004
0.28344133826762585
0.27714001219594553
0.2989358322750982
0.3019730512057106
0.30247246808642286
0.3005926228144803
0.2987715551999626
0.29629674958278973
0.28993218888364913
0.2832811658590787
0.2702418744824264
0.25736973118774803
0.2320778852673123
0.2205041784492678
0.2039669128519452
0.30793435229744825
0.3103265776664665
0.31011614007056976
0.30916979490507757
0.307467427010233
0.3047705550349632
0.30239234024999007
0.2951032025154658
0.28773557076397427
0.27551450109961134
0.259557639970049
0.2485772099471107
0.23262162658495453
0.2198613620782971
0.20269956471632608
0.31183258302514066
0.3136242096414248
0.31308758592762365
0.3100148855693767
0.30747803704990023
0.3042118423505533
0.2963988554011205
0.2885947740049191
0.2737816245473265
0.2590816195032356
0.24753336792744685
0.230850354189582
0.2180761082203905
0.20001014994533234
0.31458104185399666
0.31564324596963317
0.3143957180784662
0.3106308980101165
0.30412402047444725
0.28740388666883554
0.2564943572194917
0.22695536836464614
0.1950530598871518
0.3153826000056892
0.3139733919186407
0.3117325180895337
0.3064435802500009
0.3022194957945409
0.2934293295752469
0.28437715023501825
0.2684749682131183
0.25253583638576194
0.2423077867390973
0.22220747023181128
0.20945961111675013
0.18983353465897979
0.3122104066126934
0.3117847359683495
0.309239337713702
0.30409804991357803
0.29988376433107516
0.29650666547649307
0.28704963310452847
0.27752527819445294
0.2597782220235222
0.24414272449700278
0.23030580615875412
0.2132210629136278
0.19843129207692578
0.17996320478403288
0.30781069290860336
0.30675345906616824
0.3037367859521336
0.29815480002587097
0.2941298273290519
0.28949126275043363
0.2795649480139891
0.27023371910215094
0.2528009951470355
0.23610234336248753
0.22565697116167868
0.20452957180209094
0.19007717671386543
0.17119879306553162
0.22032029845757004
0.22438555779873323
0.23286032970739734
0.23696811559949063
0.23863261079517445
0.2503136265257836
0.25428877046336673
0.25562479606819954
0.2511257104532336
0.2664126441785571
0.27014377673360956
0.2709164409671789
0.2708202412067742
0.26503207367195647
0.27640579426691586
0.27965529105291176
0.28019098864696906
0.2799424991463701
0.27732515303896843
0.27294329805014306
0.26308803498253014
0.25187843675253363
0.2846663677942149
0.2875245685604727
0.28781741216170276
0.2871929057778455
0.28384734707601805
0.2790609265722375
0.26801735144336425
0.2561412388574316
0.23168180398686733
0.2038567197441799
0.2923868878373483
0.2944750264164504
0.2942579098287151
0.2934125114601736
0.28910229591881487
0.28358590187091737
0.2731367958782785
0.2583610643320592
0.23223680222510967
0.2025937572237932
0.29563428752263815
0.2971209494388077
0.29668600905915726
0.2953769597693974
0.29054062827678695
0.28453134369013067
0.2716438461548081
0.25791642855603464
0.23048154571966575
0.297403229518212
0.29815335263416815
0.29557444827786483
0.28348101615514576
0.25537304654648174
0.22660492017520614
0.19495882092175548
0.29744808068580164
0.29720211803026203
0.2961601532558287
0.2939494001011223
0.2879305368517748
0.2806347779984433
0.2664968552719263
0.2514676324345011
0.2218774534531241
0.1897449521905926
0.2936165526265507
0.29268748187206917
0.2907001546581411
0.28867966035622006
0.28187511018427003
0.27400396784304154
0.2580048374952595
0.24316206302958288
0.22015593623338667
0.2129188040958576
0.17988394205539096
0.2887623003667623
0.2872391545073772
0.28515392418735114
0.2822161461838816
0.27476067028464823
0.2669082417227258
0.25109143929714883
0.2351835605021168
0.20425211543960153
0.17112703465095067
