0.5902167569651414
0.6057716543413797
0.6062172018385904
0.582386839066956
0.5523831536273017
0.5253105805697607
0.49661490601893454
0.470655159530799
0.4330750015054565
0.37808824677442004
0.6615485158596414
0.6848081731360871
0.6931987141230589
0.6980088103672181
0.680317714558174
0.6464852295153329
0.6137521681488931
0.5784129518717915
0.5462535942914332
0.5141351953813118
0.4830287996446043
0.45723610778852347
0.40811119567569887
0.7378469691907296
0.7485127479125254
0.7571843838608784
0.7674080719967822
0.7697372127263942
0.7680546709603181
0.7345034397889173
0.6971140795866128
0.6554362880151084
0.6171477687166015
0.5787898339538338
0.5415822289878452
0.5106928419730593
0.4249459682302164
0.8109459122941867
0.8317978723937497
0.8368050364797118
0.8448199472277306
0.8477345763561808
0.8487487723983221
0.8238669122734699
0.7834154866816548
0.7354452367611289
0.6905929478240801
0.6454379919074562
0.6015497767605791
0.5650766040175407
0.5279872168934534
0.9183983330422748
0.9309664080828642
0.9407472117301684
0.9517035158728963
0.9539927427443107
0.953313898338738
0.9169404713331893
0.8612994068920427
0.8062009091151248
0.7498625044568162
0.6948131545529891
0.6489928610672161
0.6023605903465814
0.56116738340467
0.9953534398983673
1.008341985932365
1.0185651792701458
1.0289941618840177
1.0313580382964396
1.0335572858759041
1.015218887268841
0.9583406498061341
0.8961385500595614
0.8309377884970093
0.7667753398636861
0.7132583471832015
0.6587731863359012
0.6106093644908187
1.0182538625460333
0.9525831850672422
0.8819317182823475
0.8118962615981998
0.7533702741077293
0.6410695519620353
1.0898078587047384
1.1156284039706101
1.1250473770041858
1.1261940206624173
1.0851172828378264
1.0172450390249361
0.9406752082941389
0.8638156109953372
0.7993807576623704
0.7337228152239534
0.6756678038480085
1.147495227206068
1.171953098095594
1.1811304745764344
1.1631973284487287
1.0973396805515174
1.014479812409138
0.929114700911783
0.8570814387748298
0.7835866522065437
0.7185948980160991
0.6551760149799167
1.191886524459258
1.2139701078130873
1.223017438553631
1.2176405558110024
1.1622197663637568
1.0759421092341306
0.9837638476932776
0.9052930849486603
0.8250747653987363
0.7541176254791652
0.6849114225525685
1.2580037296601652
1.2650913693412762
1.2659328311416955
1.2605780913126494
1.2304872373660496
1.2021120617873733
1.1440764270990111
1.0450312296142092
0.9593600582312917
0.8714479104766137
0.7936452505163799
0.7177999896528277
1.278954997405939
1.2983534905780767
1.3046697403044414
1.2922507959287144
1.2129310117412908
1.1084545570728568
1.0155318770758326
0.9195373206460256
0.8344632568992534
0.751572031606362
1.3423708928084193
1.3463443843469294
1.3461084921577011
1.335768129798366
1.3281144249177232
1.2955726578549664
1.2493665806983372
1.1891504516886957
1.087806885280968
0.981456852238963
0.88682824448794
0.7946473788005932
1.3762394679257082
1.3789452751215507
1.3762177399583653
1.362750481911954
1.3405890131061124
1.3042768012311594
1.2656347354523052
1.158354479416842
1.042274997668226
0.9381551766849392
0.8366502317169806
0.5971438196325722
0.6016491439589813
0.6743866590964817
0.6865556461186221
0.676903908359747
0.755450484771758
0.7606163665221958
0.833948600089085
0.8194187168653058
0.9278125385233276
0.9403087558630014
0.9127166323898583
1.0101551492607477
1.0059700292070985
1.020838868044417
1.0566884451346568
1.0753695517924438
1.1022046145224416
1.0781413456583424
1.129562380489517
1.1556856400359576
1.150176005352565
1.1892966131297793
1.197448219263227
1.1556434134250777
1.2190821625634767
1.2384835204450106
1.271437544964169
1.2723151271416504
1.207280525334355
1.3146091112680913
1.2844024990396155
1.3405163775513727
1.2596741846670858
0.5500270566244486
0.5632389375131894
0.6059276918970251
0.6205064932847001
0.6301553513328014
0.693061236988174
0.7095069369687516
0.7200298692560623
0.7259239074771635
0.7267264781328441
0.7872373403649848
0.8051624497347076
0.8160819395360517
0.8219430682324255
0.8214966747478634
0.8074719929710543
0.8557858138503412
0.8743448789385327
0.885669895339902
0.8896294580763183
0.890816838782352
0.891013897415978
0.8894859816336319
0.8823444312552948
0.8719290115863524
0.9237105814735492
0.9432753628202589
0.9539745119433505
0.9585289828918173
0.9580692747832464
0.9557411355277861
0.9464364429886748
0.9345005685895951
0.9082733879699083
0.8804272853894564
0.8230201804492004
0.7960751585041347
0.7568398469914387
1.006520768162425
1.0256596277359729
1.0358941427047952
1.038327974590456
1.038929009985639
1.0369735887233802
1.0339593904596125
1.021747176212048
1.007159608472716
0.98045415413368
0.9432256873127073
0.9167045717022722
0.8771223756953617
0.8450632498002123
0.8010604433287641
1.0563475630569608
1.0748594549985904
1.0842863743606268
1.0860114409854364
1.0837532142661699
1.0792248191452536
1.06496172328368
1.0484371127178005
1.0141116588907257
0.9779835923196124
0.9486024795550086
0.9053149592650889
0.8714622428453797
0.8228629369207257
1.114105257420101
1.1313668659066318
1.1396182089857574
1.1393586313217747
1.129971591777778
1.0940474424098845
1.0152840888013932
0.9346245304918108
0.8440728632935428
1.1633286936330978
1.1758871757115046
1.1765177360106844
1.1705153492546738
1.1628723454786334
1.1439152539596447
1.1221102010380475
1.0805446708165032
1.036878911777864
1.0079687923058316
0.950050001822193
0.9125688474981053
0.8538581384284905
1.2026876563953641
1.2164631441481315
1.2205747297766214
1.215627990345409
1.2081318622774126
1.2010872068143768
1.1785473404306912
1.1537108768792643
1.1038702473350164
1.0578446331716438
1.0160009853800192
0.9634111288869311
0.9169824505372816
0.8578027503478421
1.2305919271093924
1.2421243997010347
1.244240557075581
1.236999579907052
1.2291130400102068
1.218699341049134
1.1932951044241904
1.1674103142086294
1.1161956364089594
1.0644735421661091
1.0315787511604992
0.9633886284234269
0.9158131939673541
0.852546244077943
0.5362492446980108
0.5505437860682906
0.590027416935597
0.6057763107784319
0.6160457066129563
0.6735889642772603
0.6911063683214054
0.7021248675264279
0.7044709999243028
0.7632296287754151
0.7826891518459546
0.7901980919944834
0.7938706650941728
0.7940997533215607
0.8286293966537334
0.8480384412265769
0.85480915935824
0.8594428329698983
0.8617770133337019
0.8576456558874375
0.8419719232626801
0.8206621298631344
0.8926440899935782
0.913027069897743
0.9197084869441514
0.9238283481532151
0.9247117972012423
0.9192537494521756
0.9000605655268974
0.875795842693373
0.821460434362759
0.7563810319142997
0.9702395572151533
0.9902803518980263
0.9973315985970296
0.9999233455189617
0.9987986840355924
0.9910198919813555
0.9710281738236789
0.9383613569168451
0.8754868208421294
0.8005838247789957
1.0166879007696923
1.0355215809418874
1.0412288166784367
1.0441810252421622
1.0414040692306403
1.0318937678532767
1.0052107386244478
0.9730221532052274
0.9036699300938843
1.0700215862854963
1.0876453575056617
1.0941025407683183
1.0771467677817304
1.0102271279190758
0.932966147795394
0.8435985167552591
1.1152130780761658
1.122128809339708
1.12586234086699
1.12669086868021
1.1195195436758099
1.1052821196050207
1.071444180645593
1.0318470478918016
0.9484002359341304
0.8533911427898413
1.1497842732769143
1.1633011733266154
1.1657399121722325
1.1647169204394827
1.1541514688038792
1.136880302271005
1.095177353421427
1.0529257703557164
0.9841949164094808
0.961815892943883
0.85735548808133
1.173431776559226
1.1847676805885095
1.1858606035903603
1.1832943561766667
1.1696259507354076
1.1508069025170151
1.1074450753113465
1.0596528591022296
0.9618537955911668
0.8521208542107955
