0.480092245358906
0.48591706081136066
0.46483177356750777
0.42845063224301266
0.38858754317021227
0.35444981741718234
0.31936210073328375
0.2883845061993794
0.24457947606075867
0.18206171720833594
0.5071642859403016
0.5170396968357837
0.5182329368146155
0.5126081601514757
0.4790391339815824
0.43521078092391047
0.39630650965680586
0.3559723277546195
0.3203333091770535
0.28560146048299484
0.2525934056439068
0.22563421670953224
0.1751323294750962
0.5340883568281624
0.5385002249950975
0.5414182082364116
0.5431701111629226
0.5429360597941492
0.5215703689807195
0.4766979441773843
0.4339659366787919
0.3889384189953982
0.34901788714732934
0.3101319999717655
0.27324509017855303
0.24318986869414416
0.16200094843365942
0.5562345200962661
0.5630779481004687
0.5639875945260915
0.563727198171389
0.5619020065275907
0.5564986350211294
0.5168783496903903
0.47139813487022286
0.42191045872916433
0.37768175443674246
0.33455973722541865
0.29371110789829835
0.2605005255142756
0.2274039076162155
0.5831305391828397
0.5867753709503661
0.588739844291397
0.5887812615309153
0.5879540093794999
0.5712694445831595
0.5265561963717899
0.4716170316159212
0.42104614595166917
0.37147920686816205
0.3244491736829716
0.286359384259181
0.24853756420511447
0.2159350327392438
0.5980031912604916
0.601244477315727
0.6027815792003444
0.6019100990925214
0.6007132173267473
0.5971762233438382
0.5648636991659999
0.5083705420231038
0.453549404926408
0.3990950251579875
0.3474326169974354
0.30560140837666716
0.2641671818024145
0.22855099017728192
0.5303886364335779
0.4734519154905655
0.41612618724393824
0.36156694939974987
0.31739536051784195
0.2362440255608454
0.611178505689528
0.6141951083766263
0.6105499114177658
0.6047710635621738
0.5543585153334576
0.4958288533560764
0.43542310165127934
0.3775915329480451
0.33075270811906443
0.28449174885363415
0.2448551603783517
0.6158883107838212
0.61775287806375
0.6128748429535967
0.5812371872887832
0.5228962025488741
0.45920492937564344
0.3974059932836464
0.347247019856459
0.2977581467615807
0.25543753085317494
0.2153675039840171
0.61751983260672
0.618608551681926
0.6137925942287076
0.5969787644133356
0.5442249622698541
0.47861595211319735
0.41370435443728065
0.36081835921429256
0.30863610282344955
0.2640807554690362
0.2219789688452466
0.6166009497498579
0.6123978944727276
0.6073401559565491
0.5965414770766888
0.5659180157573719
0.5427115967564852
0.4996527615100678
0.4316211156123531
0.37574939511303085
0.3205740717418806
0.27352154216125224
0.22914037205619994
0.6135585724091416
0.6125419649023125
0.6042306144087453
0.5845372370350059
0.5204230988370371
0.44985151101879944
0.3910218599104384
0.3327864245504854
0.2831423518704723
0.23643267057302667
0.6033748901533966
0.598521318346419
0.5938471416604231
0.5786760990788273
0.5710555995855529
0.5444716391379412
0.5117480821331846
0.47253576613529924
0.41025194611674487
0.34820762901037616
0.29524241115190164
0.24542694303365256
0.5908124882508162
0.5862093884879055
0.5776179607256322
0.5626201703043742
0.5441560811845931
0.5183811256519998
0.4932800000016018
0.4285603083591852
0.3629334972209941
0.30677033662107206
0.2539870996961951
0.47477984315821214
0.46139000124902463
0.5046087033325404
0.5044767659867012
0.47672918751682847
0.5296626693755951
0.5167792495358796
0.5474132406508507
0.5142788147415037
0.5731545051332712
0.5641289574748467
0.5243445283659953
0.5849488868601453
0.5603014980861093
0.587748092617913
0.5785909989771405
0.5945151262842004
0.5933118622268435
0.5511981965320898
0.5981047224406726
0.5961273585237267
0.57550807909562
0.5990062174912931
0.5883141905190763
0.5415386926268803
0.5613661315319399
0.5923184811713483
0.5909592933395041
0.5767545114782765
0.5183382426316351
0.576141788910779
0.5403845729339478
0.5547962104181249
0.4913053957245326
0.4331482814880103
0.4393769640194702
0.45416338561763353
0.46031861165171095
0.4626540583746262
0.4824215947970062
0.4882673701959279
0.4899298927636919
0.48777535852568965
0.48168514557681424
0.5072060203178069
0.5122708319227218
0.5130559487592745
0.5096552826712389
0.5019861430980384
0.47959664548781944
0.521554280459891
0.5258363766383676
0.5258016509667616
0.523708310915022
0.5216510645022645
0.5179362742026854
0.5130145462713901
0.5011115772139837
0.488077005741925
0.5324617442066357
0.5359425864519591
0.5350814638660455
0.5297502584439877
0.5254881891092342
0.5200491639917236
0.5067079988966049
0.493191748948563
0.46726947542739183
0.4420869282142698
0.39328086941113555
0.3711440045928592
0.33972971912841565
0.5409454699317394
0.5431935235878117
0.5409212693426058
0.5382813103402461
0.5342033540692712
0.5282268203355163
0.523191288738575
0.5082336758413031
0.4936450972740786
0.46980286496669604
0.43913746936252057
0.41823524519817157
0.3880864396425984
0.3641407948743005
0.3321410149741922
0.5429184720276888
0.5440062531151856
0.5411769371327786
0.5338060687289748
0.5282942866478064
0.5214840795415133
0.5057630624569799
0.4904780048789297
0.4619697995706442
0.43406739619451873
0.4123397263838846
0.38118556295729067
0.35748398517827323
0.32419942530879736
0.5414790424844173
0.541250779636649
0.5371480888747646
0.5285713818209045
0.5151699173494132
0.4825722222575466
0.4243886835305507
0.3698562702055174
0.3117544247203376
0.5369328744211476
0.5318991032544327
0.5267481583944216
0.5156656617182668
0.5072388518941501
0.490157611303683
0.4729289803141778
0.44316567306605414
0.41369835891152745
0.3949436752076201
0.35833462432141244
0.3352870619571377
0.3000342450344017
0.5254926995469024
0.5226982302795998
0.5164586084359191
0.5056875049393003
0.4973116586851836
0.4907589559178767
0.47277107700663606
0.4549896269878346
0.4223399160945055
0.3939088140895922
0.3690027149658152
0.338389174363234
0.31212403767943586
0.279598923223609
0.5128228988758896
0.5090002763659244
0.50207349100688
0.49069707870430973
0.48286128114377014
0.4740173472725799
0.45538478322246306
0.4382147080651507
0.4064258677676738
0.3765589479935799
0.3579163803319471
0.32054144007520485
0.2951733381119376
0.2622095791414103
0.4147340686742581
0.4210270065721146
0.4341634031565659
0.44034287431118696
0.44176041552837386
0.4600641519529921
0.46567974556122826
0.46630249278837244
0.4545653546420982
0.48235281286559634
0.48717314496195013
0.48743481261112603
0.4864049518699645
0.4722875995061329
0.4949885507044216
0.4988548379025773
0.49878970979877324
0.49725237388411836
0.49050195368417754
0.48082615303990467
0.4603830905465541
0.4378585591648676
0.5042325266368135
0.5071905198417742
0.5066144385470318
0.5044775596791586
0.4962908364740523
0.4859950820003425
0.4635032102982612
0.4400214413240856
0.39262446222049335
0.33955044797878525
0.5106925357655172
0.5121336478589494
0.5104096605171579
0.5079981795716471
0.4981749100465418
0.48668397513338374
0.4658393494327363
0.4371591634738175
0.3874595619358141
0.3319719142520369
0.5117162164287269
0.5121188012691863
0.5101774947451877
0.5066883449574322
0.49599601682259026
0.48373150198282666
0.4584466633314781
0.4321613536587371
0.3805913969995536
0.5088246150460785
0.5078350688331007
0.5010341233735797
0.4761429090678073
0.4225758512854413
0.36929937138517943
0.31160767322649785
0.5032102217837293
0.5016446410572554
0.49878546039442995
0.4936972208196015
0.4812000660304161
0.46685653043266123
0.43998014222630805
0.41199148340842795
0.35781575217887573
0.299897741112577
0.491121090940647
0.48718565256009083
0.48247454198337136
0.47813520338120724
0.46445684598944137
0.44935819127236226
0.41952726360168563
0.39236529467325054
0.35090284852546705
0.3379212943422442
0.2794788202587019
0.47794422104102857
0.4731837177335746
0.4684957922180366
0.4623698671741997
0.44774848258250194
0.43295204187770575
0.40374338509919044
0.3751285086365323
0.32011687492610363
0.26210224229784834
