0.9089622242986368
0.9315461240428817
0.926970030929241
0.8856333868853965
0.8349991664113232
0.7897741418633767
0.7420536400145149
0.6989395886068603
0.6365684147640154
0.5448714329721029
1.0048567276388878
1.0384148590627025
1.0498777796106398
1.0547673095371366
1.0222718323142088
0.9655300799730374
0.9115671593956525
0.8536869679486909
0.8011437096299842
0.7487685209787489
0.6980225362862488
0.6558597999326207
0.5750743225801558
1.1066915949497587
1.1218628324431965
1.1340051133527012
1.1478284572018624
1.150794192418698
1.1424528111756982
1.0857697936048758
1.0247047999585839
0.9573028101065846
0.8956068357854519
0.8339734361428126
0.7742120911705378
0.724544174382626
0.585654596558666
1.2017574915050422
1.2305238270526861
1.2372041740795394
1.247371320264295
1.2505457260759312
1.2501613878057865
1.2060995452097434
1.1403148639933154
1.063576609156063
0.9922568792508725
0.9207161308850399
0.851268200628195
0.7935412061190223
0.7347750483854648
1.3374762681272436
1.3543385459793509
1.3671571241666727
1.38080301563282
1.38336448262756
1.3768348878451344
1.3163635065309232
1.2283230214377507
1.1422528390178153
1.0547285752158178
0.9694513034747804
0.8985409436460029
0.8263949286376429
0.7626207944501705
1.4314524516270468
1.4484839596394519
1.4615127844948406
1.4739053256823664
1.4763654487992828
1.4777535688917403
1.4434074185803016
1.3535497174404747
1.2573701298053175
1.1574281895014962
1.0594674286781312
0.9779285056416657
0.8950170212654264
0.8218177450109571
1.4300565615907328
1.3289808169350734
1.221479928627404
1.1154516888465584
1.0270861252175483
0.8579216183450111
1.542785579406459
1.5747675900806553
1.5845442388919544
1.583637395116631
1.5146946648857187
1.4104380683432531
1.294789471647709
1.179473396152648
1.083132995626465
0.985194080307022
0.8987584624530195
1.608383106277956
1.6378244662454093
1.6466109549705064
1.6122726573148862
1.5104826204334685
1.3862103143170492
1.2594288682828378
1.152943930315671
1.0446357392162093
0.9490993766954903
0.855958064524084
1.6572378680557345
1.6833181450751793
1.6916481759519817
1.6780690174008877
1.590739307709166
1.4617750926577033
1.3258867997857202
1.2108890908422938
1.0937733833522356
0.9904967873897522
0.8899212992767209
1.7289647063243878
1.7351376953807947
1.7337873031920115
1.7227187181032748
1.6742605661081944
1.6311416993189334
1.5449090694135166
1.3998940581909514
1.2754528220807575
1.1483334885098317
1.0362677282508075
0.9272435380550165
1.7475516407218148
1.7689617299143072
1.7720445263835811
1.7485653529916265
1.6282116284707755
1.4759873055541644
1.342096498012448
1.2045891579878585
1.0832495133971394
0.9653364938632278
1.8088887870672352
1.8108308407531615
1.808205449345351
1.7889767733545014
1.7767835087851283
1.7269716446968761
1.6589532248590204
1.5719894717371634
1.42722320689265
1.27650038709882
1.1430631882749052
1.0135437123540454
1.8353906492434395
1.8358510395078314
1.8282460368665467
1.8054575400764894
1.771328533744827
1.7177671675899246
1.6620000574824334
1.5095571089963138
1.3464857112153272
1.2011786583337398
1.0601111560870022
0.9171400565795956
0.9199432995658718
1.021313724410666
1.037431056930167
1.017142901571942
1.1284467005989622
1.1314303567541681
1.2285218869863361
1.1996462098752938
1.34590031983639
1.3583113960532074
1.3103926872838823
1.444883003182755
1.4307278557505243
1.4552017838447864
1.4948547014636557
1.5192559740398361
1.5506761772161528
1.5051927960236875
1.5801355436301252
1.609914148920775
1.594704772410304
1.6463648603289038
1.6510417274000089
1.5820089398978516
1.659238524940838
1.6920475136352826
1.7284405263317582
1.7225087664036673
1.6208974173824193
1.764462688802588
1.7124048309552924
1.7771831022863542
1.6545010753016633
0.8430998455906473
0.8625442463250619
0.9188201205854273
0.9398625985062039
0.9533176893131189
1.033916144813234
1.0569652397865505
1.071080359208566
1.0780645548346974
1.0773059765890394
1.1543161045659425
1.1785760288586042
1.1925874343336564
1.1988595399315884
1.19577267730247
1.170751080530605
1.2392230074563904
1.2636716384564717
1.2776356846794845
1.281789913283228
1.2825352045109586
1.2814592490450918
1.2778510345894483
1.2648802448546081
1.2474053824058342
1.3208259176426491
1.3458382877887087
1.358489548143437
1.3620269729466703
1.3598815112977165
1.3549883618407756
1.3386410470595531
1.3190588662871086
1.2773907311442751
1.2340267102633162
1.1456061615900588
1.1043106950762112
1.0443807046828728
1.4166164883479562
1.4401836749422927
1.4513037756910616
1.4530834499742977
1.4521149517409437
1.4473350610900182
1.441698463746961
1.4210490412263659
1.3977576944242944
1.3562600990709477
1.2994253990565816
1.2592680385496866
1.1997681164235334
1.1515611803010517
1.0857360829066902
1.4716292135266902
1.493789998340565
1.5035218428289778
1.5022966885226647
1.4972516775669429
1.489013083921523
1.4655346555950433
1.4395851480368442
1.3870975185277312
1.3326974870264676
1.2888339676636154
1.2244694967237053
1.1743490023719363
1.102580322651153
1.5327438885139024
1.5522836983359896
1.5597716284970282
1.5554748304752317
1.5384581314284256
1.4821725506950627
1.3647498105708897
1.2465431711601935
1.1148258387548993
1.5825912421496104
1.594215073683891
1.5923645413061922
1.580131420140722
1.5674032421508828
1.5376442096307192
1.5045936801607567
1.4430652584127508
1.3792116225615527
1.337257457065685
1.2536063244575895
1.1996544879430246
1.115459341777676
1.615388102051476
1.6290673821003927
1.6302966960149519
1.6190455479843378
1.6063262546809955
1.5950916734050988
1.5607137094049441
1.523856182571522
1.4515029296650925
1.3854725110622637
1.3259245040777747
1.2512850558655586
1.1856955021861848
1.1026708395058047
1.6355910462387573
1.64586973427003
1.6442495164316286
1.6299840901983724
1.61703247302842
1.6007502648299672
1.5627287651868975
1.525003533218955
1.4515385695535241
1.3784430582715388
1.3320988165215584
1.2365980030542258
1.170267239725286
1.0822285303274537
0.8199748360247011
0.8408743202902386
0.8924694220637607
0.9150371150794406
0.9290583560253424
1.0022791362316559
1.0265901822095231
1.0410184372196472
1.040500503257617
1.1161716544246219
1.1422357864093653
1.1517521265118846
1.1560151595177113
1.151601039601835
1.1966020296253195
1.2218942951322502
1.2302001972554764
1.2353706277260839
1.2358746131674403
1.2273130710186981
1.200627538698049
1.166241380261079
1.2728733906657463
1.2986542401234586
1.3065196874102318
1.310661569651619
1.308546603966344
1.2979882389283706
1.26609538270756
1.227685423938617
1.1434905081783766
1.0437658013456323
1.361637790623432
1.3858349854635181
1.393409036185869
1.3954497677602224
1.3899599290989404
1.3759544448271437
1.3435773093682275
1.292917724937279
1.197532864910378
1.0851125846136294
1.4124616070957
1.4344469151806292
1.4401861208932423
1.442054705083041
1.4340638985946796
1.4175451126852963
1.375297973691089
1.3261531564240978
1.2223220130175307
1.467613386835471
1.48717705118923
1.4912251657001725
1.4600501573178564
1.358198719393689
1.2444182464795401
1.1142266194124926
1.5123474174805658
1.5193872640257708
1.522004667231584
1.5203837109212281
1.506042188399597
1.482877698531476
1.4313743887923203
1.3727827298647666
1.2515435112804174
1.1148781549677673
1.5395261524922688
1.5521352964654505
1.5522561727502056
1.5487330552912117
1.529721834735906
1.502545519190029
1.44056146455097
1.3793153105470557
1.2809230997393124
1.2493122711276483
1.102126416470166
1.5547129398627495
1.5641276865895082
1.5625863033242269
1.556238883385227
1.5330930576108919
1.5042754286935254
1.4406826736188185
1.3724984822333675
1.2347298000647802
1.0817196127242308
