0.6207533959149687
0.6343328539786032
0.6253139311592135
0.5922501805733438
0.5531702687304231
0.5185352725530328
0.48215921773821535
0.44943867934538234
0.402223288514482
0.3329446638983143
0.6803097718965793
0.7008254962305587
0.7071149777756258
0.7077816740159757
0.6799483091053045
0.6361767930484327
0.5952621646227058
0.551706487762898
0.5123931860220927
0.4733470482782403
0.4356065370720253
0.40430861652107175
0.3444576021421616
0.7427079993739075
0.7519553522737317
0.7591492247991777
0.7667991194832594
0.7682339629763798
0.7566612828912107
0.712331629217185
0.6662906642979881
0.6160723423871267
0.5704431957506279
0.525071174070993
0.48122814982726125
0.4448956067412325
0.3437334835126803
0.8000067210499726
0.8169878399676801
0.8206970779966706
0.825758626903354
0.8267191731458934
0.8246193477375329
0.788301061019832
0.738706179729278
0.6819801400697093
0.6297759581677661
0.5777137434246279
0.5273971424588237
0.4857270644297165
0.443461446169475
0.8802460134415588
0.890062862090106
0.8972243358843096
0.9040902573323806
0.9050801829039419
0.8957192862800005
0.8487756122351529
0.7840676464971134
0.7218668354285542
0.6591375674603386
0.598382171104747
0.548115886648639
0.4972105470168421
0.452444008180672
0.9346098448768675
0.9443651768445019
0.9514775006913531
0.957380870348413
0.9581597716804122
0.9575187566816756
0.928122367711936
0.8616939433229266
0.7926405716294972
0.7216965361076394
0.6526685496299629
0.595550758210041
0.5377830841330657
0.48705150083469917
0.9091698709461081
0.8367381967632881
0.7608102927235151
0.6865510027148839
0.6250612956526198
0.5083792471130737
0.9977316253199677
1.0148719406219218
1.0183423528846576
1.0156511968553963
0.9617386441857627
0.8869850553207373
0.8056855171772633
0.7254246208823771
0.6588500028580588
0.5915955422843014
0.5326405462821852
1.0340232855959228
1.0494365841738293
1.0519127717381234
1.0224549755128924
0.9488495769969916
0.8618277714278344
0.7741801598497149
0.7011606795547246
0.6273993134996012
0.562811217237153
0.5002595226729871
1.060538816798624
1.073984173868868
1.0762708626926447
1.0629182730741376
0.9986261627320515
0.9084000501678878
0.8148907396766729
0.7364813541357234
0.6572129605768651
0.5878469032466639
0.5207650604223408
1.097833015769345
1.0992864716005883
1.0966190109353449
1.086859429899292
1.050606585859738
1.019916247229242
0.9598268510544907
0.8604293969998784
0.7760534741210464
0.6905457706904066
0.6157630852859892
0.5435485940828236
1.1078865151432402
1.1182409683152683
1.1165662879826406
1.0971075661865248
1.011597842927523
0.9075040284532705
0.8171635446447769
0.7251727306859165
0.6447042092571278
0.5670830189226558
1.1375092033712642
1.136610473516273
1.1335040154517246
1.117923056470083
1.1087274044759148
1.0735856273919215
1.0263822592161975
0.9672881822752478
0.8700604078282452
0.7698435312588017
0.6820305417805043
0.5972145758702999
1.148928285247929
1.1474455899889968
1.140324035091854
1.1231214855646312
1.0987282909933584
1.061703412403286
1.023801224572086
0.9216777838055471
0.8137909982841328
0.7187224914721004
0.6269044950757399
0.6233848232969204
0.6205921793379144
0.6879889645648782
0.6962205928730698
0.6765616149987841
0.7523518943140838
0.7494266900456681
0.8104981136606758
0.7841320191245194
0.8808919610114255
0.8838301527910074
0.8449804088563732
0.9365339535715647
0.9200922370885805
0.9438514349031054
0.9600814568693438
0.9796810400287309
0.9948517260842262
0.9558046385975338
1.0130959490645324
1.0271369348770092
1.0114982802715484
1.0479439831873305
1.0460828077215436
0.9932372966539598
1.0413340888857627
1.0717874292301544
1.0895344430235103
1.0810174093071077
1.007124608496423
1.1045784952961197
1.064474633903502
1.1057559520634999
1.0192353904321103
0.571939903799376
0.5839675089301387
0.6185649997039624
0.6313748489690841
0.6390296486307778
0.6881862630817968
0.7018838289419713
0.7096008643315046
0.7123569464953059
0.7098385842964973
0.7593845917211961
0.773398638463935
0.7807290525358144
0.7826171312695627
0.7782451382715747
0.7574091936423045
0.8086092216648357
0.8224090880298892
0.8293414382134924
0.8306104817327695
0.8302069895621813
0.8282550539694984
0.8245802677801093
0.813571979914601
0.7999063313478545
0.8549567223815915
0.8687121417970658
0.8746406424860199
0.8742970197289018
0.8715755473701009
0.8670382420318689
0.8537425625905616
0.8387599437643173
0.8079776809549353
0.776608719198154
0.7135524364163455
0.6843187619020016
0.6421305153135296
0.9080137963336148
0.9205703015660265
0.9251819888296967
0.9250154615094502
0.9229364089610719
0.9181779788918109
0.9134269178455778
0.8972373533441554
0.8799062985128703
0.8498669641710009
0.809495151937341
0.7812534449836792
0.7396575188698232
0.7062011320573903
0.6607061733011823
0.9376928351179673
0.9491113233472246
0.9527860187525641
0.9492408003022687
0.9445466863536673
0.9377364995678955
0.9198362636609102
0.9008411547478734
0.8634191674093697
0.8252683210869587
0.7947884311389196
0.750327258907826
0.7159172351052313
0.6668801292109959
0.9697427711466444
0.9793696073565695
0.9814263153137268
0.9758803416237791
0.9620610591286378
0.9210234362101579
0.8392998616570851
0.7586010366698891
0.6696312693127721
0.9947047543698423
0.9985084636556919
0.9955365165641832
0.985026094453561
0.9753089990772709
0.953656216509915
0.9302870618657164
0.8877037008305955
0.844072817707003
0.8156294289330291
0.7592076100362817
0.7230771516194509
0.6669049060353752
1.0097671375613568
1.0156256599550124
1.0137775180145676
1.0039696385819543
0.9942751192125407
0.9860688392990036
0.9617286607276749
0.9362054115927946
0.8870159889722758
0.8427537459704679
0.8028994624378353
0.7533283818443084
0.7100066869285755
0.6552971744847158
1.0177052155944657
1.021525455803203
1.0180810528732103
1.0065137721337458
0.9969568533961496
0.9853038825521453
0.9588940944115746
0.9331877317410515
0.8837814611440246
0.8352352456971843
0.8045626216422426
0.7418282586038621
0.6984717355038877
0.6412579774361779
0.5541566156607669
0.5669350584026748
0.5984992421912888
0.612064837177756
0.6196813165355916
0.6644579384655825
0.6786756829493124
0.686166839729515
0.681730116658781
0.7313353851335765
0.7461230895265063
0.7509660686831785
0.7527029390060904
0.7451860783880982
0.7775037546866101
0.7915224769555755
0.7956084314611258
0.7975690702150547
0.7951919563789713
0.7872162503617732
0.7660957444849121
0.7403291272222934
0.8204001601507096
0.8342657017310684
0.8379202828435345
0.8391242537426179
0.8348599877869393
0.8255833104692983
0.8009538821365674
0.7726875944508572
0.7122593387972932
0.6417601846558705
0.8690071459169886
0.8815321210107904
0.8845529800052251
0.8846269135988424
0.8779464579421199
0.8664177420448973
0.8420631034248254
0.8055152719423774
0.7383472278908632
0.6603346789595047
0.8960966301980862
0.9071175038681565
0.9091703556772693
0.9086784861201618
0.9004285269225313
0.8872920105240778
0.8562059529610654
0.821289944848751
0.7490366024330309
0.9244675299184929
0.9337714693827971
0.9330311519864983
0.9075127969827844
0.8353418558260348
0.7573317692418956
0.6692781504386487
0.9463480236362467
0.9492299900144687
0.9493892209252942
0.9465320367568646
0.9343765900736891
0.9170692525760923
0.8806293386140612
0.8402028112480748
0.7579790118824812
0.666563240120705
0.9581816268499402
0.9630843117280818
0.9612711357701541
0.95782202402955
0.9428998843000806
0.9232940956678951
0.880420087355688
0.8390578540053356
0.7731493964909418
0.7521556145996438
0.6549773888554555
0.9633465559348287
0.9663467501819878
0.9637928026029456
0.9582430671444768
0.9409160158642065
0.920646508439574
0.8772401073319224
0.831668047742866
0.7407165817003646
0.640958120565692
