0.6864616174221126
0.7014858280392942
0.6913815718103867
0.6546749175502508
0.6112693022419995
0.5729156245103948
0.5326612867966558
0.49649120233764643
0.4443718266492353
0.3680993215233762
0.7507580081227594
0.7733902119535012
0.7803020830987177
0.7809639893119955
0.7500357686024041
0.7014641328526398
0.6561848645248878
0.6080261088753054
0.5646030267464693
0.5215207552084667
0.4799250758369892
0.44546889606955087
0.379716525091735
0.8180251825850118
0.8281967356847598
0.836097090627784
0.8444732936194135
0.8460345745391533
0.833037546071135
0.7838401427357385
0.732928141877005
0.6774458025336653
0.6270861558105737
0.5770611932594908
0.5287714189851046
0.48879412044037857
0.37776589464103727
0.8793429004575407
0.897924781708294
0.9019673247907931
0.9074544350779095
0.9084506497394581
0.9060367168523892
0.8656486740799006
0.810823365324902
0.748199053688657
0.6906301607538763
0.6332739059183957
0.5778981599505217
0.5320849460983345
0.4856595444202128
0.9643716344510723
0.9750395400510856
0.982793759080252
0.9901676766719321
0.9911937601290003
0.9804720599138264
0.9285061112735935
0.8571366041456535
0.7886160243465252
0.7196031385357355
0.652826494938041
0.5976262634670765
0.5417852588662075
0.49272077314699303
1.0212198821084346
1.0317349023442246
1.0393531706342745
1.0455620319782364
1.046330451755244
1.0454814416419869
1.0126885417405946
0.9393694080401664
0.8633854020826418
0.7854166097900842
0.7096325778459736
0.6469800123046078
0.5836785763049305
0.5281369578309789
0.9894103579160469
0.9097320678373649
0.8263378764271531
0.7448696607347995
0.6774724984876829
0.5497684905458046
1.0860938256231263
1.1042323802789826
1.1076405386242119
1.1044311489664151
1.0445449851773234
0.9623074558769451
0.873069676139413
0.7850909710743963
0.7121864796959709
0.6386171971641497
0.5741851795560122
1.1225496124372885
1.1387120341578665
1.1408686179924679
1.107754263903966
1.026669273348679
0.9312021342847117
0.835224235507157
0.7553582122853445
0.6747712018567368
0.6042723715708429
0.5360671399096449
1.1486509532395837
1.1625963140955697
1.1645165801437043
1.14919368155535
1.0781146796895655
0.979134380305159
0.8768163677188037
0.7911397456554906
0.7046293928649507
0.6290044932664468
0.5559473705023117
1.1850329055663182
1.1860572892970838
1.18279474901478
1.1716726201572287
1.1314139686294389
1.0976299457899654
1.0317305966439159
0.9230419516463445
0.8309438149272851
0.7377582303919463
0.6563260194913775
0.5777905302445696
1.1930836153168096
1.203393713787869
1.2006020667736919
1.1785161754665296
1.0842859182086824
0.970492636622854
0.87199190055347
0.7718538097732297
0.6843621674793133
0.6000896330567617
1.2188686736321033
1.2172318626276848
1.2134275927028242
1.1956846383350548
1.1855105567004098
1.1463069857531667
1.0947771218318372
1.0302248134621579
0.9243280706984264
0.8154570838366582
0.7201299594927055
0.6283138438976553
1.2255778699469264
1.223288574030855
1.2147959088705995
1.1953195760406705
1.1682294680348848
1.1275071982240752
1.0860530218308846
0.9748496027307302
0.8577876379365456
0.7548013872706273
0.6555527177834888
0.6893211357509244
0.686147294486826
0.7591489476966776
0.7681801409731354
0.7462925463636372
0.8284703155383666
0.8250609241766936
0.8905068853071263
0.8610672786097788
0.9647087015079499
0.9674615780600285
0.924356698797314
1.0225961667596184
1.0039394790876972
1.0292634789939827
1.0459182113297862
1.0660453205522138
1.0818771929418076
1.0381213233797624
1.0994337031931596
1.1138536867418256
1.0959350759956752
1.1340249995616456
1.131088800729409
1.0723319867814374
1.1215002865123809
1.1541111853086166
1.1717747977938469
1.161379832833488
1.0795381364026146
1.1821669492266669
1.1369005544873418
1.1770931952792485
1.0812865370622744
0.6322545788691823
0.6455739958905795
0.6827369572405827
0.6968832482689052
0.7053241811165735
0.7576347054317093
0.7726893514629948
0.7811399445775529
0.7841213680750594
0.7812550771151041
0.8334808033926974
0.8487611419088823
0.8566754936493722
0.8586221842245547
0.8536820934789265
0.8305621865685782
0.8852463925741964
0.9002078046884611
0.9076445597853617
0.9089312523981077
0.9084239043569835
0.9061921985278498
0.9020734210486084
0.8898343930111315
0.8747087802909356
0.9334044440965954
0.9481881996876302
0.9544474526397009
0.9538431069507989
0.9506071254380278
0.9456372898329942
0.9308665875310611
0.9142971910640505
0.8803453781922411
0.8458130032030163
0.7764896479331028
0.7443813456732864
0.6980732472445508
0.9874191563746273
1.0007305857872677
1.0054014863795264
1.0050489060764747
1.0025930547980288
0.9972020554610244
0.9918529518788376
0.9739037043767816
0.9547640742025966
0.9216869576884538
0.8773190423472461
0.8463217877013819
0.8007126653164037
0.7640492646307511
0.714228281788059
1.0168175272316418
1.0287452644541504
1.0323193237103598
1.0280258879213213
1.0227020806232832
1.015080367181802
0.9952099820708301
0.9742596234152237
0.9330990102454555
0.8912261401348087
0.8578357994651438
0.809158956827195
0.7715066122772244
0.717917163740943
1.0474667784317935
1.0572040336067041
1.0588672997786435
1.052299678371664
1.036757525074833
0.9914241623077661
0.9017932866939463
0.8135915659249762
0.7165333719077189
1.0703459497972552
1.073533865439937
1.0698803834048376
1.0578797708410481
1.0470219071276496
1.0230429091154183
0.9973262790252614
0.9506330867264683
0.9029261350105033
0.8718507228762753
0.8103473906002854
0.7709940907838551
0.7098568202463345
1.081014994129287
1.086170277387248
1.0832999183054781
1.0718790588727096
1.0609628996217473
1.051804189254224
1.024922129177552
0.9968370653024452
0.9430417573905493
0.8947890870566065
0.8514159495209094
0.7975478712356475
0.7505117125129206
0.6913819649549212
1.084238192367194
1.0871755992116032
1.0824780894817798
1.0690522830780982
1.0582824864935334
1.0453191746389152
1.0161465074076264
0.9879665371097959
0.9337981424912647
0.8812020029559281
0.8479063232475419
0.7799140124989492
0.7329600480501672
0.6710909233936159
0.6125098678583849
0.6266603155085603
0.6604833715694803
0.6754633609717232
0.6838566855240785
0.7313684304095788
0.7469918096076127
0.7551645153156156
0.7500915229192812
0.8024483117676517
0.8185655950913759
0.8237997985422428
0.8256533055539836
0.817155397793557
0.8509351668195035
0.8661147530640685
0.870490001994541
0.8725402983141058
0.8697446827932254
0.8608424662691635
0.8374560692547418
0.8090154480011621
0.8953484950240599
0.9102399789586478
0.9140757198637279
0.9152451584388532
0.9103163077362008
0.8999622398539383
0.8727094661391366
0.8415530404136279
0.7750868156714537
0.6976722388193193
0.9445591956838616
0.9577695737564558
0.9608111999933471
0.960691740053765
0.9530432912802427
0.9401855219675417
0.9132569905257885
0.8730259480712661
0.7993021606840621
0.7138294879047955
0.9711862357238408
0.982627592154719
0.9845873519505959
0.9837838321694822
0.974322769423703
0.9596864650353862
0.9253500889634335
0.8869575926031665
0.80777777722798
0.9978363172047497
1.0072071405596374
1.0057011169150425
0.9769795200583978
0.8975798734315596
0.8122446974230665
0.7161606029641043
1.0174903120095293
1.0201680622687268
1.019957816547671
1.0164176313423465
1.0025616802093884
0.9832996133740057
0.9431401703892758
0.8988353541465125
0.809054453398462
0.7094994673112754
1.0246708985442237
1.0287829674700542
1.0261973216126314
1.022069817323966
1.0050999259736948
0.9832859246969557
0.9361380660406958
0.8909307415048068
0.8191495363237976
0.7963309472417205
0.6910530628885101
1.0251877007490293
1.027072068675717
1.0236542340448955
1.0170867954448848
0.9974250401983104
0.9749293110834699
0.9270221990028881
0.8775186131697129
0.7787749846463273
0.6707871076321833
