0.7392355255458946
0.7556889570332458
0.7456623981711019
0.7067769011516247
0.6605965079943417
0.6197000175709748
0.5767384930137867
0.5381083608638167
0.4824290263380873
0.40106276781465394
0.8112277907989112
0.8360411592273853
0.8437372871700608
0.8448414736944041
0.8121997156149493
0.7603488122728418
0.7118997959428874
0.6602938184424575
0.6137261498724198
0.5675029595615928
0.5228821466870132
0.4859452528555588
0.41562044368416845
0.8865626614221942
0.8977489560673508
0.9064750958721336
0.9158148226070462
0.9175946636704415
0.9043407711368779
0.8517741023994497
0.7971256560018674
0.737472022464734
0.6832781257845362
0.6294162432689384
0.5774250417702737
0.5344041481294837
0.4152679988367128
0.9556242826970986
0.9762083030776089
0.9807247668217626
0.9869581146741251
0.9882133295571887
0.9858601572138945
0.9428264935336199
0.8838452764921263
0.8163090210166926
0.7541565970163578
0.6921981477220823
0.6323720498455991
0.582894171185971
0.5327885094508567
1.0519395665688616
1.063823449426547
1.0725152602156796
1.0809105250772038
1.0821383027168843
1.0711407029792612
1.0152247949829991
0.9379661731611431
0.8636780566248574
0.7887841783364566
0.7163006087383484
0.6563909205841967
0.5958083475386775
0.5426276091229685
1.1167475304395076
1.1285119578682916
1.1370989785887986
1.1442605004715265
1.1452268219853865
1.144522616337366
1.1094911244186454
1.0300147123374295
0.9473933663309789
0.8625201358421563
0.7799949916762628
0.7117696113750721
0.6428580099598521
0.5824257384858242
1.0861040681074783
0.9993353122830788
0.9083994944006965
0.8195223299829196
0.7459907609498477
0.606768209326515
1.191153460959401
1.2117080854574067
1.2158904709488996
1.212666648862369
1.147968194809118
1.0582982277371884
0.9608158799168924
0.8646500753965376
0.784951231067322
0.7045314758447772
0.63412696397645
1.2332474569740384
1.251657323897325
1.254516833109048
1.2190083019788047
1.1305341946901812
1.026047340856277
0.9209055815761003
0.8333952624261353
0.7450911069293088
0.6678678823222043
0.5932180378958548
1.26355539092961
1.2794953104369124
1.2820854620823314
1.2658073536254175
1.1883190725434378
1.0798504765275265
0.9675789295194744
0.8735377167981633
0.7785735779979457
0.6955771182598013
0.6154605981871998
1.3058896154806368
1.3074063623003787
1.3040509749842577
1.2921086550202874
1.2482452496851622
1.2112401291887505
1.1389103835678072
1.0194545611935353
0.9181847338910506
0.8156875944311142
0.7261653379974208
0.6398668058303247
1.3157283361735812
1.32765070692822
1.325142255612176
1.3012778365512452
1.1979449203074473
1.072695454152905
0.9642018425732208
0.8538873603278992
0.7576233120745827
0.6647461508448871
1.3465626089544518
1.345056683699311
1.341052319848885
1.3217911280742558
1.3106671558757395
1.2676748302395044
1.2108869037719432
1.139703122882941
1.0228410912142327
0.9026519902068821
0.797426124428936
0.6961746450753457
1.3554464545219143
1.3531562297053192
1.3440285693004506
1.322687472631608
1.2929729327736441
1.2480893679343517
1.2023194998754039
1.0794226241067753
0.9499934319187039
0.836123775417624
0.7264482833952862
0.7427499377247465
0.7400113678734274
0.8208168607750109
0.8309810470675523
0.8081354238855171
0.8986414196011072
0.8956499792758627
0.9688849811313244
0.9378121087107258
1.0530463729097683
1.0568405607795797
1.0106588002612376
1.1192941980854436
1.0998375619465388
1.1272820648853206
1.1470419904672633
1.1694611376505775
1.18770299571603
1.1408506834439305
1.2081032394754945
1.2248122347862027
1.2058847896441303
1.248191963520403
1.2456858332360858
1.1818870938695398
1.23720553408562
1.2725764053757356
1.2930153679671734
1.2821748191568836
1.1926485636268926
1.3064325468714106
1.2571562329950097
1.302321754452238
1.196991595006247
0.681404913462973
0.6959287061403645
0.7377439161739546
0.7532440820571524
0.7625782208397993
0.8217858021704946
0.8383935118273284
0.8478293181456673
0.8513418032319894
0.8485106286565489
0.9074598166480153
0.9244477137605374
0.9333768046220893
0.9358313139296464
0.9307701578352392
0.9061123381788563
0.9662923402231415
0.9830212242248022
0.9915005998880821
0.9931193310599263
0.9926923586846028
0.9904311750142148
0.9860989465011041
0.9730363166065487
0.9567677287037106
1.0213341870937525
1.0379679239730233
1.0451875929400547
1.0448825889501385
1.041667276272995
1.0362686095174616
1.0204137809084397
1.0025159449874945
0.9657106547633332
0.9281903191636975
0.8527721914930432
0.8178259714907318
0.7674035341618527
1.0834993993570132
1.0985808841920994
1.104123972130293
1.1039283397721318
1.1014216185984966
1.0957285386677595
1.0899867937332535
1.0706015628273486
1.0498120533202469
1.0137932562599203
0.9653875897907651
0.9315392271137154
0.8816992614887263
0.8416351233326405
0.7871325076467014
1.117600197823576
1.1312133117444128
1.135543659284301
1.1312055447263405
1.1255386761247974
1.1173316625451122
1.095774814768108
1.0729491458279974
1.0279979001170796
0.9821955457586905
0.9456346017680677
0.8923263670567886
0.8510708156832836
0.7923432120778245
1.1534047115835402
1.1647019287356863
1.1669477146301082
1.1600911626264783
1.1432975106724095
1.0937911627053767
0.995511750116517
0.8986593644886164
0.7920322186974149
1.1804862033744028
1.1845573923753467
1.1807713210541368
1.1678598895147025
1.1560390645667522
1.1298253338035855
1.1016391788376814
1.0503403616452205
0.9978842939059217
0.9636971423292272
0.8960006184854836
0.8526781062039865
0.7853818494430596
1.1937976097686325
1.2001273621569586
1.1973187378934513
1.1850255903791522
1.173119149610916
1.1631017596418078
1.1335476727824658
1.1026959065759805
1.0433881266356955
0.9900242557535289
0.9423305100165003
0.8828860800884109
0.8309764337297912
0.7657346944503463
1.1987725530652655
1.202439158110354
1.1975606291434124
1.1829863526067848
1.1711967752916959
1.1569610419163916
1.124851350962678
1.0937991031596261
1.0339577972985023
0.9758251350281997
0.9390357487628892
0.8638813251251207
0.8119682423623932
0.743612119588961
0.6604082971533154
0.6758623983601613
0.71399091800174
0.7304317017383948
0.7397674741417745
0.7935985183295393
0.8108706955454668
0.8200605187175675
0.8151220453888112
0.8739692511562299
0.8919322627489584
0.8978604016531931
0.9000403637836639
0.8914018552225254
0.929144951292612
0.9461555612066187
0.9511539227274535
0.9536022361141449
0.9509217768138299
0.9414980050894163
0.91637526023892
0.8856549200141801
0.9799814668458812
0.996759352319965
1.0012091969581545
1.002713036217788
0.9977154119469959
0.9866749998176716
0.9572682417543142
0.9234775228132354
0.8512182298015185
0.7669585774847814
1.0367312201338714
1.0517700359803934
1.0554005112676614
1.0554497014573068
1.0474726737461288
1.033642821458311
1.0044389319908298
0.960620652774258
0.8801312109415874
0.7866885052795621
1.067682060599329
1.0807955653002757
1.0832096859391118
1.0825692939926068
1.0725669544505905
1.0567523547915378
1.0193819014019667
0.9774462495287952
0.8907878699991734
1.099030461377668
1.109896743826862
1.1087198652602586
1.0777183673521493
0.9908236728436798
0.8971561680520024
0.7916156754818934
1.122372198799506
1.1255205511572817
1.1255729358681463
1.1219133866979425
1.1069822105506604
1.0859913083425154
1.0419782678274163
0.9933171689293102
0.8945559758268388
0.7849821410172065
1.1318043933925512
1.136896585584365
1.134296536943432
1.1298895660748187
1.1114384761728378
1.0875551367711096
1.0356722803457552
0.985712039904228
0.9067021127941144
0.8815250849193227
0.7653666068095619
1.1335332410170178
1.1360642514356176
1.1324869694275523
1.1254101914541506
1.1039221208734895
1.0792243726481767
1.026381348373187
0.9717061717394191
0.8626074080088026
0.7432723051919137
