0.8190710794760223
0.8388355775286876
0.8328841235680198
0.7941392412731264
0.7470949339111821
0.7051215971223612
0.6609370445895376
0.6210193661037213
0.5632947367786004
0.47845631204585903
0.904418926720131
0.9339237996486327
0.943778310262728
0.9473536021533343
0.9162868591747804
0.8635060632050343
0.8135231526048645
0.7600506378159539
0.7115344093934167
0.6632067563878306
0.6164033076083484
0.5775324986727802
0.5030896769654064
0.9947639388415839
1.008107713295515
1.01872171368594
1.0306366243895078
1.0331284902167528
1.023759527541048
0.9708012346119561
0.914272436409007
0.8521043485703242
0.7952605502758423
0.7385272082066353
0.6835562940003655
0.6378997256052211
0.5103669632130236
1.078950972980522
1.1041020914684458
1.1098687030663212
1.1184653324788598
1.120952603423091
1.120030951605286
1.0782417030456841
1.0173014881209153
0.946602364145501
0.8810146186795249
0.8153040601594407
0.7515772163369413
0.6986522810597239
0.6448146871329398
1.198884671091788
1.2136075616898112
1.2247054588908002
1.2362767899652825
1.2383592586627714
1.2308953800921227
1.1743901333111055
1.0933059179718312
1.014324117043433
0.9341563611288722
0.8561516221478445
0.7913637409909511
0.7255173370190843
0.6673853142304587
1.281756697854635
1.2965907265066512
1.307826741543438
1.3182418307309598
1.320185698554128
1.3209454388600776
1.2879694189189324
1.2050288315807103
1.1168527007590436
1.0254632160974892
0.9360363710426962
0.861702931042392
0.7862119613719352
0.719611177367635
1.2734106090634472
1.1807407481283592
1.0825196101831605
0.9858323572466569
0.9053731066001068
0.7516637495856435
1.3798732152319892
1.4073527796988148
1.4152186942423477
1.4137443316523184
1.3491644060649108
1.253525599865256
1.147934307575216
1.0428903546108022
0.9552782196624398
0.8663457537004114
0.7879810861998054
1.4375108075788565
1.462765697156102
1.4696383674512454
1.43670595472624
1.3431033091036357
1.2296884290618664
1.114327490016677
1.0176184010804483
0.9194088046349231
0.8329343334306868
0.7487670429636293
1.4804363151940536
1.5027740754435515
1.509360249323645
1.4958106938056306
1.4151386190614994
1.2974248959127996
1.1738638888492225
1.0695221657324967
0.9634361900514526
0.8700601665548163
0.7792847766681709
1.5429217437894955
1.5477106541907804
1.5459635000661605
1.5352584287221058
1.490321566255528
1.4507971820224614
1.3721331485261163
1.2403423104698736
1.127529997372759
1.0124993953868575
0.9112853971889614
0.8129983762046327
1.5599416792587786
1.5781108557908747
1.579820873133087
1.5575137318593022
1.4472223467403746
1.3089050652279683
1.187614851850726
1.06327415167833
0.9538011300393205
0.8476041123040079
1.613354814838948
1.6145005445298808
1.6117428321774923
1.5935950965148002
1.5823126631261928
1.536598107550153
1.4746797895655248
1.3957445349445126
1.264672742346871
1.1285214909374317
1.0083596215250932
0.8917046728020834
1.6368963219240273
1.6368415549487876
1.6294264663876517
1.6083507523819311
1.5769934403511943
1.5282026912543922
1.47757281450808
1.339580716826223
1.1923722861916586
1.0614719373672474
0.9346456264385257
0.8255197552505218
0.8265800555668629
0.9181466662937435
0.9318110978892373
0.9116987421244312
1.0127695664219585
1.01390456723958
1.1006897983287922
1.0724869091722653
1.2049091093929034
1.214378622900796
1.16907783941286
1.2916410639517737
1.2766857495097153
1.3016328783787106
1.334167739543263
1.3578734239552623
1.3843947771228278
1.3407229408346057
1.4113698589533346
1.4364621031561364
1.421088374966311
1.4690460062190993
1.471770982457243
1.4073884577600169
1.4769733833718033
1.5100055223257745
1.5410019262818255
1.5343351220255297
1.4407286501833163
1.5722540414488038
1.5236426204915126
1.5831514563988807
1.4708997113282865
0.7585751626945089
0.7756932301925722
0.8257374879854082
0.8442134143713382
0.8558591577834974
0.927580732823977
0.9477389218746939
0.9598724921342359
0.9655427564729121
0.9642188658083276
1.033821762260262
1.0549371111584178
1.0668844605328904
1.0717906154186183
1.0682830038842628
1.0444498457884748
1.1085785996672444
1.1297783821282825
1.1415933332015702
1.1448604662612087
1.145246483469554
1.1438830263579822
1.1402197973774648
1.1277711896992122
1.1114590420655965
1.180306637484835
1.2019167384964213
1.2124982999978124
1.2148015737053808
1.212483873993087
1.207699157694106
1.1922429874686833
1.173987378267294
1.1355163557458294
1.0956790686007931
1.0147313205118915
0.9769931600639038
0.9222885832247901
1.264304617269552
1.2846043595948833
1.2937880757810398
1.2949747824412192
1.2936642114948511
1.2888469071509685
1.283441399417237
1.2640858326085178
1.2425189909669232
1.2043653718489709
1.152340285046094
1.1156715849702832
1.0613643671936184
1.0175283794232874
0.9576635692952088
1.312583337501873
1.3315483871851095
1.3394589626374078
1.337516270795089
1.3325625918802104
1.3247190765206964
1.3028553031746533
1.2789067036295296
1.230799947070291
1.1811294752700268
1.1411719771579427
1.0826151760498475
1.0370816303182806
0.9719764353009569
1.3661385591077255
1.382770464668732
1.388634138984875
1.383961138545861
1.3678585425305154
1.3159756268841425
1.208905106075836
1.101598978580929
0.9823185520064579
1.4095887411023313
1.4189383424522672
1.4167594370822105
1.405030116065366
1.3931523317026002
1.3657398194066137
1.3354860998642903
1.27943758584471
1.2214390807377695
1.183398139774173
1.107618203824755
1.058853475129011
0.9827878539344442
1.4386987877591477
1.450149756101998
1.4504996443547515
1.4397469053785485
1.4279089536527907
1.4175551715482886
1.3860825905929233
1.3525092184801522
1.2868370427416242
1.2270379425453555
1.1732125957301072
1.1058094071579287
1.0466270394572725
0.9715746842629532
1.4566805441115829
1.4651533541226773
1.4630720980759881
1.4496421819503702
1.4376911300910888
1.4227741738405661
1.3881083110514179
1.3538466300779273
1.2873159293168093
1.2212917020747103
1.1794479900148702
1.093382774124866
1.033665346728175
0.9545170614255533
0.7371259539275039
0.7554783170255128
0.8013351288624382
0.8210958487221238
0.8331150535382269
0.8983583165254244
0.9195486376149722
0.9318171253020836
0.9300359652688064
0.9987041321155277
1.021303472644134
1.0293760688397084
1.0328598317022661
1.027412771754749
1.06939232970043
1.0912493829496284
1.0982558257423907
1.1024214998555706
1.101982913107532
1.093608149705338
1.0685491721379445
1.0367001578901054
1.1363016927683107
1.1584387495534976
1.1650407590870562
1.168297950872696
1.1655169675075276
1.1552914205684564
1.1255054903119224
1.0900659811052975
1.0128634876365477
0.9217474997900815
1.2140733531132446
1.2347772151165668
1.2409553906459219
1.2423807372159352
1.2365056724726828
1.2231865677538376
1.193134126606931
1.146585585676583
1.0594527270467882
0.9571153577709097
1.2585372775374126
1.277259045731533
1.2818945802672832
1.283045101496734
1.2749460621269806
1.2593748358000194
1.2203559179264785
1.175343961466387
1.0807213659308765
1.3067773287841535
1.3233165371879647
1.325946191673265
1.2963714063416403
1.2031128319064275
1.0997244936941817
0.9817914628316333
1.3456737261148286
1.3515076608961183
1.3534189340009208
1.3514188026296712
1.3377086466944252
1.3162244343203884
1.2690848420567076
1.2157519594327397
1.1057973125520169
0.9822760832224612
1.3697750763403773
1.3802659192618827
1.3798329950201988
1.3763658887727617
1.3585610589579986
1.3335950921474122
1.2771343816756893
1.2215822726246326
1.1326111882350556
1.1040643057605959
0.9713935304167101
1.3833425142778186
1.3910217564602643
1.3892379106597024
1.3831927293623492
1.36175228395285
1.3354289528124967
1.2776718133090974
1.2160138730102024
1.0917260855835589
0.9540663063635177
