0.6695825384012247
0.6842069607912336
0.6742473742073126
0.6382627908893791
0.5956579467826066
0.5579343320882151
0.518293495766596
0.48265155747166805
0.4312976793090939
0.35617514631076225
0.7355972097594107
0.7577811342979937
0.764543519310588
0.7651469052311441
0.7346151947221434
0.6866584228891
0.6419181426508125
0.5942723689055935
0.5512931554314802
0.5086743042963134
0.46748174826565764
0.4333931931909554
0.3685640626694183
0.8044500515649445
0.8144744572899043
0.8222603719208067
0.8305008691430439
0.8320341135448597
0.8190628184333236
0.770253758940812
0.7197198717595413
0.6646071363401993
0.6145709794929813
0.5648957328254548
0.5169059868061413
0.477216949102372
0.36756419956366365
0.8676456585793176
0.886048033929198
0.8900454240831821
0.8954554979943469
0.8964170243501055
0.8939931928468855
0.8536980314544168
0.7990474136479226
0.7366014205002298
0.6791948910548555
0.6220280890305226
0.5668085641011716
0.5211724349734923
0.47499646846398463
0.955825951227691
0.9664675753378085
0.974200632034302
0.9815232840284961
0.9825390264016585
0.9716986492466251
0.9195561543598504
0.8479754542760052
0.7792956414188028
0.7101563677450176
0.6432464174266691
0.5879951168727363
0.5321796111376479
0.4832896998308419
1.0151910882508628
1.025719075320355
1.0333384486482204
1.039538346615336
1.0402895148946676
1.039403047490115
1.0063065552777857
0.9324832834830792
0.8560202062030536
0.7776230660967676
0.701428080667034
0.6385050011525739
0.575020245935513
0.5194402143780181
0.9840753481296277
0.903715753537937
0.8196834161952165
0.7376089313807442
0.6697872878556086
0.5415871433732594
1.0833354055686553
1.1016300782565271
1.1050195747900238
1.1017391225663973
1.041099190342272
0.9579466109709137
0.8678142566760269
0.778986991968301
0.7054659886162759
0.6313770284625748
0.5666278776377146
1.1219902624304483
1.1382959496073164
1.1404236392384521
1.106765014487732
1.0245197750818598
0.9278312741232747
0.8306757194611195
0.7499315376334225
0.6685694427376484
0.5975455964122663
0.5290366359618457
1.149799964078507
1.1638969740525635
1.165797276702368
1.1501668756266865
1.0779071805418916
0.9774378575297019
0.8736530445862513
0.7868636102187996
0.6993530351769977
0.6230130118892613
0.5494824798978272
1.1881601153588928
1.1891613087278046
1.1858049272257076
1.1744415658495557
1.1334321975597175
1.0990709606155182
1.0320121536700901
0.9215265366219421
0.8280371711101416
0.7335673393351699
0.6512107733430453
0.5719995511305708
1.1977894196271708
1.2082045687639065
1.2053808227353318
1.182791061300019
1.0867059949347908
0.9707777991515172
0.8705837605000853
0.7688831070041265
0.6802086881371097
0.5950447615553565
1.2257086422889303
1.2240857182573621
1.2201629453664489
1.2020243562880053
1.1916101123058667
1.1515610386688195
1.0988640181854963
1.0329563799261876
0.9249753988935314
0.8141023763393094
0.7173033289837734
0.6242197147048776
1.234189738002045
1.2318425395586743
1.2231206989767742
1.2031471210814415
1.1754040991210444
1.1337168124476105
1.0912962930958505
0.9776478105304722
0.8582265217307483
0.7533895155309268
0.6526466935254266
0.6723290572248065
0.6691408345013934
0.7437787505744916
0.7525956750276148
0.7309391163345512
0.814677812428249
0.8111881551562543
0.8785865545939597
0.8491533511507039
0.9560851970593931
0.9587057418515812
0.9154135861813075
1.0164442606064412
0.9975323330483736
1.0246178333294689
1.041171744131938
1.0631133594796094
1.0789964592213057
1.0346260277116974
1.0985568514402726
1.1130516508831334
1.0948157837702026
1.13488254756063
1.1318172177286485
1.0720509887266418
1.1233662669938782
1.1580663551256345
1.176023129421504
1.1653471588612307
1.081878325235267
1.1882299827240435
1.1419541428809235
1.1845080872202114
1.0864287898186067
0.616652342940189
0.6296112121345414
0.6680283099975088
0.6818592150260115
0.690097125982053
0.7447077181073375
0.7595222177128017
0.7678252422839346
0.7707125351115355
0.7678109659414123
0.8229121441265229
0.8380503016488863
0.8458613859975362
0.8477358474752154
0.8427480519585023
0.8195928075816473
0.8766417453896794
0.8915268727642077
0.8988993461224395
0.9001369741107949
0.899602877526789
0.8973426861606075
0.8931789260062206
0.8808682153050233
0.865669932368242
0.9269129865511405
0.9416904453047032
0.9479096334611523
0.9472113676864207
0.9440578514887513
0.938914529453257
0.9240070629683353
0.9073025001956907
0.8731091247737575
0.8383673558324638
0.7686505393268227
0.7363680326970267
0.6898163354142444
0.9837101023556429
0.9970681324735863
1.0017324556977694
1.0013385446617105
0.9988002023372365
0.9933403666719209
0.9879006228367501
0.9697327652281409
0.9503669167213349
0.9169645157017494
0.8721301137550502
0.8408189217322624
0.7947562178938502
0.7577651761189896
0.7075235446715544
1.0148763323638506
1.0268843313554956
1.0304351338499416
1.026028647425745
1.0206028559549614
1.0128667395132744
0.9927043626726222
0.9715005932595056
0.9297857890227882
0.8873877805852924
0.8535676156553309
0.8043229431484521
0.7662455867928764
0.7120993595385873
1.047628496605573
1.0575401414815024
1.0591941583918405
1.0524706258179537
1.036671875641325
0.9905298260996334
0.8995014818276218
0.8100451702781529
0.7117624596084268
1.0722314839937552
1.075441394678162
1.071718892757411
1.05944277998998
1.0483771750243296
1.023930937072796
0.9977426277019973
0.9502070999006352
0.9016988023220832
0.8701302034638311
0.8076552187622797
0.7677271913320967
0.7057639462989923
1.0848167383475316
1.0902183044352436
1.0872956427254477
1.075568492773825
1.0643983721383938
1.0550457865285638
1.0275441627354482
0.9989408321723565
0.9440548127839341
0.8949003664150257
0.8507304039046846
0.7959346806488228
0.7481440479332581
0.688161430273957
1.0895440039428463
1.0925563584962246
1.0877156611930476
1.073963251578584
1.0629406179745817
1.0496836642608218
1.0198614786994114
0.9910419539247218
0.93575361263866
0.8820934637653399
0.8481593435465591
0.7789133203597756
0.7312012817614267
0.6683861727661787
0.5973268442683826
0.611089565800931
0.6461380875533456
0.6607778996946658
0.668942091585311
0.7186890220761927
0.734056526167242
0.7420533473067076
0.7368916570793844
0.7919606960275618
0.80792221643877
0.8130827187519251
0.814890952366564
0.8062703744750013
0.842271394220555
0.8573586210563876
0.8616965849780238
0.8636942061737726
0.8608138714448235
0.8518298891535063
0.828329725841614
0.799782026562135
0.8886399847007111
0.9034892236362168
0.9073094116790316
0.9084435460873906
0.9034069263133319
0.8929351983725466
0.8654583099682146
0.8341003728651329
0.7672462954072716
0.6894152624923291
0.9404080324820091
0.9536318180153817
0.9566727825636552
0.9565057012202758
0.9487204748520487
0.9356852069827464
0.9084778347473873
0.8678100574142709
0.7933380349346661
0.7071229913461112
0.9686413626361944
0.9801478302136758
0.9820992743107888
0.9812454577686127
0.9716064172292773
0.9567839869726857
0.9219640311869239
0.8830810317004005
0.80293067121381
0.9972767282749184
1.006751017365748
1.0051896534345242
0.9759128647893702
0.8952375457401638
0.8086836301766259
0.7113861506985971
1.0184637410253798
1.021160156927608
1.0209216213130714
1.017282960442678
1.0031294699062745
0.9835015016486176
0.9426041024337136
0.8975503371153849
0.8063456549641829
0.7054025298054103
1.0274133456394243
1.0316348442145602
1.0289700313589811
1.0247440420974097
1.0073842145586365
0.9851424569683986
0.9370301355732883
0.8909769214953871
0.8179890000896812
0.7946989785875095
0.6878280438272496
1.0291731453907669
1.0310809925906987
1.0275729465156913
1.0208579653676888
1.0007547837548574
0.9777415828791824
0.9288462885666924
0.8783414498884418
0.7777548882664507
0.6680777958021521
