0.8905792959570883
0.9118818589559243
0.9048857302279465
0.8622910244854343
0.8106346601993643
0.7645477331425311
0.7159426366122212
0.6721125464919453
0.6088001461174951
0.5162180625720741
0.9865654726921201
1.0185843731694182
1.0292141949831195
1.0328833120714889
0.9984012455223971
0.9401893455565323
0.8850769977642656
0.8260592940845255
0.7726082394949965
0.7194065901723937
0.6679712299679786
0.6253622674884575
0.544248543982097
1.0878639101423428
1.1024116000214588
1.1139676745311353
1.126887236543538
1.129572279260969
1.1187496499678575
1.0600338375817808
0.9975006861507473
0.928682242760429
0.8658701716198918
0.8032349833941229
0.7426469315760263
0.692444863282359
0.5533658728748403
1.1826297205412475
1.2101211745498424
1.21640502820255
1.2257155220712943
1.2283414386928069
1.227167342930172
1.180486478694374
1.1128165717676888
1.0343128400476451
0.9616407731972584
0.8888903983373391
0.8184530946885671
0.7600860653534176
0.7008836036229142
1.318011121067171
1.3341923584251767
1.3463657094803287
1.3589772549711208
1.3612141129061697
1.3524741322011262
1.2892648358507193
1.1988314161132072
1.1109227348587818
1.0218053838891221
0.9352368808034236
0.8634853725910736
0.7907489300293804
0.7267528092113675
1.4117971312099191
1.4281275516652945
1.4404610879059978
1.4518281712208858
1.4538981408812492
1.4545243600014641
1.4173216600024086
1.324436156005211
1.2260002080452646
1.124113654281281
1.024585846725809
0.9420221235527328
0.8583709106551464
0.784801577746524
1.4014584907766963
1.297802813280258
1.1881103861267939
1.0803222340681882
0.9908029517495692
0.82041302631269
1.5229708691977186
1.553233492938855
1.5617245065490744
1.5598637858643696
1.4869143874804476
1.3796825250123699
1.2615326883189768
1.1442139247853331
1.0465582293628508
0.9476462535196932
0.8607419493119096
1.5882975117463676
1.6161334317883453
1.6234280170924884
1.5858665797966371
1.480559828134482
1.353353704526722
1.224234078112553
1.1162097554335941
1.006745848979575
0.9106223687737979
0.8173933845022234
1.6369367618141313
1.6615257793985645
1.66851863441554
1.6528513783224434
1.561769446872042
1.4294709941689525
1.2909369573595642
1.174194692657466
1.055755323559617
0.9517812074285454
0.8510437254363942
1.7069768287118012
1.7120411272958846
1.7098589219275575
1.6975476282828326
1.6466341565850002
1.602037417622749
1.51346847644366
1.3654310870563555
1.238992086227484
1.1103466160358249
0.9974468977682248
0.8881675331066464
1.726811226210814
1.7467444156171654
1.748206831083638
1.7226164666788273
1.5979316380975555
1.4422573456718444
1.306083722517157
1.166819627660225
1.0444857869668376
0.9262144975173467
1.7864073138776992
1.787370899319448
1.7840687154200285
1.7632219748267903
1.7503597861898001
1.6985772222298108
1.6285640531599779
1.5395557195682221
1.392097428287973
1.2392889342464353
1.1047817952122878
0.9746130820096083
1.812620917286431
1.8122621084194976
1.8035423824171324
1.7793107410810132
1.7437395707484564
1.6884644283398524
1.6312318533620769
1.47566802360155
1.3101521941929717
1.1633961717703687
1.0216442618544186
0.8973137318718407
0.8980383707924028
1.0012363830240463
1.0159173994825565
0.9933937137865553
1.1071556881468096
1.1079496286976758
1.2058941163130021
1.1741591227498465
1.324240642700174
1.3342232130086151
1.2833980231306168
1.422043435262169
1.4048196257844916
1.4346961365391568
1.4699521953326569
1.4981801960293029
1.5272214984736192
1.4775349527818482
1.5588439651455495
1.5862665293860219
1.568477023972298
1.6235388101394905
1.6260435146207255
1.5531367286490245
1.6317440435551314
1.6707621687680916
1.70481620241283
1.6967254472321645
1.590690113668299
1.7393423766207152
1.684110364508505
1.7511461989874497
1.6237905290611978
0.824479901087955
0.8429594230795173
0.8994920421409168
0.9195080854049924
0.9320723475311764
1.0136300970491359
1.0355709994669855
1.0487236037921945
1.0547638290940542
1.0531121048323466
1.133124080855225
1.1562080780605921
1.169188506174412
1.1743944527958303
1.1703085750098934
1.143624250240714
1.2174273026856504
1.24066978916835
1.2535363868629426
1.2570039769019423
1.2573469342857253
1.2557298179370497
1.2515549161423742
1.2375392288568414
1.2192228233565119
1.298456742937986
1.3221997717604757
1.3337303944016201
1.3360354628187385
1.33329530044529
1.3278301253619078
1.3104146852453555
1.2899453614435967
1.2469183153871455
1.202428171613883
1.1121759218025484
1.0701589079188372
1.009320057871609
1.3934423212929479
1.415730394359257
1.425691761477845
1.4268775031684982
1.4252743001358776
1.4197384339460684
1.4135944699089609
1.3917781475017361
1.3675409680597665
1.3247561727887311
1.266515761878395
1.2255168501799758
1.164844839878735
1.1159404842357898
1.049218503125097
1.4479606391232538
1.4688293529796326
1.4773785525852097
1.474922412354431
1.4692456603724855
1.4603407962995378
1.4356530036036472
1.408714423429075
1.3547026715246069
1.299033387506883
1.2542936215487692
1.188810677016027
1.1379411921025127
1.0653062308453418
1.5084380472381929
1.526729633701383
1.5329743517743648
1.5274216729984804
1.5090950861994419
1.4505398337351814
1.3302575884668248
1.2100500891941957
1.0767557409969764
1.557140623037938
1.567154005249301
1.5644992947710115
1.5510278936018131
1.537539060436107
1.5065324935257687
1.4724184408387735
1.4093319729876719
1.344187808385605
1.3014193524824889
1.2166036705116345
1.1619970501294001
1.0769878319335844
1.58990346941617
1.6023341348966267
1.6023325038002951
1.589895529036704
1.5763865206559182
1.5646315690391999
1.5289857279268244
1.4911001660041288
1.417108246543404
1.349882829985944
1.2894310419001824
1.2138599214654626
1.147589592052505
1.064027849544346
1.6096876299688399
1.6187550886416426
1.6160037769351947
1.6004894809521748
1.5868532254190553
1.5699132951972017
1.530658725887061
1.4919719529000162
1.4169775737900376
1.3426957378012496
1.2956984836329577
1.1991617848218676
1.132295592309141
1.0438263056626467
0.8009545903760511
0.820756948264016
0.8726328498282004
0.894034142287307
0.9069611952525658
0.9813161227954805
1.004367502954523
1.0176117003521117
1.0152627747400598
1.094114044620616
1.118803594741787
1.1275689243642186
1.1313096808811058
1.1248730949913324
1.1737698308508544
1.1977015174881802
1.2053339121970408
1.2098102196882285
1.20906417085438
1.199516538289954
1.1714528823264472
1.1359203629505394
1.2493043885862267
1.2735980010700358
1.2807458618618586
1.284193723758346
1.2808233456293399
1.269249647513498
1.235841184940592
1.1962197207975327
1.1101115979727305
1.0087225908392718
1.3370935682088243
1.3598423876549064
1.3665334704513932
1.3679842668146964
1.3611516465993059
1.3460794535539466
1.3122936696476954
1.260133879950376
1.1627270062049149
1.048611891828253
1.3872938765093166
1.4078624191168922
1.412872438521031
1.4139783927074163
1.4046158162758253
1.3870007341027535
1.3430990572992987
1.29260934214952
1.1867103770641443
1.4417039073390385
1.4598283908420875
1.4623996785511395
1.428717566046134
1.323819450694702
1.207969702769924
1.0761718492508963
1.4851890627798434
1.4915182549741235
1.493470757841891
1.4910105375502023
1.4752970722544567
1.4509625368328767
1.3978113763196596
1.3378645601239287
1.2145826658570995
1.0764211336145184
1.512201364949143
1.5235187109870105
1.5227885186657406
1.5186932201275667
1.4986540902785874
1.4700323121414693
1.406313491029072
1.3438193368216849
1.2440650087597325
1.2119248821034008
1.0634964959143778
1.5269973274079596
1.5350888571510175
1.5328157807300744
1.5257864816415119
1.5012989880298544
1.4714641837647064
1.406255752363039
1.336824702754183
1.1973276345998
1.0433291898341153
