0.891737493124889
0.912371969204173
0.9029443515645991
0.8581609430448014
0.8043260149302572
0.7563948541332899
0.705877538076264
0.6603245968087488
0.594528173932615
0.49839145725476974
0.986130410245746
1.0173032509601156
1.0273366327183293
1.0298898285952862
0.9927906476332949
0.9320060152843735
0.8747491517743912
0.8135410977551646
0.7581430555813036
0.7030386230485428
0.6497917035931772
0.6057167676382941
0.52201144534243
1.0851559986612176
1.0993104728030416
1.110461624507783
1.1226754569596356
1.1251192370853027
1.1116123411517431
1.0499211691499901
0.984956299704098
0.9136967429883596
0.8487434094927035
0.7840449514959832
0.7215195259542275
0.6697705469085407
0.527000192664248
1.177209844995132
1.203695924179511
1.2096363860187693
1.2181559459460263
1.2202441554992398
1.2182157963771083
1.1682332509324629
1.097812831576971
1.016601924880364
0.9416067408729043
0.8666488736166155
0.7941701035269342
0.7341982123023657
0.6734776152197325
1.3075366459893991
1.3230422345141963
1.334553879284346
1.3460825954866966
1.3479687299799294
1.3367000742800792
1.270101008698158
1.1765112924569199
1.0860086280448866
0.994493689521703
0.9057710706292803
0.832373669562526
0.7581255845358543
0.6929908369839759
1.3967818964553897
1.412305128714799
1.4238405954838302
1.434002174934987
1.435618642604983
1.435448984296608
1.3947777359429863
1.2982935846654284
1.197030691041757
1.0926201307272774
0.9908880597880589
0.9066863867069581
0.8215739503705444
0.7469589027353437
1.3728202033904693
1.266169357602439
1.153876196615798
1.0438661633792439
0.9527299770743581
0.7799626295705335
1.501012934737687
1.5291279049592534
1.535952054876898
1.5329294398752737
1.4553476192334793
1.3448794238777944
1.2240329755761021
1.1044820138093052
1.0052478677605414
0.9050130688814212
0.8172390706546641
1.561361252729981
1.5868294126388647
1.592217680123438
1.5506494640674788
1.4416413290957022
1.3115819588812938
1.1802240687716223
1.070688724856887
0.9600271440783988
0.8631945747623785
0.7696150638756993
1.6055253141022312
1.6278178957167728
1.632815382169028
1.6144568218117707
1.5193415052608714
1.3839911227404624
1.2432080813016055
1.1250231296173343
1.0055119278872193
0.900984696726431
0.8000829524226097
1.6678246868353332
1.6711824014759014
1.6678470427508396
1.6539409894439847
1.6002914319546846
1.5542731027533137
1.463700635233852
1.313372953155443
1.18557864091409
1.0560221512685086
0.942767100953592
0.8335585596900194
1.6844815181130592
1.7018427083737722
1.7007675383990597
1.6724250017248872
1.5436626737515113
1.3855374471009514
1.248094464296387
1.1081012909845886
0.985643700610234
0.8677118575319223
1.7337944680257875
1.7331444742856403
1.7288038200895828
1.70578535531083
1.6921174321512369
1.6383915112226213
1.566869483268158
1.4766103747622412
1.3279563984242078
1.174649711619248
1.040232604755636
0.9109224273094685
1.7523035000631781
1.7504639510414841
1.740006892973013
1.7139237503498184
1.6768426276671922
1.6201746098698828
1.5620276124737347
1.4052028245725119
1.2394488809273514
1.0932509985454542
0.9526401160366278
0.8973030993418606
0.8961029951176801
0.9993766304888262
1.012955094492983
0.9878063940219818
1.1022853962755461
1.1008727245698848
1.197085233627202
1.1619691466167126
1.3113484156252697
1.3186613311624893
1.264322499035067
1.4033982891673036
1.3824806686895406
1.4157793197565653
1.4456429221775806
1.4749741676666948
1.5008812953374593
1.446178935315994
1.5306525941177007
1.554759745746162
1.5336710906935695
1.5888776164364786
1.5883225315711382
1.5109626532058344
1.5858593374916605
1.628962718870107
1.6586799735010571
1.6473670300452623
1.5366928001993247
1.6844078182506579
1.6244977484955265
1.6869303483062505
1.5549438043920876
0.8238490936368152
0.8418803376107544
0.8972958422817755
0.9167474208249868
0.9287239792790731
1.008333550136236
1.029502743526726
1.0418822622861355
1.047056302213438
1.0444788668885658
1.1234684824465657
1.1455219991394192
1.1575280221994981
1.1616374258728286
1.1564272027084814
1.1277138511429246
1.2038393590334378
1.2258621806141885
1.2375544524465236
1.240269040192722
1.2401588248160198
1.2379230933749852
1.233103851607318
1.2178948259181248
1.1985293331975357
1.2802209180794246
1.3024732940363533
1.3127159398554498
1.3136174502992235
1.3101889628432184
1.3040348841700442
1.2853136807336547
1.2637836279812795
1.2190646522739559
1.1731663407939141
1.0805194539370067
1.0375052797163014
0.9753333752307932
1.3682906786970304
1.3888558415275243
1.397258662748292
1.3976799121335723
1.3952367257395004
1.3888214663636014
1.3820642441153734
1.358840198232671
1.3335146994227367
1.289264480630206
1.229455413371056
1.1875072500793755
1.1256644224167107
1.075793382439688
1.0079854834941058
1.417793206043612
1.4367285381403754
1.443625151810403
1.4395297747225229
1.4330435020636418
1.4233265949650495
1.397199985606997
1.3691854437159623
1.3135574672112504
1.256593344007894
1.2109818106809278
1.1443852395549465
1.0927738110685927
1.0191958698857595
1.4712998088243585
1.4874779637838589
1.4918743431256034
1.484558648280349
1.4645704443220886
1.4035844454073552
1.2806425235018382
1.1588234041515226
1.0243870795811163
1.5129741734439734
1.5203096583274522
1.5164497633130891
1.5012971609829575
1.486923497492049
1.4545339066113827
1.4193935887675446
1.354967897036899
1.2888509630976255
1.2456713181363066
1.1600333309247526
1.1051109932557424
1.019790847674416
1.537805665119673
1.5477973820401236
1.5458029097204207
1.531412552056036
1.5169025601616735
1.5045321268958591
1.4676301743434064
1.4288073580313614
1.3537149273700193
1.2858839006169145
1.2251174328591152
1.1493533672432719
1.083094693734577
0.9997875699782515
1.550388233132532
1.5569788136056826
1.5521835211754023
1.5347872383556964
1.5202717156914887
1.5025242999324546
1.462143075198679
1.4227583901520533
1.3466221505063884
1.2723208257864698
1.225264429035453
1.1289181503681927
1.0623898828830767
0.9746262283886273
0.7994146804935107
0.8186703951770623
0.8694278323267278
0.8901406115597601
0.9022856755630516
0.9748584494376903
0.9969892700724455
1.0092444635302613
1.0049953241848957
1.083168434032041
1.1066401190609567
1.1146751592169226
1.117882121686332
1.109221976290025
1.1588081696400343
1.1813351293101957
1.1884452501567693
1.1919822857079374
1.1898793088298147
1.179164267718264
1.149364141462598
1.112323087604954
1.2296632387671476
1.2522639252277334
1.258582716066715
1.2612092775546337
1.2563113320917751
1.2435249888806812
1.2082460341409669
1.1671161983106315
1.0785170520651723
0.9747572674074414
1.3105348563335766
1.3312675573420651
1.3368462404151638
1.3375339300695297
1.3289838215119483
1.312621105236531
1.277157684852936
1.2232729104542468
1.1236230021768878
1.0074046412597348
1.3557586551205383
1.3742002550700751
1.3781591267634057
1.3782277034325847
1.3670575032732022
1.3481275516444555
1.3023337614033574
1.2503959960892552
1.1423701140921994
1.4032749175650625
1.4190366548488766
1.4193788537760688
1.3825336787186076
1.274467513991165
1.1568400756741826
1.0238347904878575
1.4398318997901525
1.44491255642213
1.4457777040633177
1.442085710476631
1.424488398123945
1.3987908153491182
1.3439387662515903
1.282816268185604
1.158117176767435
1.0192581752285692
1.4592478847512567
1.467777504531895
1.4655703950957368
1.4605744405804586
1.4383110225543614
1.408727590765699
1.3434637834727439
1.2801449967360683
1.179627780668336
1.1475354595996323
0.9992936320474364
1.467183288310852
1.4724414814534348
1.4688126788532199
1.4606151654946717
1.4342780884438207
1.4033339769157573
1.3365082230092784
1.2668130301103597
1.1272085250169246
0.9741680767375792
