0.8513344371059864
0.8713131888207234
0.8631914076600324
0.8212636133992182
0.7707799706592083
0.7258684859837873
0.678583008545957
0.6359912344160662
0.5745192891185777
0.4845655454425614
0.9386137720700518
0.9685750794193128
0.9783337856779126
0.9811688272869372
0.9468916027680232
0.8901596606756966
0.8367192736810729
0.7795947729610091
0.7279254904238647
0.6765493822442508
0.626891387238075
0.5857424715956393
0.5072828106834194
1.030551921672988
1.044098255055939
1.0548014814092685
1.066622738230057
1.0690227262732022
1.0572330267869339
1.0000165848406686
0.9395740419043914
0.8732447974747062
0.8127974935487841
0.7525905845351689
0.6943759854972287
0.6461368665798229
0.5122140090631447
1.1157568624341425
1.1410932350254486
1.1468160024071392
1.1551330914232483
1.1573063546782387
1.1556984826651644
1.10983559329768
1.0445771538338746
0.969210111905888
0.8995563214879806
0.8299341799717589
0.762565173969271
0.706748709542167
0.6501226403670959
1.2361984601907658
1.250968207801638
1.2619872359239328
1.2731889465409725
1.2750781454593334
1.2654314018272912
1.2043017308130903
1.1178278086145148
1.0340787299502079
0.9493199672511669
0.8670590554048919
0.7989077774151051
0.7298340165926234
0.6690451681281189
1.3185901499049792
1.3333752812066928
1.3444340470798175
1.354339181648656
1.3560182923911952
1.356206112198274
1.3194313434589369
1.2306805728716368
1.1372399156662665
1.0407444265048118
0.9465953608821885
0.8685453808864871
0.7895008892017557
0.72003713985987
1.2996204105916125
1.2013830160148509
1.0977409430001628
0.9960444750995123
0.9116525345218693
0.751130829269568
1.4149348805126094
1.4417652378991197
1.448690954894363
1.446297081786297
1.3758258100357201
1.2743199286122997
1.1629566580128061
1.0525794560074802
0.9607918370783434
0.8678894712983225
0.7863000196885724
1.4706713480903184
1.495103558350394
1.5007408870089392
1.463619236180532
1.3638619962027971
1.24425927912416
1.123167719894032
1.021988071958551
0.9195517393058539
0.8296544361126551
0.742464168701682
1.511605207381521
1.5330304377192079
1.5383330339818337
1.5222744669004884
1.435659386125488
1.3114381551842926
1.1818262819489513
1.0727727686026598
0.9622552220955697
0.8653064067271764
0.771393081490075
1.5702288870954197
1.573916890509366
1.5712478749498149
1.5589535691258092
1.5103325166062491
1.4683123256830353
1.3853208807218924
1.2471313586360988
1.1293497590356552
1.0096643674624184
0.9047237641215938
0.8031835217929376
1.5851424968505747
1.6020415412572153
1.601896051174052
1.5767036419854568
1.459327842930016
1.3142629773889913
1.1877405995715438
1.0585475439377117
0.9451887326162426
0.8356386951605526
1.6322128765691388
1.6321756303920918
1.628524659216785
1.6080738059198982
1.5957685072076195
1.547017601562181
1.48163921234111
1.398933795822483
1.262311201215128
1.1210220192591747
0.9966990636447608
0.8767154978083693
1.6501945036482055
1.648994475766947
1.6399699136891444
1.6166232239183473
1.5830466857499286
1.5314300579765856
1.4782838299432162
1.3344135486999642
1.1818166427553756
1.046742956554662
0.9163926169768547
0.8570817325328492
0.856650043533883
0.951732386778901
0.9650535093545616
0.9421453722864386
1.0475561858693463
1.0470458612476201
1.1357262675681339
1.1039084893489448
1.240621176090589
1.2484455540934143
1.1988532750438934
1.3261180536581436
1.3078734607651177
1.3361300965328737
1.365891592296766
1.3910985573231334
1.4162884939564904
1.367224572250201
1.4426195224328129
1.4661375766800555
1.4477276893915993
1.4973020143456224
1.4978466719981287
1.4278116240358933
1.496836480886454
1.5337777920373736
1.5626392363844148
1.553305738588959
1.4528022346035794
1.5876512886304213
1.5340286021518754
1.591423225852941
1.4716479302825831
0.7870692945784021
0.8044862756520468
0.8555281058744042
0.8742709263637034
0.885902125879012
0.9587745737378515
0.9791149405487155
0.9911241180371626
0.996357605350812
0.9942860932480558
1.065606215693581
1.086754640907728
1.0984258127322089
1.1027061386531036
1.0982369678808186
1.0720281257019402
1.1401026813169195
1.1611989045239464
1.1725935033693273
1.175426507122096
1.1754941663678444
1.1736279286036946
1.1693610526417377
1.1555662338798607
1.1378313619655076
1.210880165662532
1.2322058886941325
1.2422422362450365
1.2436004428383183
1.2406657382136528
1.2351847209083537
1.2181818441603618
1.1984893283357707
1.1573813870937582
1.1150805274509281
1.0295104800991497
0.9897256453594426
0.9321671944894627
1.2925789910167909
1.3123268832114097
1.3206858055662298
1.3213545852564381
1.3193821709561993
1.3137524468960713
1.3077016613555195
1.2866096311774762
1.2634692716421345
1.2228641118097237
1.1678302197090282
1.1291686159265613
1.0720484998806898
1.0260310493848144
0.963313061780278
1.3386185311109045
1.3568609333320676
1.363853580057137
1.3606379396864157
1.3548939681523249
1.3461873462727154
1.3224678833681776
1.2968739726632978
1.2458573392258743
1.193471020101484
1.1514621111873058
1.0900384181894085
1.042378818154907
0.9743656324830642
1.3885929621117699
1.40426622648771
1.408995920559199
1.402841048979301
1.3849246196141936
1.3293568299657517
1.2165447661388817
1.1042882015425688
0.980055719620917
1.4280382629516657
1.435732896208951
1.4325786321171468
1.4191567282925013
1.4062132818271869
1.3767880218748119
1.3446938341773311
1.2856543789098303
1.2248842761829997
1.1851413591973994
1.1061896877275392
1.0554769291810926
0.9765642788158072
1.451634914684099
1.4616540596673442
1.4605085625412688
1.4478797534021703
1.4348630767405155
1.4236726138371563
1.3901069854160901
1.3546485808177025
1.2858094543730176
1.2234572079906485
1.1675040751077848
1.0976048756546273
1.0363722309039396
0.959229217876791
1.4642686645483804
1.471135409931725
1.467412774107549
1.4520543166277236
1.4389991328517122
1.4229490482695442
1.3861594244370439
1.3501444666829943
1.2806195191235024
1.2120118709448138
1.1686525575520117
1.0797112961752637
1.0181746629360975
0.9368090790491158
0.7640738028875546
0.7827003810717111
0.8293972021220406
0.8493871759882587
0.8612675961340235
0.9275464376735002
0.9488526003410868
0.9608451996922776
0.957585728169898
1.0281875700551202
1.050733630903725
1.0585780843244659
1.0618019701563408
1.0545342527380706
1.0984104349808
1.1200576248478904
1.1268047677691457
1.1305901652478145
1.129139518627224
1.119555759029006
1.0923046223794608
1.0582053458276508
1.164186026151308
1.1859120958433944
1.192129939560603
1.194896371655128
1.190882727679626
1.1794104411589583
1.1471830516924144
1.109371834491868
1.027617331069537
0.9316211387463529
1.2393758025888377
1.2593744158189517
1.2649788343300914
1.2659027146309938
1.2585667887999907
1.2438331272254506
1.2114750210436669
1.1620070278491559
1.0701214833554975
0.9627631357436671
1.28156816158403
1.2994236763609681
1.3034646193812007
1.3039008994938182
1.2941847106695246
1.277101977015205
1.2353063315050856
1.1876380957134187
1.0881370634924414
1.326102452649334
1.3415071713701592
1.342590063169238
1.3096066372423776
1.2107355157173472
1.1024170805191387
0.9795327749537587
1.360915202173087
1.3660321362844912
1.3671904577649125
1.3642245911176225
1.3486268457425552
1.3253669681410045
1.2752932021608703
1.2192066522315668
1.1043812717491996
0.9760595052534412
1.3795870503496417
1.3883378310917134
1.3868044353449576
1.3825053525564193
1.3626463960868411
1.335806106229684
1.2761727857535936
1.2180534240072896
1.125492427685346
1.095886895045466
0.9587598989316087
1.387915131794218
1.3936917569238916
1.39080207787196
1.3836138663804205
1.3600168811178743
1.33190226499496
1.2711003417869893
1.206819463496099
1.078092887925844
0.9363729354120748
