1.0575206865061895
1.0848136714683059
1.083021490787545
1.0379344086467992
0.981901845059646
0.9315754515650676
0.8783459829233976
0.8302486577039635
0.7606362580006546
0.6584145360494883
1.1755580602007454
1.2160995923923437
1.2303939366385233
1.2377419489094017
1.203409857433203
1.1405132496875146
1.0801348828343855
1.0151502554600422
0.956105039395239
0.8971902775835394
0.8400875304541339
0.7926630682606746
0.7019204056928957
1.3014496198934036
1.319867637199055
1.3347418367644766
1.3520223720826783
1.3558635574569613
1.3498955921128122
1.2873755987462105
1.2188264957955022
1.1427338193498648
1.0729935415730139
1.003202256677293
0.9354896367159036
0.8792061172603794
0.7220232994659359
1.4202256374584894
1.4556472868518215
1.4640312335508965
1.4771766367254726
1.481687656051277
1.4824637694042693
1.4350803713407443
1.3611639174311636
1.2741622406156636
1.1930663021780847
1.1115559361385772
1.0323471609768065
0.9664719877748703
0.8993900755598097
1.5918581796678002
1.61284786165004
1.6290152568824523
1.6467428164545919
1.6502872783990803
1.6461084891515367
1.5790199815717672
1.478812620174365
1.3802197023440397
1.2796496031692972
1.1814891675930728
1.0997709867764285
1.0165580324027383
0.9429428075347849
1.7123764298819864
1.7337863330509706
1.7504286164177876
1.7668932918178073
1.7704250364702034
1.773224973569297
1.7371255239171206
1.6350305779196947
1.5244189307313858
1.4089376541368341
1.2954710767307287
1.2008733645679681
1.1045590556134253
1.0194240226978375
1.730782595247275
1.6143394549235615
1.4897473249503708
1.3664992076350286
1.2635866729749046
1.0661353649924956
1.8573139656345774
1.898563236693433
1.9125514579365261
1.9130465132215133
1.8369603370718584
1.7168165168804548
1.5823849250327866
1.4478381176721364
1.3351760552379675
1.220441734724556
1.1190027432564644
1.9439289799849835
1.9824111148660608
1.995485861617301
1.9598147634166359
1.8429578208448476
1.6981136700589052
1.549571676968804
1.4244581630072066
1.2969364580948628
1.1842193667515295
1.0741695407517067
2.0093186246772876
2.0436876784145697
2.056358360269564
2.0436964875796413
1.9443946154852862
1.7939317841724947
1.6342470233685324
1.498649473986381
1.3602275370716397
1.2378801561896626
1.1185323664096471
2.1064435515817195
2.116109120571001
2.1160010057741463
2.1048138408760413
2.050259312986357
2.000375563385272
1.8995334294765107
1.7286693098623427
1.5814109415956605
1.4305804647718527
1.2972513280083158
1.1673032176726732
2.133334869071316
2.1624310941997047
2.1695126668879627
2.1448475220026966
2.005539935818599
1.8258690346375677
1.666925487757021
1.5031388115413575
1.3582086289243356
1.2170766568266598
2.2206808476641573
2.225060112159818
2.2232077050578556
2.2027992955418143
2.189126196351932
2.131554385621618
2.0517038303773942
1.948686529697925
1.7762583883643963
1.5959532391474784
1.4358706590423773
1.280085095679842
2.26207797176333
2.2644623493348264
2.25742729772183
2.232241495194096
2.192950465955317
2.130123345296558
2.0640694665045967
1.8821538877951378
1.6864314317260385
1.5113813628652357
1.3409783993575064
1.0687552245758438
1.0748181465801367
1.1968938125185153
1.2173800306401317
1.1973624367661744
1.3301608970022945
1.3368327836646852
1.4566913684624956
1.4273634257098866
1.6053011605129361
1.6238118710530698
1.5718048183796223
1.7334586775307217
1.7217352578372496
1.7473511241829742
1.8021470093235046
1.8309594876446396
1.8728269617998496
1.8253145984240253
1.9117959251713739
1.9519198412408154
1.938216254849503
2.000646347696093
2.0103815477194713
1.9335887589095675
2.0316214967676953
2.065950847322821
2.1153930200075384
2.1124455320017237
1.9964013596340957
2.1704745976689805
2.1133084145073044
2.196745048571004
2.0546080220886345
0.9833489742997535
1.006652304077044
1.0764682586416672
1.1019037576601787
1.118499853173291
1.2195093226332152
1.2477286134055883
1.2654484488900233
1.2748952497394912
1.2753125501446612
1.371204198269308
1.4013579971032044
1.4193094768330108
1.428254899123976
1.4262238215367677
1.3994205662323362
1.4795994126054401
1.5103450492879842
1.5285872395960018
1.5345739621664691
1.5360959142386346
1.5356900048405773
1.5322867707737053
1.5184863137769968
1.499196541260818
1.5851098485614135
1.6169961215420836
1.6338412313340136
1.6399538939082468
1.6383401334206988
1.6334850315258689
1.6158317086136182
1.5939782162557041
1.5467076974791634
1.4970178224972492
1.395091688505638
1.3473534184761804
1.2779397216403192
1.7108994101662693
1.7414280810991967
1.7568877169301609
1.76006701531639
1.760042255486821
1.7555613222845647
1.7496017488219315
1.7269214301826121
1.7005944046044525
1.6530345103224988
1.587319943430283
1.5406871717905533
1.4712935562456186
1.415130949726725
1.3381687644609868
1.7845223275778321
1.813696247262402
1.8275893404094525
1.8283566665081465
1.8234303535723875
1.814666357831136
1.7885213186726059
1.7589274552155845
1.6983265174598208
1.6350276152937486
1.5837651391674452
1.5083765706744847
1.4495421285541603
1.3651701955923983
1.8679722008446447
1.8942719713568266
1.9057060230936886
1.9029219381502538
1.8847384331445898
1.820528458891497
1.6833268882637407
1.5439941352565327
1.3880941200249701
1.937475860597341
1.9549514231638303
1.9543201679502888
1.9418520475470709
1.9277166764668443
1.893781917109058
1.8554821672623645
1.7833754608253567
1.7080861608134346
1.6584624143834756
1.5591753175463992
1.4950352661982844
1.3947844844001094
1.9871475245511105
2.006715085920442
2.0108007647611665
1.9996611839895182
1.9856260600928008
1.9728945174481538
1.9331612522917898
1.8900168332010514
1.8044682591090382
1.7259461988274591
1.6548564816411715
1.5656038034819537
1.486963499428509
1.3872952589128054
2.0200642495258867
2.035596498109658
2.0361537511697057
2.0212656423189603
2.0067468010859666
1.988101905184975
1.9437616441302785
1.8992365928864547
1.8118929538025326
1.72439464314164
1.6688258099438043
1.553957395708685
1.4739802547305498
1.3677134404063036
0.9576750565627576
0.982821039570425
1.0470553691397182
1.0744469780995904
1.0919673469108757
1.1839015519830796
1.2138195673336825
1.2322040926986382
1.2342690212267857
1.3278475869169712
1.3604054466755586
1.3727210449033689
1.3785226558371124
1.3763853244722934
1.4309174286827062
1.4629231306715074
1.4737987457211612
1.4809603707081567
1.4833934206274637
1.4748553103478144
1.445602658089227
1.406869723690934
1.5299359426302686
1.5629525289738364
1.5734615531123837
1.5795467299235955
1.5791635478379051
1.5682752019861095
1.5328938226716666
1.489244587978749
1.392485724833882
1.2771776177181335
1.6471401480047063
1.6788179814750643
1.6894241370688088
1.692895977882306
1.6887126190049928
1.673756764666601
1.6373924607862973
1.579271773283914
1.4685998294570466
1.3373887571177674
1.7155489570476452
1.744772604700809
1.7530761421880667
1.7567347266128581
1.7496356244586904
1.7316574879133675
1.6836904337960998
1.6268896191422806
1.5056921941326211
1.7916086557918198
1.818237180942181
1.826086545803559
1.7929762150339759
1.675125904548333
1.541319678424857
1.387334684613557
1.854692970542246
1.8647876062247244
1.8693894395996238
1.8690481096263776
1.854288753162399
1.828282798234272
1.7687058081426383
1.6999978083675307
1.5565657488440252
1.3940439646606388
1.8970851107312943
1.9157286241992257
1.9177424546656388
1.914653868736918
1.8941638603778752
1.8631597703581346
1.7906403108930713
1.718144472570462
1.600882772734853
1.563089930134225
1.3865963029364108
1.9234512504964125
1.9382607926485282
1.9380698255798767
1.931939561360237
1.9062873246810335
1.8729943668544573
1.7981074583652934
1.716825127433164
1.5515645349849767
1.3670565488704927
