0.803106071436642
0.8197246508141723
0.8046767930940176
0.7589033174280972
0.7052992655215964
0.6580234367039534
0.6084072165289224
0.5639110531707481
0.4996660297866812
0.40577821656968116
0.8784588162753014
0.9038347764654935
0.9111406568631657
0.9104510484270114
0.8707988141921524
0.8105248179241789
0.7546520265574834
0.6953216307630598
0.6419586054550392
0.588966624352887
0.5378497017420847
0.4955664947202958
0.41518080020228826
0.9564667059542821
0.9679025234548663
0.9766571418792966
0.9855857457460419
0.9871085372866995
0.9683903536128777
0.9067780478147683
0.8438212417502274
0.775468349322224
0.713626527464645
0.6521960146390863
0.5929866067431551
0.5440642189391397
0.40910246079417334
1.02722275244802
1.0478401655251925
1.052169381297489
1.0576335173358062
1.0581280456384692
1.0542198392931268
1.0024740674058374
0.934422901307417
0.8572276470663721
0.7865657814727869
0.7162328890160201
0.6484673401632186
0.5925407052540018
0.5360269304713465
1.1244517384285937
1.1362473295717637
1.144620190994326
1.1520238496751731
1.152810277099834
1.1370478297857194
1.0714605948266163
0.9832248759078253
0.8991200561294846
0.8146278800392056
0.7331198721537274
0.6659493583755128
0.5982251278824279
0.5389972179588345
1.188642922922408
1.2001597781733844
1.2082463003174209
1.2141908347073989
1.214566563872967
1.2126058719643356
1.1696076190914695
1.0783887332384499
0.9850533195221662
0.8896694197447879
0.7973109442965778
0.7212275730836387
0.644646414698505
0.5778199629944895
1.1363406691271793
1.0383348274331228
0.9363351979287838
0.8371297454924083
0.7553778869402037
0.6014598808759829
1.260719377268495
1.279745279720199
1.281887077498962
1.2767506676211682
1.200214846594094
1.0987868526238143
0.9896294684770475
0.8825788833466915
0.7942506169921812
0.7054955631157735
0.6281790481834109
1.3003252957865281
1.3169598268631495
1.3173732580739388
1.2734790757935217
1.1728028395424581
1.0559458060639804
0.9392213609741636
0.8425838979315914
0.7455217074379242
0.6610882534519438
0.5799037187669357
1.3280747177708159
1.3422085724364485
1.342334435083098
1.321119039623953
1.231972829366839
1.110610778509818
0.9862058171490672
0.8826324772019917
0.778564387504648
0.6881163380367182
0.6013082258974587
1.3649379448749657
1.3643510280123627
1.3592364812587636
1.3442838711385177
1.293286230406691
1.2514043213147399
1.1705920624770498
1.0384145096437372
0.9271733482881186
0.8152112338349292
0.7179695652846768
0.6248074749724717
1.3729778692953736
1.3826294799564776
1.3767570077122797
1.3474791912931638
1.2304936960968824
1.0919919599849324
0.973076833878064
0.8529081386146907
0.7485795773929338
0.6487810215614241
1.3956102975046147
1.3920563078381938
1.3864655074427905
1.3630365402530265
1.3500320025178068
1.301196233187155
1.2379145783017864
1.1594100467590842
1.0315896961991209
0.9010416716359811
0.7875749422354182
0.679095379924237
1.398227345026621
1.3940552147744962
1.382192113316799
1.356996826693021
1.3231060321573564
1.2729493109729004
1.2223906574427474
1.088026891033247
0.9478226335697223
0.8253911094974994
0.7083182376670426
0.8048678687801079
0.7985795294539624
0.8864036134721242
0.8955249360568714
0.8664459489269672
0.9659442760944982
0.9590983991265102
1.0361042622431214
0.9971553309786668
1.1219081664187174
1.1219137752163493
1.0666581856135084
1.185971316259948
1.159469810879484
1.1949824269044322
1.2084934526511035
1.2353166311892696
1.2505817193600288
1.1928083969911338
1.27135094130845
1.2848558626381938
1.2598424956677339
1.3070472803896651
1.3002272089784697
1.2253418314690119
1.2819137802157945
1.3268388588690292
1.3435733178666556
1.3278145774959378
1.225087662654723
1.3490204713756646
1.2904683724748207
1.3362368156924602
1.217010455905394
0.737487483346396
0.7524113027335277
0.795955212450822
0.8117470543141639
0.8208349561022092
0.8821959950867
0.898876902874587
0.9078090953905764
0.9101960179829647
0.9056323510557279
0.9686875098161976
0.9854278133035508
0.9935451814394902
0.994477822201038
0.9872516322420242
0.9574536352148683
1.0270611979909205
1.0432684179427099
1.0506411663251725
1.0512471145519062
1.0500969984485533
1.046708699482846
1.0410529892897993
1.0251312649187356
1.0059660301525897
1.0806427068600055
1.0964214166424022
1.1023203127094523
1.099951884446198
1.0954391086446127
1.0885910700794592
1.0695297682716272
1.0486445351830287
1.0064712844929284
0.9638644207518586
0.8788966042732342
0.8396933559388944
0.7832942181467121
1.1395061811341998
1.1533824934181083
1.1571807359987578
1.1558846835518017
1.151990515199324
1.1446108308924716
1.137562266717211
1.1146813658780685
1.0906793982447873
1.0496892723365516
0.9951749703168504
0.9572636536145904
0.9017205995045301
0.8571230399413357
0.7967069084346263
1.1706275690564092
1.1826997260392287
1.1851478137372122
1.1782703628931441
1.1710432981273797
1.1610766122205034
1.135812022412688
1.1096636465708807
1.0588650127996846
1.0076003766395774
0.9668895143324153
0.9077527367275988
0.8621536012635498
0.7974450898340993
1.2018514475866822
1.211285633723735
1.2113163131871525
1.2015730198620742
1.1812610864918318
1.124524579695137
1.0148295442000401
0.9080139444433293
0.7912681267300585
1.2235627215778833
1.2246050637452441
1.2190017208999202
1.2029223086453784
1.1890158019882973
1.1589440892113676
1.1271426188468052
1.0700103138793489
1.0120644698761756
0.9744653467903418
0.9003687396074619
0.8531432640024627
0.7800182792912513
1.230800200100181
1.2345516261121219
1.2291275441547485
1.2136142991365193
1.19955695463911
1.1879986509420322
1.1545220923521795
1.1200952393049537
1.0546640372672222
0.9963756415169254
0.9442957106166877
0.8798246793912924
0.8237375464340388
0.7535754775085287
1.229563648911627
1.2306863210730405
1.2231342727123977
1.2052759584377173
1.1915435252108826
1.1752771967182134
1.139255045876859
1.1048574416731716
1.039285756611556
0.9760976636989951
0.9362583027035446
0.8552932735509888
0.7996174627338947
0.7266053190206119
0.7132243652091399
0.7289875534647317
0.7685737498660936
0.7851858544594943
0.7939591130444135
0.8498379327461374
0.8670023951559135
0.8753224470398635
0.866916205914263
0.9304745074808263
0.9479547683272359
0.9532267957460101
0.9547491787821333
0.9419575072407596
0.9847877829279531
1.0010373640009262
1.005343528570794
1.006865977073945
1.0019176061636779
0.9899717265476352
0.9602097270673999
0.9248296075046621
1.0338277779249927
1.0494998796452295
1.0530689986342605
1.053488979106011
1.0458417283362904
1.032150698647673
0.9977143560302705
0.9589950949894547
0.8773040981292166
0.7828430220382266
1.086892816317482
1.1003011664506854
1.1026923238794597
1.1016979849189388
1.0907244535175342
1.0739696760750541
1.0400571996780317
0.9902897106937674
0.900127375034957
0.7962608791707928
1.114699911763262
1.126046817680657
1.1272436681790547
1.125152075311319
1.1118915788594985
1.0930091271013327
1.0500428431428679
1.0027592401014462
0.9061987231109826
1.1412352135907087
1.1499104254229304
1.1457509385837759
1.1081039394075476
1.010073443484712
0.9065066874470196
0.790855644487866
1.1590915297812512
1.1609526912652368
1.1596494588020758
1.1541415024798356
1.1356646784365318
1.1112390130409129
1.0615505731882537
1.0074659910453754
0.8989287150235583
0.7796249938162175
1.1623246737201258
1.164657281256294
1.1601403730982167
1.1543056821737994
1.132160971281538
1.1048238806101902
1.0469224024030828
0.9920690153205234
0.9057891351463218
0.8784799278269912
0.7532167470550173
1.158195788156949
1.1578014099051572
1.1524352905453352
1.143444300154154
1.1182083097442255
1.0902401337363308
1.0317274315685894
0.9720099178793682
0.8540430233721473
0.7262767107508977
