1.0297158268328723
1.0546530507046588
1.0475749788986677
0.999139883891135
0.9401575767199953
0.887453575007011
0.831831038690192
0.7816508621569067
0.7091648012702292
0.6033312818765865
1.1430428068432925
1.1805355432765223
1.1931127623787074
1.1978250510564592
1.1588593435564687
1.0922918508475945
1.0291134995101463
0.961395505514035
0.9000314013289835
0.8389441888576668
0.7798921891527834
0.7309990807258204
0.6382891825448179
1.262720548060681
1.279786295042929
1.2933806272845574
1.3086769394282098
1.3118960247466829
1.3003678052827845
1.233240585092162
1.1614294886854746
1.0822937207681023
1.0100142985319243
0.9379144513876995
0.8681840342460657
0.8104370904036017
0.6510574701069916
1.3749933886248558
1.4073900699958093
1.414838704873365
1.4259818998842178
1.4292419865786623
1.4282062021427795
1.3750868782275076
1.2972919963988594
1.2068431237622073
1.1230350365475816
1.0391017679839472
0.9578407689764152
0.8905294159744953
0.8222998882129389
1.5358029814327225
1.5549355226340749
1.56938202742407
1.5844865167362536
1.5872253901552738
1.5779345103392386
1.5053761046829266
1.4009520799548
1.2992824613181504
1.1961438292983149
1.095940471736133
1.0128997360341478
0.9287482850395038
0.8548954551364569
1.6474930228521816
1.6668353896423174
1.6815203150979192
1.6952220659775554
1.6977812380015824
1.6988833701677581
1.6565073762575917
1.5491987425414147
1.4351494285733783
1.3169867696763664
1.2015242891180837
1.1057418034244075
1.008712472092046
0.9235522423752711
1.640104601245547
1.5199039759230635
1.3925414970614094
1.267337247278171
1.16334497399492
0.9655852907166609
1.7800916262070468
1.8162041010010785
1.8266652241576389
1.824850889438392
1.7409456588506644
1.6165211020909334
1.4791762529445858
1.3427202144620836
1.229113933860842
1.114052887367691
1.0130971733965335
1.8581061505911263
1.8913972629358982
1.900507333023657
1.8576850026995022
1.7354889311874457
1.5874361734672449
1.437028853758498
1.3111560641225024
1.1836031801325864
1.0717191846753715
0.9631700609201161
1.9162166687165103
1.945678564488351
1.9543951622181224
1.936777544833204
1.8311906417284924
1.6770942063653846
1.5155424506317943
1.3793459430583737
1.2411603019005726
1.11996475844435
1.002496709064972
2.0000366431629857
2.0063960388631346
2.0041202580869895
1.9900859314120807
1.931106703297221
1.8792041006975884
1.7759294244002688
1.6031100566300438
1.455425642282776
1.3051449524892316
1.1733507937681913
1.0457377697710777
2.0235833840534037
2.0475084824497944
2.0498294000625004
2.0204279251584225
1.8751700386569445
1.6932728443257254
1.5340518276697115
1.371167086442705
1.2281768012796388
1.0898811053595703
2.09482831992377
2.0962853138649598
2.092575479245382
2.0685242360735145
2.053550105824879
1.9931830824015064
1.9113705978011446
1.8072224793297214
1.6345946463507741
1.4556065109506824
1.298042242916636
1.1457769116239154
2.1258781074703323
2.1256771164002664
2.115693518491167
2.0875184376051936
2.0459851701387777
1.981321026821425
1.9142961379134968
1.731995028162961
1.5379483873626858
1.3659848981449227
1.1998085547947317
1.0380029494211043
1.0396446201372012
1.1606452130768687
1.17812765515605
1.1530383135336613
1.2860026835662082
1.2877880478177592
1.4033811296548537
1.3676918317696651
1.5439579591704191
1.5565632772653812
1.498499284691626
1.660782466612935
1.641833070002439
1.675780846708902
1.7187717983467774
1.7515193180807147
1.7864818758075578
1.7299104249304373
1.824007228172459
1.8570809520368081
1.8372126175232437
1.901435000574425
1.9052032697862293
1.8210160768046764
1.9135536421797417
1.9577777846073623
1.998683015888031
1.989904483884433
1.8666287682335274
2.040450458123911
1.9761251173838719
2.0543252601390027
1.905526515999416
0.9539528166004996
0.9755234237802742
1.0424301234240865
1.0658687638956885
1.0806814058225214
1.1774489032362685
1.2032480379042223
1.2188415120579466
1.2261939658715462
1.224628471378437
1.3192643136359077
1.3465392560726683
1.3620201057740047
1.3684962681815591
1.364146957745745
1.3337845413046654
1.4195755539989874
1.4471340455926938
1.4625648989467392
1.4668737638309581
1.467433708272089
1.4657699320225155
1.4611234648134979
1.4451884808974695
1.4241809737348077
1.516175090573574
1.5444317938442584
1.5583390737802827
1.5615054797032597
1.5585315147906436
1.552377994477395
1.5324713441667275
1.5089160584368382
1.4592144100862168
1.407709465980695
1.3030999518342443
1.2543796819417612
1.1838066868249073
1.6296298783339362
1.6562362055000701
1.6683785072079111
1.67000160969063
1.6683614987351252
1.6621842924004606
1.655176157529604
1.6300908770403273
1.6021016484426482
1.5524956111847557
1.4848732549524042
1.437230092262338
1.366683142516866
1.309812617922583
1.2321976401042782
1.6948144586357303
1.7198060113940388
1.7302874021159653
1.7278850162068549
1.7214793600355047
1.711289371679246
1.6827993748043302
1.6515888805419814
1.5888415674756848
1.5240808552875988
1.4719893222131455
1.3957259390189236
1.3364556710299493
1.2517972537401274
1.7671328623115277
1.7891168341083856
1.7969105200866526
1.7908599502286089
1.7698121065508021
1.701855566407494
1.5616913366590457
1.421421333846677
1.2658103941835401
1.8254049536548658
1.837750203384775
1.8349174570045064
1.8195016344868566
1.803902169822622
1.7678793732436655
1.7281654971512777
1.6545369306201374
1.5784604265468307
1.5285758958768259
1.429333049355191
1.3655293336711825
1.266212232040853
1.8643733980829826
1.8793950118970217
1.8798306958863633
1.8654983966010883
1.8498395840458628
1.8361598849818654
1.7945818700454803
1.7503198928521082
1.6637781732044397
1.5851059681197408
1.514318380599329
1.4258278944238416
1.3482969879666518
1.2504665248692894
1.8876601528517636
1.8987235156125692
1.895778808826848
1.87781868939626
1.8619356459438774
1.8421375765380907
1.7962704295856895
1.7509862743046307
1.662761677262803
1.576054206822563
1.5209763730600614
1.4078922576567614
1.3294970922098672
1.225836984222432
0.9270835311016985
0.9502284774135089
1.01168540314753
1.0367711411701785
1.0520700444354334
1.1403228766436952
1.1674760307601493
1.1832485796618146
1.1812387529703259
1.2742627764080428
1.3035026243694636
1.3139824759002845
1.3185357711686794
1.31183865651297
1.3691282685281532
1.3975463560348376
1.4067105104688618
1.4121939368913514
1.4118006491073074
1.40106692226291
1.3689283936328744
1.327993289034605
1.4592469619878108
1.4882006012326259
1.4968264148446933
1.5011303788527546
1.4977063563576285
1.4845944711077914
1.4461890994667768
1.4004050792807443
1.3006684117574758
1.1831018804330922
1.5641687742803088
1.5913995670204988
1.5995781911664035
1.601500203645774
1.5940368667045004
1.5768302588821284
1.5378137563791712
1.4773505559802629
1.364184112932218
1.2314808652077633
1.6242207914147615
1.648906984309141
1.6550727762111512
1.6566723490313706
1.6462258321820347
1.625991883988351
1.5751582533275297
1.5165019235907213
1.3932456916921943
1.6893376461036191
1.711177779460371
1.7147536589670271
1.6761137004339524
1.5540911467903082
1.418963568279965
1.2651199245823985
1.7413946766667383
1.7490775534445724
1.7516195527353227
1.7490221700504909
1.73103080253659
1.7028492543947389
1.6409399305766463
1.5709953933601917
1.426945841903072
1.2655423771960848
1.7734750821135439
1.7872261102887845
1.7866209735608944
1.781983777140949
1.7584053711544705
1.7254694232410224
1.6510444625655185
1.5779527645246592
1.4610271323865178
1.4235448242635727
1.2498395851057649
1.7908827725927297
1.8007431174862218
1.7982522501029963
1.7901790586705766
1.761670942148009
1.7268192700010645
1.6501312202721132
1.5691502227878478
1.4057319594125806
1.2252518228834577
