0.8943143223039408
0.9160702140409881
0.9100158823375262
0.8680519805058922
0.8170219641662697
0.7714956585175057
0.7234893581591523
0.6801931195687753
0.6175923225697801
0.5255810749596237
0.9863516407550413
1.0187215242116254
1.029584017376672
1.0336765970863235
1.000200719385028
0.9430210010626789
0.8888496589712576
0.830801878628508
0.778205359490312
0.7258164405875089
0.6750782216686364
0.6329325440361689
0.5522089968849813
1.0838526154866066
1.098461943740412
1.1100963879208219
1.123193227749479
1.1259463326251957
1.1161400100470442
1.0588700232037542
0.9976537608619598
0.9302211043404969
0.8686273858039875
0.8071538550571226
0.7475837193739591
0.6980966336094886
0.5597792748626097
1.174440105217365
1.2019504637901535
1.2082720892100047
1.2177312948759893
1.2205139256766984
1.2196196850502654
1.1745830034507487
1.1086543520734164
1.0320086180997095
0.9610040849343674
0.8898385415894319
0.8208101271372552
0.7634675066387201
0.7051249286939023
1.3030423848877875
1.3190947917172184
1.3312104538059177
1.3438884495313648
1.3461815224461537
1.338340595872027
1.2773497930785744
1.1895881424075516
1.1041379493182994
1.017387432685226
0.9329584216115987
0.8628129678799497
0.7915063175411231
0.7285242826136992
1.3915076160589952
1.4076454378561822
1.419886255481184
1.4312633548163631
1.4334044770141547
1.4342912222816013
1.3988279092715215
1.3091445274977827
1.2138301964072387
1.1150042611082027
1.018274783934032
0.9378469413068659
0.856143623542623
0.7840292212237141
1.3821301870282119
1.2820050789383346
1.1758383456475971
1.07129958387603
0.9842796019813103
0.8179535263299905
1.4956532852591313
1.5254637034009635
1.5340441869777837
1.53250317922494
1.4627800183729245
1.3595009166601846
1.2454252959392076
1.1319074412197554
1.0371979390301247
0.9410340134382509
0.8562581796661332
1.556424375626626
1.5837494691154976
1.5911932625061616
1.5556324737401368
1.4546025416001545
1.3321501121855668
1.2075603046452357
1.1030842931225293
0.996958680982835
0.9034692538390253
0.8124245038716934
1.6013963083138107
1.6254839814842752
1.6325274006572876
1.617888755191426
1.5308256758132937
1.403786881560817
1.2704116715643419
1.157750817834356
1.04317696168831
0.942286148153447
0.8441515034393883
1.6669731780144952
1.6720857949508587
1.6701816165299597
1.6585893982077844
1.6100647625164908
1.5674152613145838
1.4825518093220298
1.3403688017422184
1.2186328689227792
1.0944824765716905
0.985196897453813
0.8790154225155268
1.6834755496777694
1.702951244758069
1.704624538854533
1.6804450470500545
1.5614239203136502
1.4122676267945315
1.2814659543072797
1.1473562184253994
1.0292408839326472
0.9145977269920387
1.7380654031864848
1.7391362066663807
1.7360963284621551
1.7163647668104487
1.7041444911622057
1.6548364976071441
1.5880085922065488
1.5029286550812884
1.3616823838668792
1.214963012904335
1.0852999572630992
0.9596287778545203
1.760371573604544
1.7601176708092892
1.7519178008896492
1.7290061298481143
1.6950886458683974
1.64243853711765
1.5878686020920965
1.4392407205198783
1.280727815336095
1.1397550741147668
1.0031224579249856
0.9015934830935126
0.9031177462235199
1.0015880170123588
1.0166985295409372
0.9951873437423538
1.1038132151194315
1.1053876680743082
1.1985521007342952
1.168312741383146
1.3098310284870947
1.3203888925575789
1.27157472258223
1.402500522911384
1.3865851983550874
1.4121608142153992
1.4477236628471841
1.4719210272531515
1.5007423456434934
1.4536446011145727
1.528228776225204
1.555347561417452
1.5387620722763689
1.58904474488016
1.5919609485468853
1.522467770740375
1.595696577362144
1.629793260661118
1.6629140279788104
1.6555438981044845
1.554450698938234
1.6936383089031055
1.64096229749133
1.702095221554312
1.5807499069595246
0.828459279444139
0.8472772391131675
0.9011106031666647
0.9213990614168694
0.934229189089006
1.0110135148422408
1.0331104289066464
1.0464547821832872
1.0527690453178669
1.0514711050640806
1.125258216690876
1.1483526656230243
1.161469265879091
1.1669409761978222
1.1632694715244767
1.137621992077078
1.2053270855550433
1.2284688980747578
1.2414165269421895
1.24503980839892
1.2455059243449085
1.2440911244699546
1.2401874656596503
1.2267878841444622
1.2091378604568632
1.2818185581031272
1.305348375777695
1.3169294899803907
1.3195285280788167
1.3170454707337502
1.3118942642098461
1.295219095647361
1.2755305335681646
1.2339691243138053
1.1909150558162116
1.1033896502618856
1.0625736308589335
1.003403631885065
1.3708353562144744
1.3928225619929226
1.4027863377640233
1.4041004700120805
1.402700650659224
1.397554309313267
1.3917331284202832
1.3708507713964706
1.347579292422822
1.3063732958068786
1.2501733082575581
1.210553943502039
1.1518721599599517
1.1044918317225654
1.039776254364951
1.4215220583985657
1.4420331177655972
1.4506091730839608
1.4485319066224656
1.4431734957382591
1.4347320522974931
1.4111221921334827
1.385281565951271
1.3333440100017027
1.2797078180135533
1.2365538157023308
1.173304783606548
1.124114682965303
1.0537675088279608
1.4772395157773692
1.495119626443123
1.5014272550400016
1.4963304557063954
1.4789171300216664
1.4229029229428323
1.3073386983329593
1.191504654544344
1.0627203783845471
1.5221415686343425
1.5320734169849122
1.5296585548529151
1.5169308870644056
1.5040826273388685
1.4744733899803417
1.4418133121218764
1.3813355380046533
1.3187583701855898
1.2777395572263899
1.1959459637825531
1.1433461934704638
1.0612637875958457
1.5503350014517328
1.5624265792968328
1.5626248669875644
1.550780911626061
1.5379399175055233
1.5267291800717115
1.4927217093426215
1.4564591675888887
1.385648706019222
1.3211793700655496
1.2631597290666108
1.190502372049643
1.126700126645353
1.0461003754094735
1.566854745894597
1.5756366791487784
1.5731075561611383
1.5583869117894897
1.5454026414582378
1.5292337751864564
1.4917683166288385
1.4548033669870553
1.3830717478425147
1.3119284676444476
1.26686063857855
1.1741450491925538
1.1098224713788323
1.0245450730383423
0.8051720782741463
0.8253590865420432
0.8746371819842745
0.8963499968971232
0.909624671232908
0.9793438834237479
1.002586243814637
1.0161151793777714
1.0144688998451903
1.0872390735117852
1.111969784598411
1.1208405177570844
1.124696602593386
1.119066665753407
1.1629377646834143
1.1868097039464371
1.1944917424404176
1.1990967494051141
1.1987512217054823
1.1897296064369938
1.162697641592527
1.1282893776864467
1.2342571547139352
1.258372710565211
1.2655668690085544
1.2691407375752213
1.266217720081166
1.2552416253347511
1.2231042199315032
1.1848224949341797
1.101361866121257
1.0028160722489847
1.3165198434404564
1.3389734029180103
1.3457250207423084
1.347295641379397
1.3410019457126447
1.326656433093113
1.2942176402085956
1.2439447979295746
1.1498030576898144
1.0391828930898641
1.3631988929822747
1.383441481698029
1.3884577631062207
1.389715970353614
1.3809761681204125
1.3641841057251078
1.3220634044363195
1.273459027987146
1.1712595729246493
1.4132330985793853
1.4309893336523356
1.4337657059082138
1.4017868853094846
1.3011016338044827
1.189487009873834
1.0621533650879353
1.4532457590521404
1.4594586237484393
1.4614412120999951
1.4592296637418993
1.4443474119326203
1.4211146500949794
1.3702147896417622
1.3126510839661936
1.1939918463597758
1.060715132645263
1.4761739478740348
1.487096255426959
1.4865026333955562
1.4826401435419019
1.4632701513695088
1.4362234066054307
1.3752735976913006
1.3153484754786802
1.219412064560056
1.1886394504021756
1.0455882072201956
1.4880098821385013
1.4958374653058162
1.4937108916986155
1.4870147039827544
1.4636669779658082
1.4351682435384019
1.372799845392307
1.3063113688673313
1.1723849711461745
1.0240674427418948
