0.8431908224316312
0.8628431344745878
0.8543245307180566
0.8124165780158715
0.7620585329392624
0.717337416603712
0.6702570290697337
0.6278633614221812
0.5666761067026633
0.4770348586152743
0.9277440397923328
0.9571734734951278
0.9666962099358815
0.9692793407660193
0.9349372871996485
0.8784650316158255
0.825343290728545
0.7685974785210908
0.7172893232439529
0.6662793940475127
0.6169635567896302
0.5760751879906351
0.49799539488302375
1.0167967536761515
1.0300731625334416
1.040543996260187
1.052060475086913
1.0543784879788423
1.0422515373234147
0.9853288165380157
0.9253502824808106
0.8595875079687895
0.7996836337560694
0.7400288316254251
0.6823390590568746
0.6345136320876473
0.5014762942314374
1.0990310966715062
1.1237644937663238
1.129328653545012
1.137360140090725
1.1394002937644478
1.1376537987146667
1.0919361858813024
1.0272639134069501
0.9526696378612757
0.8837720421209128
0.8149227368905849
0.7482969097349197
0.69307730620305
0.6370292642563083
1.2148381768997767
1.2292013729816
1.2398869190200692
1.2506758380281406
1.2524657480766532
1.2425389148692476
1.1819490171300644
1.0965462735755716
1.013920886505553
0.9303322051669667
0.849210293739204
0.7819910411483836
0.7138360674469298
0.6538232364226436
1.2937173709275318
1.308056222979172
1.3187447794817082
1.3282208371749709
1.3297899861403313
1.3298232169764865
1.2931776433755853
1.2055994689356324
1.1135634068045446
1.018576923098702
0.925913712162762
0.8490890175483119
0.7712671444740316
0.7028489230302889
1.2721310664828762
1.1754541031214376
1.073540100398779
0.9735619897886093
0.8905932893296483
0.7327242838485252
1.3855583440392745
1.4113879260205535
1.417859364793286
1.4153160456576368
1.3455948192378784
1.2457723887139993
1.1363855483355567
1.0280043096601628
0.9378799105710601
0.846653783814192
0.7665063812931291
1.4384343315777577
1.4618781568691812
1.4670433533283536
1.430088027194049
1.3320152602483593
1.2146720171926215
1.0959344130667907
0.9967338012114271
0.8962959653801676
0.8081354202021136
0.7225844105355976
1.4771081721476094
1.497617544749748
1.5024483951181096
1.4863143498297844
1.4010922797857668
1.279308606798577
1.152347757955264
1.0455484339500747
0.9373147081982698
0.8423559806363283
0.7503291196604126
1.5324532470016816
1.5357651803171395
1.5329724246981589
1.5207198330923994
1.4728434030166042
1.4316253481699652
1.3503384172831814
1.2151123138687703
1.0998993705518003
0.9828305738661738
0.8801743277832349
0.7808096321773814
1.5460137054108356
1.5620626515437865
1.5614870298172217
1.536492000228671
1.4214269814555007
1.2795945940883322
1.1559653086336086
1.0297260769410046
0.9189727013365069
0.8119159375891619
1.589722139501656
1.5893961648930037
1.5856810427456063
1.5654248172541188
1.5533185896465393
1.5055498247280452
1.4416239617354347
1.3608609808848793
1.227517344922785
1.089667633827648
0.9683672670460974
0.8512734194989461
1.6055930244743932
1.6041981105724394
1.5951548358702106
1.5721611014758372
1.5392549889207983
1.4888097127108897
1.436942376503099
1.2966574849754775
1.147946424436293
1.0164926453642582
0.8892656931060102
0.8486510209078896
0.8478500842674037
0.9404257852629634
0.9533698377111014
0.930255338960676
1.0331439901628499
1.032223853764081
1.1180340868361014
1.086118065862238
1.218721016620953
1.22591098554249
1.176619024481661
1.3004272336794014
1.28189185563155
1.3096019789887858
1.3377591247902976
1.3620074847010772
1.386078306541899
1.3372204004051507
1.4108100038767186
1.4332029902032615
1.4146354851537186
1.4625806530298253
1.4625857292259599
1.3934737133507014
1.4597546016001832
1.4960397932890945
1.523441831816808
1.5138218719031158
1.4151083452815916
1.545886780402693
1.4929865665652007
1.5478097649513576
1.430533740854738
0.7792077815201672
0.7963695806956069
0.8456688596386903
0.8640856550402947
0.875469062833036
0.9455622906541515
0.9654694449979793
0.9771586902947549
0.9821573077604492
0.9799497607278683
1.048484502792399
1.0690853820942154
1.080383466782962
1.0843860786516701
1.0797901838642008
1.0536722237918295
1.1199628405053066
1.140440609400806
1.151406799483125
1.1540535054205194
1.154038620179068
1.152093805453611
1.1477940311158579
1.1340462069404027
1.116461789733285
1.187610874732594
1.2082326500464133
1.217834217940701
1.2189129303220134
1.2159202672196125
1.2104210186472057
1.193538227526519
1.174061049794087
1.1334916853381427
1.0918050020027372
1.0075405078227713
0.9683694887639315
0.911721536799655
1.2653181706452696
1.2843282353961158
1.2922211916545059
1.2927438423746713
1.290668734342781
1.2850089099431836
1.2789892819785604
1.2581128079784873
1.2352931597339296
1.1953298072803147
1.1412264663736964
1.1032400665316948
1.0471419113826823
1.001946881915975
0.9403624549212893
1.3088640242674774
1.3263459892177925
1.3328940209378357
1.3294694316847457
1.3237154025592275
1.315072469629175
1.291655885093829
1.2664636328861998
1.2163376481968873
1.1649189073485364
1.1237123241230464
1.063470424734646
1.0167399689520522
0.9500492873354672
1.3558272766755655
1.3707522964233134
1.3750347920412758
1.368749318145908
1.3509915058094157
1.2963532154391086
1.1857885055103807
1.0758816136048297
0.9542812514487559
1.3926974096405258
1.3997594878226853
1.3964826695578687
1.383140663795269
1.3703463251133485
1.3414404594976714
1.3099639644911734
1.252163911544586
1.1927101023197286
1.1538488224979149
1.0766737933617356
1.0270841482269852
0.9499468507702405
1.4139006162962424
1.423265504980508
1.4217668256178098
1.409230509753128
1.396393377538381
1.385396278886912
1.3525320444056401
1.3177937849387529
1.2505459508736418
1.1896621943399726
1.1350610132518981
1.066838406650089
1.0070657455779626
0.9318069113902369
1.424794508662259
1.4310833517944568
1.4271497813164256
1.4119206430165363
1.3990793803878667
1.3833330678269513
1.3473372392153158
1.3121465457249875
1.2443070487715584
1.177422219629871
1.1351482188693485
1.048457945502446
0.9884828553033369
0.9091886420642483
0.7562757290460912
0.7746165951358667
0.8196632891486485
0.8392901942602429
0.8508897501844619
0.914577995398116
0.9354069066009382
0.9470475852978945
0.9434947860815968
1.0114784450102936
1.0334116787711505
1.040990719030833
1.0440631386847952
1.036526090870217
1.0788042774005715
1.0997936776364026
1.1062822430018553
1.1098652021820288
1.1081996076839273
1.0985914292501076
1.0715443648536502
1.0378235369337157
1.141613837590366
1.1625927241440843
1.1685403945744053
1.171104200618642
1.1668988409758967
1.1554472741067503
1.1235459507796746
1.0862398522526715
1.0056964640821302
0.9111902055993796
1.2130384381321504
1.232242249499972
1.2375262256098825
1.2383009681534038
1.2308213246600588
1.216187163734348
1.184251934684238
1.1355649161469235
1.0452698962668643
0.9398287980637359
1.2528909117298246
1.2699640226180253
1.273713835968191
1.2739755150447585
1.2641747017134675
1.247256301062458
1.2060919185609447
1.1592569518177096
1.0616262973106994
1.2946318222294806
1.3092429013209232
1.3099268303037441
1.2772036041319137
1.1801601226021499
1.0740702050359627
0.9537755287387473
1.3270434722319673
1.3318276318077673
1.332776988273441
1.3296729353661465
1.3141670425506056
1.291250354679096
1.2421350555825275
1.1872166371089397
1.0749253275061206
0.9494593321082001
1.3435629415781403
1.3516494459443036
1.3498999317002982
1.3455926371656828
1.32595521184339
1.2995826328181341
1.2412355308721021
1.1844431139606444
1.0940752731177583
1.065180373383483
0.93135440410079
1.3503530572128257
1.3555499535799074
1.3525315104080498
1.345347637125806
1.3220966773096918
1.2945373320027225
1.2351210404102815
1.172413144038588
1.0468977918081672
0.9087685613834953
