0.8901887862878493
0.9132821442181066
0.9121098464006707
0.8744263308126701
0.8275195853777008
0.785372109354726
0.7407808954226793
0.7004760201749684
0.6421061531130016
0.5562414358449641
0.9888870369131316
1.0231170758747672
1.035224341078094
1.0415540613739156
1.0130071666423013
0.9604187356014852
0.9098931495545571
0.8554871590515971
0.8060363951393336
0.7566719713625809
0.7087928861886152
0.6689941369378647
0.5927038868229816
1.094250984219244
1.1097824941552812
1.1223364656879942
1.1369501008177862
1.1402087523871363
1.135526039145899
1.0833598026126372
1.0260247065697423
0.9623566785918055
0.903982046670542
0.8455340319777708
0.7887891211648146
0.7415831630561247
0.6094300654386429
1.1935706963567865
1.2234343603023565
1.2305148243285884
1.2416455504967423
1.245498710549251
1.246248815217876
1.2068498778669716
1.1451050689779483
1.0723395242460125
1.0045142293820206
0.9362868805575147
0.8699430286336857
0.814722539055233
0.7584406875068216
1.3369931626886662
1.3546620105670903
1.3682907761816918
1.3832724918060517
1.386282977337643
1.3830544004564893
1.3271679197702273
1.2434814049312595
1.1610644495163767
1.0769505543435574
0.9947979970170396
0.9263560675487887
0.8566016883218055
0.7948313289863748
1.437640046360844
1.455653912408866
1.4696760255351733
1.483589334579401
1.4865938171061654
1.4890228018521119
1.4591360708047587
1.373971831261618
1.2815789575726284
1.1850514376473953
1.0901436702204654
1.0109621536261773
0.9302801647715088
0.8588944335009819
1.4539044123766751
1.3566875383961106
1.2525833470443526
1.1495298423671447
1.0634191518917655
0.8980066838890017
1.5586103706147447
1.5933347340518256
1.60519452322632
1.6057196650790981
1.5424887872637785
1.4422462306924502
1.3299700927897342
1.2175116299176882
1.1232804523760058
1.0272442549538112
0.9422619042862591
1.6308825744251836
1.663268646430864
1.6743749194763562
1.6449018915916804
1.5475057082028714
1.426601198579647
1.302505420038759
1.1979082183868945
1.0912202113753566
0.9968384628436685
0.9045981753317934
1.6854288688838739
1.714352030257941
1.7251089234942738
1.7147564063872103
1.6321010002146994
1.5065739596108223
1.3732207405383532
1.2599001514133734
1.1441363245026936
1.0417316737621223
0.9417422790474128
1.7666775990740295
1.7748902498569286
1.774897021360269
1.7656828273366625
1.7203287927842237
1.678768329916515
1.5946709422569145
1.4520465126367863
1.3290298390502822
1.20293859297923
1.091388245076065
0.9825661919418827
1.7888570327001363
1.8133530247550897
1.819459757260866
1.7990776282022005
1.6830639931850466
1.5331612555092382
1.4004360695704483
1.2635663782369007
1.1425291173027539
1.0242195882916216
1.8619035831228488
1.8656842599439178
1.8642073136421162
1.8473305888380338
1.8359762859104054
1.7880678074491116
1.721523914943074
1.6356085905477893
1.4916947651452588
1.3410929638857876
1.2072741225349741
1.076932545348303
1.8963993867218831
1.8984889151158186
1.8927399037088117
1.8718578708005404
1.839178067826466
1.786854012677556
1.7317996513628728
1.5800483395853708
1.416638405947356
1.2703680604257386
1.1278564086910696
0.8998233805157231
0.9051983683359661
1.0070342417469138
1.024418107919336
1.0079166997583415
1.1186594984446219
1.1245407815770208
1.224594684578106
1.2003642916631196
1.3485293900508213
1.3643391469164923
1.321109940749348
1.4556717003758621
1.4462252953995978
1.4668337957499622
1.5132359438122789
1.5366914645794139
1.5720153192344413
1.5327259742110535
1.6041306593501918
1.637977987800392
1.6268068973966032
1.6784640180636181
1.6868586495808027
1.6230488872135747
1.704723662954749
1.7325655734846686
1.774177051306464
1.7719612511875285
1.6754126144853771
1.8201988367174127
1.7727994614633515
1.842169886470908
1.7238820897506926
0.8279547450545939
0.8476523654001524
0.9059679805541913
0.9274535035193454
0.9415012438308834
1.0257185817867727
1.0495341256139126
1.0645211121282736
1.0725654939974265
1.0730313719319866
1.1526122563903636
1.1780368745437688
1.19322681295219
1.2008439095142198
1.1992655442785778
1.1769994503394139
1.243224806377481
1.269133542635925
1.2845525709306498
1.2896530456078819
1.290976957407469
1.2907005232878945
1.2879150811678506
1.276469015481746
1.2604054532752202
1.3313796769022024
1.358237883158609
1.3724762540896733
1.3777349117130038
1.376454001778381
1.3724545618116972
1.3577917919181104
1.3395892133286094
1.3001492061913973
1.2586526295814018
1.173464187806151
1.1335415497131012
1.0754688640223615
1.4364306569754186
1.4621361984796655
1.475209677896415
1.4779394806215824
1.4779935449461186
1.4743269106045278
1.469396211418847
1.4505402588744454
1.4286122155178316
1.388931032743457
1.3340634138123955
1.295106765578474
1.237114099423659
1.1901555976007026
1.1257820413572877
1.4978950773883202
1.5224577477277925
1.5342200887791424
1.535001421231787
1.5309489319886684
1.523689575263959
1.501945982742429
1.4772838480684636
1.4267290939824877
1.3738816527649873
1.3310627118473242
1.2680635814663623
1.2188801676980225
1.1483139293788454
1.5675486630452804
1.5896890424363406
1.5993919797869791
1.597205849858427
1.5821391309164252
1.5286688617560806
1.4141731370763946
1.2977720350582975
1.1674215399854424
1.6256485420916833
1.640445869221705
1.6400068594809123
1.629702341745189
1.617966776651472
1.5897316104960502
1.557809741329244
1.4976597168604096
1.4348076298180328
1.3933668646287771
1.310413253752377
1.2568020773871114
1.1729691941258351
1.666988937755209
1.683487270426828
1.6870397334320621
1.6778649928083849
1.666217401944024
1.6556299720704637
1.622547255115354
1.5865780740869113
1.5152262326090955
1.4496638082368896
1.3902962105468566
1.3157246696238567
1.2499956358265387
1.1666438202775749
1.6944541291871125
1.7075684381649747
1.708165670071029
1.6958636541038885
1.6838036388608768
1.6682878809738833
1.6313554605004443
1.5942360855868174
1.521336219623097
1.4483191398202744
1.4019198847583159
1.305947900398408
1.2390952290750432
1.1502234131142197
0.8064579086420601
0.8277199753582944
0.8813544874002271
0.9044995200158015
0.9193499795047686
0.9959431782513153
1.021199590566148
1.036774222140826
1.0387361343236576
1.1163804239078772
1.1438412662338362
1.1542584501659632
1.1591866173544723
1.157641597828328
1.2025626751220826
1.22954622113179
1.2387386913079572
1.244820975796004
1.2470017591479146
1.2399643035817056
1.2156118120525492
1.183284596116902
1.2853118603950568
1.313133829336772
1.3220206104349215
1.327197727576856
1.327022135344555
1.3180186780328558
1.2885542507901717
1.2521269023734856
1.171275723207163
1.074828611346394
1.3832167721276947
1.4099025832909635
1.418880010562024
1.4218548252128191
1.4185019567073576
1.4061064878164908
1.3758115918958587
1.3273117237394934
1.2348534873475576
1.1251271717606954
1.440347183729365
1.464963331224812
1.4719932602771746
1.4751406833209089
1.4693540827402078
1.4544250539443901
1.414458042584248
1.367057326684244
1.265811683150494
1.503844063637381
1.5262806515582155
1.5330106011056144
1.5055856402531673
1.407298971320162
1.295529320098021
1.1667843753479215
1.5565997151933828
1.5651216391752616
1.5690465804968516
1.568840183658357
1.5566566660924772
1.5350441178942966
1.4853695673123357
1.4280297081201734
1.3082254243424523
1.1723480131892963
1.5918819108870084
1.6076205638798198
1.609399262316768
1.6068801539393143
1.5898994598319636
1.5640905971831114
1.5036444730976979
1.4431280067736005
1.345194583187918
1.3136176001306876
1.166057585650029
1.6138777232134782
1.6264109338677402
1.6263347627237081
1.621287107232932
1.599988689151267
1.5722673913839946
1.5098217591846772
1.441978728392947
1.3039424087849423
1.1496724514923797
