0.985455984681561
1.0087087643723534
0.9998800596369123
0.9517529934604401
0.8935566984000559
0.8416410438639194
0.7868688672484374
0.7374546591791998
0.6660512658372504
0.5617480968460004
1.0924979776073354
1.127592576261733
1.139101309779015
1.142658244370662
1.1032283211358678
1.037467320747
0.9753029074028756
0.9087478260676332
0.8484653723756155
0.7884622371262402
0.7304680697515943
0.6824619315632189
0.5913243477256188
1.2050921974735205
1.221060833561366
1.2337027721292175
1.2477210714135751
1.2505920919118256
1.2373256688045222
1.170725088495782
1.1000635930653748
1.0223988667967958
0.9515322719824927
0.8808822456990167
0.8125748567158343
0.7560266342656471
0.6000549807325405
1.3103329711429095
1.3404356446644923
1.347261674164215
1.3572480040443526
1.3599123887146694
1.3582095160204406
1.3047153111826155
1.2281004728353884
1.1394196577102558
1.057393029875416
0.9753204005149583
0.8959121307607277
0.8301770922684654
0.7635995438954657
1.4603162882727854
1.4780355698746903
1.4912917100898668
1.5048329951535602
1.5071571496631615
1.4961983098954
1.4240831875441746
1.321707643886412
1.222395395329141
1.1218247684126488
1.024229288904598
0.9434324725568524
0.8616516328909094
0.789908704011883
1.5638469973252496
1.5816805063041743
1.5950612332484746
1.607171653025472
1.6092549543120114
1.6096488399382396
1.5663404199593212
1.4608601956029348
1.3495479629614542
1.234525952268067
1.1223130485668853
1.0293484198915874
0.9353086733027745
0.852787754664196
1.5461756682991428
1.428852208883634
1.3049818187956184
1.1834477565953663
1.0826556150528457
0.8913212607181905
1.6859355335548032
1.7186653725653986
1.7273375520367942
1.724676323919673
1.6407892413605003
1.5192461779977038
1.3857657075889709
1.2534727844338487
1.1435242508729189
1.0323495588142289
0.9348895891344394
1.75717825755143
1.7871496058278935
1.7943392640329945
1.7502899603367734
1.6305398268672393
1.4867121441603801
1.3410832851932764
1.2194644152247363
1.0964477008501348
0.9886669142178308
0.8844301284713695
1.8098789359170735
1.836262673172741
1.8430720084344925
1.8241498299690042
1.720060335074486
1.5703136096047887
1.4140281568442328
1.2825942657248277
1.1495088761387813
1.0329445299200153
0.9203288565918756
1.8848787986548798
1.8896758557698115
1.8866269587792444
1.871999112101225
1.8135137478004482
1.7627872826192845
1.6624743909314441
1.495393143481154
1.3530418869568577
1.2085061242461048
1.081962817963893
0.9598260615130414
1.9058988723518426
1.9268845219349022
1.9271896027879099
1.897047220878123
1.7550212290035394
1.5791848036487346
1.4258674208504898
1.2694154041414363
1.13233061315112
1.0001783609720811
1.967442117968559
1.9679424398374656
1.9636672638220956
1.9391095415098976
1.9242330940565553
1.8650892468831994
1.7856719784173696
1.6851070089044948
1.5190174657073607
1.3473637140713213
1.1965576681865338
1.051322295250035
1.9932818610818483
1.9920698745422614
1.9813194309027888
1.953082964982087
1.9122969561209393
1.8494455057659098
1.7846668912243449
1.6092988298186228
1.4234020532600624
1.2590617796129608
1.100810785915083
0.9923794309565528
0.9923102543356211
1.1081071066248542
1.123871177606425
1.097688435250123
1.2255115499825677
1.2253619246766592
1.3346180370039429
1.2977076239451837
1.4661160378590343
1.475957279637259
1.4175862978855451
1.5735981998557373
1.5524854163200237
1.5881151485334841
1.6248500043093481
1.6575557053994352
1.6884748248327495
1.6304082236513693
1.7235915928036865
1.7526132050819065
1.731038832246124
1.7932282570263272
1.7944723510107938
1.7105243185130008
1.7970666341595285
1.8432977390620353
1.8792144800325117
1.8684534538992874
1.7470468963473873
1.9138215279128727
1.8491669397033084
1.9221036391788087
1.776512563615423
0.9115682299694334
0.9317950665691291
0.99486625119051
1.0167739480725966
1.0304199426495886
1.1214740542347421
1.1454679771142182
1.1597096553565278
1.1660094468802915
1.1637282987289033
1.2537171803907043
1.278912683476453
1.2928863893251639
1.2981314417564176
1.293067861461117
1.2623725998090125
1.346722073473972
1.372040595023258
1.3858131971414511
1.3893078621819352
1.3894685117998689
1.387366604478203
1.3823951537865837
1.3661836381564472
1.345243567719867
1.435769391150553
1.4615446850511566
1.4737820945520226
1.475663156104611
1.4722591708738564
1.46581630285298
1.4457271548244075
1.422342301021179
1.3734627620471604
1.3230814148036256
1.221116282744211
1.173711952888217
1.1051275199629171
1.539492674728244
1.563548539458513
1.5739116489810168
1.5748529273030412
1.572646419209007
1.5659988634418367
1.558817262605477
1.533719437364587
1.506065392437913
1.4574800181582803
1.3915635907500334
1.3452440921218836
1.2767810559596908
1.2216620147014572
1.1465362050241
1.598514928429915
1.6208921313082603
1.6296164441036165
1.626034037867098
1.619272223731863
1.6088911568032616
1.5805276412298415
1.5498264340546142
1.4885477437722137
1.4256084063936796
1.3750763731945137
1.3012433289659626
1.2439530654373077
1.1622349675248276
1.6632585957589334
1.6826716772139056
1.6887088695123322
1.681572366772894
1.6601794412823316
1.5932897488804414
1.4571852628040491
1.3217301508134043
1.171923675339538
1.714559798811202
1.7243785297122904
1.7207705635304091
1.704777275329542
1.6891831116083555
1.65369263305071
1.6149168512434822
1.543475760490647
1.4699516335140186
1.4218473054496774
1.3263414463845886
1.2650000616685155
1.1696341712853282
1.74749337355464
1.7601175120949313
1.7590858248413115
1.7440376706062042
1.7283348263233822
1.714807787746515
1.6741041161984838
1.631104834810641
1.547486574985151
1.4717502883379598
1.40377266856771
1.3189352530403968
1.2446551125750194
1.1511581851868162
1.7659464758855443
1.7748233419737822
1.7705795058613938
1.7521098768899506
1.736308702612531
1.716859991124641
1.6721426409057145
1.6282878839785726
1.543311310479932
1.4601040124702225
1.4073356031786515
1.2991383138010084
1.2243270317747754
1.1255849269323672
0.8851310379331613
0.9067737221653769
0.9646433976416209
0.9880236851832049
1.001971819940445
1.0850415831503202
1.110201745086418
1.1244310259756967
1.1209074876181904
1.209670350934248
1.236541534766823
1.2459745919266174
1.2498788228174813
1.2416256284564737
1.2973929455498618
1.3233807837656704
1.3315405311984332
1.3361646820499022
1.334665478205766
1.3234426761266511
1.2912935790530993
1.250925009840965
1.380213984658734
1.4064989220386432
1.4140640651178833
1.4175057539074236
1.4129858346660098
1.399456455568991
1.3612259413065722
1.3162299165266744
1.2188429404070857
1.1044713368831465
1.475790832468137
1.5002232711169297
1.5071309782602107
1.5083662809400094
1.4998662507221876
1.4823579395009416
1.4437272571794777
1.3845302827678525
1.2744526588861316
1.145871352119999
1.529927838073796
1.5518699492549908
1.55694275122812
1.5576539910213392
1.5462524282865044
1.5258650039700987
1.4757592868542502
1.4185373930415073
1.2989376931453798
1.587849098120503
1.6069366352432608
1.6086546048535593
1.5692505728944814
1.450113478888017
1.319451970349274
1.1712868054679162
1.6332827608212899
1.6397199421455702
1.6413350552698256
1.637922867900987
1.619313147959444
1.591322285612761
1.5308267740457535
1.4630202210278915
1.3241336051504367
1.1690178440463137
1.6598887043265198
1.671054824086524
1.66943221033071
1.6643472532752108
1.6404482717638984
1.6080121763011623
1.5356778174667203
1.4651292237290474
1.3527630952946577
1.3168307895917841
1.150583456396729
1.6728721424485389
1.6803870751437875
1.677082344421726
1.6685255065135107
1.6400235434183152
1.6058783772109966
1.5316231910264746
1.4537281793745431
1.2971519839510979
1.1250499682493085
