0.6657143687944455
0.6815466265787802
0.6758591969242155
0.6436375511711855
0.6047176254056018
0.5700664869333069
0.5335681589353785
0.500679587362896
0.45317409192593494
0.3834801716961457
0.7333515316329144
0.756990278400829
0.7647744344492309
0.7672854061634992
0.7411965045116371
0.6975528041337867
0.6563656979641964
0.6123050228100565
0.5724280482553039
0.5327493269478945
0.4943585096429988
0.46250258810969475
0.40159750839562425
0.8047831514373348
0.8154506229293313
0.82390311030656
0.8333045347426244
0.8352373794676243
0.8267257524684344
0.7828587721737735
0.7363319519020255
0.685209650089327
0.6385828444723518
0.5921033613067729
0.5471137266603519
0.5097825438735326
0.40571895523876766
0.8709487741522914
0.8909264099831015
0.8954668941403234
0.902137377256097
0.9039649105643365
0.9029187545642366
0.868017589067493
0.8178725971931059
0.7598169943871428
0.7061381302866708
0.6524142410743216
0.6003706761902676
0.5571922127704625
0.5133191604937932
0.9645027610924575
0.976131736355401
0.9848451838103508
0.9937973542816133
0.9953488308971392
0.9884429546272593
0.9417326279930701
0.8752627767164126
0.8107658043598517
0.7454108310601121
0.6819025882268369
0.6292142821987201
0.5757310885788789
0.5285707635229341
1.0285423658392996
1.0401928113858305
1.0489510975493304
1.0568996050804902
1.0583055140008748
1.0586288872016554
1.0308714312730094
0.9628105245392513
0.8909179761817217
0.816559258946614
0.7439086828244146
0.6835964681784285
0.6224223212704129
0.5685617376617479
1.0162477090099367
0.9407222387785457
0.8608900124343852
0.7824398714213777
0.717245150630063
0.5929389238930207
1.1035214917204466
1.1247706122309127
1.1304786032302099
1.1288778050296304
1.0752760614114512
0.9973261020158306
0.9115923470536846
0.8264768113338968
0.7555909313467739
0.683736589392893
0.6205086727974747
1.146984606690831
1.1663664263992741
1.1711225175975517
1.143207687522714
1.0667756335353855
0.9747725920551046
0.8814395377037201
0.8033298502889239
0.7241261562355709
0.6544898433683718
0.5868032966155562
1.1789642674071916
1.1959851995764914
1.2004743042195498
1.1885935391608906
1.1224264730686193
1.026954243937058
0.9270974357866072
0.8429363992870005
0.7575081688407114
0.6824299058129923
0.609546719347897
1.2251479745095164
1.2283257971920845
1.2264894827771111
1.2173009367313004
1.180262962723829
1.1480701343441155
1.0843179038523043
0.9779115855932922
0.8870479631218822
0.7945609372475322
0.7133164941485496
0.6345397853570606
1.236656564953009
1.2501953716088872
1.2505376827682166
1.2316113944757854
1.141751657859398
1.0301321117414914
0.9325636678323757
0.8327464079390098
0.7450220398253392
0.6600513850379994
1.2741325789876392
1.2743927939027533
1.2717663948728974
1.2563754897782817
1.2470248680056235
1.2097573716829018
1.1595857727592525
1.0959718397981077
0.990672675810655
0.881570876268961
0.7853748046414356
0.6923413809509825
1.2886740238396288
1.2880031190171137
1.2813467396600438
1.2637215083577655
1.2380391523469105
1.1984764562207542
1.1576452800689891
1.0468484315251327
0.9290623938923727
0.8247213090978941
0.7235271734059117
0.6705428140438003
0.6707368971722666
0.7439860383541252
0.7546875909913561
0.7374831950881008
0.8186032967837804
0.818766782533722
0.8873348002388484
0.8633882679019477
0.9685010649116301
0.9751998848220218
0.9374803750823991
1.0351956222490795
1.021861759977956
1.0424536977729861
1.066687508903017
1.08535307384069
1.1055185525031004
1.068572072449245
1.125546832472089
1.1444155599196093
1.130831616209141
1.168556865812148
1.16958018726364
1.1163102596541339
1.169751248273799
1.1969302333160305
1.219999470201714
1.2133981963754594
1.1366638497179447
1.2402327539559435
1.1996369450060191
1.2440961752958803
1.1524678527106247
0.6158994272379827
0.6296629830946203
0.6691639583652901
0.6839672978933359
0.6932187423972821
0.7494795557471384
0.7655404644477565
0.7751005240276626
0.779398014021272
0.7780207325396804
0.8325961654583196
0.849299621901545
0.8586169159048692
0.8622058398625642
0.8589955754593792
0.8390848415996333
0.8905850248108412
0.907254783714471
0.9163753516604164
0.918750522597298
0.9189068174954883
0.9175965972346467
0.9144297276800617
0.9039834655222704
0.8904437458327152
0.945725839146215
0.9625908277895046
0.9706651024776808
0.9720248986947753
0.9699018832894524
0.9657998803019309
0.9528903663576671
0.937844117310445
0.906311112110213
0.8737880545395704
0.8078735403335398
0.7771892660904981
0.7327622173029709
1.009483569474677
1.0251381728727693
1.031930267063133
1.0326086172399136
1.0312495013834424
1.027077554336874
1.02251889839172
1.0064673693394692
0.9887656769709532
0.9576082300602318
0.9152816875868998
0.8855079876545929
0.8414781323805017
0.8059702897665373
0.7575328271167606
1.0455038214971681
1.0600041751792033
1.0657478045925366
1.0635861022305313
1.0593002369810074
1.052725967321835
1.0346545823274402
1.0150606635469497
0.9758886140519168
0.9355818323096566
0.9032205643508414
0.8558548670295932
0.8190685434215943
0.7665190418834726
1.0847350584592577
1.0972452530616066
1.1012388304786638
1.0968325801927066
1.0832976680687898
1.0408065532330688
0.9540487373388927
0.8674739652795896
0.7714709716084195
1.1159448057927177
1.122380969029633
1.1201635211213814
1.1101215763225794
1.1002643559876761
1.0777925556515016
1.053182300867869
1.0077973750358942
0.9609914782767985
0.9303479172030469
0.8693835257273493
0.8302212491769206
0.7691837625943404
1.1347728196727616
1.1429304237537765
1.1424028128533257
1.1329806101861046
1.123108986879978
1.1145783426838016
1.0888950263623578
1.0616633946102085
1.0087038944501008
0.9606368197827708
0.9174547666033274
0.863445972987199
0.8160855119492202
0.7563404781053963
1.1451826826681553
1.150897042354811
1.1483664058560603
1.1368362414248117
1.1269126637974836
1.114656360492784
1.0864643251105157
1.0587847224671667
1.0052528666873288
0.9523299906801402
0.918846296712042
0.8500764030250519
0.8024356374422381
0.7393782958806147
0.5981555665753204
0.6128907089943465
0.6490172047366578
0.6648253210472207
0.6743218517387596
0.7254275660565577
0.7422737199754343
0.7518796723983036
0.7498133846549662
0.8037994821998162
0.8216330004553727
0.8279085183930257
0.8305432373448159
0.8254148501058208
0.8585183213104779
0.8756577196943053
0.8810613917841459
0.8841720784533622
0.8833520455279755
0.8761709071000605
0.8553861000821642
0.8292259402832735
0.9098205999653303
0.9270423560898411
0.9320492151504526
0.9343733894784676
0.9315876158152439
0.9229505913549186
0.8983447849022178
0.8693259269866439
0.8063918635984564
0.7323341523096119
0.9685804806260699
0.9844797939889263
0.9890547877021514
0.9899283548457158
0.9845925894889022
0.9734425192172643
0.9487152156237003
0.9107311335708829
0.839970126482362
0.7571017141391082
1.001649468004715
1.0158841273171455
1.0192044219704792
1.0197594183307837
1.0125948021566498
0.9996328238204047
0.967649650048975
0.9310236869839159
0.8543667961610597
1.0367000804849824
1.0490407394179593
1.0502941214687154
1.025394961791234
0.949508328877344
0.8660091064040797
0.7710607104491977
1.0643288786302778
1.0685071025006463
1.0695999245816827
1.067526672459736
1.0558242590302322
1.0380981243138325
0.999703873012965
0.9565526593548239
0.8679672176649255
0.7687875207101459
1.079347914175725
1.0865633383152327
1.0856336940829538
1.082468466027312
1.0674636928134054
1.046950044771456
1.0011714777539837
0.9564091500415985
0.8849744292787548
0.8620992300735151
0.7559716438908687
1.0863962811931471
1.0913187164324631
1.0893121533479586
1.0839598545011115
1.0660504756098699
1.0445290066694775
0.997807881972022
0.9482647449915583
0.8488065286536863
0.7390350642532866
