0.8668374229709302
0.8890018762438892
0.8868484569882729
0.8493141374545579
0.8028308458439309
0.7611227415910248
0.7170291168366877
0.6771997506751628
0.6195705530410364
0.5350106867437323
0.9629877232102939
0.9959479550826742
1.0074874869758546
1.0131935104996277
0.9843613538775763
0.9321641289649274
0.8821569248602474
0.8283689072858145
0.7795270724545511
0.7308080400452381
0.6836179160449208
0.6444283420276851
0.5694786355300884
1.0654073367614225
1.080377707948532
1.0924438115100903
1.1063976600595231
1.1094759000162135
1.1038586714875693
1.0518902207991865
0.9951108678806488
0.9321758568435401
0.8745322422060224
0.8168725730186126
0.7609685162448944
0.7145074780909403
0.5848585407326827
1.161909350581559
1.1906319982613978
1.19740361562086
1.2079487704115828
1.211497348572176
1.211902369628901
1.1722315288065954
1.1110047339283042
1.0390669885731254
0.9721028085280166
0.9048188571090878
0.8394820542877826
0.7851556717553699
0.7298594741006944
1.3011207207225826
1.318121266398735
1.3311781737609059
1.3454020599207697
1.3482114559141027
1.3441286324310522
1.288337836751433
1.205508901995157
1.1241502076598577
1.0412999158971548
0.9603584046209849
0.8930600345957994
0.8245626339064333
0.7640070824054436
1.3986818201444167
1.4159961429569776
1.4294082423175365
1.4425729567041516
1.4453488888748842
1.4474316834358283
1.4169999016716925
1.332521305516732
1.241284240038362
1.1461355218183769
1.0527319481824524
0.9748981010050981
0.8956958347566842
0.8256799275256271
1.4103726340804223
1.3143229885376193
1.2117044499523983
1.1102951066482742
1.0256639391346825
0.8634381956340007
1.5157714496760584
1.5489671621913477
1.5599927139852439
1.5601115292467647
1.4966888514002343
1.3975587810446186
1.2868707366983556
1.176216673420737
1.083618647475413
0.9893772319921511
0.9061187401748848
1.5855837979923295
1.6164941671534307
1.6267183833705292
1.5965537399030334
1.5000141152201296
1.3807757441394086
1.2586726481023547
1.155904113498534
1.0512299852048042
0.9587807226564296
0.8685844298407338
1.638185667312983
1.665756588171548
1.675650393236733
1.6646419470214102
1.5824040141051297
1.4585285035319004
1.3273080584768389
1.2159795500176165
1.1024159253193524
1.002122520142287
0.9043618945964126
1.7160607080658627
1.7235713176665135
1.7232126167899495
1.713682858253752
1.6683908319372258
1.6272304256866865
1.5442250745481971
1.4038533593223745
1.2830036699158864
1.1593246384809321
1.0500888458506712
0.943707096896956
1.737603683227216
1.7608204839595687
1.7660306156115584
1.7452201763031825
1.6302582248141375
1.4826603263087021
1.3522702483876128
1.2180309884239322
1.0993521160006552
0.9838784694501319
1.8068865161949468
1.8103784730266221
1.8086294453947651
1.7914502495891405
1.7800772189988532
1.7325439999678878
1.6668387630479866
1.5822552081732304
1.4408549479129273
1.293148800961615
1.1621396741044672
1.0347570819024257
1.8397775235187728
1.8414157654622527
1.8352909146057101
1.8142873282273213
1.7818091244090444
1.730090712083357
1.6758425597777438
1.526667903142347
1.3664007320357567
1.2232145044477973
1.0839554840631689
0.8757072092699936
0.8801314216986893
0.9800640882061246
0.9965290372500745
0.9794160659377886
1.0883193218687175
1.093180948523735
1.1908443644724958
1.1659316614789874
1.311485223718302
1.3259237548386733
1.2824555627662613
1.4149985203048954
1.4044567744031475
1.426396354153371
1.4698707226603562
1.493865488387176
1.5273440332572505
1.4872101787955125
1.5589740735029334
1.5909981706815575
1.5789776392884693
1.6303030626332693
1.6375364324580102
1.5736202801686916
1.653242500005743
1.6825593286246956
1.7220289184106627
1.718887178768643
1.622839204252823
1.7654765383980298
1.7177302635380796
1.7854728812465812
1.668170801502636
0.8055810620411094
0.824541478480552
0.8813671669899205
0.9020385781861494
0.9154647729014328
0.9976143180038197
1.0205076153547032
1.0348043593100136
1.0423044422992196
1.0423961613614023
1.1206601955727236
1.145069721492663
1.1595047607130988
1.1665303589712566
1.16457558195938
1.1421067026701168
1.2084220136050212
1.2332656284173567
1.247889093846813
1.2525934364346596
1.2537212247468412
1.2532270493729725
1.2502743947301684
1.2386697009857577
1.22261049642725
1.2936940569551008
1.3194038318607666
1.332862200475315
1.3376016800016501
1.3360086596069263
1.3318509839182164
1.3170794354238977
1.2989232463344333
1.2598083984361501
1.2187854673833236
1.1347631716730031
1.0954410772281176
1.0383150361716011
1.3951170998756206
1.4196709731648658
1.4319350094752326
1.434346589475343
1.4341214374177758
1.430230572485077
1.425241528704692
1.4062905432645212
1.3844741468209414
1.34518991582521
1.2910176493560852
1.2526184017697195
1.1955251049100324
1.1493476509678398
1.0860870511423368
1.4543201294683705
1.4777257725034725
1.4886928981837806
1.488921437773995
1.4846917570609288
1.477323400747843
1.4555769986539397
1.4310949138031313
1.381101606665947
1.3289803854936573
1.2868163320316213
1.2248569719238858
1.1765198872781746
1.1072099016114352
1.5212369516923978
1.5422613854956115
1.551180380877502
1.5484869099276402
1.5332121988438858
1.4800768418998098
1.3671738733142262
1.2527509887977484
1.1248654219292096
1.5767500532215961
1.590438259829433
1.5896439334746053
1.5790347239920166
1.5672691355689334
1.539189137987344
1.5076161275897326
1.4482894741104528
1.3864434407589534
1.345709798442505
1.2642728567054056
1.2116903912920962
1.1295498192300588
1.6160815848941363
1.6315611779084294
1.634460470099055
1.62493352426264
1.6132260152221476
1.6026712744732705
1.5698788771121204
1.5343720696467518
1.4641161292277542
1.3996936361325916
1.341434005097922
1.2683275285520974
1.203938114103929
1.1224136227994268
1.6418757396118426
1.6540583649001601
1.654087763123484
1.6415168512456213
1.6294556473620367
1.6140360779441854
1.5774995391867797
1.540902118939881
1.4692320086286943
1.3975397561391893
1.3520420824034785
1.2580517080140416
1.1926512172624217
1.1058016297935116
0.7842992160096554
0.8047416075148114
0.8570010332954536
0.8792425619038207
0.8933748064429866
0.9681481463449751
0.9923930712665319
1.0071767772111824
1.0083575657723327
1.0848329342558503
1.1111548706329537
1.1210434948062122
1.125651470370323
1.1233204572731674
1.168217583727858
1.1940471251030762
1.2027601349562254
1.2084284678924668
1.210067351473609
1.2027769835423539
1.178387029007525
1.146298660332164
1.2481763830329544
1.274763592013924
1.2831520956893987
1.2879141986789766
1.2872198355179305
1.277998795235623
1.2485685911714253
1.2124638836879027
1.1326460766633766
1.037696705629351
1.3425827823998602
1.3680097959920394
1.3764082541888223
1.3790614779295418
1.3752105114713395
1.362650289781368
1.33247624851264
1.28448003006943
1.1933393213038725
1.0854549955975616
1.3975345297819692
1.4209340597872757
1.4274742823755642
1.4302167486118609
1.4239681034118459
1.4089348801861705
1.3692145845683532
1.3223745516209462
1.2226804527302422
1.4584248068692551
1.479661498347673
1.4855598551778608
1.4577064391080412
1.3605227436875884
1.2505844907093406
1.124251137354333
1.508712244027426
1.5166851241271153
1.520195892172408
1.5196327522133277
1.5071335405315607
1.4855460858197855
1.4363931564739338
1.3798880081389462
1.2621603680789684
1.128951274372246
1.5421514747687235
1.5568212213208017
1.558147734955003
1.5554237606962602
1.53825365183474
1.51259954457466
1.45291261236205
1.3933764469317274
1.2972511351337757
1.2662945030805282
1.1218492620152747
1.5626555527782426
1.574197318248705
1.5737661776587049
1.5685029902041296
1.5471286716735042
1.5196412052035506
1.4580701286412776
1.3914145091240437
1.2561178607696446
1.1052716162742113
