0.6299504528171445
0.6432571481674306
0.6324093251075946
0.5973385579335715
0.5561022794463817
0.5196954264946422
0.48147807932254305
0.44714167006387134
0.39763796247302285
0.32531609591361127
0.6901976992118288
0.7104650578328026
0.7164401256082619
0.7163383930606595
0.6862113526396083
0.6398415433234224
0.5967682794228575
0.5509859785556391
0.5097338180371283
0.4688045997561734
0.42931894940450266
0.396654875405291
0.33453915103619514
0.7527909621886297
0.7619353837600985
0.7689800559847031
0.7762762176518379
0.7775685497346926
0.7639013302937272
0.7166002123926503
0.6680306968655932
0.6152125575005443
0.5673329046154667
0.519793970439937
0.47395774612694935
0.43607398611130255
0.33146941501816174
0.8098876376315834
0.8265040858198969
0.8300450746377327
0.8346549464661365
0.835252929430155
0.8325114168800651
0.7930756685289384
0.7405748296358013
0.6808561995671976
0.6260710641427017
0.5715443081614172
0.5189774198186025
0.4755721812918942
0.4316859957224055
0.8889562978705621
0.8985125374778365
0.9053678750042495
0.9116185651964875
0.9123753743749489
0.9009408853982535
0.8505734858835761
0.7822501079862846
0.7169386725919169
0.6512714567466309
0.5878640824526911
0.5355689017580868
0.4827973346960917
0.43662304066630764
0.9416975642556473
0.9510896890036679
0.9577729635619878
0.9629278585269118
0.9634020522993663
0.962161850842555
0.9295971026634523
0.8590735594001632
0.7864993138165008
0.7122469002402857
0.640258237390252
0.5808957538380346
0.5210818769479181
0.46879037029842735
0.9059296199569993
0.829712258756314
0.7502402037795206
0.6728283148567995
0.6089628536882562
0.4885027738584455
1.0016778835026863
1.0175586012250786
1.0198924342552942
1.0162849522857553
0.9576804737830238
0.8788202486349553
0.7937016295436125
0.7100692345146369
0.6409723816850353
0.5714513013325266
0.5107991097923412
1.0351995613213025
1.0492463073870453
1.0503201468576837
1.0172040751972498
0.9390732651193743
0.8478767729376282
0.756581585448015
0.6808632978706025
0.6047020618967618
0.5383420812674833
0.4744260332845135
1.0590822744903572
1.071130929428537
1.0719928952097342
1.0562778453500514
0.9873584742483182
0.8926402774483391
0.7952497741917637
0.7139989741355117
0.632230071796298
0.5610336329903958
0.49258022937712376
1.09145121057671
1.091644358236193
1.0880283913937308
1.076793051599285
1.0375400571962654
1.0049849644224742
0.9418687709206591
0.8383160167006273
0.7509410934776083
0.6628313660861208
0.5861754509877257
0.5125873446622974
1.0992946190336657
1.1078727080606128
1.1041544295314674
1.0820986485054955
0.9911914811432377
0.882621296333776
0.7891183365123068
0.6944289404663704
0.6120460864765092
0.5330833385188214
1.1214356050329808
1.1192157126832356
1.1152052867307927
1.0974946780073387
1.0875303101989335
1.0496483781712298
1.000160564419278
0.9385509183134111
0.8379281281015256
0.7349022455172545
0.6451611521226206
0.5591240690747658
1.1267410086240905
1.1240063602121324
1.1152843821359946
1.0960513904282034
1.0698256399283905
1.030678084646761
0.9910194241051908
0.8852091266028671
0.7744082251281472
0.6773929656094165
0.5843820408349658
0.6317967894827446
0.6276214100008795
0.6970010993970768
0.7046006555301867
0.6827823650722066
0.7610927393794842
0.7565717447424913
0.818201453029543
0.7888658688522394
0.8878967278400527
0.8889375355164708
0.8467548404321312
0.9409979326319621
0.9215267807903723
0.9484416026951529
0.9611704970130495
0.9821574397641334
0.9954093035833076
0.9517563973694095
1.012812845680305
1.0247476528653836
1.006280878939769
1.0437245905592856
1.0395207224375869
0.9820253093362045
1.0283804787644533
1.0626042249303158
1.0774266394949261
1.0662370955207403
0.9868155514808692
1.0855638528005926
1.0409466670438337
1.0791791588757498
0.9866273700448007
0.5791618691254458
0.5910498938784797
0.6259774198873863
0.6386015137419577
0.6459704566240869
0.6954106274243086
0.7088282694442586
0.7161525537194569
0.718364472415574
0.7151340505568669
0.7656270438079477
0.7792005062885321
0.7859653568623839
0.7871266028847198
0.7818677331233095
0.7591865191806818
0.8134550331333826
0.8266906603900626
0.8329519932556231
0.8337171931790857
0.8329850173794157
0.8305561123762709
0.8263451857313953
0.8142579489814035
0.7995587819274431
0.8578114505662943
0.870822897431978
0.8759676789471182
0.8746172271122875
0.8713404318918646
0.8662053953833652
0.8516862421890854
0.8356094349622473
0.8029499909321632
0.7699083064788965
0.7038149707786729
0.6732803450929676
0.6293107637733669
0.9073156867808234
0.9189219859042451
0.9225190462233387
0.9217935238501512
0.9190479227329466
0.9135431978280782
0.9082008155515261
0.8906428691765318
0.8721258067664814
0.8403385920130637
0.7979110290903646
0.7683557825958266
0.7249547360727066
0.6901400887120773
0.6429208834835121
0.934064708756653
0.9443431133156344
0.946891204805944
0.9420497486256483
0.9366407773833386
0.9290840690759326
0.9097027378325618
0.8894572087084036
0.8499627324831645
0.8099807493398263
0.7781632491866414
0.7318991949982961
0.6961873567928248
0.6454506822448254
0.9616357129086117
0.969922964744829
0.9706618383438498
0.9636559040489459
0.948227267539379
0.9043221689115453
0.8186703714920845
0.7349057850049986
0.6431305498432995
0.9817690887063178
0.9836174658528531
0.9796442118601815
0.9675610015664634
0.9569268592256942
0.9336753026173978
0.9089403036760568
0.8642812072611417
0.8188568456755619
0.789340553187146
0.7310630523168934
0.6938630817369845
0.6362067489483044
0.9907369150074267
0.9948156455631948
0.9913265153561144
0.979731242256747
0.9689898898401064
0.9600840313783668
0.9340954136370465
0.9072247386904171
0.8559000605131126
0.8100747443930633
0.7689899514570641
0.7180852418350121
0.6737575343177729
0.6179924438979771
0.992899079178354
0.9947726737670715
0.9895608364786752
0.9761489702887318
0.9656198652125566
0.9530601358329949
0.9250028971806442
0.8980510269263536
0.8464986516399655
0.7966440254045271
0.7651600411079916
0.7010597068713905
0.6569096984254659
0.5989108250485816
0.5604747846310334
0.5730598376060058
0.6048665255428426
0.6181811420261729
0.6253757303806232
0.6704215658280842
0.684273426861563
0.6911980739577172
0.6853196279931116
0.7360421442138386
0.7502794656062227
0.7547043668457768
0.7561084231247324
0.7468888635211048
0.7806844079050812
0.7940231746998793
0.7976937264578684
0.7991756407889316
0.7957955501564965
0.786828892224451
0.7640458707542879
0.7366835783072366
0.8214476630115396
0.8344314457444687
0.8375787983829461
0.8382242551504584
0.8327879245693116
0.822440834412208
0.7959489893173197
0.7660099914237863
0.7025363513447928
0.628947133805278
0.8663453700775694
0.8777074999101215
0.8800011844920498
0.8794931671379803
0.8714489791682379
0.8587269501068734
0.8326047865386854
0.7939816694082903
0.7236692191841467
0.6425594100043646
0.8904336980622903
0.9001653761908186
0.9014972066378243
0.9002452765615511
0.8904808380693776
0.8760622026371978
0.8428554698520146
0.8060740508808341
0.7306407014486461
0.9142722703802783
0.9220517336923301
0.9196072325750416
0.8910605327588266
0.8148150662686805
0.7336791610269712
0.6427931015622546
0.9312744157697171
0.93327080524811
0.932597102448354
0.9287253481806017
0.9148286563747865
0.8960503519239644
0.8574112977484075
0.8151149542997537
0.7298861470179138
0.6358834645136846
0.9370897357547183
0.9399740174923968
0.9369482900547782
0.9326906064218292
0.9161377456318359
0.8947766500087696
0.8495742248601114
0.8065475423468456
0.7386167335778138
0.7169784013224297
0.6176952176533168
0.9366572601572277
0.9374294973269266
0.9337016211172043
0.9270635224187027
0.9077870749999899
0.8860784161482822
0.8402917747236285
0.7932783540056255
0.700024370458751
0.5986365330390759
