0.7267268684181365
0.7431308382875496
0.7340778867073958
0.6965622616247801
0.6518559778672248
0.6122435394740685
0.5706223138808036
0.5331631403717673
0.4791305697123282
0.3999876213708725
0.7975113096043119
0.8221630374610722
0.829918497890222
0.8313670243799384
0.8001528096564866
0.7500484480781393
0.7031347654641258
0.6531419927581247
0.6079813404783003
0.5631221251079169
0.5197758724830095
0.4838488575037749
0.4152480760000858
0.871817660521091
0.8829231095923405
0.8916178101275941
0.9010115540810586
0.9028347547746737
0.8906893389901684
0.8400454350621965
0.7871684692058406
0.7293886521937852
0.6768299222604303
0.62454760450219
0.5740274145945414
0.532170542007816
0.4157962371616948
0.9400824843565442
0.9605866615900137
0.9651268292013816
0.9714912411457228
0.9728940077269951
0.9708562722152269
0.9296978698602628
0.8727061150018414
0.8073110500057697
0.7470346438397376
0.6868839237824113
0.628735678798683
0.5805825888018848
0.5317399001519953
1.0356442694527108
1.0474991533788447
1.0562204771349728
1.0647845620106162
1.0660973883073324
1.0561189203384196
1.0023843690209724
0.9276561126899547
0.8556236974398628
0.7829028830415177
0.7124280285161704
0.6540970832895588
0.5950157945961752
0.5430450449714028
1.1002814188816508
1.1120576898173564
1.1207172073362577
1.128103733613918
1.129190035827941
1.1287529908295721
1.0955252466704146
1.018812233979639
0.9387336726592447
0.8563193176264976
0.776062444180824
0.7096132420291903
0.6423840593983321
0.5833128263570975
1.074413549085445
0.9903543659582075
0.9020557046123331
0.8156098945952232
0.7439784007159634
0.6079544480169309
1.1750310572772111
1.195847044185799
1.2004554072128628
1.1976657326544486
1.135800341670535
1.0490093551849191
0.9543658112568771
0.8608187968644379
0.7831595143552661
0.7046676668280921
0.6358113038085176
1.2177215745110155
1.236471098630848
1.2398791396475333
1.20639444378539
1.1209626981666494
1.019557131762182
0.9172678008835875
0.8319726468625289
0.7457574103242869
0.6702008145012365
0.5969896020381192
1.248740800217528
1.265066583994182
1.268214237306666
1.253156950545871
1.1786119736034282
1.0734114926847202
0.9641841944224042
0.8725034189827512
0.779755584611052
0.6985244105938501
0.6199238579071623
1.2926211154322809
1.2946371554934863
1.2917236442251165
1.2805504047415808
1.2385184662894708
1.2027654974734872
1.13262658849819
1.0164249826199818
0.9176785001139502
0.8175359653285429
0.7298800254885719
0.6451797705524699
1.3033087091950135
1.3157772715825902
1.3141502661095796
1.2916869850635664
1.19193893184262
1.0701519852753347
0.9643425510046113
0.8565272431624426
0.7621228107414764
0.671027394389878
1.3369025365186114
1.3359453185038388
1.3323748131046698
1.3142456508927867
1.3036322752607925
1.2621712029558165
1.2071788468664861
1.1379537432127822
1.023989870238226
0.9064784605274633
0.8033669536264634
0.7037484757306215
1.3482934055200062
1.346545402542754
1.338203039320954
1.3180189204409765
1.2894145124111505
1.2459898747212887
1.2015357302655911
1.0817362215567212
0.9551435719961949
0.8434821671522609
0.7356243615335668
0.7305747941702072
0.7285197761463829
0.8074001360123144
0.8177438914739731
0.7961537774859594
0.8843727777916717
0.8821419068548231
0.9541659424269578
0.9247611702803087
1.037490908827815
1.042043663753742
0.9978838071108221
1.1039167207272118
1.0860095842019963
1.1117090653409885
1.1327230084117867
1.1542283189308054
1.1730528923891912
1.1287694790904965
1.1935178607771377
1.2109113024045635
1.193430993218676
1.2347535482128835
1.2332637272253748
1.1722401180513335
1.2275759318324713
1.2609327366126846
1.2823178192398126
1.2727388649511953
1.1866713369501536
1.2985035865634
1.2516994411259232
1.2977134692251548
1.196205129034136
0.6704615560519287
0.6848927994034166
0.726024489988291
0.7414379328653664
0.7508017787445779
0.8090914101921568
0.825635124852375
0.8351405200551052
0.8388618515855678
0.8363780665183469
0.8940853990262004
0.911061980210648
0.9201211326216386
0.9228681272201615
0.9182548095469774
0.8947048373847517
0.952727024536649
0.9694890797973037
0.9781596016241274
0.979980346819251
0.979701839562314
0.977675059236194
0.9736276718896345
0.9611961484437737
0.9455878199534694
1.0078777670224934
1.0246277723950103
1.0320897762911085
1.0322469567261987
1.0292925989499717
1.0242221652874666
1.009095661884739
0.9918858680400706
0.9563448532802372
0.9200096772812902
0.8468139276829475
0.8128493755304632
0.7637905805748733
1.0707132578475653
1.0860158541509324
1.0919243719047766
1.0919689159480963
1.0897559406202004
1.0844674952292097
1.0790381054785287
1.060488907520559
1.0404715288124953
1.0056460742152424
0.9587135186579295
0.9258413202383954
0.8773824745455484
0.8383854842889261
0.7853172133869711
1.1056116302357635
1.1195286595394982
1.1242771580403035
1.1205376008642929
1.1152259751951095
1.107457967276286
1.0868016856541656
1.064789405544634
1.0212781228645897
0.9768354334419825
0.9412799202361269
0.8893928590214563
0.8491942447656138
0.791903587502856
1.1428301055041414
1.1545393630713048
1.1573314685746907
1.1511585516645264
1.135242621846281
1.087565042255917
0.9921799096923868
0.8977216109152364
0.793672015393778
1.1715989191577143
1.1764299813964127
1.173106195354671
1.1609879258824924
1.1497254869335194
1.1245107402535448
1.0972476108549363
1.0474705097012382
0.9964238521245544
0.9630978969498114
0.8970351044139143
0.8547018124914432
0.7888407631872583
1.187345593854135
1.1943522331073329
1.192304774501804
1.18083759687924
1.1695172211901976
1.1599177603360944
1.1314250482387302
1.1015478151865792
1.0438693194202144
0.9918149476227369
0.9452271097814556
0.8870741657672139
0.836223628992304
0.7722144616159525
1.194748505536324
1.1992032564223862
1.1950809648059155
1.181457101659726
1.1702193409155601
1.156557068587281
1.125530568454773
1.0953539458155137
1.0373346523132108
0.9803225317391434
0.9443271289349633
0.8706481564281997
0.8197299071707466
0.7525101702611111
0.6501217505165388
0.6654980433947818
0.7030227929166846
0.7193967024763848
0.7288227904307831
0.781802190703115
0.7990437559630168
0.8083766009130476
0.8041264546742268
0.8616589911394765
0.8796509726376028
0.8856871990258345
0.887989338585319
0.8802038572955564
0.9167549117995715
0.9338558968001054
0.9389722090594712
0.9415982273286484
0.939388698072118
0.9305226363959931
0.9064308598881406
0.8767754809650182
0.9678186213116662
0.9847900739860135
0.9893860977817232
0.9911147961957086
0.9866879138205743
0.9762417038791403
0.9479983245376117
0.915346122761298
0.84527327675827
0.7633483742379147
1.0253907398045803
1.0407225241369191
1.0446188754115149
1.0449029205730938
1.0376142617304933
1.0244660494742734
0.9963805278571722
0.9539861042210118
0.8758240437650815
0.7848746664674051
1.0571902806875357
1.0706769092078987
1.0733587355263017
1.0730515163284942
1.0638150164699323
1.0487366848558235
1.0127277729220725
0.9721172887650819
0.887860802501694
1.0900426060725612
1.1014134110389664
1.100943722848998
1.07159746073477
0.9875003210976319
0.896219822514133
0.793254396280642
1.1151294343166254
1.1185985064246964
1.1189844254512424
1.1158062188428712
1.1017869751502232
1.0816679608071869
1.0391326616290497
0.9918631376551278
0.8955878962854044
0.7884386738352028
1.1270134292285396
1.1328692391531445
1.130803752221524
1.1267858907811434
1.1093464206076353
1.086413805754522
1.0361426261661377
0.9874891246878845
0.9104335915791917
0.8857036476285244
0.7718417144826086
1.131126467025223
1.1345458381074685
1.1314969310969603
1.1249751258589558
1.1045573615025301
1.080732031050931
1.0297165799055539
0.9761735882532082
0.8693591737056411
0.752164192034361
