1.0143443707425606
1.037152784411364
1.024352532479697
0.9716049398770256
0.9085635625197425
0.8524827371366948
0.7933508082266727
0.7399910026274362
0.6628044984920062
0.5496973751555866
1.1212550340444145
1.15589995225173
1.1667894502612604
1.168740869414476
1.1243372046664637
1.0530405900372344
0.9860850709494391
0.9145368852682306
0.8497694807649955
0.7853045126114785
0.7229571364602336
0.6712994505942413
0.5730446352495255
1.2329918407118556
1.2487489133069867
1.2610785312826513
1.2743571924695454
1.2769258672466908
1.2592821353078991
1.1865993656792178
1.1106146207867786
1.0273935087164454
0.9515703550208301
0.8760275208278236
0.8029899129863203
0.742509008353291
0.5754811421606486
1.3367193447025991
1.365997258703714
1.3724648032311495
1.3814973871974814
1.3834204892598028
1.3803990945121825
1.3207546722181636
1.2382782916317503
1.1435078488080863
1.0560542065053178
0.9686824203061111
0.8841982487139651
0.8142838630676804
0.743482510893021
1.4832118577221702
1.5003377375639364
1.5129141927130054
1.5251830844593028
1.527042633749517
1.5121578724811757
1.4335019672162288
1.3242216356062826
1.218843425469223
1.11240308450516
1.0092701785104592
0.9239860295353199
0.8377442639310271
0.7621322549462335
1.5832773760163612
1.6003619809365401
1.612894423911815
1.6235470943443795
1.6250435086755959
1.6242153726852915
1.5751047137437466
1.4621521791992997
1.3442940813534952
1.223006513449937
1.1049546009939435
1.0073203693204087
0.9087012672664072
0.8223135650466266
1.5467145495657975
1.422558930328583
1.2921895168054391
1.1646483306926514
1.0590927199454843
0.85926194212072
1.6998936405718237
1.7303493841728586
1.7369236116815958
1.7326071267610308
1.6405126534658205
1.511801941601367
1.3715636191889176
1.233085042729998
1.1182819777760986
1.002440449989475
0.9011325119109984
1.767202541375497
1.794667660987076
1.7994281724009542
1.7491075688688937
1.6217462604249575
1.4708345637466698
1.3188148334595864
1.1922493547083293
1.0645439032758792
0.95296444273309
0.845336091338181
1.8163900154284252
1.8403317898066247
1.8447404950356603
1.821906509550222
1.7102528509914066
1.5531371812903985
1.3902952343694024
1.2538518157392244
1.1160761200484888
0.995772752065418
0.879879718767815
1.8847142469461449
1.887487912629431
1.882918815808394
1.865975521109843
1.80273904952902
1.7490823089978684
1.64396809996811
1.4701410862665703
1.3227170617229662
1.173511198689013
1.0433081162570086
0.918035844314065
1.9041232722115706
1.922429245440632
1.919657760556289
1.8855415010184584
1.7353183935467584
1.5525155570256737
1.3940552223266114
1.232968850982927
1.092327040976624
0.957199558901989
1.9577188476327378
1.9560910150416655
1.9505541919348834
1.9229656830932256
1.9068604289360407
1.8441997152186205
1.7611746660765575
1.6568800653269686
1.485562300600851
1.3092962871218425
1.1552181867053124
1.0071006195028902
1.9780799934665458
1.9752596236456874
1.9624100018099666
1.9315609955974058
1.888252263456108
1.822490345334505
1.7552584012575279
1.5745294085932708
1.384061243578449
1.2166703934719794
1.0556742033090958
1.0196254048949969
1.0166002990279748
1.1350723881789377
1.149545204589815
1.1186997137982861
1.2506265210581617
1.2471315363831619
1.3564864013105682
1.3136825659152838
1.4856104945168376
1.4917780266794793
1.4269892053310462
1.5879933014654533
1.5612353873451013
1.6032216526495136
1.6332021040211566
1.669132246195776
1.6964213745855328
1.6301883439258487
1.7311847857054292
1.7564240466367502
1.7299741270608686
1.795128093688573
1.7924301804420641
1.7008259346544505
1.7864833629608425
1.8406726905513011
1.8721423430327089
1.857282192837449
1.7274793126137917
1.8995952427587846
1.8285414260997612
1.9010790641396245
1.7472779122427493
0.9357978729848951
0.955861606554454
1.0186222757777068
1.0401975490722568
1.0532585136960262
1.1435168430693723
1.1669055988450023
1.1803052731266412
1.1854394914606756
1.1817017469563191
1.2726512756820083
1.2968924487031457
1.3097371987373774
1.3134903955399384
1.3066128232414764
1.2722048136213249
1.3625633960666308
1.3866591583618757
1.3990243351547267
1.4015004768489783
1.4010038221313272
1.3979473602428567
1.3919254583945095
1.3736087490267774
1.3506659529990506
1.4477969162355404
1.472010897265947
1.4826785432575573
1.4825997527669743
1.4781396011155765
1.4705798308021154
1.448170593419927
1.4227436229783337
1.3703468834897534
1.3168071649930124
1.2090500724896605
1.1590881923622876
1.0869454212895502
1.5457704287778147
1.567989306060779
1.5764396961476985
1.5763519093684746
1.572966207969651
1.564934279402943
1.5567591181673668
1.529149058635395
1.4993850673822282
1.447683544215913
1.3780946704273713
1.3293948411709797
1.2576177139871763
1.199932537464792
1.1214755899159174
1.6006601493797161
1.6209543897321295
1.6276717115947443
1.6218254994657857
1.6138278135354645
1.602129394966748
1.5712262868365718
1.5383761021872693
1.4735416402397612
1.4074145257729065
1.354542166181758
1.2774627640816412
1.2178054194039898
1.1328623218187341
1.6598268464563375
1.6769701107732196
1.6807876485098043
1.6712526534930607
1.6472611959975174
1.5757064543628585
1.4331007553035298
1.2923734013690718
1.1374256162500214
1.7053628483079721
1.712141015940354
1.7069814958576173
1.6885708492199651
1.6715396959750795
1.6335621294000042
1.592616883652659
1.517909704587438
1.4414718165249352
1.391636439084208
1.2929477309105475
1.2297163406985805
1.1316242221496269
1.732850223006304
1.7429850220875154
1.739560674499524
1.7221303302580777
1.7049335348088797
1.6904091808343293
1.6473327367324142
1.6023209731497623
1.5155292693640239
1.4373229320273326
1.367402926598103
1.2803193696620085
1.2042796478115205
1.1084269143250611
1.746526928445512
1.7528625639036841
1.7463766121231876
1.72552667385957
1.7084458552162536
1.6877501043392666
1.6407886784948351
1.5951882455885042
1.5077534757125992
1.4219700408565543
1.3678785751253957
1.257375560270602
1.1811790989929947
1.0808020776538505
0.9073153839218147
0.9286610725056541
0.9861027113405875
1.009003795201738
1.02209124210667
1.104481367878196
1.1288331650374672
1.1418938661613394
1.1354016805450007
1.225726448905669
1.2513862678433227
1.2599259103967009
1.2631253611203475
1.251375349826931
1.310130308923926
1.3346458651621038
1.3419326181325146
1.3455746611910284
1.3420578580663594
1.3288756109795092
1.2934546032064844
1.249958902463119
1.3889989552267648
1.4134471212213786
1.4199968091528377
1.422350657616945
1.4155387388674712
1.399968934357547
1.3582035006910922
1.31002656699898
1.2068131595953702
1.0863045442177488
1.478703011528564
1.5009284142593156
1.5064326699516797
1.5066554927664308
1.495597137376212
1.4759189883965704
1.43410462239582
1.371172853368656
1.2553398022733036
1.120830170872058
1.5286820373294414
1.5482841469581374
1.5520769050566634
1.5514068778889252
1.5373565213994973
1.5147352751249776
1.4609610453411086
1.4004788650421793
1.2752150386155798
1.5810040649307542
1.5975146801239295
1.5964472198475614
1.5520794321966733
1.4261911992077865
1.2901612889863143
1.1368121664817592
1.620719781975366
1.6257959892221938
1.6261103416582
1.6211205711806442
1.5998068403873924
1.5694902790628984
1.5055476160661172
1.4347179129881884
1.2908098549334759
1.1310322093167482
1.6420332059276426
1.6504742451310284
1.647161555399058
1.6409477720904575
1.614401534151096
1.579764028124057
1.504029589516391
1.4308934435840708
1.3151788069292019
1.2782882895254282
1.107876837057638
1.650510924679322
1.6552553846468143
1.650466469343879
1.6404751651895044
1.6094283346998215
1.5733421567285304
1.4963890797213406
1.415790119989302
1.2554618375035154
1.080290643356272
