0.8262539850737084
0.8434011181501891
0.8281452856609213
0.7812792769310559
0.7263692633410314
0.6779411099952036
0.6271416085492919
0.5815785599774635
0.515808791944969
0.4197282655239087
0.904049321271448
0.9302270955953292
0.937798606471924
0.9372524500926182
0.8966777025950906
0.8349534355864827
0.7777186921542965
0.7169590650924895
0.6623039123616838
0.6080316155035574
0.5556870364453957
0.5123932638702183
0.43008114736327413
0.9846765728192981
0.9964778468120866
1.0055253396356343
1.0147819898171986
1.0163737623859055
0.9974026757051987
0.9343397393965706
0.869863471341907
0.7998530545110315
0.7364985139015066
0.6735637641640561
0.6129083475017817
0.5627933638222574
0.42450022094863776
1.057944495466675
1.079263924765387
1.0837554549065025
1.0894655038334635
1.0900331605420237
1.0861082887823974
1.0332528196657418
0.9635622329169068
0.8844862556405221
0.8120793884284097
0.7400020608679406
0.6705546216262102
0.6132385166394113
0.5553141554455184
1.1589056252355083
1.1711248789263147
1.1798207441377035
1.187570737669393
1.1884240455718735
1.1725155980308637
1.1054442096853656
1.0150568394775332
0.9288565577657723
0.8422295835124051
0.7586505544438812
0.6897572124552568
0.6202989526926148
0.5595277441132934
1.2258230382959299
1.2377803182444982
1.2462062500946236
1.252480381411181
1.2529322319409986
1.2510121158630818
1.2072111122832445
1.1138280246307481
1.0181411081358673
0.9203172387515579
0.8255721434184644
0.7475088920167664
0.6689136677729852
0.6002634950150514
1.174031727421672
1.0735593557009964
0.9689332974238998
0.867138992952149
0.7832348507986743
0.6251851607116398
1.3013579610333452
1.3212587304308918
1.323698215293346
1.3185723276156982
1.240440845689189
1.1364946372424545
1.0245099726649411
0.9146358510459761
0.8239500077221614
0.732791875629782
0.6533539873809034
1.343163315598878
1.3606392087839334
1.3613509460375992
1.3167606999437096
1.2136458202879417
1.0937296356527737
0.9739121002637549
0.8746552222651991
0.7749223287526313
0.6881221801031343
0.6046120578618774
1.3726690606911458
1.3875764519208633
1.3880101693415154
1.3665952387515121
1.2754113009929058
1.1508830017545455
1.0231527068414228
0.9167385169036428
0.8097681442542469
0.7167510774390412
0.6274036792589474
1.4121627947167632
1.4118401418908488
1.4067599509351323
1.3916129091156544
1.3395250061121944
1.2966136024315396
1.2136794789189285
1.0779494956316649
0.963617397059349
0.8484702050111894
0.748434567928836
0.6524948860486831
1.4212902457010725
1.4316726004488007
1.426067524622578
1.3963479112222332
1.27653445097427
1.13427584818507
1.0120193839022293
0.8883976949172684
0.7810077662261085
0.6781728720764879
1.4468668984069901
1.4434942437763965
1.4378725383660607
1.4141100532901887
1.4008684920647956
1.3509220785841527
1.285959742335338
1.205303963699285
1.0738465219864353
0.939485707713872
0.8226251016175079
0.7106632701749593
1.4513604528540802
1.447334524571858
1.43543137341858
1.409803870769298
1.3751816914988166
1.323764923951554
1.2718414812450003
1.1336578882565622
0.9892876864733614
0.863092347274294
0.7423004349742324
0.8281674116163357
0.82187459628183
0.9123560446775688
0.9218438408317593
0.8921984975211096
0.9946485288162183
0.9878384209935558
1.0674648472090043
1.0277737542706509
1.156581184294765
1.1569159282426302
1.1004912264407667
1.2235417379743416
1.1967496137433915
1.2330555147552515
1.2476868783401824
1.2753911734150902
1.2915461517687596
1.232784498754958
1.313509410254945
1.3279014257240513
1.3026564789969999
1.3515068330001707
1.344974160182636
1.2685422399032311
1.327735939683463
1.3736759130833656
1.3916613334027192
1.3759473990467703
1.2709184739568269
1.3992730347570883
1.3397640894264162
1.3881881476109263
1.2662286733605363
0.7589326597124307
0.7743198501071246
0.8193205482064584
0.8356156640873921
0.8450189749814216
0.9085478414039283
0.9257868075572281
0.9350577925127487
0.9376043444828428
0.9330100239260969
0.9982883729617937
1.015629318217473
1.0240919085420004
1.0251812945393903
1.0178791393444733
0.9874632404780203
1.0590637673805272
1.075890733974026
1.0836226955315458
1.084339692714047
1.0832125401537633
1.0798055960635888
1.0740637058331477
1.057829606032601
1.0382381463762471
1.115077940893791
1.1315131009873716
1.137752981619984
1.1355031318528246
1.1309445959222695
1.1239870911411152
1.1045565924914658
1.0832114697091855
1.0400332150090588
0.9963731290608455
0.909252821407239
0.8690423934151746
0.811181100535593
1.1770194119687443
1.1915452893796639
1.195682230218764
1.194461922972037
1.1905803782781328
1.1831117598165923
1.17594384884248
1.1525882174459028
1.1280332999757854
1.0860459191817378
1.0301515171401023
0.9912658548845451
0.9342211823396098
0.8884930988609243
0.8265203477153296
1.2100805695425874
1.2228092642521913
1.2255805058173546
1.2187442074726564
1.2114220102777715
1.2012810751407654
1.175491802045948
1.1487220545931778
1.096662855414673
1.044079612594874
1.0022916687280086
0.941580852695971
0.8947591841547146
0.8282951673132332
1.2436034305397838
1.2537624405791654
1.2540914672020371
1.2443516248185589
1.2236844130308169
1.1656257107895007
1.053100823296859
0.9432777651775909
0.8233545020757131
1.2675502491288086
1.2690710266341594
1.263498972591804
1.2471995623325844
1.2330482306489265
1.2022980187423207
1.16972098953265
1.111094781513205
1.0515808748949813
1.0129572262724331
0.9367784604574517
0.8881825413676314
0.8129422090037235
1.2767073417317474
1.2812248251700789
1.276041664314961
1.2603393547873412
1.2460314705389786
1.2342361656549627
1.1999808635594826
1.164688979987175
1.0974887993020113
1.0374073700477726
0.9839853016454853
0.9176105969928923
0.8598440254293437
0.7872891738765925
1.2773383331532542
1.278982238179182
1.2715728336593832
1.253531440201933
1.2395502808181964
1.2229608183639513
1.1860624798662183
1.1507499131284677
1.0833683908453704
1.0183462026359962
0.9773213640322571
0.8938996041092468
0.8364987453469963
0.7611671666158253
0.7340633420956587
0.7503231327289743
0.7912575525546806
0.8084088221233069
0.8175079308671743
0.8753869134182773
0.893139225887807
0.9018038967045441
0.8933651507287242
0.9591197263461566
0.9772472093981994
0.9827562556290557
0.9843853400207447
0.9714889563534578
1.0157302375395676
1.032625528036182
1.0371484916605334
1.0388055419885567
1.033883693322339
1.0217360105843554
0.9913527294525307
0.9551424562891834
1.067075169138166
1.083431060019365
1.0872095559245765
1.0877499114667428
1.080096406958084
1.0661760848830346
1.0309849789243806
0.9913397247798584
0.9076051891049324
0.8107137379651815
1.1230495067264998
1.1371528945259455
1.13977761363258
1.1388641982691614
1.1278120474490558
1.1107474137803082
1.0760774619229936
1.0250926896666195
0.9325696968378756
0.8260572675475761
1.152705283436374
1.1647068129781744
1.1660944132629107
1.164097193974454
1.1507241192989448
1.1314725157798011
1.0875202852878414
1.03905962333597
0.9399673957647451
1.1814812542753472
1.1907976862967957
1.186867830760265
1.1485884722890494
1.0481592723567694
0.941709171560458
0.8229244118707436
1.2013294712096474
1.2034534354691857
1.2022872180075923
1.1968362511422055
1.178115395318604
1.153192993547068
1.102296298047112
1.0467944205812578
0.9352769006615078
0.8125311819710769
1.206501552440307
1.2093961900219057
1.2049921341512162
1.1991610046569403
1.1766873940053941
1.1487741408517393
1.089412443392878
1.0329111700649214
0.9444159764280029
0.9162032499103915
0.7869126893890295
1.2038823577104496
1.2040243331542315
1.1987552867820008
1.1897424872382651
1.1640862342300016
1.1354780860872484
1.0754623219563186
1.0140652412080242
0.8925867705661767
0.7608208009606706
