0.8674368504507569
0.8883656269934558
0.8819567810380319
0.8408094232478267
0.7908871677381177
0.7463762675730986
0.6994579386635948
0.6571565804179426
0.5960245163717868
0.5062880967822972
0.9569442792523135
0.988154494710195
0.9985614808714548
1.0022929206270828
0.9692719596906916
0.9132957904753184
0.8603002768128212
0.8035620071701985
0.7521737650341828
0.7010111749918083
0.6514878175083488
0.6103794032966148
0.5317319357818567
1.0516414509220342
1.0657386696054425
1.0769480255372095
1.0895148871846771
1.0921377918367512
1.0820738115710733
1.0258897305291184
0.9659936104915916
0.9000711404283531
0.8398893335029312
0.7798550477361704
0.7217133846362346
0.6734472893756661
0.5387888987223832
1.1396377679703256
1.166159642020585
1.1722327319996648
1.1812659034332205
1.1838635601019714
1.1828287373245383
1.1384467835523953
1.073886383669086
0.9989382145765652
0.9295536141956623
0.8600521618479374
0.7926793436921034
0.7367523045064625
0.679891648794445
1.264543021767597
1.280024850915623
1.2916869863019251
1.3038146770384822
1.3059810153866727
1.2978971797184315
1.2379868608842346
1.1521183711886511
1.068583516057268
0.9838514678968797
0.9014441057121796
0.8330287597136884
0.7635300730106834
0.7022036230319587
1.350445183623889
1.3660038350572965
1.3777734857580692
1.3886381890420099
1.3906441352346388
1.3913020698971266
1.3562662288524112
1.2684043204983602
1.1752079063521976
1.07866807985136
0.9842474698906749
0.9057971996054126
0.8261634596185566
0.7559921959085576
1.339440239681394
1.2415094137456177
1.1377859405914612
1.0357362399012908
0.9508522868756262
0.7888014423750459
1.4515377523985578
1.480204789869859
1.4882935458632351
1.4866038385216758
1.417974767379367
1.3169070179301097
1.2054367867393132
1.094612286499542
1.0022221873163588
0.908485841498768
0.8259239835110811
1.5104943432811913
1.5367530947015504
1.5437090097170054
1.5084602815964736
1.409482541812479
1.2897883120906788
1.1681389985208204
1.066212834024899
0.9627589083850389
0.8717044848893241
0.7831215887234629
1.5541046415775703
1.577241536813769
1.5838172912456574
1.5691575709433585
1.4837261276538034
1.359501364710595
1.2292542369522843
1.1193338188312274
1.0076372352534755
0.9093678266861065
0.813880066112495
1.6174339625496201
1.6221885961718072
1.6201627409385349
1.6086448094226713
1.5609601970089262
1.5191878047922271
1.4361898833550428
1.297312491946445
1.178525932916391
1.0574825113271562
0.9510286080238582
0.8477006653735049
1.6336319115631301
1.6522722462194444
1.6535989831210716
1.6296343135033158
1.513029513176341
1.3672971420505973
1.239648145837987
1.1088973680305199
0.9938169387495466
0.8822491986948325
1.6860005233788782
1.6870944019239917
1.6839832548182485
1.664471078405637
1.6524549621952451
1.604115891260413
1.538736355511009
1.455603808514943
1.3177370876196655
1.1746488044487098
1.0483224404600282
0.9260095698021346
1.7077369166300989
1.7073226747537078
1.6991238733987155
1.676483902771398
1.6432916230596235
1.5917588749571805
1.538410400005086
1.3932789127363037
1.2386693161886007
1.1013173025955223
0.9683227217642284
0.8742245106934886
0.8752730491634261
0.9714121969709045
0.985831842169088
0.964413818854022
1.070566387942192
1.0716486279704482
1.1623917702853543
1.1323677707114133
1.2706993992575177
1.2804796961184985
1.2323869597127557
1.3604439536055388
1.3443883667912386
1.3702898330436588
1.4039923842259876
1.4282057025750328
1.4557681024257239
1.4091168530626614
1.4828256380773739
1.5087401644800462
1.492085344277157
1.5415853046037706
1.543983169534016
1.4756164047262752
1.5470132272007937
1.5813267952280923
1.6130827737670805
1.605453481921951
1.5062631697544968
1.6425598578901617
1.5906463816501255
1.6503469021393542
1.5315015511297536
0.8032155108760622
0.8213491739672739
0.8737321553754072
0.8932832007933486
0.9055974904472542
0.9804024730569664
1.0016928133473433
1.0144900704761202
1.0204458195440242
1.0189998237362137
1.0912687288161254
1.1135123326600338
1.1260717727766136
1.1311831049495809
1.1274056951899025
1.102109377763429
1.1689538688339114
1.1912346705509598
1.2036132307583314
1.2070005739929062
1.207372816221667
1.205888331091977
1.2019773857330096
1.1887385727525124
1.1713928897066581
1.24314731415203
1.2657929290859287
1.2768354591174882
1.2792171879131953
1.2765940878820763
1.2714666013088345
1.2550257310108168
1.2356922414252074
1.1949809159252436
1.1528661522574921
1.0673445300846651
1.0274909311346578
0.9697379767535835
1.329588700663971
1.3505828976710241
1.3600419831928006
1.3611989845463013
1.3597097602717854
1.354555437761292
1.3487913955782926
1.3282432428498967
1.305421240657661
1.2650744162181529
1.2101264019055409
1.1714155676440223
1.1141131032777627
1.0678707526410598
1.0047417316146516
1.378553442401385
1.3982462169760932
1.4063524391996545
1.404085096522503
1.3987562147030081
1.390401472072011
1.367195864283302
1.34186601278662
1.2910413495125337
1.2386180929001835
1.1964694167711902
1.1347264642773818
1.086720222942871
1.0181333274474662
1.4324924794306773
1.4496310629922942
1.4554905035433605
1.4503047759979946
1.433110751562275
1.3781777846281105
1.2652197846215214
1.1521673913531316
1.02660322532608
1.4758341936324493
1.4851678854010102
1.4826576389918382
1.4700307575422125
1.4573872001556083
1.4283401532955848
1.396370295330772
1.3372476113723428
1.2761356728112687
1.2360815348637457
1.1563305959504746
1.1050291885949102
1.0250565139542394
1.5030990315056099
1.5146119286466333
1.514494963907034
1.5027929838553735
1.490147920110624
1.4791428863922769
1.4458217734690941
1.410371336751992
1.341170232523875
1.2782524848889716
1.2216568242426609
1.1508203696390438
1.0886783807751765
1.010158507711003
1.51895687304477
1.5272637305307382
1.5245738552077261
1.5100080954485324
1.4972462937499893
1.4813956418951384
1.444721346879625
1.408596002158831
1.3385439412610594
1.2691269871048392
1.2251826538901136
1.1348257410375717
1.07217601411581
0.9891674113254868
0.7804417365243725
0.7998825150250595
0.8478390634089314
0.8687482459193246
0.8814536850853453
0.949422387831675
0.971798238285245
0.9847314668131498
0.9827581928180172
1.0540792492318634
1.0778779706494783
1.0863615986913844
1.0900089089480682
1.084126691601977
1.1274852362825438
1.1504445538357118
1.1577871664361532
1.162132181358967
1.1615573469952654
1.1525805808517198
1.1259990868836443
1.0922855885201805
1.1966251393205867
1.219803873111907
1.2266626539655383
1.2300023827671966
1.2269051026396758
1.216023440684885
1.184451893196112
1.1469640081605013
1.065381522245252
0.9691696944530362
1.2763284621570412
1.2978799963188818
1.3042756670019302
1.3056865384776517
1.299289091242123
1.2851349596157606
1.2532923181482634
1.204091758918754
1.1121099180281218
1.0041678053775147
1.3215202158482153
1.3409264805788381
1.3456554482903729
1.3467326949044076
1.3379580180608115
1.3214084882679344
1.2801069574611892
1.2325635055026025
1.1327463453057078
1.3698969658616666
1.3869013710781102
1.3893046908089346
1.3577005434601706
1.2591761460469006
1.1502138835697204
1.0260547864861507
1.408491138204574
1.4143914611668282
1.416202282425651
1.4138676721828751
1.3991206288604472
1.3762966735345508
1.3264669827521098
1.2702175543546574
1.1544385370195334
1.0245258172701441
1.4305736921851333
1.4409805568397325
1.440202640289717
1.4363602047636441
1.4172502050084532
1.3907451471080194
1.331112141246738
1.272601858181867
1.179017759994123
1.149016571699603
1.0096631457981882
1.441953479335389
1.4492925169928537
1.447076347610819
1.440424769192526
1.4174579078381653
1.389550411004076
1.3285847657311374
1.2636832869038834
1.1331214556024154
0.9887054287448291
