0.737884816393278
0.7555574359843492
0.7496568690556911
0.7142792289572092
0.6714589229474534
0.6333884227615307
0.5931934550233685
0.5569697023421115
0.5046256367982263
0.42776260939872307
0.8130037422581334
0.839353329937848
0.8480825800153313
0.8510473342189006
0.8225373404184553
0.7745406418262744
0.7292773988461034
0.6807423012345966
0.6368055846303159
0.5930707448420734
0.5507374563336028
0.5155930156645029
0.4483386311286057
0.8924253322494246
0.904313459511918
0.9137476682420373
0.9242815525385906
0.926462537071698
0.917446461416468
0.8692652374505704
0.8181298518150616
0.7618075182192524
0.7104195150652439
0.6591717557391971
0.6095437633048444
0.5683428990968978
0.4533412300530019
0.9660454873882739
0.9883438432613669
0.9934294442786852
1.000942923432671
1.003049300986236
1.0020246334869118
0.9638305745101129
0.9087324039859557
0.8447669993417076
0.7855943128714675
0.7263418665638489
0.6689132536656587
0.6212433964643975
0.572775532051941
1.0702564580769927
1.0832438272515044
1.092995352915106
1.10307442833253
1.1048461186161358
1.0975603182218459
1.0463608297118834
0.9731437852589732
0.9020288305380635
0.8299216541542498
0.7598117384196381
0.7016150926964108
0.6425014430697645
0.5903405896314421
1.141697243904099
1.1547202940736487
1.1645394665869682
1.1735149666026685
1.1751343889529537
1.1756073133249998
1.1454129732745162
1.0705068709723828
0.9912318751755047
0.9091738872011538
0.8289486827578719
0.7623081315524793
0.6946732349556937
0.6350818326386213
1.1299303924090964
1.0466632383279786
0.9585573060990064
0.8719146852303351
0.7998664264715669
0.6623593647925778
1.225481618799171
1.2493507659485763
1.2559378736789324
1.2543293261256088
1.1955821146438532
1.1096658691340038
1.0150420654535195
0.9210238347591283
0.8426715059258172
0.7631923418677728
0.693212874876666
1.2742014551966132
1.2960030803082598
1.3015523835942748
1.2711455866639734
1.186972189598287
1.0854336709431778
0.9823232013115151
0.8959680987061626
0.8083447527722764
0.7312479648584366
0.656251405452878
1.3101019470131832
1.329249762303263
1.3344817729994285
1.3216773531183257
1.2489249696605893
1.1435768745591348
1.0332505137309511
0.9401910893068318
0.8456645239132882
0.7625267213382271
0.6817561564298537
1.3621017626284446
1.3658385772877684
1.3639543608011577
1.3539827970845546
1.3133186279417268
1.2778489518481204
1.2075009974949498
1.0899358294861925
0.9894508285321038
0.8870946846001093
0.7971106747309873
0.7097902658189174
1.3750948175036894
1.3904101154588175
1.391126485328498
1.3704991171753622
1.2715116965921105
1.1481977516260382
1.0402863626462804
0.9297989113588031
0.8326180380244447
0.7384129529120954
1.4174826722242746
1.418162887128753
1.4153946769170314
1.3986071153880264
1.3883538245268094
1.3473213329120328
1.2919574425815004
1.2216675966003034
1.1051989070686072
0.9844126296011237
0.8778229425027247
0.7746507953530262
1.4345235366048568
1.4339560466751375
1.4267924386973907
1.4074418482545714
1.3792428690692822
1.335605206740391
1.2905050342894353
1.1679671515082648
1.037549781913822
0.9219150287674568
0.8096655416428704
0.7434391302098086
0.7439753367057717
0.825030544762248
0.8370746392514158
0.8184166086574939
0.908090522794516
0.9086143698481709
0.9847307647027431
0.9586904169296543
1.0750465449363993
1.0828557967884076
1.0416362737944773
1.1495853928554514
1.1354025845074844
1.1575563625328047
1.1852173238703907
1.205569012975673
1.2283753335734178
1.1881280444312194
1.2506487979461072
1.271983217827226
1.2573846848002226
1.2990022560809007
1.3005352651187967
1.2421192435859942
1.301621488043209
1.3310549895217023
1.3571548587463667
1.350231132240988
1.2658450777650418
1.3804684789030808
1.3360482398068467
1.3855820445515088
1.2847320721457074
0.6829436264817634
0.6982829182315414
0.7421628065911444
0.7586701185835347
0.7690232988796812
0.8315297657603657
0.8494546780167872
0.8601726717719271
0.8650717860746452
0.8636865516406511
0.9241269155141694
0.942793177932403
0.9532658259205204
0.9574011958631587
0.9540144259872183
0.9323096465700238
0.9888159734855524
1.0074606722817145
1.017740795771682
1.0205067377006645
1.0207598807851062
1.019413193966239
1.0160040480218346
1.0045916067008698
0.9897376448635739
1.050427662637062
1.0693552930457406
1.0784965907230326
1.0801933722647035
1.0779371841875063
1.0734890891078397
1.0593679782194658
1.0428437691925727
1.0081366919160064
0.9722910121945016
0.8995703930298327
0.8656966633188152
0.816631155585884
1.1218381793700334
1.1394122992426017
1.1471469031290982
1.1479997445573409
1.146606924195112
1.1421067051285065
1.1371387677918838
1.1195457217818232
1.1000812308574093
1.0657587053305027
1.019074359801004
0.9862088847647273
0.9375842785273336
0.8983534716618147
0.8448140574898767
1.1622665155513534
1.1785805201194064
1.1851598505379384
1.182980807906059
1.1783407225246363
1.1711644619722894
1.1513351537434693
1.1297713001337195
1.0865900535291229
1.042105346925876
1.0063657103391717
0.9540294794583096
0.9133640664645203
0.8552478202612183
1.2064367667294993
1.2205598284713344
1.2252380842629902
1.220564012679912
1.2057838264399274
1.1590360440807483
1.0632691570516384
0.9675618935921837
0.8613318305401452
1.2417411342664428
1.2491999041921733
1.2468940174714107
1.2359660031847457
1.2251764119082165
1.2004578222972289
1.173321467790954
1.1232316678310403
1.0715075329531372
1.0376264260421064
0.9702179690827316
0.9268309657932084
0.8592412503692429
1.2633462442097323
1.272674210924811
1.2723320653508536
1.2621213157715463
1.2513103321104564
1.2419375182921963
1.2136499460996657
1.1836107611992894
1.1250828676150995
1.071917995341089
1.0241253838384783
0.9643219739176287
0.9118553564030767
0.8456254869101283
1.2755596653273025
1.2821786019899182
1.2796161908564254
1.2670667508629645
1.2561805727855375
1.24269923385244
1.2116146992705528
1.1810554481836002
1.1218612504679593
1.0632834347349094
1.0262051894177047
0.9500085880610089
0.897194721821168
0.8272517145538641
0.6634178702234644
0.6798495553676793
0.7199893824245951
0.7376269175995793
0.7482807797962475
0.8050494501555016
0.8238674601122491
0.8346678037026536
0.832660201387917
0.8924068959824855
0.9123496701601778
0.9194106387735715
0.9224152912386809
0.9171211574858107
0.9534852315865622
0.972718299733521
0.9788252763639189
0.9823863725620606
0.9816644503064528
0.9738734075607277
0.9510857244572354
0.9223057700329564
1.0108954847023996
1.0302064547847585
1.0358691476149395
1.0385591115435977
1.035685039571885
1.0262827986708278
0.9992751874333388
0.9673256950373568
0.8979204129096054
0.8161540262127803
1.0767254358321492
1.094605970575329
1.0998257580214026
1.1009097772458365
1.095212965151797
1.083032550301909
1.0558609089634343
1.014007387200194
0.9359038263404168
0.8443331648048176
1.11387984561953
1.1299235827555802
1.1337504512731635
1.1344882242402816
1.1267867642199383
1.1125991834590536
1.077415802965706
1.037027951405925
0.9523704211957201
1.153395029942207
1.1673774378200523
1.1690465833150563
1.1418722370836896
1.0582081408750732
0.9659276029837055
0.8608735922224104
1.1847382569464435
1.1895192204013618
1.1908639736149855
1.1887186315429057
1.1759865289086813
1.1565268498378947
1.1142095415388213
1.0665571409933394
0.968636812293942
0.8587983780208808
1.2020446074204063
1.2104050865892437
1.2095505496685786
1.2061524347693398
1.1897584873828189
1.1672039020068548
1.1166790089250374
1.0671989628765601
0.9881468813200199
0.9628171333855712
0.8452129917151641
1.2105499761562046
1.2163238136983492
1.2142571177224732
1.2084680813996425
1.1888429260653288
1.1651519289374495
1.113549433019984
1.058742446235228
0.9485884793833766
0.826867295980401
