0.6534747287916503
0.6678726521003517
0.6585645590478493
0.6238704530141804
0.5828067981998424
0.5465205947163262
0.5083897576994438
0.4741145622790863
0.4247175985153539
0.3524177216525265
0.7151765568646524
0.7368531258275836
0.7435166857586072
0.7442876069844683
0.7151293223486347
0.6691561339867554
0.6262899450052225
0.5806342716872748
0.5394492401380551
0.49857972234894943
0.4591142957594112
0.4264190433732578
0.36402089410286037
0.7797767876651203
0.7895223093859547
0.7971047684498125
0.8051781651994958
0.8066961806281567
0.7946245817813248
0.7480842287781917
0.6998511499988126
0.647217753891585
0.5994186498578798
0.5519261819369463
0.5060718192993088
0.46810465864033496
0.36263752452053644
0.8387531537641728
0.8565988250952541
0.8604965022020943
0.865818015591195
0.8668354031615074
0.8646412694570645
0.8264904997560174
0.7745556370210755
0.7151138585024136
0.6604352487106628
0.6059449847176454
0.5533202352378439
0.5097755151131151
0.4656408930538987
0.9206903327050693
0.9309501581306223
0.9384278315451438
0.9455896942472648
0.9466084146727598
0.9366645039428885
0.8874872442749171
0.8197114173568912
0.7545738051894416
0.6889432515189765
0.6254191114285977
0.5728953162611929
0.5197452818334038
0.47303949374548604
0.9756043760944569
0.9857279200102391
0.9930875391829144
0.999156251879701
0.9999404521569567
0.9992484658350218
0.9683281098488596
0.8987053141424649
0.8264439075838994
0.7522488276792986
0.6801049262474455
0.6204443850086685
0.5601493632843078
0.5072644785084317
0.9467985375163497
0.8710083640953581
0.7916227750632119
0.7140365245397982
0.64983053435664
0.5281160046648462
1.0384634858661064
1.0560520366702484
1.0594786654227366
1.056531340967991
0.9998058198102132
0.9215754673162074
0.8365983001802448
0.7527763081885478
0.6832921645961653
0.6131492211717854
0.5516980013707606
1.0739068497757276
1.0895871381356756
1.0918471824913711
1.0606078254348408
0.9834996268322581
0.8925617571844573
0.8010753771382715
0.7249163916987618
0.6480376942700612
0.5807629603835899
0.5156538663267873
1.0993375359388997
1.1128963305978918
1.1149235244555398
1.1005444851991648
1.033015481344274
0.9387190595925976
0.8411563193103783
0.7594244122458941
0.6768616387379568
0.6046603474467636
0.5348876356594277
1.1349045469278933
1.1360473421529684
1.1330394207857541
1.12256020318891
1.084340091297935
1.0521794145789487
0.9893836330756083
0.8857146820891927
0.7978220939291005
0.7088486717379857
0.6310670256449725
0.5560250238612904
1.1429003190709919
1.153024338288451
1.1505953616962081
1.1297301930995938
1.0400340569158149
0.9314665214909024
0.8374260762509851
0.7417780252964299
0.6581711361608773
0.5776099372805461
1.1683319741341927
1.167117392495407
1.163587752132944
1.1467975237510821
1.137136631701186
1.0998661479381515
1.050691571972006
0.9890807631031325
0.8879413097399288
0.7839003955206639
0.6927608874282544
0.6049403600837004
1.1756294168535484
1.173566894180281
1.1655939553404162
1.1471223050958221
1.121343504028629
1.0825216979567864
1.0429560003445404
0.9367220493665827
0.8248135547219325
0.7263061285311433
0.6313301315435761
0.6563529669845615
0.6535782791251186
0.723355531338857
0.7321006182172372
0.7115590078891781
0.7900002512539381
0.787011768706453
0.8498108616148722
0.8221130990166298
0.9212900584157978
0.9242234000536798
0.8835171214809249
0.9773507748511223
0.9599526866153553
0.9837855526075581
1.0003072014572938
1.019482656096704
1.0349270492264517
0.993648869645186
1.0519482456041667
1.0660636549011935
1.0492750911881166
1.085684926939504
1.0831772961423052
1.0274658017129397
1.0748229763247932
1.1056257492125987
1.1229200640657173
1.1132744264015004
1.0354716836552873
1.1336783626084
1.0908124100598995
1.1295962301291398
1.0383692839837695
0.6020809095585391
0.6148239762322321
0.6505258366042859
0.6640760463009727
0.6721924072581578
0.7225131970901221
0.7369549773783879
0.7451067365051086
0.7480509198101968
0.7454140905676663
0.7955631931570167
0.8102560083242079
0.8179159485455924
0.819920720213339
0.8153758938252437
0.7935388854397404
0.8455274822436685
0.859969049227304
0.8672294434944803
0.8685449467396467
0.8681093269017305
0.8660433391227147
0.8621804360393753
0.850630588080941
0.8363059922968467
0.8921739260131114
0.9064484481049042
0.9125596091341592
0.9121318738224239
0.9091173122174706
0.9044502189122784
0.8904788168293335
0.8747706960660087
0.8425243503858851
0.8096939500472038
0.7437412929907642
0.7131856134534255
0.6690960588467804
0.9445846918571024
0.9574772098589933
0.9620994112077687
0.961840498452788
0.9595678832448605
0.9545230503361326
0.9494713397947276
0.9324678740803511
0.9142920659369235
0.8828424003101745
0.8406163282557434
0.8110988953105441
0.7676514977584035
0.7327173179058067
0.6852334283735095
0.973225407255749
0.9848148769922013
0.9883936096377774
0.9844533001159751
0.9794475293451064
0.9722433683336297
0.9533949384865128
0.9334853617615079
0.894314744413313
0.8544330363427068
0.8226131435815234
0.7762141200468285
0.7403075161768011
0.6891965923283165
1.003236740343656
1.0127443413432655
1.0145099243052353
1.0083935777604673
0.9937026202166989
0.9505921902172497
0.8651926868417357
0.781051271643332
0.6884095754061161
1.02578269039991
1.029075329601821
1.0256946234042923
1.0143824654594926
1.0040792632151823
0.9812848970251942
0.9567956663030085
0.9122829333287349
0.8667708154022894
0.8371107458885751
0.7783942764944846
0.7408080746360571
0.6824090768027219
1.036546292507253
1.041844174061867
1.0393286404661055
1.0285269156192376
1.0181726981060002
1.009473036815399
0.9838505152750103
0.9571091858342541
0.9057706113144903
0.8596892810426683
0.8182576590038201
0.7667718666617542
0.7218058932371021
0.6652676168663776
1.0403927568233844
1.043406107604373
1.0390898084259115
1.0264147469751321
1.0161887937629102
1.0038494127939415
0.9760435732673912
0.9491681615098605
0.8974380660053789
0.847174526120628
0.8153446386319222
0.7503234172527588
0.7054029744408257
0.6462007946436591
0.5833906578176994
0.5969368348521787
0.6294461365335267
0.6438036563313857
0.6518935609367599
0.6976037992126551
0.7126124977650508
0.7205136295539734
0.71594114040375
0.7660976183688486
0.781636999807043
0.7867380562280474
0.7885818711816229
0.7807182140483808
0.812989494608963
0.8276361981763958
0.831887622712362
0.8339239387258788
0.831405662570955
0.8230341137250262
0.8008974734296811
0.773910472933788
0.8559857704139195
0.8703674537646691
0.8741376527834297
0.8753412172378903
0.8707957886900161
0.8610381993488901
0.8352069403177417
0.8056103717185678
0.7423956476159288
0.6687110685587099
0.9037941517142498
0.9166064497296526
0.9196398486910655
0.919598811226883
0.9124659434907783
0.9003107673885283
0.8747554750458242
0.8364963229118249
0.7662969323585405
0.6848501053520379
0.9297722118902871
0.940911377568
0.9428761211091162
0.9422205976782712
0.9333536861466443
0.9194997108558848
0.8868756214295989
0.8503337039694806
0.7748866757166019
0.9559240927708081
0.9651133112638807
0.9638846117426267
0.9367334395653815
0.8611426975257069
0.7797556612232611
0.688050640361143
0.9753760763550952
0.9780470605859599
0.9779507156284148
0.9746762110376654
0.9616034552505146
0.9433137424507845
0.9050783770358138
0.8628359903177318
0.7771496496450705
0.6820647255218643
0.9829243569966933
0.9870912536167618
0.9847460977721324
0.9808781274604501
0.9648134065687166
0.9440725651090242
0.8991257466181853
0.8559742215192971
0.787405808363596
0.7655991598448888
0.6649502136289693
0.9839895392760111
0.9860239491841052
0.9828648004080064
0.9766852731511563
0.9580224661184608
0.936615668837688
0.8909114600969263
0.8436252173514661
0.7492248879337807
0.6459074394616816
