0.5411954208079187
0.5519639116057847
0.5406514141161549
0.5090188134257496
0.4723487520380818
0.4400798901484737
0.4063254433044332
0.37606422364635217
0.3325496104118983
0.2690135699575094
0.5891032064493391
0.6055970812309391
0.6101884700260405
0.609223739976017
0.5817259488296159
0.5407171786434384
0.5028403465741791
0.4627468241720326
0.4267077985781968
0.39104315778001225
0.35667891899985193
0.32826331559945693
0.27415289238503376
0.638753408467968
0.6461674895658767
0.6518003943681534
0.6574338887658573
0.6583440537598089
0.6449082609960818
0.6031085855240782
0.5606506913370984
0.5147128563580623
0.473185840658294
0.43206430350965375
0.3924734301345481
0.359775660517993
0.26933122746184873
0.6835864091248064
0.6968383200334679
0.6995699057246141
0.7029032422492782
0.703049973531897
0.7001839954005216
0.6650420995285846
0.6193330117108737
0.5677066730218886
0.5205037048055426
0.4736547117867343
0.42856507083007483
0.3913710815259736
0.35378194029723115
0.7450643676744321
0.7526190184983916
0.7579311743563937
0.7624972556288281
0.7629209530450033
0.7519754953127512
0.7080599752209445
0.6494112153971037
0.5936253046818674
0.5377167428929363
0.48383775164594334
0.43946003735881023
0.39471641673746244
0.35555102228202035
0.7856382463192542
0.7930180307735969
0.798157559573028
0.8018009917993695
0.8019610645837797
0.8004994312058666
0.7716378173980274
0.7112424413869127
0.6495885044949411
0.5867471260582353
0.5259579668489934
0.4759043012299115
0.4255243485327581
0.38150540577208625
0.7489401252694472
0.6843633642785362
0.6173279006020854
0.5521879115982754
0.4985310598648765
0.39747983090877065
0.8314298857085484
0.8435094749333781
0.844673361274834
0.8411462301734342
0.7905618659981383
0.7239024148917739
0.6523464616162673
0.5822303814743313
0.5243976704733654
0.46628354172362624
0.4156275665694452
0.8567523522891696
0.8673430028737553
0.8674106454151345
0.8384360444890101
0.7724537051200933
0.6960615942710543
0.6198361307360332
0.5567322032081932
0.4933433458699647
0.43816564561235477
0.38502300937301437
0.8746696779078353
0.8837067201868493
0.8836578910495095
0.8696927810248876
0.8114005631347407
0.7322430450489811
0.6511746639294357
0.5836589758187226
0.5158376680104246
0.4568406495358699
0.40011503746725824
0.8986836796494746
0.8982627675787362
0.8949073795534938
0.8851357429123327
0.8519198171214329
0.8246776839120292
0.7720979382534953
0.6861554668885987
0.6138003538521773
0.5409399973076742
0.4776281723435901
0.41684787196091533
0.904415214807688
0.9107037911613
0.906904109183061
0.8879679326125921
0.8121218475103632
0.7222457467789709
0.6450419150728388
0.5669746937140256
0.49912924960718597
0.43411097665578363
0.920335055317489
0.9181225533462739
0.9145881311720069
0.8996924156198465
0.8911989917103781
0.8596732611924813
0.8187724230089583
0.7679598015987908
0.6851605292445214
0.6005166131824404
0.5268311451211274
0.45616622665497264
0.9237063225142406
0.9211820335588425
0.9137329586960953
0.8976575963875976
0.8759133611359512
0.8436325019454234
0.8110172992527614
0.724179152143488
0.6333841047404783
0.553974395369882
0.4777981766140434
0.5417508634160575
0.5365734141046712
0.5937248635556774
0.5992996567750692
0.5788384155287392
0.6441454030140362
0.6387714302876758
0.6882663663177023
0.6615485053066513
0.7426987381888411
0.7420779301111776
0.7049223749650387
0.7831264705281463
0.7650286914846938
0.7889300464573089
0.7968024921475283
0.8145999839051331
0.8241190523442428
0.7857424781915564
0.8376899679712341
0.8461648621051491
0.8295657842814474
0.8607128200531617
0.8561026894860145
0.8070828294326426
0.8445093531441704
0.8743756205591349
0.8852784679699287
0.8751407606942099
0.8085866098599852
0.8902365171615871
0.8526402786130836
0.8840094284324366
0.8074625754468999
0.49631534464950666
0.5060882799894126
0.5336468569399838
0.5439230842883975
0.5497199338537336
0.5884577799466827
0.5992283459588759
0.6048589806594995
0.6061257075060085
0.6027995988400103
0.6432205643935738
0.6539598493684478
0.6590578914024376
0.6593716126483925
0.6542869775058048
0.6341115792715081
0.6801963084879227
0.6905455159544805
0.6950991314840675
0.6953213420950194
0.6944598621680105
0.6920877954599848
0.688227360967222
0.6775002846671254
0.6646846207405684
0.7141395103393008
0.7241839163736522
0.7278011143344825
0.7259906736435932
0.7229091959652345
0.7183011860757641
0.7055935662984535
0.6917247106955093
0.6637780195631833
0.6356632891388175
0.5796677122646048
0.5538475989327414
0.516733902003033
0.7516452627986971
0.760477789081214
0.7627724738244972
0.7618399488951632
0.7592059973822729
0.7542710344218739
0.7495957947344322
0.7344535066157696
0.7186642539430736
0.6917513033792255
0.655996028685841
0.631151163969634
0.5947412768546602
0.5655561373239233
0.5260412692969295
0.7717015586355431
0.7794288104110705
0.7808726391488885
0.7762382902975828
0.7714481589262967
0.7648940127994083
0.7483454259831805
0.7312133744842362
0.6979971228487394
0.664508429651246
0.6379062388274594
0.5992846117331876
0.5695211442343387
0.5272616593684337
0.7921658830473226
0.7982624665095885
0.798227152781071
0.791888167217755
0.7786356109741505
0.74168280760695
0.6702928778051206
0.6007605570642975
0.5247344665423296
0.8068811840836272
0.8076289685865339
0.8040153146500334
0.7936225134460269
0.7846156871641575
0.7651209728013891
0.744479664311871
0.7074126617210397
0.6697840943611435
0.6453791463403581
0.5972290060026134
0.5665241281692979
0.5189680626594084
0.8131228325945958
0.8157750094420498
0.8124933894951333
0.8025973859533654
0.7936022919306962
0.7861285259385838
0.7645694832048285
0.742347305737991
0.7000322526365648
0.6622883983708173
0.6285392389363
0.5867071943745205
0.5503051781667779
0.5045411124925413
0.8140697766811325
0.8151152489047533
0.8105474176295211
0.799286098316389
0.7905375590615596
0.7801398352969587
0.7569895154942433
0.7348693428897316
0.6926533172189955
0.6516344607625844
0.6258275662229099
0.5733488586762444
0.5372048093948152
0.48973217667468033
0.4796306830468197
0.4899238403780198
0.5149478171479701
0.5257268244022886
0.5312512332388162
0.5665748437573874
0.5776159108945812
0.5828047536163914
0.5766460085532887
0.6176726901722427
0.628856189619227
0.6321233861720704
0.6329774603069077
0.6239604112804606
0.6520472929507514
0.6623958657298674
0.6650570431042052
0.6658909205008362
0.662338259142261
0.654240961430793
0.6343349785860596
0.6107491137694424
0.6831478639178189
0.6931041624612094
0.6952931005780132
0.6954242490525231
0.6901581047745681
0.6809786500149975
0.6580743239341016
0.6324924226662584
0.5786308886833189
0.5164401931514231
0.7170381562696863
0.7255841226458352
0.726994178344927
0.7262578222770656
0.7188634376346862
0.7077893729996744
0.6854816316769894
0.6528153037397766
0.5937033765034372
0.5257503556784925
0.7350435646541973
0.742259245397529
0.7429539054536314
0.7415144921323831
0.7327737520747819
0.7203691426411716
0.692249809015818
0.6613528093315959
0.5982702892027272
0.7525902097427708
0.7582250613845837
0.755490280314476
0.7309685925634628
0.6671829895457618
0.5997725062601349
0.5244630553625665
0.7649150496367864
0.766164073019632
0.7653618531248421
0.7618304398147179
0.749899166106074
0.7340724313195949
0.7018684728021093
0.666765613135193
0.5962802735303638
0.5187075662806593
0.7686926557865746
0.7704654758207725
0.7675654312620847
0.763923106952493
0.7498565932389044
0.7322875129952847
0.6949195279791508
0.6594371682869637
0.6035308143151847
0.5858117917426062
0.5043002439104637
0.7677494335411353
0.7679523813224661
0.7647048007802152
0.7590935624627421
0.7430503435857295
0.7251755538834079
0.6876214953031727
0.6489045073153921
0.5725072636710099
0.48950836096509887
