0.6550824115680275
0.6690792590017456
0.6582943421410808
0.6222098016362472
0.5796871078013295
0.5420913856674894
0.5026120407617256
0.4671062844674398
0.41591942767777373
0.3411240256886639
0.7185050123290752
0.7397971902025243
0.7461438288312721
0.746259169052832
0.7153616990785957
0.667502262194929
0.622975342140711
0.5756128545803637
0.5328979222267073
0.49051439322057105
0.4496146001135802
0.41577600853810087
0.35143676312940175
0.7844527941496405
0.7940656379367058
0.8014898470729458
0.8092333624292369
0.810627145917333
0.7968667268507056
0.7480576142192562
0.697805973585777
0.6431032453042973
0.5934682936461227
0.5441786355339086
0.4966387284131042
0.45733867212026713
0.3488412287673578
0.844719199436465
0.862241273135947
0.8659994640351311
0.8709506266080965
0.8716687161901971
0.8689585153467014
0.8283626170203873
0.7740160183243473
0.7121067278271236
0.6552531657217388
0.5986527074940329
0.5440666681991791
0.49898178903206014
0.4533899131243476
0.9283366122780948
0.9384303467001712
0.945700100638453
0.952403452519518
0.9532520588758886
0.9417090685200966
0.8896200323280471
0.8187218477715177
0.7508485646312157
0.6825785173728957
0.6166275082335486
0.5622156121631418
0.5072951478172346
0.459204583838447
0.9842313464957492
0.9941514855440435
1.0012717858840332
1.0068433023388705
1.007405171743932
1.006229569586787
0.9727033336231572
0.8995077729503236
0.8240284940921777
0.7467540284174716
0.6717967435093545
0.6099614562151738
0.54763649214348
0.49313749992716444
0.9487826526566696
0.8694845660112536
0.786733047227439
0.7060800837437269
0.6395118510005121
0.5138957486903989
1.0479179545364197
1.064830071363678
1.0674993395889456
1.0638789207580936
1.0032065117692859
0.921135592973998
0.8324557401870479
0.745266663364778
0.6731975760643374
0.6006546207895629
0.5373557490588623
1.083588309288324
1.0985807478578116
1.0999455694346167
1.0657901571797868
0.9844955628932948
0.8894313518058948
0.7941868621070886
0.7151541229882975
0.6356234817449208
0.5663061649940594
0.49952635098369935
1.1090443493772446
1.1219213469371165
1.1230535090077334
1.1069227888115192
1.0352569204742785
0.9364913352497671
0.8348366967902289
0.7499812480331984
0.6645458398840105
0.590131488106362
0.5185656793623917
1.1436683862341763
1.144052734364108
1.1403907429416869
1.1287990454589325
1.0879956140202034
1.0540743162838782
0.9882255031807348
0.880087481334356
0.7887841501236861
0.696671411130925
0.6165143980614785
0.539520364392483
1.1520493892905637
1.161329940756651
1.1576445308023855
1.1347997792746318
1.0400316440078508
0.9266111903956515
0.8288547802727992
0.7298115386601975
0.6436224164276326
0.5609542231626119
1.175891601606424
1.1737867194938894
1.169623672390661
1.1512627250351217
1.140892300181465
1.1013874358904796
1.049703148122227
0.985296189858831
0.8800400252571776
0.7722126942443668
0.6782509014919961
0.5880655929846976
1.181812197123147
1.1790557152971624
1.170043534001864
1.1500279306387977
1.12267017269857
1.0817679608621502
1.0402961808095996
0.9295691461102416
0.8135403001128231
0.7119202567562514
0.6144550588934544
0.6572552392065996
0.6533080004357263
0.7258825155875421
0.7340209292667541
0.711783558585725
0.793522641869135
0.7892113717735073
0.8539997747006031
0.8239584700987754
0.9276289023757497
0.9291388510340236
0.8856199784486621
0.9840497794981434
0.9642407800546963
0.9918689726818454
1.005940540689415
1.0276966424075318
1.0419749192014518
0.9969862915660208
1.0603400235936933
1.0732337776647074
1.054317742775058
1.0933654109730957
1.0893194224952982
1.0296513321812828
1.0783672858518787
1.1136119426794562
1.1295529864991387
1.1181258548622381
1.0354292935758445
1.138596257641748
1.0922363149411711
1.1322884145221976
1.0356770436397527
0.6025867988878173
0.6150553780062328
0.6518702752831339
0.665134654188341
0.6729279316976595
0.7251043615776575
0.7392354857061215
0.7470153735758871
0.7494780056204051
0.7462710494277249
0.7993279960402264
0.813669407075881
0.8208927978374534
0.8222827356417296
0.8169800840672105
0.7936247701264656
0.8499902740091246
0.8640080475956952
0.8707313487798752
0.8716460674763878
0.8709508003578863
0.868508812933193
0.8642081649098059
0.8517615186129638
0.8365628245785478
0.8970650770748299
0.9108802903667025
0.9164434087186428
0.9152327255036538
0.9119045877407246
0.9066356483839363
0.8916445511810374
0.8749918726231725
0.8410828352907589
0.8067253296679682
0.7379626053516237
0.7061789009336165
0.6603959665628629
0.9497192267721747
0.962079566789302
0.966043999532144
0.9653836357672212
0.9626191887368697
0.9569764422593723
0.951466591653835
0.9332823511802263
0.9140449479831951
0.8809831788667849
0.8368077873208465
0.8060150863884958
0.7607757280857071
0.7244770348397994
0.6752261081189326
0.978241043594911
0.9892257780875069
0.992087547730149
0.9872179393199708
0.9816540997292433
0.9738389719792871
0.9537230950725296
0.9326739491654138
0.8915462645217598
0.8498593584038391
0.8166858956156999
0.7684169999911883
0.7311427531493038
0.6781734806222115
1.007778545567182
1.0166171433283908
1.017554201388954
1.010426276697452
0.994457428648093
0.948772079502627
0.8594119842843315
0.7719251168776058
0.6760136482174082
1.0293256776822601
1.0315133471529194
1.0274712227256726
1.0149830875435815
1.0039353311195467
0.9797323154508804
0.9539367812967432
0.9073146308813207
0.8598621546574767
0.8290128847740782
0.7680857276062306
0.7291807109103134
0.6688749798572388
1.0391083345083292
1.043487543144846
1.0402372722363529
1.0280857770735432
1.016917394892019
1.0076395574103068
0.98052484667112
0.9524477103180198
0.8988069222259993
0.8508746864337196
0.8078775380485174
0.7546008065937052
0.7081912269395716
0.6500008527993356
1.0416417300899454
1.043772750485706
1.0384498295143505
1.0245217741689103
1.0135507092048566
1.0004454433397396
0.9711353675968888
0.9429528817853386
0.8890144744759944
0.8368227175291846
0.8038521136978103
0.736708855129514
0.6904492593042703
0.6296798626489565
0.5833162123141319
0.5965294266356038
0.6300725268779618
0.6440770908009407
0.6517221441804131
0.6992505039627065
0.7138628854696799
0.7212589843410582
0.7154575005558462
0.7686591165644541
0.7837216707708939
0.7884635894556783
0.7900160100346509
0.7807456076846343
0.8159818462299486
0.8301304688336533
0.8340745655261473
0.8357357798756652
0.832408972078415
0.8232159646581575
0.7996703088120923
0.7713041574133714
0.8592750068778859
0.8730861501349824
0.8764919022239417
0.8772825431766308
0.8718146848734024
0.8611688557874205
0.8337322140560358
0.8026307126235673
0.7366185116061474
0.6600133186569755
0.9070745582781284
0.9192312690633164
0.9217538308137238
0.9213179052065755
0.9131202472153577
0.8999673244428203
0.8728549425220139
0.8326762639000678
0.7594230657084113
0.6748453914234076
0.9327847944647736
0.9432147341589242
0.9447290127018584
0.9435350365842234
0.9335203175124569
0.9185926017543434
0.8840722075383429
0.8457496559313614
0.767092160018195
0.9583239495591928
0.9666917409948514
0.9643661691755917
0.9348236583787137
0.8553545417541943
0.7706333836437099
0.6756580206676625
0.9766126118417654
0.9788171107225283
0.9782084138305079
0.9742757627242667
0.9599026067003248
0.9403759292754079
0.900085263013714
0.8559234330461085
0.7668462724223963
0.6685343312815055
0.9830860363933249
0.9862865650254621
0.9832155627512559
0.978825278940622
0.9613722112465416
0.9393503063047168
0.8921501258627457
0.8471623318083034
0.7760010277406613
0.75343549955879
0.6496877424182336
0.9828189264859967
0.9838025486609653
0.9799826232253712
0.973104886156223
0.9530275093214565
0.9303590780741738
0.8824848891117791
0.8332817751045174
0.7356194801604028
0.6293912562681176
