0.7016088221622205
0.7165612510443341
0.7050878731648079
0.6666344938816788
0.6213370114276026
0.5813075822818201
0.5392874816694568
0.5015069715352247
0.4470291992657605
0.36725719420240716
0.7690914918349682
0.791834804812056
0.7986335145543185
0.7988149027301464
0.7660322080549409
0.7151894162024255
0.6678871858641063
0.6175809193976566
0.5722106778264309
0.5271855786382766
0.4837100521848181
0.44770045427575084
0.3790130773681916
0.839495682047769
0.8497668544822067
0.8577082400881433
0.8660172623625761
0.8675225974416099
0.8531081218568338
0.8014123405820437
0.7481289920591018
0.6901239095391724
0.6374812099539819
0.5851888248788413
0.5347216561577854
0.4929560257040497
0.37711544971413674
0.9040831438307242
0.9228518717666212
0.9268922518783159
0.9322594857581293
0.9330910305482599
0.9303098284791351
0.8875200314834226
0.8300238050959364
0.764463290941122
0.7042624484189367
0.6442861527218924
0.5864016738584126
0.5385417330382526
0.490069128024115
0.9943321042609117
1.005177917574232
1.013024082477883
1.020343559845186
1.0213088384829931
1.0094836147066224
0.9546654136090404
0.8797970039995918
0.808039920394664
0.7358056346498371
0.6659626555229502
0.6082752004191893
0.5499630655508383
0.49879743809500293
1.0552878546234252
1.0660287511212585
1.073761853073976
1.0799384623119699
1.0806312372454676
1.0795576100254007
1.0446548183369833
0.9675810290164851
0.8878909855175673
0.8062071976063453
0.7268853461176741
0.6613701318254771
0.5952383129036223
0.5372970590158225
1.0213245225637106
0.9376847322674373
0.8502598842367983
0.7649417220158192
0.694431407258912
0.5610542677063696
1.1257549886525633
1.1443889735480328
1.1476786032005315
1.1441476763525165
1.0808800515738974
0.9944591027601571
0.900833454795525
0.8086328528287908
0.7323120933151164
0.6553693471109653
0.588091753364808
1.1660907503681608
1.1827731428234798
1.1848597547576734
1.1497483605254124
1.0644168521845614
0.9641518459939334
0.8634721763288032
0.7797872400532282
0.6954328217361799
0.62176222137732
0.5505987454165997
1.1954452976710799
1.2099425082299078
1.2118299611197672
1.1956023634780426
1.1207554101697728
1.0167165025807061
0.9092970456141151
0.8194487690124792
0.728819767206941
0.6497159175149092
0.5734319126126705
1.2361153605079274
1.237177732563417
1.233721002611729
1.2220126410148964
1.1796500855746948
1.1441074589458353
1.074804283024893
0.960593641785303
0.8639179412652706
0.7661789732555089
0.680923276057945
0.5988297520915026
1.2473873947082434
1.2583439405181527
1.2555896826374073
1.232419604344183
1.1333379366935776
1.0136599141237541
0.9101517191460711
0.8050208985369777
0.7133067635938042
0.625095608449825
1.2789355574705865
1.2774291827210917
1.2735486661767457
1.2550474894632155
1.2442801075772076
1.2032827595845201
1.149039587944754
1.0811142485307534
0.9696931167388231
0.8551770685167959
0.7551186246536767
0.6588407518736096
1.2907202056994325
1.2885829889162732
1.2799161521561162
1.2596810083019256
1.2313301569206863
1.1885659676243299
1.1449497184047297
1.0278531928497263
0.9045727788175935
0.7962677300914525
0.6919879792975824
0.7039429618321515
0.6997645428520967
0.7770289053818376
0.7857645768166611
0.7622158635643645
0.8493360477823015
0.8449473225894867
0.9143664890480214
0.8828225263114071
0.993982365578567
0.9960686855877772
0.9503916681386161
1.0558633320608948
1.0356032819520575
1.064785096427282
1.0810537743159114
1.1046322498558043
1.120673809038247
1.0741988412755592
1.1417282369152355
1.1564850060534266
1.1374023681853
1.1798625775650577
1.1766227982659587
1.1146938339757775
1.1692130583729632
1.2062618400021503
1.2251103411033348
1.2142965407598934
1.128305386930009
1.2404680520012192
1.1932480906907745
1.2401403497663595
1.1398263691599617
0.6455847673307643
0.658908099452801
0.6981360744152894
0.7123111670428647
0.7206474730894444
0.776487736404578
0.7916141467405275
0.7999725201821136
0.8026779529537807
0.7993555643224328
0.8564278835536249
0.8718365788625484
0.87966763421756
0.8812975582271335
0.8758172192450272
0.8512552303928064
0.9114833166572085
0.9266122960630441
0.9339776493589086
0.9353872736330244
0.9344308023396973
0.9319444362081852
0.9274846579908392
0.9144606012055203
0.8984808294727235
0.9632138845159582
0.9782395637638406
0.9844393047139814
0.9834643904146675
0.9800789186371142
0.9746268612765524
0.9589689256930247
0.9414865667684683
0.9057025362839508
0.86953680486055
0.7968828920913368
0.7632617260998361
0.7148030042319471
1.0221601502813515
1.0357892611497508
1.0404394773215546
1.0399510954565863
1.0372499956432755
1.031487503504129
1.025834803463951
1.0068493130270721
0.9866810563475679
0.9519122530153983
0.9053352209676376
0.87282310011888
0.8250085409990744
0.7866052491387119
0.7344522316785678
1.0549366563127727
1.0672376325725492
1.0708088234027273
1.0661567660646298
1.060504063207059
1.0524368637939112
1.0314944318293464
1.0094418396217855
0.9661903650102895
0.9222405508626164
0.8871975327752375
0.8361553600430205
0.7967085720817655
0.7405716645666369
1.090081915700985
1.1003306188140989
1.1020283083193163
1.0950822999800065
1.0787313450712026
1.0310416719742819
0.9369111913282147
0.8443699938528498
0.7426407757290062
1.1170300391050538
1.1204853794064633
1.1166920275142744
1.1041261201180053
1.092735373743681
1.067553609928008
1.040538133556022
0.991482839373882
0.9413810568582094
0.9087729379822855
0.8441965775369071
0.802910761226876
0.7388176836396467
1.132944636209534
1.1388913290438303
1.1361547675238088
1.1243730713602267
1.1129862129252162
1.1034259437170983
1.0752124099682077
1.0457865925300456
0.9892674301732803
0.9385501514340461
0.8929685193520357
0.8363695224441063
0.7869862246589007
0.7249445574841457
1.140786227682101
1.144437349682475
1.139911482711154
1.126147464253631
1.1149699224361713
1.1014326131857586
1.070914999756437
1.041334082753881
0.9846621068740068
0.9291386530787873
0.8941070867489684
0.8225956888713768
0.773259991457635
0.7082743953364808
0.6250333162468613
0.6391545083224588
0.6749348833385442
0.6899115871386539
0.6981091450734259
0.749053334561498
0.7647059975920626
0.772684261697443
0.766692951890707
0.8239615182074366
0.8401676077629676
0.8452967185792895
0.8470456923594367
0.8375046688406497
0.8755266822519076
0.890836160765626
0.8951635791040368
0.897065375669079
0.8937760798590914
0.8842094613198866
0.8594724220467385
0.8295625911583587
0.9232951567103306
0.9383659235089157
0.9421761582277389
0.9432015019140008
0.9377270091930379
0.926673758878789
0.8978983045285603
0.8651397023877578
0.7954364910101959
0.7143900908240779
0.977144689387331
0.9906287373515487
0.9936445386609829
0.9934297327881019
0.9851610411144928
0.9715268404215063
0.9431520658070615
0.9008755345749485
0.8235441444508839
0.7340384297518068
1.0069587400112678
1.018743659115173
1.020699957915116
1.019770764357894
1.0096846662536982
0.9942267969130395
0.9581011076308228
0.9177849395410648
0.834713812262866
1.0379104745944356
1.0477132155817102
1.0461009252593165
1.0158797326069167
0.9324815943730765
0.8429529970566757
0.7422480952521463
1.0613660169260877
1.0642478433424793
1.0640714538396001
1.06040593388635
1.0459124555252226
1.0257132639972024
0.9835593702686783
0.9370525448779753
0.8428264102200007
0.738438025087128
1.0736505709800621
1.0784405789636808
1.0759257384261482
1.0717135176652144
1.054096589912481
1.0312893667779026
0.9818871901829404
0.9344204382927993
0.8590339912999353
0.8350629519121853
0.7245894890853841
1.078255611428593
1.0810500766052338
1.0777512223491463
1.0710769869708567
1.050766113531953
1.0272897839342974
0.9773475516547256
0.9251555985502641
0.8213581443741388
0.7079418484312899
