0.8275608393573721
0.846070247733756
0.8351669747376865
0.7919567986516066
0.7406995623111895
0.6952411362613606
0.6475011783670244
0.6045719853604463
0.5426724057542692
0.4520016446563073
0.9064265778444449
0.934224674597709
0.9428870682700761
0.944265184659707
0.9081909176563108
0.8508015734210883
0.797073528134847
0.7398509991919484
0.6882032966137406
0.6369233330764128
0.587380699356922
0.546317485706061
0.4678893201910844
0.9891496626542252
1.0016499395601148
1.0114095987995906
1.0218937756955895
1.023902077236984
1.0094937574291054
0.9514839402236965
0.8910143861770342
0.8249928192702494
0.7649907554251577
0.7053347507212541
0.6477024386123978
0.5999564380397365
0.46716501820480966
1.0648256785248913
1.0877994371455917
1.0928579803521967
1.0998700945014255
1.101337875405136
1.098832940160413
1.0515601575639224
0.9864419826938581
0.9118344160853705
0.8431359711911518
0.7746210722708845
0.7084065667644311
0.6535818338367625
0.5979780011781533
1.17023794398589
1.1834663630757098
1.193156001032826
1.2025721917151984
1.2039783516539728
1.1922033626746928
1.1307408921903375
1.0456246393107556
0.9637229803409404
0.881091302188941
0.8010446559216837
0.7348096190427555
0.667734873443946
0.6087426535430426
1.2411038184341414
1.25420921947099
1.2638104452253995
1.2718916440344223
1.2730184282293622
1.2723390130125711
1.2340697132985403
1.1467265633378818
1.0557953899830435
0.9623037789423459
0.8713075614493204
0.7959938214786493
0.7198172157368757
0.6529421431063791
1.2082693866489764
1.1128887978530815
1.0128147228780244
0.9149017135927554
0.8338019189522802
0.6798629809068185
1.3225515910715973
1.3454542312452589
1.3502480467782714
1.346850031770861
1.2761052768042842
1.1776731140530488
1.0705098891116214
0.9646695914058213
0.876847958396701
0.7881155750578904
0.7103007001101639
1.368625751943574
1.3891602839288317
1.3925349769063804
1.3539233920663343
1.2570071756231667
1.1422963566067073
1.0267107817436958
0.930386373254839
0.8330598363828045
0.7478025888453683
0.6652041912425734
1.4018466244952879
1.419641808058265
1.422719344656125
1.4051521436277803
1.320443334545455
1.201499695871111
1.0781890864916137
0.9747631594127855
0.8701816588942963
0.7786257909543827
0.6900551377493166
1.4486388075243128
1.4505023603659095
1.4469638561361085
1.4340477159956533
1.3861962560763181
1.345715198634981
1.2664802551247323
1.135411336424447
1.0241341814376963
0.911350619009657
0.8126749734020768
0.7173540299641077
1.4592322418394463
1.4726874210091887
1.470196906370077
1.4443442165137321
1.331433876455497
1.1941558658381812
1.075043654841606
0.9537541603312638
0.8476092016859884
0.7452199287963526
1.4936902285338727
1.4922395946111173
1.4879866252180052
1.467141411630258
1.455046717852495
1.4081527742167073
1.346060338945364
1.268116250330457
1.1399623903111313
1.007905474269639
0.8921708621565029
0.7804727590541484
1.503884041564046
1.5015677833827883
1.4918001208303107
1.4687304781158295
1.4363080803134083
1.3873056199142146
1.337259515671458
1.2026324243264168
1.0605783690486978
0.9353655541773058
0.81449523105867
0.8316504521384104
0.8288418885789113
0.91731303257762
0.928797036718207
0.9036543829411011
1.0028648926070356
0.9998161126649674
1.0799709609181736
1.0459858975909033
1.1717445401084716
1.17635231297284
1.1256770562805145
1.2444255167589868
1.2233832656051193
1.2525499811337348
1.2749835061871808
1.2988030034619888
1.3192738776249278
1.2682362856907026
1.3411070828399918
1.3598866320948546
1.3394365672180912
1.3853563522933514
1.3829491136052439
1.3133391013567597
1.3740118963308667
1.4118257800298826
1.4347819648900162
1.4232747323347226
1.3255843008975157
1.4500212179120116
1.3965427927116756
1.446258588995488
1.331369949082883
0.7630621304749776
0.7793872135038892
0.8250663833386934
0.8424531790817931
0.8529551772531817
0.9173965671617933
0.9359813801839498
0.9465780051407194
0.9505965336222193
0.9475924681913761
1.0113587284135859
1.030346697854362
1.0404163454789046
1.0433009093697998
1.0378236968971508
1.0107432966181933
1.0758945345711468
1.0945673253346664
1.1040875760759274
1.1059747084115323
1.1055591499836317
1.1031314863760378
1.0984204413125487
1.0841111291270398
1.0662393290927825
1.1361857518418625
1.1547334011963697
1.1628658860464252
1.162695813356384
1.1592328809248942
1.1533601840143537
1.1359963244731346
1.1163576951388703
1.0758998040424075
1.0346169751561012
0.9515486072655694
0.9130276445038965
0.8574069269527133
1.2043109482999181
1.221137732279235
1.227423152443867
1.2272990661466097
1.2246344706855399
1.218471161847131
1.2122208222515105
1.191012719112965
1.1682307652955466
1.1286933517455964
1.0754998655280277
1.0382729845450185
0.9834319645837858
0.9393090353105047
0.8792940177076839
1.2417371944591342
1.2569453238925012
1.2619115644046552
1.257329449772257
1.2511837351550716
1.2422459092500595
1.2186833679135365
1.193686154563331
1.1443693270337207
1.0940648219669755
1.053883724487814
0.9952508030324007
0.949842766193244
0.8851690670679072
1.2811079427541536
1.2937977652927661
1.2964869960925254
1.2891536235832537
1.2708969987822893
1.216761321350729
1.1089677731929415
1.0025159470462837
0.8851473614088696
1.3111896847899263
1.3159839614898428
1.311968213812178
1.2979936661946312
1.285117360856542
1.2564936571049876
1.2256437244194338
1.169431191340562
1.1118682786581127
1.0743187766310225
0.9999296227775246
0.9522733233617032
0.8781779473375734
1.3263081198584072
1.3333543960137992
1.3305923700637639
1.3172758276269672
1.3043419910579093
1.29342584631106
1.2611990801169954
1.2274037944394678
1.1624518505381152
1.1040832096347957
1.0515207179305464
0.9861810074803005
0.9290712418521544
0.8572135191117436
1.332073287212841
1.3364027415649802
1.3313240551274814
1.3155983155472426
1.3027874099650996
1.2872715587347692
1.2521941709450581
1.2182092441823522
1.1529320467990185
1.0889141208015973
1.0485060535429094
0.9658876924462947
0.9087651505444366
0.8334257171033873
0.7396957248243273
0.757071741217706
0.798689720125991
0.8171393945591101
0.827674708096642
0.8861886984434928
0.9055260484419771
0.9159052744494404
0.910727281828979
0.9744410477744627
0.9945413964874379
1.0012056400674758
1.0036868640478618
0.9943983751804566
1.034957460821742
1.0539584506703887
1.0595767923275832
1.062381246548402
1.0595812884347926
1.0492987148898154
1.0217062162958197
0.9878922267355419
1.090684682111498
1.1094148822701018
1.1144338406562142
1.1161934348000198
1.1108541894102522
1.0988097722329928
1.066542798946484
1.0293916355688404
0.9498243089207271
0.8569127249288493
1.1529346234800093
1.1697288849591334
1.1738794929015848
1.1740279106101328
1.165428375701638
1.150340375204388
1.118338945231539
1.0702204126743788
0.9816936945308136
0.8788012000786192
1.1869574869095836
1.201636459328492
1.20439662902315
1.2038286703431538
1.19302714662524
1.175774904856467
1.1348352188297253
1.0888072375019884
0.9935457584390724
1.221500862304051
1.2337315154404265
1.2327021456028202
1.1989940038945555
1.1037679081983167
1.0008499319889947
0.8846849027979856
1.2475047590724961
1.2511129734992985
1.2513062280404086
1.2474254533332712
1.231252148536792
1.2083458327037888
1.1601806441581985
1.1068122055644614
0.9983278249891817
0.877733857282981
1.2582681846559614
1.2641250780300959
1.2614540966879557
1.2567304983900645
1.236753855109805
1.2106590590309216
1.1539100929132624
1.0993040664591953
1.0123444514509599
0.984670029311656
0.856803663081758
1.2606120389748312
1.2637498946364973
1.2600008642504292
1.2523866907519232
1.2290396049519317
1.2020743035621118
1.1445339420722753
1.0843447965808142
0.9644711733684331
0.8330466509929175
