0.6039570673033157
0.617852536661976
0.6111947058250861
0.5807441582542543
0.5442907256549404
0.5119277640806917
0.4778858156906989
0.4472342759648669
0.4029771493132914
0.3380093027184069
0.6632127574819034
0.6840177386297104
0.6906777843273062
0.6922708635875625
0.6672008186316034
0.6263773935913503
0.5880444391060193
0.5471248288380309
0.5101337779448999
0.47335536053431104
0.4377792992934542
0.4082578482982673
0.3517639810281752
0.7256037879475412
0.734972947619668
0.7423416137673212
0.7503918313426219
0.7519900068294467
0.7427868137262609
0.7016429214856482
0.6584407731336555
0.611124791703799
0.5680392401130179
0.5251350045424809
0.4836283189659861
0.4491968270082218
0.3531634953796035
0.783064910855828
0.800442240525157
0.8043293496515246
0.8098774648869416
0.8112208581848697
0.8098039155579597
0.7766446876108973
0.7301203672655884
0.676536386754045
0.627109913404685
0.5777074295961592
0.5298887423864361
0.4902384285321428
0.44996151498991105
0.8637982662389091
0.8738586870009117
0.8813166993848451
0.8887712857427963
0.8899738348893083
0.882472970878508
0.8388426821638464
0.777654211164442
0.7185279980045292
0.6587372929410987
0.6007084021680457
0.552611521089606
0.5038223101472507
0.460830138653705
0.918667335211104
0.9286940880389133
0.9361315700740092
0.9426333125982373
0.9436705605665933
0.9435519832618778
0.9169817548837474
0.8542853555730681
0.7885395486236502
0.720736011001249
0.6545978494121829
0.5997566277679189
0.5441858049038883
0.4952697118140657
0.9010413990776766
0.8320449575756321
0.7593791423806964
0.688108269564638
0.628958794729526
0.5163632117825646
0.9824374856510418
1.0004255191350537
1.0047385853838553
1.002760470814597
0.9526880699039202
0.8814991559810157
0.8035957645242385
0.7264346010927262
0.6622719021041662
0.5973137049032798
0.5402264672325885
1.0191956515464637
1.035442693484745
1.0388474013087126
1.0121260865348387
0.9421985486591288
0.8587308761423026
0.7743187170600649
0.7038028377148057
0.6324009293535706
0.5697124725026109
0.5088471187311918
1.0460530025170836
1.0602525027576242
1.0634118808272814
1.051656465052012
0.9908623346115184
0.9043050813037024
0.8141424313630465
0.7383116426394966
0.6614587237531996
0.5940205829659196
0.5286343312604189
1.084432160642594
1.086572471880664
1.0844718254904384
1.0756307812190582
1.041468003700412
1.0121624700636949
0.9544479706513113
0.8585147830614424
0.7768010886203486
0.6937752718250747
0.6209574921482546
0.5504504819727752
1.0939709222116285
1.1050232545367853
1.104361565028515
1.086442924674831
1.0047116330164216
0.9041834595884387
0.8165943886064762
0.7271576995524108
0.6486850851357062
0.5728046565689198
1.1243704381902384
1.1239961780743
1.12131169026306
1.1068279988849645
1.098227200660216
1.0643300461951866
1.0190386852301268
0.9618701070820572
0.8675106675133174
0.769959028395395
0.6841975758020679
0.6012240900015285
1.1356024901582857
1.1345353307280361
1.1280576687422066
1.1117767801140863
1.088412243579814
1.0527140715541288
1.0160339960775837
0.9168497915752358
0.8117236674834875
0.7187929870169038
0.628806788764266
0.6075880339602987
0.6065679075354827
0.6719413733931978
0.6809291779630982
0.6638667659005087
0.7367781537331246
0.7356596963264823
0.7958840241504097
0.7725209371865047
0.8660935699451836
0.8707121572893765
0.8350761927242888
0.922789928140916
0.9090160841759469
0.9291995629682416
0.9482411521421925
0.965603002748864
0.982149267654802
0.9467889118211252
0.9994637632702547
1.014840919256387
1.0012461424808052
1.0353436738067352
1.0349545366355704
0.9855025155959614
1.032260092104251
1.0586713660072753
1.0775918739071693
1.0704933180209615
1.0002671399016785
1.0930034236622632
1.0554887400004782
1.0946260674767436
1.0115189914779703
0.5577929208109309
0.5699620787823972
0.6044267872775918
0.6174457900067015
0.6254401624425352
0.6743265328787418
0.6883412062433183
0.6965013275425629
0.6998792243684246
0.6981165739991697
0.746129146013206
0.7605665177059399
0.7684048029132226
0.7710318720522898
0.7675471677854225
0.7485958850901975
0.7958806391334243
0.8101849218025989
0.8177491425869241
0.8194908024043902
0.8193968086030863
0.8179003240513162
0.8147315825015465
0.8047559211254904
0.79208507871039
0.8428886998144746
0.8572477407320656
0.8638308965363076
0.8643537987828934
0.8621164679750702
0.8581000084994508
0.845906699359934
0.8319164491197688
0.8028611405787811
0.7730598106470848
0.7128784714107798
0.6849109496124133
0.6444673591874497
0.8968184817948388
0.9100150101906846
0.9153615870503419
0.9156136352863284
0.9140201565106689
0.9098764544986301
0.9055357227318382
0.8905134080495131
0.8741912087875906
0.8456601249951012
0.8070910784450445
0.7800262347290354
0.7400768121108642
0.7078915528522175
0.6640453687144188
0.9270263659344333
0.9391245294842678
0.9435303910678525
0.9408788775221426
0.9367023974400588
0.930461188635969
0.9136950196883912
0.8957055327498457
0.8599930496607684
0.8233988663571881
0.7940930508224883
0.7512545012080923
0.7180272431379939
0.6706233363259183
0.9596249297475333
0.9699214710606046
0.9727272175747659
0.9680751857044905
0.9553165089342842
0.9163730878610447
0.837814684566987
0.7597097794237162
0.6734998123736621
0.9852223974263004
0.9899429180270617
0.9875024160232215
0.977899578003852
0.9687638409460129
0.9481830167945927
0.9258082175858529
0.8848012657400561
0.8426338051034777
0.8150670886098726
0.7603779435621938
0.7252279173622161
0.6705437684832876
1.0001147965707484
1.0065662119986054
1.0053490413269242
0.9963510940324296
0.9872064877781007
0.9793921792338871
0.9560561484753773
0.9314668722620106
0.8838383135332444
0.8407361574691972
0.8020971684504834
0.7538098877460676
0.7115269997499426
0.6580289106814691
1.007899924343271
1.012207703534181
1.0093317418223462
0.9984910389746563
0.989379687754731
0.9782237512682306
0.9527338229860972
0.9278391201841931
0.8798642399656808
0.8325716190134698
0.8026779827562202
0.7413909544198674
0.6989741510429234
0.6428999940805018
0.5411953132037606
0.5541839266273967
0.5856464897772597
0.5995027908774443
0.6076113701727095
0.652024035241627
0.6666624249371449
0.6747466183018876
0.6718238017026618
0.7195855765567876
0.7349267890477804
0.7401702839506874
0.7422496575829062
0.7364627826504344
0.7664138495123775
0.7810513072250779
0.7855210653131405
0.7879279015371683
0.7864962557020124
0.779464125151282
0.7599483047665357
0.7357366057340783
0.810031930002788
0.8246107939001635
0.8286865977432214
0.8303616007323914
0.8271189664623484
0.8187923938242545
0.7958521534734625
0.76913980246262
0.7115808664448274
0.6440939730080592
0.8595706729669702
0.8728623435573555
0.876432317737828
0.8768794895969255
0.8712977427664057
0.8607419171137888
0.8378648734807435
0.8031090205375102
0.7387612582869219
0.6636707589082387
0.8872075172351452
0.8989938176637305
0.9015096891118128
0.9015396228194756
0.8943593629947972
0.8821942102687085
0.8527882224816169
0.8194187695605345
0.7499591004780173
0.9161455420414223
0.9262143412716713
0.9264332591251356
0.9029078049113584
0.8338589246289784
0.7584369902325219
0.6731447512718963
0.9386570001421729
0.9418646720629651
0.9424820270631449
0.940156734296429
0.9290024232032302
0.9126487327892304
0.8777497507106643
0.8387717295260959
0.759149014539542
0.6702011507903588
0.9502697449981744
0.9558261656637507
0.9544849904395568
0.9513793009541399
0.9373730072613524
0.9186501884214762
0.8772848132579513
0.8370621634921941
0.773094964977206
0.7526423703308214
0.6577102197906107
0.9552371912894038
0.9587802384638503
0.9565865278729616
0.9514613942010397
0.9349479279392635
0.9154288648222909
0.8733884486159268
0.8290392319281394
0.7402898401453889
0.6426031175625345
