0.736269837000133
0.7527086859863702
0.7428870395072338
0.7041608484416769
0.6580091543434109
0.6170133933166968
0.5738363221861668
0.5349082916764375
0.47865764273990175
0.39633129494247976
0.8119558030564277
0.8368919130046907
0.8446460716421416
0.8458132101014986
0.8131186781453282
0.7610007082598158
0.7121538804033345
0.6600226604229258
0.6128742753376726
0.5659897128408787
0.5206771529887748
0.48315399503125095
0.411837463077403
0.8909473415084936
0.9022499011925774
0.9110732681204537
0.9205244981088996
0.9223323179865839
0.9090176965404174
0.8558975575078465
0.8005518229321706
0.7400257141917719
0.6849318288644503
0.6300943215558767
0.5771126825128801
0.5332641021512329
0.4122573276189168
0.9638638832283709
0.9847726845406279
0.9893642277671834
0.9957086748076527
0.9969838504571022
0.9946179454237933
0.9509117469197956
0.8909028076821381
0.822089672261766
0.7586581725844834
0.6953496732178875
0.6341775491959503
0.5835840775633703
0.5323786152866308
1.0661694468457479
1.078327427514521
1.0872243947484108
1.0958083923588848
1.0970636320941791
1.0857941008803687
1.0285220846371943
0.9493177477866388
0.8730817560636044
0.7961582740457195
0.721684029858132
0.6601377842405055
0.5979377045203348
0.543428596957373
1.135448115951054
1.1475218543189079
1.1563332719137092
1.1636935983757128
1.1646729163704115
1.16388105856671
1.1278613557727586
1.0460255871070039
0.9609008409004325
0.8734084732769851
0.7883246311884397
0.7180049130090218
0.6470216556727597
0.5848787759793023
1.1051397483209726
1.0155300119327277
0.9215850841888036
0.8297669142214195
0.7538319043135504
0.6102165212003252
1.2153455376576534
1.236616094396385
1.240914491848455
1.2375440271721494
1.1705219485338063
1.0776691841354071
0.9767216959955906
0.8771545353135626
0.7946752999631541
0.7115085158701763
0.6388278612433433
1.2609257845395847
1.2799501925729504
1.2828570332338156
1.2458966132931257
1.1539828206445637
1.0454726708649822
0.9363281993629375
0.8455411896766306
0.7540076016411935
0.6740931788344848
0.5970311859576618
1.293831520378698
1.3103169300733424
1.3129281335924399
1.2959247902621385
1.2151952388249496
1.1022913997475312
0.9855041852376301
0.8877535907221898
0.7891320805212704
0.703087640569285
0.6202253068326505
1.3392775030230832
1.3407865748686594
1.3372304606640846
1.324708894559649
1.2788849092794028
1.2402536440196874
1.164788368451096
1.040253801191522
0.9347747678124012
0.8281222625574433
0.7351250752993925
0.6457061075127599
1.3509828537450563
1.363291836114891
1.3605969385997443
1.3355259815490474
1.2274306253989813
1.0965321145994542
0.9832986281546516
0.8683020831648814
0.7680168329311571
0.6717101553272373
1.3845753053383314
1.382947559806337
1.3786775639497442
1.3584141448405123
1.3467099067362782
1.3015896511076264
1.2420695616951969
1.167507993042965
1.0452527676141397
0.9196468593740903
0.8098862557037512
0.7046092880437749
1.395176672169883
1.3926945063846148
1.3830127251463475
1.3604971566416924
1.329247093047288
1.282082163624899
1.2340149374669114
1.1051480647605052
0.9696297189395566
0.8506558417392835
0.7363673738532371
0.7398684919431419
0.737255998892292
0.8216608825473853
0.8319088980342628
0.8090389039847364
0.90322731933719
0.9002458046409325
0.9773962947792769
0.945823676931974
1.0673411766745355
1.071183557957936
1.0238577426827524
1.1379850636065085
1.1179546116295225
1.147881924214053
1.1681113312611053
1.193013104147602
1.2117852165738177
1.1631799755715564
1.2348606163201
1.2520614457250965
1.2323259545302412
1.2777864810689472
1.2750595688709463
1.2085317037993197
1.2674195999687943
1.3059729378479439
1.3271327677839053
1.3156395941339796
1.221924780054691
1.3424697326693127
1.2906265419942562
1.33922004774396
1.2284595027843543
0.67882174863092
0.6933030062899997
0.7375502640463336
0.7530866627769331
0.7624473718101631
0.8256943871913925
0.8424513894677785
0.8519827955421769
0.8555206540413697
0.8526440944541299
0.9161750722954549
0.9334348207169262
0.9424911636072586
0.9449718494039699
0.9397885035537047
0.9145989929800009
0.9786900813777244
0.9957573671469394
1.0043972101691676
1.0060205594918818
1.0055673489605417
1.00323819695177
0.9987763289443791
0.9853605005645053
0.9686555117192223
1.0374664612206002
1.0545088295813196
1.061878060863297
1.0615099661416711
1.0581634116383942
1.0525892017607295
1.0362260158851233
1.0177634937379225
0.9798187783125574
0.9411300333086676
0.8633680938118518
0.8273423649592934
0.7753544966432983
1.1042321572817968
1.119729956484344
1.1254021287959899
1.1251590956249562
1.1225293124708204
1.116591733916523
1.110599478023053
1.0905158808950115
1.0689615544498285
1.0316346675183923
0.9814902229132636
0.9464351165226104
0.8948699817062842
0.8533438101528319
0.796935867981405
1.1410681884603855
1.1550895813865825
1.159485217204866
1.1549023487009216
1.1489780625393484
1.1404321427017392
1.1179922945215197
1.0942657315884896
1.0475541922606613
1.0000084357179595
0.9620180146653486
0.9066846063864538
0.8638856223977309
0.8029870953826265
1.1800567880522206
1.1916532799045036
1.1939042986147061
1.1866270660895313
1.169075844213188
1.117399799961509
1.0150011839134232
0.9141910290527214
0.8033399271504313
1.2093401914987918
1.2134263089268709
1.209412725340353
1.195831117119399
1.1834577145899392
1.1560226025840876
1.1265570856433254
1.072970610365398
1.0182338174635674
0.9825865509058159
0.9120505492624259
0.8668907480057292
0.7968625147087927
1.224830862231853
1.2313069574598818
1.2282374272540202
1.2152656599880982
1.2027344234564743
1.1922163056238124
1.161218859591824
1.1288800342180156
1.0667758386548747
1.0109691684133308
0.9611107486949827
0.8990511206354219
0.8449312657252
0.7769403755172751
1.230982849772315
1.2346954835124608
1.2294414384040653
1.214021700267116
1.201599846859283
1.1866066824677495
1.1528849468514726
1.120243130115484
1.0575727269077901
0.9966963903893472
0.9582041886203595
0.8796231957694367
0.825472884769919
0.7542153615844611
0.6579318272334331
0.6733388633601767
0.7137772670171582
0.7302523227024621
0.7395970059671872
0.7972449254388594
0.8146675267750676
0.8239225955570978
0.8188723362233369
0.8820905094140271
0.900337241612496
0.9063452193251812
0.9085437768633571
0.8996429327095763
0.9406901505552565
0.9580247299893072
0.9631128387728436
0.9655793873407652
0.9627713953061964
0.9530597831887718
0.9272478874289849
0.8956953373506016
0.9949609593641393
1.0121292416189644
1.0166516936556609
1.018161888569479
1.0129417180834157
1.0015184169697728
0.9711625478646848
0.9362995614672964
0.8617768193678351
0.7748992734749862
1.0558926597210079
1.0713159192157906
1.0750108647230745
1.0749936357084662
1.0666767349665627
1.0522998616679167
1.021999303967779
0.9765826988859241
0.8932572562718952
0.7964798906041854
1.0892959713752879
1.1027755497578018
1.105214038865445
1.1044961867523544
1.094008749416331
1.077532480561394
1.0386567576411736
0.9951073708740833
0.9050989846206083
1.1234363846922533
1.1345780519753947
1.1332241781706651
1.100775164510448
1.0101407388839427
0.9126381720969914
0.8029104923602204
1.148707363496553
1.1519715257473988
1.1518866317130694
1.1480064245439972
1.132297491369026
1.1103163943698815
1.0642985503719289
1.013501244661092
0.9105560706714674
0.7964500198980148
1.159956504130741
1.1651284328508982
1.1623218137299949
1.1576337788462798
1.1382129383448423
1.113132648544407
1.058759336230147
1.0064931010900042
0.9239307600063853
0.8976414426905694
0.7765601217622857
1.1626200831736617
1.1650757186336087
1.1612330203630767
1.1537548265329185
1.1310815289856697
1.1050674820406994
1.0496933852606947
0.9924176939711449
0.8783032037615153
0.7538644822847659
