2.8683097298503624
2.897003668069426
2.780183729374026
2.583006277275289
2.368481668442697
2.1860633704142938
2.0006412497647545
1.8386533668838285
1.6132834656695325
1.30020497531991
3.2645274140157943
3.3222726469178654
3.3292171495592515
3.2959395753589247
3.0973446916864584
2.8388319623119975
2.610582220802668
2.3765065885758805
2.1717518709282726
1.974498138159077
1.789799831996794
1.641046082243103
1.3671066198408721
3.656648141155474
3.6857681877763246
3.705328783808155
3.7177410722688022
3.7167539007300556
3.5825361769835977
3.2968313559586195
3.0253835748941884
2.7422177183421765
2.4935669322826164
2.2541340383762423
2.0303035545352466
1.8503789966744673
1.3747277983053374
4.038079779579869
4.0895038423131025
4.097099183927537
4.097842694718003
4.086051217666796
4.051221876669047
3.7815761730219113
3.4702739751469407
3.134277585754418
2.8366994153848206
2.5499040154195076
2.282159642335763
2.067370601818319
1.8556222214985167
4.5970195955814885
4.630031316572075
4.649645095564788
4.655421348809668
4.65054532321716
4.530116061686709
4.192396068000758
3.7769904828992518
3.397228850846056
3.0288845369588433
2.685253592834522
2.4104007162402796
2.140458231533203
1.9100053838853785
4.993990717594168
5.026296975575554
5.044215215377013
5.045055907720826
5.037189643986265
5.011578825137132
4.754928834022419
4.295614654307979
3.851037698808904
3.4142079552123787
3.005975191511624
2.6800165884085585
2.360819625198002
2.089171648085527
4.626965791266068
4.1441040532411835
3.6626753761086084
3.2114623337198576
2.851406260513526
2.200511053561592
5.471929663049024
5.517403391698034
5.495344713957121
5.448800124665347
5.008514568713526
4.488091646152886
3.954905257768147
3.4521651379925458
3.0509844716153856
2.659537339867168
2.327871317886912
5.753989766851323
5.791737133717582
5.758344926159537
5.4745568344191335
4.927517894948105
4.331458138757562
3.761468082293861
3.305842975283229
2.862102815119928
2.4872316972106736
2.1364936662007032
5.963837491029467
5.994274327616296
5.960789893726422
5.808153631911926
5.295856027627099
4.653427486590356
4.026083298075224
3.522754250790491
3.0330193903378517
2.620247791147093
2.2351957524173565
6.189122220611694
6.157789817299872
6.111042534474807
6.006738771287463
5.699140165490866
5.4616419387597785
5.020054643169409
4.329205713050644
3.77040258106546
3.226694635404337
2.7694912334985267
2.344410023138689
6.346632584795394
6.356537462899266
6.285643515405233
6.085736869058525
5.402279761826743
4.650447704580259
4.032658235233649
3.430425177762442
2.92495569323186
2.456591448002388
6.515701303672996
6.472283449050855
6.425253544596306
6.263478132148665
6.178692541285123
5.881186274383371
5.513256915769288
5.0710949761157185
4.377878682769907
3.697191450087734
3.126432778061659
2.5994561377611864
6.608488337716638
6.564274039940052
6.471333704289846
6.300139943287624
6.086237513906608
5.781965385130047
5.484286088550025
4.723748078676548
3.9641988713328615
3.3261622614946678
2.7392783023888923
2.834378192782994
2.7606909657489944
3.2452929703513713
3.245366636076161
3.0826391745340156
3.6281005991254465
3.5495412932879087
3.9836720484106007
3.7618681270502923
4.527050158087091
4.4699735959746985
4.173471515717559
4.900312491558303
4.712957943167662
5.068963397867827
5.025940862365732
5.319970418097362
5.333313081731585
4.976302324177355
5.581930695937557
5.589350403572364
5.4128808213093835
5.794838621406984
5.710691746487843
5.265441537876071
5.645227502425405
6.0957689313463925
6.121312815466978
5.989323789504476
5.376400816422725
6.212222884042302
5.827779742640862
6.1928127639057005
5.457365289961323
2.601823294486471
2.6356961505299545
2.87784270524986
2.9152244031847885
2.9305971864255853
3.308736639834098
3.3502115271092667
3.3652685305368926
3.3554880936132663
3.3192790104826324
3.7724042548485395
3.8159275163832835
3.8278762110259064
3.8103215486178987
3.760978599922144
3.6086726052919147
4.1067368894266405
4.150223250057561
4.158879342034943
4.147465037827178
4.134532983349525
4.10972043548828
4.075049539602957
3.9892038643429375
3.893073099143512
4.433339988709456
4.475925621617796
4.479285313306852
4.445240006624354
4.413741344464486
4.372749600863117
4.2702665801773305
4.162986010703985
3.956991495193276
3.7552917420468113
3.3666167475346396
3.1923161522460797
2.9456733085340066
4.8189967225496915
4.855403647685776
4.849611019161991
4.83201435923338
4.801337225073768
4.752621899822676
4.710354304048811
4.584838414831409
4.458936691696031
4.251622131015161
3.9844513929771646
3.802978080476766
3.541198356948803
3.335999983640625
3.062349033158588
5.0396592060739245
5.06956458595581
5.056030232326874
4.998951630499734
4.952980046512985
4.8933760329673
4.752346143498381
4.613229160001386
4.3517316167346864
4.095841545144773
3.8963792679936122
3.612562392796002
3.39734891999206
3.097841352185258
5.2807631266190995
5.3007935276015505
5.275452705284204
5.202371837290192
5.078404268604267
4.762734912840552
4.192624736449694
3.6623567589001755
3.1036017700699023
5.440870739886385
5.411649119262607
5.367356600067804
5.262007225838631
5.178700367219353
5.006146707305847
4.830592946972273
4.523664903997655
4.221794722574009
4.029099951192176
3.6567149473579565
3.4238783200121374
3.070126966387136
5.58033240988094
5.573163769313676
5.518818215525397
5.412895258140565
5.3247764638604655
5.2550132546743304
5.058909711533638
4.865151932740982
4.505555293286763
4.194733335539989
3.9207375873723183
3.589652294837287
3.306913958507796
2.959964103784593
5.629766441589276
5.608987210555304
5.543733930989238
5.42193866023977
5.335258875542924
5.236655841378291
5.024104214806006
4.8264854596688
4.460990605422354
4.117182596825963
3.9047146037230855
3.481163251643468
3.196301528472968
2.8297775047267457
2.496683990851516
2.5323502354915437
2.756305639572588
2.7955176031104503
2.806921454802435
3.159442127467627
3.2023070564699596
3.21194713579102
3.1459500845077244
3.5890799756738434
3.634508213211739
3.6419275807762075
3.6384066190296225
3.550468702166774
3.897956156615454
3.9406308456490877
3.946432927213287
3.9402918125323922
3.8979512585694884
3.830363316961697
3.6830224523724024
3.517481124938374
4.195615345268683
4.236936799916034
4.239112080142572
4.228324767587652
4.173122941879302
4.095563499405552
3.9213816296609285
3.7355873599954523
3.3602284682129198
2.9438790928964407
4.542590618427442
4.576440404943722
4.570723242459266
4.555025735535517
4.481532802814405
4.387169270434881
4.21050063949589
3.9637467918782345
3.534526562160284
3.0605048664243357
4.738423441368463
4.7645459278571725
4.7568432169933725
4.732938967387693
4.646086869395509
4.539586065889397
4.313035519515328
4.0747667410866
3.605894529348946
4.947356048048262
4.961762929486026
4.914040277749873
4.687641680487265
4.171286359223141
3.6557166637355603
3.1018233441212915
5.080226955556686
5.0752737529538345
5.055907524685802
5.0132458181375235
4.89649956878927
4.756183119614712
4.484527161232347
4.200752776746746
3.650269364451108
3.068412802179879
5.186552901752548
5.171200323803188
5.131010422582697
5.090011185086175
4.950390302679522
4.791641408289358
4.468847163861245
4.174583019083322
3.7235302239997
3.5835394961228744
2.9583922956523656
5.2137927263092605
5.1828148601888815
5.139266443529367
5.077932056089261
4.920349288891105
4.755028230988644
4.42466765695042
4.097869060523673
3.475463472789091
2.8283488621983754
