1.88691521873252
1.9001198930475922
1.8023202648127088
1.655707228525742
1.4990017758188177
1.3672701795584679
1.2344309299696088
1.1192312695114583
0.9601541289541222
0.7414349764808462
2.117139853040652
2.1478843671383645
2.1473982936546103
2.116349539064751
1.9664400159878606
1.779166648472352
1.6164888156702057
1.4512865367523347
1.3079988541204628
1.1709811525199665
1.0435163474419575
0.9414533291838598
0.7549725573256441
2.3387272232818863
2.354434536002073
2.3638258850476768
2.366116685037574
2.3635184412971153
2.255875304302614
2.0490850588606375
1.8575327031899744
1.6601707706227251
1.4885435853132
1.3246402658362162
1.1725423453285526
1.0510957694546679
0.7338148841258367
2.5483184706565027
2.573585913363585
2.5759033541865133
2.5704936900677327
2.5587751389718347
2.5296387996018397
2.3319535779216225
2.1137674469371075
1.8821995528202553
1.6794414786867564
1.4858221162874095
1.3065444866250158
1.163804252787768
1.0241054437442292
2.8450655445212614
2.8608363275316395
2.868199608575803
2.8637050365650323
2.8579607090613317
2.7628566730250173
2.5252596052939227
2.2426758094280683
1.988423318597238
1.7445331005650517
1.51917071026308
1.3404807433598869
1.1664654845959461
1.019205702578556
3.0462386287600407
3.0607020059073107
3.0661230948808265
3.0577827509946682
3.0496138576832252
3.0276614673809914
2.8421270248793022
2.5308554355990083
2.2364591180238156
1.9510041049762092
1.687083181456711
1.4783634904381118
1.2758656916432742
1.1051962028592963
2.7138172785144548
2.3957775323830366
2.0834975547266152
1.7941894224329717
1.5656584999964425
1.1584558977096298
3.2768551472762066
3.2893579244268474
3.2640377357134125
3.2271255185759045
2.923367120305
2.5819934642608824
2.2387561218751224
1.9192446491807804
1.667018052391144
1.4234307155730537
1.2192493394319703
3.404865120597243
3.412076309500009
3.3783822795584664
3.1774616192791343
2.818697311986394
2.43799632582714
2.0793725565037047
1.7960530781144401
1.5231415803166457
1.29515758357121
1.0842621779688268
3.495066283808278
3.49845031259447
3.4649115796791605
3.354008756212363
3.0160721642897603
2.6076764218577724
2.215908317401433
1.9055621292900897
1.6070632594390915
1.3584010994054179
1.1291858987063466
3.573380939816704
3.5434994206562087
3.5078489963023105
3.434461709851851
3.2309130064180684
3.0785637563764876
2.8001406280967753
2.3718222214737867
2.030252302144546
1.7019286751374312
1.4292257702467313
1.178815908044451
3.641074610292682
3.6309924350128644
3.5723955030624825
3.4352190837715564
2.999954524593586
2.536550429538196
2.1619714763869333
1.801545964702661
1.5029014629893052
1.2297447790969847
3.671554188416944
3.635986730498689
3.6017895358287864
3.492430156983297
3.437292957618685
3.2488789947764416
3.020926419345154
2.7514627418541586
2.3348541932130495
1.9316901052004878
1.5982096739029847
1.294624756598575
3.6757089977119963
3.6411642733592413
3.5763570838150467
3.464618993142616
3.3296429295024232
3.1421829637256846
2.9616171028112737
2.5074904565368583
2.061605584748445
1.6924748647507186
1.3577670126279453
1.8542468967522305
1.7894759405539666
2.0924514742150553
2.083445033700391
1.9570109904216482
2.302605907306492
2.2349486259313096
2.4872650053845895
2.3197828808764975
2.7820728299793784
2.726245885982674
2.5139141317671236
2.960750638762729
2.8172111429098075
3.055758382146624
2.9911270048299308
3.172637026994612
3.1593719656818307
2.904794799256256
3.2898544059301673
3.2723611981761285
3.1421495717704926
3.3697844297434907
3.29856002227326
2.9990494167590454
3.200903729836496
3.4917765089982247
3.480705174698943
3.3818354811632587
2.9858985502334883
3.4742221251062713
3.2200443863375217
3.4069793396526658
2.947463749411965
1.6948499675828268
1.713645527569386
1.8526821847126325
1.8727624224329347
1.8783079055249303
2.0922070056966287
2.113440972067855
2.117282399391555
2.104446569397657
2.07425895000752
2.3392505110704636
2.35963248053975
2.3601751362755
2.3410774526698073
2.3016248144665252
2.1906665849961553
2.5100664516307853
2.528949909912594
2.5261169801851797
2.5136373560507805
2.5023099489346285
2.4823315113062234
2.456037452953822
2.3938008609867873
2.326287619844146
2.6700019226155836
2.686452084469137
2.6797382261663816
2.648908095458933
2.6246363338550296
2.594426506419322
2.5217784951121938
2.448056709508433
2.3091527570232544
2.1753090741031067
1.9206917395860186
1.8074973018332017
1.648444713630419
2.8478671324220732
2.85912231004265
2.845256493690943
2.8293857295055806
2.8051153442040007
2.769302604687173
2.7393739135721886
2.6530385285589997
2.56878077999415
2.4324582137015796
2.259354672952015
2.1428632116416066
1.976166282272658
1.8462575438901565
1.674315932057967
2.9421270307722054
2.9481363497428927
2.9294199946054933
2.8841065141595665
2.8508528034708833
2.809458067998175
2.714397267663729
2.6228444333711556
2.453906579676601
2.2908330401353174
2.164932516715276
1.9869824733191812
1.853083040893437
1.6679298793691932
3.0353646127868124
3.0345547089529843
3.007929154787246
2.953011709370491
2.867948509720395
2.6626367912394473
2.3043170108943225
1.977632679306179
1.6384044609480994
3.0830318493994833
3.049786242013827
3.016050444170518
2.942948876102837
2.887751872941789
2.7763304940290974
2.665176140273574
2.4742139291176994
2.2886732465488535
2.1712748673635
1.9461481647471552
1.806405534510953
1.5958210440180531
3.1127366422095935
3.0948297507694513
3.0513202858899295
2.977959312817867
2.9201361198709743
2.8753667104744385
2.7521329280495714
2.6324265143799224
2.413950526830677
2.22727908263139
2.063964637040022
1.869081554077669
1.703562845785226
1.5019287600137436
3.098489499709015
3.072825996778796
3.0236236857443664
2.942073337799185
2.886485653748962
2.824339363019309
2.6933563767457525
2.5736245518480207
2.3560956034881286
2.152532830660179
2.0279044563682227
1.782203423690974
1.6183038426710752
1.4092063632560416
1.6179653727259082
1.6373018789581604
1.7650641086756806
1.7859029123298653
1.7876271322649397
1.9868048792844537
2.0077496923778435
2.0068184988945736
1.9506934612764775
2.212748360450977
2.2330174200549644
2.232644108752191
2.226659239501778
2.1554218668468694
2.3681118883528973
2.385406099444345
2.384124947522715
2.375204426091739
2.3393549914578653
2.289063751725439
2.1851167113449685
2.071778151211267
2.5112477702657103
2.5257606933383334
2.521654254859401
2.5094849955960794
2.4649659999252456
2.408826608896022
2.2885875759364094
2.164052897066274
1.9171105000814745
1.6474629235883924
2.667296466639632
2.6753869068885754
2.664700534430984
2.650253623901583
2.5941185720263658
2.5280653807053604
2.4093236033013246
2.2478330303953444
1.9725266158442727
1.6733356756466633
2.7481461157670677
2.7509609088341223
2.7397468656897557
2.7188417498546285
2.654745888634172
2.581729422977374
2.4325166142662207
2.2792997598430387
1.9834089535593866
2.82428616653217
2.8190085815072434
2.776943605245737
2.6215525361039624
2.29288323466124
1.9741529673003284
1.6374995058291506
2.858089272134815
2.8480520580255706
2.8301634889596716
2.7975178035098733
2.7169128362876473
2.6251008468363315
2.453358027803874
2.277582827222749
1.942829509626154
1.5949656437390898
2.8720376165857826
2.8482535753249887
2.8165291351554496
2.787364761687235
2.6946468762325213
2.5937328583361237
2.394861843850873
2.21691775294405
1.9485824023949885
1.8660170372388534
1.5011680170362984
2.848407200635981
2.8157953656652945
2.783331907540276
2.741096947679933
2.63927212536661
2.536653005388206
2.3375245544593772
2.142783488030032
1.7794046879380443
1.4085316978822275
