0.604497645253923
0.6108297391278636
0.5872938133734522
0.5466668188437847
0.5023030701107363
0.46450998371096064
0.4260487727468881
0.39241174801366685
0.3455639865849734
0.2803965390437566
0.6895820876460953
0.7021233231905998
0.7038500561624483
0.6973203558519255
0.6565432808632296
0.6030203722859637
0.5556336360809476
0.5069624873510555
0.46433262950507226
0.42321946157968904
0.3846877266684917
0.3536302579070554
0.29637960911669786
0.7741450821711618
0.7804630418579985
0.7847691709585317
0.7876974977332153
0.7875951994901095
0.7604058448004143
0.7012644721900909
0.6448214156701843
0.5858231467445252
0.5339360344768576
0.48390975957533316
0.4370929746559328
0.399423999185974
0.2996881645735143
0.8567599386151281
0.8680680399652025
0.86982343555227
0.8703243563881506
0.8680619542634329
0.8610674871097153
0.8054131723321669
0.7406198126697817
0.6704854909411436
0.6082544575317791
0.5481921674394837
0.4920503702816425
0.44696283436907225
0.40246864093525453
0.978503380872485
0.9857892365789136
0.9902315572333268
0.9919210193937024
0.9910383984408195
0.9665906415866811
0.896384082958705
0.8094942598360303
0.7298429279928895
0.6524473701473851
0.5801366879606898
0.5222222162554743
0.4652712671016823
0.4165879923756388
1.0655278809154414
1.0727257970173327
1.0768688940999018
1.0775617293992732
1.0760801948697665
1.0709872437969568
1.0179486761453245
0.9218319487457614
0.8284160360633471
0.7364240549457487
0.6503064870594067
0.5814418636969547
0.5139104099230164
0.45635337219585687
0.9936756454331657
0.8921269817609078
0.790614976448088
0.695294444777132
0.6191090180501502
0.4810692352810323
1.1710472326951924
1.181655271209818
1.1776599283781146
1.168244216650933
1.0764712279508315
0.9669554070327837
0.8543848966075209
0.7480165367553356
0.6629884061069161
0.5798893478428218
0.5093557814463321
1.2338325679364004
1.2428412811672387
1.2365301384022038
1.177712250703932
1.0626145911852927
0.9366034279783981
0.8157961841238295
0.719042559282784
0.6246484068638745
0.5447501343051152
0.46988512026056817
1.2808645242770378
1.2882863869167458
1.281953585108134
1.250505510493937
1.142858603823772
1.006941965824993
0.8738071007067157
0.7667651135562418
0.6624210090008196
0.5742951103650185
0.49195909675924987
1.3325220030796443
1.3265126987207352
1.3169919329850857
1.2953650355839177
1.230786725330086
1.1806297145723847
1.0870769318335063
0.9402837548955695
0.8212637909514325
0.7052285917580612
0.6074440062542374
0.5163798651984451
1.367839299481477
1.3709596486926157
1.3568185492243452
1.315168716081501
1.1706646633532187
1.0107563159604822
0.8789886132683917
0.7502605219439342
0.6419701314184647
0.5414552968979406
1.4084072871034985
1.3997341046840293
1.3900598065343053
1.3562685990227474
1.3384210317439904
1.2754676043486086
1.1972939820062924
1.1030703680427467
0.9549881307608007
0.809226654776779
0.6867257926015679
0.5734298822881851
1.4314653718481938
1.422533217337171
1.4032540981629427
1.3672518657224357
1.3219693671799937
1.257266096845596
1.1937852647375222
1.0311454800113575
0.8682449272688187
0.7310684435768149
0.6046002226404573
0.597875301041627
0.5831886038639467
0.686156750444174
0.686647476873901
0.6534322243146982
0.7690641941738772
0.7534129085467601
0.8467248232915443
0.8012177350255801
0.9647270374464902
0.9537567370585016
0.892335436578668
1.0471956011249368
1.0089546481929794
1.0836341209162326
1.0767327514285083
1.1393189545968225
1.1434478365716967
1.0695345915719885
1.1977404184472986
1.2006642074198495
1.1644154828304794
1.2461842838500121
1.2294717876009653
1.1362765653940403
1.2191090775577855
1.314110714193409
1.3212390515763954
1.2942678388397753
1.165036344385975
1.3445002005275863
1.2638421655646643
1.343869807828096
1.1878996245993885
0.5492136504740169
0.556527846993102
0.6086323867893377
0.6167436994502551
0.6202282489490727
0.7018265480279448
0.7109007575398465
0.7144009648129108
0.7126907099281253
0.7054157353064612
0.8027416902781891
0.8123731660814959
0.8153028389550674
0.812033655130203
0.8020421904736452
0.7705895667490249
0.8759617701180289
0.8856775861256512
0.8879939497765106
0.8858786898654155
0.8833199720209463
0.8783090922519219
0.8712137203527718
0.853480345950565
0.8334971214057003
0.9479266318527586
0.9575718588471095
0.9588066559983249
0.9521424875311629
0.9457250514222432
0.9372922785883872
0.9160395288736688
0.893655998942676
0.8505239967915365
0.8081625951693721
0.7263546826556123
0.6896146622576084
0.6375657595549391
1.0336062869405858
1.0420351421628007
1.0414272564323632
1.037987105311827
1.031783871534601
1.0217682248306004
1.0130081517551712
0.9868407060617517
0.9604522307635573
0.916856463942395
0.8605217383076827
0.8221940898039743
0.7668295405732448
0.7233900816339174
0.6653866116875247
1.0831117856067332
1.0902457205116964
1.0880030091229758
1.0764820927988084
1.0670022105461612
1.0546124518204012
1.0250997036837806
0.9958567631587351
0.9406991679034291
0.8865902858531766
0.8443423492667145
0.7841586787426846
0.7384634385990454
0.6748036041378195
1.1378304751193982
1.142918008160088
1.1382183070682736
1.123290792694922
1.0974613557422026
1.0309834682384758
0.9101520595008921
0.7973699556969135
0.6782389806897782
1.175078359681746
1.1698337265058365
1.1608215320917992
1.138933736086537
1.1214590170890815
1.0850801042164737
1.047929502275282
0.9827675381182149
0.9185391635658761
0.8774767399247677
0.7980217635542389
0.7482766544015663
0.6726066630612845
1.208269430186952
1.207618120616376
1.1967095495372324
1.174709247102084
1.1561984729662727
1.14147984183568
1.0999360333806936
1.0587575028131158
0.9820995306966579
0.9157041739648049
0.8570595518036677
0.7861276973568236
0.7254549045734391
0.65093679610044
1.2216065124361228
1.218027324302611
1.204742033036633
1.1792752743046289
1.1609919941178357
1.1401165852327302
1.0949541195730357
1.052790543675062
0.9746528465705884
0.9009773151343637
0.8553964599792204
0.7643881639684272
0.7030915723367691
0.6241114196136196
0.527461974104476
0.5351892448735459
0.583437358785426
0.5919783828327465
0.5946942987865526
0.6707745217389138
0.6802003992068747
0.6826327284890438
0.6694371104222833
0.7644653378182854
0.7745768335681259
0.7764383461679588
0.7759069714493002
0.7581586927729234
0.8322656919549573
0.8418761458943838
0.8433944840569372
0.8423866471567597
0.8339423777827929
0.8200589092643866
0.7894633874332976
0.7548905661045934
0.8980244810880254
0.9074740717128013
0.9082619725007612
0.9062949442237647
0.8951702025717594
0.8791591481500659
0.8428554691131965
0.8039128256807945
0.7249725414621419
0.6371760083268945
0.9753722149960876
0.9833581059087952
0.9825806639634264
0.9795319182884937
0.964554087799037
0.9449557483099728
0.9079646898899928
0.8560365308141079
0.76537943088936
0.6649840503323972
1.0194937370387325
1.025878708776737
1.0246409116975992
1.0199441758065375
1.0021151348840087
0.9799126705758942
0.932307155532966
0.8820121130595531
0.7827051227028992
1.0672165056017622
1.0711755090937234
1.0618270686830371
1.0146704891360132
0.9055003973623731
0.7959170787756004
0.6778479558139415
1.098507447215959
1.0979023532938847
1.094165297977554
1.0854988482781152
1.061223683319014
1.0317231481153923
0.9742286900521553
0.9139397404941341
0.7966073787268227
0.6722285829914001
1.1243734039971385
1.1220424594572358
1.1139503858266266
1.1054878627577926
1.076237876646858
1.0426872411367536
0.9740586365962645
0.9112820886759133
0.814776804759494
0.7847806352646788
0.6505884065417401
1.1327277015824788
1.1270334960658108
1.1181502769315028
1.105400953783716
1.0722138138377284
1.037126736066468
0.9666746660688478
0.896726556553602
0.7631280770041574
0.6237936218625032
