0.8582860598859857
0.8675845955983893
0.8354023092560336
0.7787968448177376
0.7167980250597545
0.6639013413652651
0.6100166573862443
0.5628485351022744
0.4970996708642971
0.4055476231985202
0.9810882081758517
0.9993016512125296
1.002048259346973
0.9933266827838745
0.9366724593671393
0.8617950449822399
0.7953510853971694
0.7270195550288782
0.6671056831955043
0.6092724405957479
0.5550307657334584
0.511285605178285
0.4305857602585588
1.1035646989511383
1.1127373641474096
1.1190579149381856
1.1235695998296746
1.1235447239048488
1.0861995412460748
1.0034695622619787
0.9242196947023353
0.8412419541781806
0.7681736296427394
0.6976543718267199
0.6316026265240701
0.5784194956053571
0.43744676515000774
1.2236794045441068
1.2402726446291148
1.2429422778694315
1.2440489156535601
1.2410926656362071
1.2315603847922636
1.1538953306490878
1.0628389952592447
0.9640412675405484
0.8762416148041424
0.791403099636501
0.7120238076347514
0.6482206639637542
0.585207625220185
1.4015592736127982
1.4122888689920963
1.4189576833880937
1.4219038874019172
1.4208190839217474
1.3871936029847738
1.2886229112000571
1.1659938850113007
1.0533258280746212
0.9436874850274324
0.8411290249120389
0.7589036597932864
0.6779668780054185
0.6087044313780331
1.529438963998291
1.540118217989924
1.5464353639365387
1.5480280493155005
1.5461312973191643
1.5392568783516236
1.4651651490495117
1.3294538873679598
1.197100597275391
1.0665258244189624
0.9441186351893126
0.8461188275476571
0.7499085813930345
0.667806043279579
1.4341023802785984
1.290113102356646
1.1458634829021905
1.0102032439734088
0.9016375520740577
0.704579249190687
1.6854610820590514
1.701757645553972
1.6968647293028294
1.6839607805783956
1.554811560363802
1.3994352725390438
1.2392861696310238
1.0876960092190793
0.9663499555515066
0.8476035120969362
0.7466778761132246
1.7789664122766424
1.7930377096965215
1.7849509505219754
1.7025904422644063
1.539309455987702
1.3598238924927015
1.1873867875528494
1.0490679719823017
0.913932647473002
0.799384237646214
0.6919078635355737
1.8494303455114096
1.8612027517087295
1.853089234715035
1.8092899508780516
1.6567478678454692
1.46301735769144
1.2727622666174503
1.1195303583250793
0.9699367283273025
0.8434002921696487
0.7250069962584823
1.9282114276220435
1.920405091300527
1.9072862604083127
1.8769981419497483
1.785557088577008
1.7141710183719734
1.58066217959093
1.3706521555080122
1.2000390876061124
1.0334343387451292
0.8928057095418258
0.7616399720454546
1.98128817623558
1.9870093447410568
1.9679090848874967
1.9093361455169617
1.7034651891377104
1.4744843289478355
1.2853536406991477
1.1002587295016484
0.9442810335226908
0.7992615804676055
2.045449917747615
2.0337291864705183
2.020293173333158
1.9726645056959233
1.9473364543679537
1.857586545913735
1.7457384909120894
1.6105839055141622
1.3977376512388937
1.1877982851191367
1.0110033994279817
0.8472633725608529
2.0829976496708227
2.0708030967747635
2.0438122272811756
1.9927717091547972
1.9281921816763345
1.8355489496019346
1.744431623202852
1.5104211896556534
1.2754601767292792
1.077199826236948
0.8940719615939693
0.8494773901150438
0.8295808140852948
0.976931590006986
0.9781630501846303
0.9322433630059854
1.0974108284057036
1.0762273637296451
1.2110731016316134
1.1478894069602834
1.3831196877259493
1.368779780526587
1.2828015471969427
1.5050563963023036
1.4522126276297844
1.5580821584726878
1.5508566251037292
1.6407384293144704
1.6481827725514564
1.544778101162291
1.7278874405278644
1.7336884487435467
1.683335250874082
1.8012939938189985
1.778799455136574
1.6471841269440968
1.7685737054486859
1.903870086671772
1.916175239528476
1.878911879881855
1.6952495491743158
1.9547178743465796
1.8405988725888174
1.9585743668799995
1.7357968713148284
0.7808271611451965
0.7913990787939904
0.8667405829530818
0.878512687879004
0.8837324787588924
1.0020416242464023
1.0153017883380162
1.0206436161365378
1.0186170925547977
1.0086967079804101
1.149360541871126
1.1635673604280967
1.1682043323899534
1.1640623617057715
1.1503462759236283
1.1064356896013394
1.2568349748825045
1.2712776258520195
1.2751439519195336
1.2724812406717863
1.2690430784582174
1.2621831114408415
1.2523547060113602
1.2275916547018642
1.1995366124839915
1.3630347980784565
1.3775281017446
1.3799065612441146
1.3710476668201612
1.3621947608991278
1.3504619098725013
1.3206871846497292
1.289162738374138
1.2282306627140023
1.1682425577520767
1.052176163415118
0.9999883593488359
0.925985945391623
1.490387164692269
1.503270297220954
1.5031460747494738
1.4985829261218018
1.4900868444708824
1.4761614683169193
1.4638962015500887
1.4270692902515305
1.3897606530037585
1.327948252890689
1.2478925302596806
1.1933521409189238
1.1144758262594188
1.0525426587224678
0.9697593933140752
1.5645997525001953
1.5757421669575202
1.5733016493824552
1.5575547482581613
1.5443420221728998
1.5269505033884965
1.4852809446230184
1.443834580055029
1.3654228391006953
1.2883414024530453
1.228072901229135
1.1421354214174373
1.0768170226081408
0.9857433031363236
1.6474477891701655
1.65574622922733
1.6498586797635606
1.6292352296398365
1.5929129868287915
1.4985385632965242
1.3260552428920998
1.1645887761283185
0.9936887349934465
1.7049706186296545
1.698660970756143
1.6862615668196932
1.6555618487023962
1.6308418199557049
1.5791488568443655
1.526185383725338
1.4330295958366956
1.3410387434261668
1.2821502490449403
1.168081393063047
1.096587851403982
0.9877277294075043
1.7572916377669732
1.7574593719724632
1.7426593906278598
1.7118207921102713
1.685605554132309
1.664682877287724
1.6054011611852412
1.5464785384840016
1.4364952276713145
1.3406521154292874
1.2566409801631482
1.1544424510512237
1.0669267426401956
0.959329597907923
1.7802559897777424
1.7762070668874061
1.7579428638790868
1.722037872442658
1.6960531721215988
1.666287829676925
1.6016526532519602
1.5411393220158591
1.4287522385605869
1.3225673096828656
1.2568114893606144
1.1253426432381437
1.0366945317554876
0.9223356294931316
0.7504160399137532
0.7616138968518109
0.8314535503880836
0.8438856193648134
0.8480918281235017
0.9584264974191431
0.9722548832169657
0.9761655974945468
0.95825067563065
1.0954201341335053
1.1104022699810259
1.1133903819443445
1.112880439332298
1.0885908815948175
1.1951274887129737
1.2095000789528396
1.2120036520409667
1.210908925632835
1.1994802399948696
1.1801876518159446
1.1372750573239425
1.0885471025927531
1.2923795700119123
1.306682193574169
1.3081929256195621
1.3057633459982423
1.290569458306061
1.2682264767586855
1.2171415079177135
1.1620892342361686
1.0501696659821795
0.9254182306975846
1.407673318544631
1.4200463926672475
1.4194578265948519
1.4154411118941828
1.394783329418692
1.3672944355441712
1.3150420070420736
1.2413722750611436
1.1123618630530645
0.9691704052022807
1.4740480186159617
1.4841922002680135
1.4829046578054186
1.476649162237947
1.4519031442597459
1.4206624021845828
1.3532092268197842
1.2816689107274701
1.140010649917626
1.5466860473183945
1.5534556263026873
1.5410520674199688
1.474756558548877
1.3192535784532637
1.1624576364232233
0.9931127690537869
1.5954762357822325
1.5951641526165563
1.590287552561761
1.5783845808630337
1.5443160560401734
1.5025015195128726
1.420532013202433
1.3342964752105229
1.1660010475723832
0.9871691596144212
1.6369521358938899
1.634796367755251
1.623786145902721
1.6119949675869587
1.5706777703128798
1.5229097606049005
1.4246817891957555
1.3341462674444031
1.1956763137005009
1.1524529522260063
0.9588124904073472
1.652446264211379
1.6454441852055632
1.6332106279467797
1.6153387466899414
1.5682441970413137
1.5181056291909447
1.4169994287447503
1.31629414071687
1.1234756188225308
0.9218621413194525
