1.5312549281943466
1.5483983572041171
1.4932612026457714
1.3943427513376832
1.2855202611207328
1.192531643196353
1.0977141104397583
1.014645522091615
0.8987581396998271
0.7372392815532112
1.753718107881828
1.7870304550938432
1.792470783722011
1.7778972619371896
1.67923461494724
1.5476886357389728
1.430684731727954
1.3102045012931087
1.2044572919437557
1.1022929783517792
1.0064070977392265
0.929033829903377
0.7862012822617956
1.9764346019995045
1.9931647987375698
2.004814071745165
2.013508748435812
2.0136822134656374
1.9495417216143882
1.8042418749502585
1.6645101098198944
1.517956745109855
1.3887456920123817
1.263915686590214
1.1468975082062547
1.0526124940973791
0.802422534022217
2.195559649580968
2.226148401554789
2.2312426911365972
2.2339882427519644
2.2292599747751694
2.2130622707151875
2.0770284091033933
1.9163548429668156
1.74159329283242
1.586049570804567
1.435574443799516
1.2946470878296248
1.1812794439718008
1.0692297176699375
2.521750412149474
2.541647995475981
2.554228999602197
2.56050254554274
2.5588791512756854
2.5009116931778057
2.327193920360377
2.1099044984636137
1.9098059370308957
1.714796904912825
1.5321634537396498
1.3855878559334913
1.2411693820894376
1.1174634123618237
2.757472153615353
2.777354704102472
2.789424321896674
2.7933987843978394
2.7904021486550596
2.7788070822517867
2.648957500293508
2.4084162022964963
2.1729923404883986
1.9402962439016662
1.7218519079602745
1.5467570192782634
1.374668792907242
1.2276499655218231
2.599695757897364
2.343386398673883
2.0860414287034255
1.8436462013699793
1.6494141575381196
1.2962441645447684
3.0466191278076127
3.0779640034847415
3.07069246003207
3.0485550398722188
2.8204948012829814
2.54377459461801
2.2577480803725467
1.9865347512584914
1.7691178670137282
1.5560895039883107
1.3747941199467948
3.221040956780892
3.2485044024608
3.2357173048125523
3.091073896068171
2.800335339954383
2.47941155526021
2.170426374670453
1.92218705823837
1.6793200333911265
1.4731583229521201
1.279466347525806
3.3531835211089396
3.376460311872584
3.3636356227772124
3.2871689360464673
3.015891488303308
2.6692756859491475
2.3279794189525225
2.052618531882633
1.7833904727666436
1.5553145126376666
1.341607821277133
3.503345550585853
3.4907862488655237
3.468153733575221
3.41496446052268
3.2525163342613883
3.1249822427250726
2.885829503205199
2.5086890767490324
2.20168497617303
1.9014045629743175
1.6475340026879148
1.4103794364516975
3.6030119601018176
3.615606123456874
3.5833900316596012
3.480096836848943
3.111987564186438
2.7004286123439574
2.359681799377542
2.0256120361768586
1.7435984157445663
1.4809953375570928
3.7290375435933334
3.7092620829628355
3.685874714611029
3.601674566282735
3.5565740179816188
3.3960016994623663
3.195162767794595
2.951845968266582
2.567849770966447
2.188331711350926
1.8681360342062134
1.5709296583593435
3.804356383773033
3.7835330567343446
3.7361544403639155
3.645367439177234
3.5297964977873173
3.3633262513312405
3.1991897148378072
2.776618959042806
2.3512828575426514
1.9915804861061623
1.658852582332178
1.516642848330026
1.482885100548724
1.7476609818902085
1.7508218266488287
1.6713094440470695
1.9673903825041787
1.9316702165294102
2.176287628290073
2.0662245951372236
2.4910067931418567
2.4677180583469376
2.3166776013478034
2.7170463635328987
2.6255246460164523
2.813743640478937
2.805645991823609
2.9675004179408795
2.9837151809070623
2.802266362330211
3.1303103024134256
3.1437211927321793
3.0560554813327654
3.2694527636874535
3.231666311814911
2.9984416476426072
3.2215036428420976
3.4629721369376014
3.488956838775578
3.424496984438894
3.0969328388092032
3.56741017801541
3.364846545626713
3.5826044711299314
3.1832944889191013
1.39494697313193
1.4141568825262112
1.5508817237703987
1.5723534546102205
1.5821709602269105
1.7974450930760686
1.8218738287513407
1.8321497636056743
1.8292880953060193
1.8123326646967248
2.067452252479734
2.093765196281193
2.1029203144019313
2.096460195874334
2.072871404163459
1.9959414909366202
2.265318987651812
2.292280534613623
2.3002464423350695
2.2961310467941245
2.2903619264030293
2.2786024230121233
2.2615335369131295
2.2181483057022917
2.168713856529088
2.461817995026477
2.4891495387582903
2.4945547558635632
2.4798827785829123
2.4645809795106315
2.4441113892137367
2.3917750946256158
2.336052651930525
2.228005548792659
2.1213591637543705
1.9146190524086153
1.8215485095256412
1.6894494872414658
2.6990141407330928
2.723685516130792
2.724842286189195
2.717307833045704
2.7027460071980824
2.6784766914715825
2.656937990521297
2.591906820679531
2.5257087176004207
2.4157007761265805
2.272886786436119
2.175459743864263
2.034383445325358
1.923527947154741
1.7752018122894166
2.838290812020406
2.8600315340986002
2.857079584621115
2.8301561790717735
2.8070695986644423
2.776449129104294
2.7026279098130725
2.628899613231664
2.4889847869124644
2.3511452443544236
2.243215316334267
2.0891693684964725
1.9719591163767254
1.8083915367149594
2.9951324589347736
3.01191955952503
3.0028969301296677
2.967223150555977
2.903151020907877
2.7350124603202657
2.4259654162633923
2.135784780893267
1.8280275354160627
3.1059010930614313
3.096806848978875
3.0754570538264336
3.0214577015146014
2.9775824842870686
2.885405575353954
2.7906434630215626
2.6234900135815815
2.458112038906627
2.352103759748495
2.146544553043766
2.0175666507872507
1.8209900602466385
3.2082733481892687
3.2105947457806017
3.1855047869405926
3.131304012399043
3.0847287298735098
3.0474003959297775
2.941250987484453
2.8354326133878005
2.6373843861907926
2.4644732298526772
2.3126867618433464
2.1278721354800614
1.969433678455333
1.7744265003378368
3.256226021185298
3.250918411668507
3.2194885069046264
3.1559931810329034
3.1096559916845967
3.0563985423875346
2.940255876539113
2.8313149278630707
2.6284390580155534
2.4363654592683397
2.317309704582722
2.078966185341446
1.9180586860382542
1.7102384788380738
1.3415283790281645
1.36192351558475
1.4888078785272252
1.5115812820796761
1.519814129168122
1.7206403127812244
1.7461464697244402
1.7539577196482312
1.723517570725763
1.9719825417845498
1.999866606562014
2.0058380747089113
2.0053815256571803
1.9637515329641297
2.1558992177315774
2.1828822123790803
2.1879937009309964
2.186667431310425
2.16733105165319
2.133711270828976
2.058177801654639
1.971965316977708
2.3362188525783143
2.3633691419325067
2.366793144487408
2.363139475671474
2.3371732848405387
2.2980690031481767
2.207860775877487
2.1101666668599752
1.910959769699365
1.6884106693558278
2.551521637389804
2.5755075256763402
2.575421257696919
2.568843693484204
2.533160652199069
2.484799176136681
2.3921716011620533
2.2609815135230344
2.0305128210235135
1.7741194916346956
2.676491820775128
2.696584776381462
2.6951672398903286
2.6847912703674788
2.641755041328657
2.5866064301083562
2.4666614592770966
2.338932403602438
2.0852689239920927
2.814649553666492
2.8288579674704994
2.808379670426668
2.6914792162868055
2.4134781928064815
2.131859988989583
1.8269624740745012
2.90939670282345
2.9098634477884433
2.901973699668482
2.881513467142438
2.8215557142846253
2.7471921713793925
2.6005271789722832
2.4457047193931993
2.1427036720674475
1.8199543266162688
2.9916215399305157
2.9899206552232567
2.971196408552081
2.950604810490093
2.8773968500568983
2.7920516933189052
2.6156042986475305
2.452459316408179
2.2023585361592684
2.1241853358961897
1.7734636041762537
3.0255604124461177
3.0150830709222687
2.993990533723765
2.962574825515437
2.878674577563444
2.7888182977764266
2.606718368292348
2.424751821501222
2.07549660213735
1.709353958257593
