1.3893396189119784
1.3917765879188304
1.2944302119174216
1.1664008472593124
1.0341563911325138
0.9250370251315795
0.8165732293628982
0.7237990894014051
0.5976429623924161
0.42821758269333554
1.526365199905383
1.5398162785869474
1.5333485878754192
1.4997754487311052
1.3669789073343341
1.2111281114974708
1.079021003789492
0.9470619432489292
0.8343463149032813
0.7280545401590444
0.6304914264911592
0.5533601289232226
0.4150252460502313
1.6510910988860752
1.6585341901518802
1.6613436190775344
1.6562789848411792
1.652113781931989
1.55065145277227
1.3792794219632925
1.2260429670436195
1.0712326401305783
0.9388237713062284
0.8142559704703097
0.7003167649576957
0.6105854287667271
0.3823351934775481
1.7635651802172778
1.7723273144216032
1.7708196418169933
1.7598158903625294
1.7468678191176803
1.7189748657188748
1.5532430903254857
1.3805791495028974
1.2018329009035105
1.0482036063539366
0.903834339925939
0.7721995900061202
0.6689253910584406
0.5693371452786822
1.912211188531397
1.9176703443863767
1.917408355014547
1.9056543220114852
1.898872070975707
1.8135444214035732
1.6254090436720057
1.411367259881077
1.2233118983869742
1.046165224450973
0.8852077126901668
0.7596108976098851
0.639251693656556
0.539122471629672
2.0047266760564817
2.008627451159498
2.0063616230930066
1.9916756213189055
1.9828293331670608
1.9619288522021316
1.811144981394223
1.5769406923984335
1.3624431001988824
1.1587092969876216
0.9737174282913907
0.8298695061995196
0.6926469352637092
0.5790672387058087
1.6812235338699726
1.4512313657628384
1.2305110151300425
1.0298902151622007
0.874157165888575
0.6037398842995948
2.099848892804899
2.092993641366866
2.064795948944678
2.0323296639618564
1.7998388034227149
1.5544416879570009
1.3142762239228836
1.0952251127409542
0.9254113749313202
0.764317686772223
0.6318463714998838
2.144720044056319
2.134410598110684
2.099765193356212
1.9422952692441107
1.6848189720004034
1.4212188447773668
1.1785152353631307
0.9904187545301556
0.8125295793705866
0.6668602469544875
0.5347661005360139
2.1711576559794312
2.1593681323597025
2.1253849309236186
2.036591432345778
1.792787384485989
1.5118261028963442
1.2492327212965197
1.0453848600385391
0.8529925195007187
0.6959567073136642
0.5541294061141393
2.1717490974833225
2.1426245269360487
2.1129847079037867
2.0563728303379736
1.909384161550937
1.8034045826279308
1.6140500687605301
1.3296227276121946
1.1077212591880343
0.8985900906350499
0.7284577433399989
0.5754277509479774
2.193704827730361
2.173320962794922
2.1217004665161774
2.0190439498515262
1.7195808275845672
1.414213599285747
1.1733352167770843
0.9462797855315456
0.7621573333304971
0.5972264435605352
2.1549785513944366
2.1241819308516043
2.0972864455863487
2.0171808325143536
1.978401282881558
1.8499887108788613
1.698804390175677
1.5239777734724216
1.259091585821691
1.0083445713421886
0.8056333983407489
0.6248577047697194
2.1172087337780474
2.088640409891786
2.0400501811587777
1.9615014059031723
1.8701479643336636
1.7469307275046817
1.6305737549610486
1.344202066853999
1.0699996458601637
0.8484024450089427
0.6514636003018963
1.3526137976106634
1.2850703662313656
1.4936174248598466
1.47621362415492
1.3603855498900619
1.6045052234144603
1.5362316395573603
1.6902052864856416
1.5451758723439946
1.848791535251874
1.789725490397124
1.618196214230356
1.9190970989338945
1.7955011549512367
1.9763646985505667
1.8955949330771145
2.0199697088313897
1.9904209357993046
1.7886440676739919
2.0594989058047926
2.027382250332378
1.9211949043045533
2.0683732725174186
2.003726172152019
1.7829385194365992
1.8921384137096398
2.098867365139532
2.0687575361778436
1.9885650786436695
1.7117794990322321
2.0157774103307924
1.834100969320618
1.9299506618148603
1.6230646462226423
1.2287290580899308
1.237974528810882
1.3193535093475812
1.328529302932486
1.3269372551324856
1.4497451828412051
1.4581454817361434
1.4542559981436933
1.43784612537654
1.4088311114175214
1.5746826088421881
1.5809042142210161
1.5737385728350468
1.5520235606069674
1.5161564720744167
1.4245734348174228
1.6544088040671876
1.658519997395396
1.648078672858925
1.6341386852634934
1.6231525958839683
1.605066571348623
1.5825800320545373
1.5318199465599678
1.4787347056399591
1.7225996631703768
1.7236793417269916
1.7104668856179959
1.680265284420618
1.6593793778977337
1.634496085881655
1.577100189321481
1.5208911317529479
1.4174427803036165
1.3199281174166568
1.1377829915381457
1.0579335849866849
0.947021389381194
1.7879342341256992
1.7848589404083697
1.7660338902828643
1.7508200133075797
1.7297335211714768
1.7006190648868236
1.6771908923476575
1.6117368655668838
1.5498288382961827
1.4518762447621143
1.3299223564583953
1.2489420738438448
1.1344180501062773
1.0460248531634797
0.9304309217771729
1.8149933807532648
1.807731479421913
1.7859932573405288
1.7468530631478274
1.7204449820183811
1.6887545421050203
1.6186791359111472
1.5530009642796918
1.4345590040920448
1.3223283675896707
1.2368248877685675
1.1172294113998715
1.028306739473908
0.9066294199214358
1.8312304543552207
1.8193350791281684
1.792235275430883
1.747461721104431
1.6838418438720488
1.5391403256561016
1.2972641711060198
1.0829378213471963
0.8654266862603388
1.8218139148483514
1.787168426267227
1.7595711333777222
1.704595924615326
1.6649744780613913
1.5873522054889528
1.5117093179136216
1.3846225698017178
1.2631866441116273
1.1873124313168844
1.0434451410103887
0.9552145455822263
0.8238383904184329
1.7984684034412437
1.776003805975839
1.739444146443434
1.6849155389763582
1.6440559729418165
1.6132428327094763
1.5304684098139152
1.4516978770316529
1.3109908108957824
1.1923879114169558
1.091145558475586
0.9703490565137759
0.8693270797174392
0.7478349332789304
1.7557170152601658
1.7290428866848522
1.6898950112409135
1.6315182327765847
1.5934267515892806
1.5517261416920554
1.4659980746396297
1.389283250601411
1.2522338865189775
1.126551404144863
1.050370094305997
0.9019692390469406
0.8043830309926732
0.6815047208410101
1.1631374834394856
1.1720208162034629
1.2460860865245962
1.25479255788508
1.2490568475225772
1.364417521653515
1.3716976751321108
1.363028994927037
1.3084120468302747
1.4759656313433662
1.480845597378755
1.475225847756252
1.4671496958086656
1.4018812781821128
1.546090949856507
1.5481936424603988
1.5423286949036863
1.5311481652581862
1.4974562315993651
1.45542328838459
1.3734957268003358
1.287359969988649
1.6045907007022264
1.6034231194071513
1.595360260372854
1.5819047173586391
1.5422218418692182
1.4969912088314878
1.405111971190018
1.3132581307814821
1.1357206686647499
0.9464765432423817
1.6579140066431435
1.6514828122414453
1.6378131166498
1.623861219323656
1.576791179025155
1.5258706583625905
1.4384324462522555
1.3233357060629682
1.1323986420115986
0.9299080799963059
1.6781756627485924
1.6682225306507696
1.6551172157703375
1.635690582277061
1.5840602498300247
1.5293334609079168
1.4224272987844973
1.3158841236317445
1.1152943601329108
1.685900979303127
1.6704387968331282
1.6319840350284633
1.5161386421433398
1.2910576988741116
1.0811107566321148
0.8649722419382543
1.6702755385434733
1.6579496031222098
1.641332850380763
1.6146145702119248
1.554501766085412
1.4897532832952847
1.3733736455500412
1.2573018516074674
1.0417448770878728
0.8234203630166808
1.6407506639043765
1.61399321121611
1.587771327730185
1.565621436055341
1.4996660336270053
1.4311652940461606
1.3010398098122666
1.1870773857534442
1.0197655151664802
0.9688364757783082
0.7474790926015521
1.5955557154780187
1.5640829055187664
1.5386109713821454
1.5077216331732044
1.437708046691013
1.3701252005062117
1.242783294123649
1.1216812181798606
0.900628090902263
0.6812002942031444
