2.568998544824014
2.5872514302456358
2.4549773129143753
2.2552642498273454
2.042464820807342
1.863514664522302
1.6830278539007084
1.526480618976728
1.3102638443259518
1.0128861319694908
2.8829479010793846
2.925155823384251
2.9247312137871084
2.882851659157733
2.678667280512502
2.4243408859684332
2.2033123966590957
1.9788044759547077
1.7840395048064965
1.5977616367272396
1.4244388047218082
1.2856314645617999
1.0319465496930809
3.1853455135228588
3.206883911349072
3.2198083307661047
3.223194598104641
3.2197119448031826
3.0730498414774474
2.79224577129047
2.5319560652009896
2.263697075830134
2.0303644496748117
1.807486177349557
1.6006186223493857
1.4354067936807262
1.0036188776417685
3.4714282997376706
3.5059497976873644
3.508999747820612
3.5013729648506056
3.485501358801144
3.4461436098376677
3.1777890708085166
2.8812956569661106
2.5664987231047522
2.2907934176857965
2.027454630642921
1.7835674566698154
1.58934323437958
1.3992160960758007
3.8755864540664375
3.8973090206689305
3.907547657568034
3.9016951558947945
3.8939533728114806
3.765053909587858
3.44225882656206
3.058060824415555
2.712259891599864
2.3804629837207103
2.0737955287539274
1.8305807682352395
1.593672053760578
1.3931364680022715
4.150422754923893
4.170299121707849
4.177869024914562
4.166801390198301
4.15578127664808
4.126072322483727
3.8741704644214763
3.4509827645821862
3.0505358355517695
2.6621311523730453
2.302929710866666
2.0187865593694054
1.7430432437416918
1.510576808419498
3.700414059677797
3.2677881611581987
2.842849464653005
2.4490574267607257
2.137910686486281
1.5832850333884747
4.465500604788462
4.483000669884187
4.4488675318012865
4.398838406386131
3.9860598092480717
3.521688068620363
3.054588509387749
2.6196429854786576
2.2761976285737484
1.944427512391703
1.66624775972141
4.640485600499516
4.650771290179678
4.605259458265055
4.332366806578254
3.84437490066114
3.3262592761078116
2.838021428689281
2.452193527344999
2.0804384592789034
1.7697898624890995
1.482339409356128
4.7638381986442395
4.768870514170655
4.7235514453589476
4.572986350891266
4.1133963842337335
3.557579976242748
3.024181930961313
2.6015157745941746
2.194870141859477
1.8560151647193395
1.5435646458167491
4.871433986809357
4.8310201226811085
4.782655640714569
4.682963368039276
4.406160760260411
4.19887859056884
3.8199037832096225
3.236712941291129
2.7714886327031873
2.3241775978796486
1.9525302658057095
1.6111586684610097
4.96366940785436
4.950336009571281
4.8709137666501965
4.6844814845020295
4.092179661350146
3.4611983808198414
2.950985533326438
2.4599062138910046
2.0528767151361196
1.6804690398906448
5.00602208036861
4.957790464942291
4.911348118473057
4.762670934425228
4.6876691570158515
4.431258375646105
4.120926688884829
3.753974127000868
3.186485085559051
2.637140925779922
2.1826034273819457
1.768684439376722
5.011938536146393
4.965052731546311
4.876970719220555
4.724967139235996
4.541265595844799
4.2860430998146875
4.040146799127819
3.4215413722689836
2.8139641957872907
2.3108151925912948
1.8544451562210023
2.5249593175512923
2.437478753065266
2.849879489493242
2.838020003722657
2.6658209687344665
3.1367676897918746
3.0445372447136214
3.388404916876121
3.1611997605604225
3.7905293517542615
3.715149351797687
3.4267888510461315
4.034860300363442
3.8401966837260955
4.164067670661599
4.077215648506237
4.323874673444748
4.3064561049894525
3.9607279165540956
4.484130002018861
4.460934045855394
4.28420479913371
4.593829179466098
4.497362273826774
4.090173085200033
4.365223745435455
4.760292428555839
4.745861381956639
4.611664162127021
4.073001289801174
4.737641077047089
4.391921231885891
4.646348103049952
4.020837334349235
2.308076797488975
2.3338662009748425
2.523471760933387
2.5510280145430024
2.5586427254211324
2.8498319999237975
2.878749788538214
2.884259825902285
2.8670391777316806
2.826148214545736
3.1869992778365788
3.2149941138613602
3.2159750111505696
3.190241924261645
3.1367799246000985
2.986135671218216
3.4202986155462884
3.446304662456383
3.4427169422831883
3.4258928731479337
3.410569166335693
3.383500701673985
3.3478339193497586
3.263333000229724
3.1716068212463493
3.6388453931272884
3.661572485487331
3.6527060963392293
3.6110142001153207
3.578100942746502
3.537098624752678
3.4384181455036673
3.3382188697884163
3.1492957036067892
2.967295049617983
2.620864455119052
2.4668197533183154
2.250330005297522
3.8820261039241246
3.8976896096623803
3.8791038296576232
3.8576333866760746
3.824732357413787
3.776122978975963
3.735471467389404
3.618134875941998
3.5035618161214974
3.3181238902167505
3.0825807626760837
2.924036859183602
2.697123751125664
2.5202596110988225
2.286131574369674
4.010984124936071
4.019514598788722
3.9943145856727407
3.932881846274651
3.887728623453329
3.831483258196209
3.7022410512433193
3.5777112801189705
3.3478407046554
3.1258865560300477
2.954492052020833
2.712202574508234
2.529858323682957
2.277675785034642
4.138638233035976
4.13787093203178
4.101896240494903
4.027364443848475
3.911749744124348
3.632438300872304
3.144653045184828
2.699746518603966
2.2376024288313507
4.204175485652529
4.159268816204149
4.113484442122011
4.014140026945696
3.9390708871670697
3.787472011998053
3.6361851607242786
3.376192757902835
3.1235210169544585
2.9636184560933434
2.65693185459782
2.4665323327158175
2.1795587922420334
4.244928746583255
4.2208243363348075
4.161789455041471
4.062068283794625
3.98340990654195
3.9224877448021602
3.754739868165512
3.5917493871674964
3.29419317660587
3.039893321137588
2.818199964067069
2.5518073494733393
2.3262085163040545
2.051343338890546
4.225701554702311
4.190989920971578
4.124158521131224
4.01323524055472
3.937585854339001
3.8529892109023893
3.674636823592541
3.5115638811743985
3.21522258812642
2.937856774841261
2.7680193109949323
2.4331291387362617
2.209693912451573
1.9245915279989183
2.2036953576433835
2.230222697486522
2.40434695849933
2.4324836449040355
2.4349163562574505
2.7064811815408274
2.7352739764424343
2.734241580976943
2.658291939308187
3.015038376724449
3.0429464375110085
3.0426103678215286
3.0345846865295956
2.9380789559837703
3.2273155883869866
3.251184960584125
3.249601249304062
3.2376163245993426
3.189086712298247
3.1208402847720227
2.9796228773568125
2.825550188690309
3.4229652816795575
3.4430840137845724
3.437662159866735
3.4212558894445007
3.360928864852541
3.284705555904088
3.1212899163471435
2.9519349716444894
2.6159756919458785
2.2489891202259584
3.636398291402783
3.6477896524887554
3.6334428230030302
3.6139035932615227
3.537753797524829
3.4480105430859567
3.2865544813964074
3.0668551364585297
2.6921542185396174
2.284792518486434
3.7470612357903916
3.75125831486032
3.736161799624214
3.7078610106664556
3.6208532977162258
3.5216087905052973
3.3186483169420833
3.1101434722237196
2.7073228932753257
3.851383681042179
3.8445513642568128
3.787584454476238
3.576372535485889
3.1290446172430237
2.6949946619750715
2.236366093024869
3.897985303125542
3.884480423725755
3.860260397472401
3.8159518590158847
3.7063921410791347
3.581494271919763
3.3477261530324633
3.1083810883729934
2.652399975808176
2.1783902116017404
3.9172081171064552
3.885107973488533
3.8420498927476925
3.8024151979412393
3.676297263655081
3.538945753145588
3.268139853883953
3.0257497765954517
2.6601395677606754
2.547623100698376
2.0503043639829572
3.8851363516111266
3.840961987280289
3.7968544739935375
3.7394183686754707
3.6008519801650585
3.4611153477151095
3.1898790475431507
2.9245507416014696
2.4293086684328453
1.923670401309508
