0.6970184322469177
0.7032121731896323
0.6718177848568765
0.6213362341177064
0.5668876866337184
0.5207971193216495
0.4740916547153685
0.4334039692987021
0.3769536029042583
0.29881869669605887
0.7885706359067854
0.8015940033840724
0.8025633571618424
0.7931560656052856
0.7419700100022179
0.6765796560615349
0.6192206598111593
0.5606238367013742
0.5095354778511624
0.46045728903902305
0.4146125256074117
0.3777663642961201
0.3100923177603035
0.8782070313439284
0.8847909721569407
0.8890456872484515
0.8912151476164009
0.8906890632936632
0.8551288056463265
0.7828818250941911
0.7149481101766513
0.6444312300292095
0.5827455763135236
0.5235352428079738
0.46833733069432526
0.42407115619458446
0.3075327682542649
0.9643947302353854
0.9756154527955067
0.977043831104697
0.9763002111956103
0.9728413392586813
0.963460462763443
0.8948893781482299
0.817201955677052
0.733922053315658
0.6604987008342705
0.5899886679537905
0.5243668083911555
0.4718707350605151
0.42025538350216646
1.08880228729833
1.095935642756903
1.099871433754362
1.100022416129263
1.0984503885132986
1.0667842297177965
0.9823606159345891
0.8799637054518631
0.7869569631231308
0.6971409116942129
0.6136589770690816
0.5471065158919852
0.4819501234957733
0.42650139317533775
1.175608247636211
1.1824239077992884
1.1857959426816398
1.184641051882762
1.1822711563637671
1.1752654157486435
1.110330861393955
0.9972905020848621
0.8889188607370695
0.7830015041344534
0.6844316936466476
0.606017057898132
0.5294999505735739
0.46461306790150864
1.0720260523412313
0.9545924403226823
0.8382314610514195
0.7296706398803601
0.643381613011895
0.4882444558284072
1.2780845964232626
1.2864155379451543
1.2793685368332555
1.2670752694667873
1.1578623364291327
1.031516799881849
0.9030681693138997
0.7825706015869287
0.6868201854017595
0.5937661234924337
0.5152353640736349
1.3371440067229128
1.3435349190484156
1.3335655215250106
1.262340951761799
1.1295435617019385
0.9864373567833691
0.8504166650534992
0.742191504395192
0.6372378384236731
0.5489536161718385
0.4667182259041476
1.3801929596143792
1.384937595594767
1.3749596266513724
1.3361827480942794
1.2114973540747587
1.0575743838860219
0.9083542563889196
0.7892387928616104
0.6738624632899252
0.5770555731661109
0.48717386723734335
1.4233456317900846
1.4142340008122871
1.4020787827854988
1.3759499030061795
1.300968353481449
1.243848855884412
1.138415098047375
0.9746088958707299
0.842868076688971
0.7153028142383149
0.6085404196669919
0.5097730788146175
1.4554326993646631
1.4551259863004722
1.4359363344670935
1.3863973905219906
1.2225097601654575
1.0447027350171607
0.8995738486547571
0.758834276648769
0.6412951375924921
0.5329541736354519
1.4828088403615927
1.4710868436275029
1.4591083152361812
1.4192567708939643
1.398739942558369
1.3275598785727054
1.2403609313322432
1.1362966474752736
0.9740849504376788
0.8157429727211365
0.6836770342355956
0.5624779896920973
1.4954555830148601
1.4837785631055496
1.4605417866676933
1.419015377612209
1.367906484931996
1.2959587629129443
1.2260412827605083
1.0485858491278093
0.8725985085053714
0.7255977718124488
0.5912125057543461
0.687307362393417
0.6670697521042456
0.7821815481926556
0.7809046881756049
0.7384289694621378
0.8687419532539369
0.8472214373868114
0.9473493003157368
0.8902185283873231
1.0692564069547357
1.0526210193920078
0.9779315482813205
1.1492029448935013
1.1005513853078712
1.1873894549302557
1.1713056929602672
1.2405142773386069
1.2403086911425272
1.150449843501511
1.29506844934149
1.2933287412780685
1.2481941619756602
1.3368868427698024
1.3138921653561422
1.2045880280053918
1.2887526512943375
1.397021808293636
1.3986764893887056
1.3646067079817081
1.2167073479687052
1.4093864851741689
1.315620416241359
1.3950849230559015
1.2200923340835224
0.6297865977927193
0.6375448232372187
0.6932040268043103
0.7016571134583865
0.7047287208084874
0.790988454871196
0.8001663854976083
0.8029445696415578
0.7996271844386889
0.7898825846537435
0.8944622991261824
0.9038053834898939
0.9056160917161877
0.9002127989384938
0.8871648467737745
0.8485169715044361
0.9678279541297544
0.9769191229904417
0.9777241420060212
0.9741918919846663
0.9706185720842141
0.9640295842318801
0.9550702740454936
0.9333221986763396
0.9093007527808754
1.038296824643611
1.0468603287701268
1.0462970021393003
1.0367163063493825
1.0285102392976047
1.0180439474524519
0.9923211907652727
0.9657551533094838
0.9151505906989268
0.8659326132799959
0.7715850822779327
0.7294222242906107
0.6699247019551373
1.1195808591730432
1.1264299181098263
1.1234352935628804
1.1184804189680837
1.1103778540198714
1.0979419132538453
1.0873312010808238
1.0562222305416833
1.0253861931681338
0.9749903613189906
0.9104433400689483
0.8667665738863803
0.8039695466383421
0.7548571264515923
0.6895585813101002
1.1647632554524394
1.1698540034796239
1.1649966367976938
1.149878185784491
1.1382208693491
1.1233640682457224
1.0887237682780615
1.054888386401911
0.9917899700743901
0.9303958932698152
0.8827300206250159
0.8150855898166336
0.7639527219823499
0.6929705685359849
1.212393131553218
1.2149991626908976
1.2072143464577036
1.1883364911843506
1.1576142962816842
1.0812120484312622
0.9452281368919606
0.8197864682886818
0.6883870178236966
1.2415703957934727
1.232163717107252
1.2206239769575653
1.1943701300095613
1.174035837949682
1.132392794391102
1.090386886294267
1.017490731210272
0.9461607698986536
0.9007949530277659
0.8134034517408253
0.7589137499587876
0.6764411714847888
1.2647078359199053
1.2607563511560922
1.2462281762684166
1.2198237068213718
1.198394901538107
1.1815952869734079
1.1348102164031746
1.0889250488624107
1.0043757387013499
0.9316438672215578
0.8678375053903463
0.7909078107835151
0.7254115572528257
0.6453351297260759
1.268509850651798
1.2614148386230795
1.2444542814378667
1.2145367184597038
1.193656128610382
1.1700993015871146
1.1198090524786168
1.0733965876185296
0.9880615266831837
0.9082571986343415
0.8590516453907061
0.7613530315703242
0.6958754239207636
0.611916565117911
0.603107314698549
0.611206474901664
0.662526535279352
0.6713065803173214
0.6732325814689915
0.7536272100295549
0.7629860387743265
0.7642567286576509
0.7463283403989133
0.8490350339748584
0.858631129111208
0.8596429002729823
0.8582331721792351
0.8348338514650538
0.9164076802103028
0.9251340232070094
0.9257643528167782
0.9235247854251499
0.9120070349641852
0.8946832719187093
0.8577853235342617
0.8168554355638796
0.980185924886473
0.9882625233767801
0.9879307011496212
0.9845199174463992
0.9698238378190063
0.9501732186980837
0.906952115185918
0.8614127248800608
0.7701308795309604
0.669520260497586
1.052631342851598
1.0586163269650446
1.0561291975838134
1.0516592063165098
1.0325554135436898
1.0089803478082104
0.9656222722471164
0.9057475651116808
0.8024686328997198
0.6891480861290702
1.0922400630070568
1.0962871281833015
1.0934290820450367
1.086769757489563
1.0645473676254273
1.0381706468081875
0.9830414344544688
0.9256508167631803
0.8135971480113915
1.1326911788046086
1.1337976480493466
1.1204480279367783
1.064315377435445
0.9404679652066948
0.8183187438149232
0.6879987009891773
1.15589407331133
1.153572696935298
1.148009474880678
1.1368706292881356
1.107828552631338
1.0737593608575067
1.0087838005531224
0.9415006908189268
0.8119897910640492
0.6760700448224288
1.1719668256010491
1.1659276206778737
1.155250770638634
1.1448962557487476
1.1107422291970865
1.0726652518436006
0.9962973338858363
0.927230195790186
0.822097826904016
0.7895830527087635
0.6449996261704636
1.1712345279112626
1.1615954958605645
1.150326592592722
1.1350609804067406
1.096953273859298
1.057712258562489
0.9801300177788915
0.9040619044630258
0.7601293553863216
0.6116148735525737
