1.2033359756082678
1.2154357996447926
1.1665694748404134
1.0839445786514714
0.9940331856231368
0.9175746891147901
0.8398553384176484
0.7719570977988605
0.6774884310798308
0.5462431875417056
1.369418241875515
1.3937197378061312
1.3966772349828223
1.3827874054058695
1.2996088973763391
1.191275139550976
1.0956125442142255
0.9975034531324111
0.911680888139702
0.8289988991101405
0.7515760132461445
0.6892165042563945
0.5743676797144892
1.5338029802408752
1.546050989122916
1.5542876897557745
1.5595441138341608
1.5591458897937223
1.502996788875798
1.3832921920884957
1.2695333204142563
1.1508540031317531
1.0466353521493639
0.9462750532026014
0.8524491720970102
0.7770223557059652
0.5775947095404729
1.6936684528704382
1.7153091286917896
1.7185175520892915
1.7188789632661918
1.7139654305783087
1.6994042400176634
1.5864714819793095
1.456025214728003
1.3152120852760703
1.1904909222131028
1.0702814177293383
0.9580496015554125
0.868008016351606
0.7792347266708164
1.92786528558842
1.9417501357407372
1.9500139505075695
1.9525000565741593
1.9504719751613764
1.900098238837453
1.7586289592016429
1.5845585473692967
1.425405321948734
1.2710241623238117
1.1269891066681934
1.0117724211702401
0.8986046905666859
0.8019816486412923
2.0941346182292953
2.107723930904867
2.1152786625441022
2.1156921940001934
2.1124160611649097
2.1017168802177753
1.994261313796792
1.8018212811836019
1.615519987609224
1.432446196707942
1.2613414638096196
1.1247076012871362
0.9908959997872401
0.877004409093072
1.9405919827698652
1.738258700901417
1.5365037882501058
1.3473915832779182
1.1964701178640047
0.9235997720477875
2.2942175212139593
2.313378444209364
2.3042016966882533
2.284737965356975
2.100343927921245
1.882291110165338
1.6588573074687167
1.4481592925409046
1.2800075605168686
1.1159197570829222
0.976874305433413
2.4122246580175712
2.428137277193812
2.4142120322962137
2.2954000250383513
2.0662263883482312
1.8164655634451392
1.5775993779523676
1.3866401592728237
1.2006435714276682
1.0434947423345056
0.8964443691365739
2.4999660118669733
2.512799309590978
2.4988289029184827
2.4349413560449005
2.2203517600342866
1.9511820928639514
1.6882971380735945
1.4773571496762188
1.2720938146151493
1.0990677424940234
0.9376399065202763
2.5941782419200976
2.5810935729944586
2.5615349210586333
2.5178664606749486
2.38903237389452
2.2895398944847014
2.104531043992705
1.8150569110185644
1.5808855734248497
1.3530173834022803
1.1613800494442215
0.983184960792673
2.659797520254705
2.664003323736889
2.634349325948796
2.550640703403254
2.2643390689407505
1.9493388453908906
1.6904701072287578
1.438095350184331
1.2262457023777398
1.0299240265267606
2.7302021231208795
2.712031484861246
2.6923412663766872
2.62459020503167
2.5890791865472114
2.4644573727417765
2.3103257395368995
2.125084177869222
1.834641520730369
1.549423303044604
1.3101805616426763
1.0894811739338495
2.7685161913281955
2.7500001897683437
2.7110736659383754
2.639364608195569
2.5497639628112725
2.422304431859689
2.297603851243131
1.978990323202904
1.6607666657961635
1.3933758661854911
1.1474923296117272
1.1891818671405356
1.1583862117375248
1.3614512791368352
1.3615595889201726
1.2934358632249803
1.5219723960739886
1.4891483072772227
1.6710566762788426
1.578200257818379
1.8986576726517779
1.8748634153049637
1.7506879002743705
2.0550398974215898
1.976653191615319
2.1254798390924963
2.1076893070135974
2.2305746348642437
2.236301014824329
2.086832713072628
2.340158278276012
2.3433903891796084
2.269535704416744
2.4292492096527085
2.3940769204503427
2.2075988323519593
2.3664313797274747
2.5546857457269176
2.565475484965296
2.5102320432662926
2.2534926153894324
2.603099966541457
2.4420808349427645
2.594411097235886
2.2863291974894646
1.0915983866310393
1.105852536076105
1.2073392152648932
1.2230698431928353
1.2295634501087669
1.3879908836030777
1.4054454366560984
1.4118124434174313
1.4077618091143065
1.3926250560346058
1.5823310406052982
1.6006506433190908
1.6057178505896401
1.5984158148117347
1.5777784845695562
1.5139969332346828
1.7224168369112467
1.7407215013246509
1.7444132505839782
1.7396647900220408
1.7342641722078254
1.7238888269114236
1.7093802876631312
1.6734351270560657
1.6331687359090545
1.8592127092831454
1.877141777424441
1.878611534374945
1.8643999541500176
1.8512236876200698
1.834065817564338
1.7911489177497748
1.7462106501295604
1.6599035631905075
1.5753834874669501
1.412496321390111
1.339443542327047
1.2360643305529802
2.0206503262433806
2.035982938335196
2.033614430393692
2.0262667418212525
2.013437842547938
1.9930499186023296
1.9753534502233525
1.9227853917153541
1.8700436095919337
1.7831830992943978
1.6712302786422764
1.5951812322738508
1.4854715067650885
1.3994689383301924
1.2847703056600839
2.112948278947808
2.1255495781613085
2.119932979028337
2.0960614331296243
2.076818005618289
2.051860648591817
1.9927938506415197
1.9345106025695271
1.8249470382001622
1.71772139015903
1.6341352166671335
1.5151908114539685
1.424991937314292
1.2994566026719176
2.213685822502956
2.222134801603778
2.2115515149520926
2.1809795223925637
2.1290662066212107
1.9968295167398833
1.7579502216683374
1.5357330471493318
1.30155063172888
2.280507413848604
2.2683132768144714
2.249775893747907
2.205661881665612
2.1707684760852732
2.0984846644094066
2.0249373107276942
1.8963386491934957
1.7698499859706962
1.68910348321781
1.5330508743089837
1.43547207100484
1.287210433957079
2.3383701384341165
2.3353858649310437
2.31263273239112
2.2682680368686516
2.2313566566688126
2.202131688032846
2.119977424412212
2.0388016281494235
1.8881391528819107
1.7579012038762574
1.643096938335428
1.5043609377255664
1.3858449350504862
1.2404672813031092
2.3585811815269344
2.349873428516628
2.3225351378976384
2.2715087737966995
2.23519462192166
2.1938820907315346
2.1048382951819744
2.022043836261144
1.8689158118526368
1.7248669744272445
1.635846064155533
1.4583756489758875
1.3390113883754025
1.1854194241248885
1.0475300028268058
1.0625424115838038
1.1564006643849463
1.1729058276031843
1.1777447684320896
1.3254236415311855
1.343467754697473
1.3475739556294677
1.3199942453994395
1.505506935297819
1.5246338985979555
1.5277865073808539
1.526338548489436
1.4895690599018425
1.6349295466315492
1.6529019907055278
1.6553719946653611
1.6528338534377054
1.635143034070526
1.6068532560906086
1.54513996401962
1.4757811970135275
1.7596032702037232
1.777008423464874
1.777958806726416
1.7734722686016633
1.7503910503422722
1.7179219848727802
1.64496193158122
1.5671152965224224
1.4098154678487416
1.2353112953264611
1.904839445436355
1.9191075670050592
1.9167528429711602
1.9102005305538825
1.879452590690087
1.8399392349997148
1.765933232190376
1.662544623489874
1.4826724523642023
1.2839965438979404
1.9867405300864192
1.997758910932792
1.9945634968896047
1.984576983619287
1.9482271101610682
1.9036252143624748
1.8087176682505866
1.7088822322926687
1.512394032203537
2.0740068841998647
2.0801019055697703
2.06015423190849
1.9653449128469371
1.7490033604989605
1.532948902628701
1.3008049519392275
2.1294228317028066
2.127369542412516
2.1192729295516495
2.1014162588974243
2.0525246602531793
1.9937474275064189
1.8799342866792337
1.7610300162005612
1.5303492056749644
1.286491987656296
2.173418673427934
2.1670026107860836
2.150173037848293
2.132999919385126
2.0745112592910067
2.008003359057456
1.8727604837480738
1.749459676759094
1.5604621445921358
1.5018004303059518
1.2398089586922232
2.1843466708770913
2.1713557390645715
2.153110901740631
2.1274106130590216
2.0613467182894745
1.9921195022860252
1.8537059185200164
1.7167803166557711
1.455989682304355
1.1848216247794139
