1.9365823569941403
1.9432198832266256
1.819222543229465
1.6495188273034698
1.4726358600077631
1.325776806855389
1.1790817996505625
1.0530100814016825
0.8806352532467494
0.647140261920621
2.1412699585874546
2.1643620788466436
2.1581927578513476
2.1162955045414544
1.9409087159897733
1.7315190649055527
1.5526233877719775
1.372950481162194
1.2186601534316357
1.0724693938523702
0.9376412790117921
0.8305571594461357
0.6371880265758115
2.3316917288695445
2.343951227771621
2.349740948085776
2.3457552656030276
2.340961885200329
2.209081476964362
1.9784906332903776
1.7700133455949325
1.5580385594941768
1.3757289380726447
1.2033346853618683
1.0448509493190035
0.9194263595752267
0.5972807763558502
2.5061265376870514
2.5226476944419955
2.5218869775919055
2.509494864406656
2.4933265321571643
2.457292338342496
2.234950926914687
1.9992475930177889
1.7532994879519612
1.5406136890142088
1.3396651814640625
1.1554667965163978
1.0102081039284707
0.8694005306892381
2.74189121618356
2.752182180819622
2.754278043448925
2.741515384260566
2.73315082731436
2.6206859102593936
2.3638211462829313
2.067608114588933
1.8053709451840467
1.5568621978964614
1.3297752338112692
1.151602618963887
0.9799098562356008
0.8362236402933455
2.893448752491723
2.9017394090568236
2.9012151063721454
2.8843318886308813
2.873184469214804
2.846015558588927
2.6415774523658127
2.316779048337938
2.016321374130417
1.7290252917711177
1.4665808437469137
1.261337618363056
1.0644154241426158
0.9004084842257132
2.4740662409791017
2.151170274394529
1.8390322459520045
1.5535157396048662
1.3305800498051243
0.9400692612848012
3.055800711732961
3.0528363452713965
3.0174050336710563
2.9742597244243343
2.6533162176271072
2.3081821305815975
1.9675199097130112
1.6547290296794264
1.4107779252619859
1.1779586202442818
0.9852634523871767
3.1376927635091945
3.129612638485881
3.08522236921931
2.8691775402818136
2.506847887577765
2.131784725906823
1.7839097335285854
1.5125866980078109
1.2544062782646719
1.0415864606849168
0.8472728954452854
3.1899978942663574
3.1792423683570394
3.135486142067383
3.014299962370501
2.6716807598474563
2.271152205678716
1.8936981589189739
1.598747783819185
1.3186348078916224
1.08844983357393
0.8790607763134296
3.2127317472704298
3.1748364647354976
3.1347567986985148
3.0566563397337005
2.8500842942655487
2.6995063878944254
2.4286213076626306
2.0186860164034113
1.6965698237476723
1.3910374810235506
1.1407414740660247
0.9140727539185756
3.2536308625918178
3.23023775152269
3.1612882516748373
3.018392670279976
2.5914320851149233
2.150306116350713
1.7996280776845808
1.466859164354123
1.1950995506350992
0.9499244069754003
3.2221437047782424
3.1808911923850243
3.143916890317909
3.0316496817428606
2.9767150497158488
2.7930616629442144
2.5751035053110933
2.3213474092110213
1.9344503220930718
1.5656204938830007
1.2652622430984084
0.9954258754664728
3.1840912694645205
3.145271861321798
3.077577013140485
2.9661242881614407
2.8351702802534815
2.657042234595307
2.487813968693303
2.068531794383532
1.6638573993197237
1.3340271820895644
1.0394776303137891
1.890987013294391
1.8061106197461139
2.1024186671510185
2.0831150477053977
1.9315542149042992
2.2757617574760793
2.188533241914325
2.416115082747472
2.2233154112627327
2.660854145302338
2.5861445615834966
2.353284156648382
2.783604222283897
2.6186419215823165
2.8680784086964843
2.7691205331495348
2.94570240283658
2.912553449644014
2.636697943788828
3.019026983663768
2.9819392719765103
2.8377776645414254
3.0507443814272763
2.965278585357901
2.6568782622570537
2.824116114435166
3.1152899547326336
3.081706664041224
2.9724156243584523
2.579559157723671
3.0252037463325854
2.7688343412563947
2.917927741786761
2.4762312276535683
1.7211603214601734
1.7362508289283751
1.8585876649963808
1.8740002093372357
1.8743353715101454
2.059671505600598
2.0745529648890626
2.072148544460256
2.0523598769572082
2.014882493802421
2.257454416826644
2.269936877128523
2.263215495771418
2.2362294844550012
2.189120912813119
2.06556968607038
2.3873405894832027
2.3972405812782567
2.3862108631527073
2.3687695496362164
2.354555291987187
2.330748523793577
2.300683867989979
2.231922722257906
2.159247150622214
2.5022736714501717
2.508364046924026
2.4933524695329474
2.454305159253433
2.4263902355707603
2.3927548652102386
2.314234914512908
2.236549185238922
2.0925522513278025
1.9559242679313102
1.6992171828273144
1.5861617125241618
1.4285326830562486
2.6191599176013236
2.619463163538216
2.596652865625491
2.5768298021750127
2.5486768250449967
2.509119376128997
2.4769570105694845
2.386291066737328
2.299733416042629
2.1618849399158226
1.9892222698607693
1.8740842330891958
1.7106446654776197
1.584095329004265
1.4179472974617708
2.673223401330186
2.6677283408401116
2.6405130945264843
2.588121953569109
2.5519770778611965
2.5081778775124066
2.4102681534072405
2.3177750623312314
2.149831367835856
1.9897929059607713
1.8673441117549339
1.6955046049018703
1.5672441604213558
1.391126694774668
2.715721131775513
2.7034946999245393
2.6685171944591457
2.6076000566360684
2.51900941093695
2.3140923401548568
1.9671172595510427
1.656898806402781
1.339721014473174
2.719187600993072
2.674590615299908
2.6370307008606546
2.5605070380160697
2.5047003688305507
2.394367301537439
2.286107921953025
2.1030113268935886
1.9271452885666929
1.8168289432430278
1.6069060776144926
1.4776515590666366
1.2844182428404949
2.702846310801053
2.67484070190633
2.625344996559525
2.5490497268357286
2.491254686787747
2.4472669821769975
2.3283045442762744
2.2144137096243184
2.0096382808273217
1.8361378243262507
1.6873850483747164
1.5092834877961219
1.3597554733633481
1.1791674592540098
2.6544362746722743
2.619903693822896
2.5661046783843293
2.483630973219602
2.4291631523831234
2.3691707034844165
2.2449948992235926
2.1331667886226526
1.932360565628993
1.7470870401772802
1.6344542559167412
1.4140988922459523
1.2685565891879649
1.0844797456882362
1.6338421421360998
1.648763849688591
1.7603610983337665
1.7753727952146658
1.7705127507255105
1.9440968967404868
1.95787736532424
1.9493096437933781
1.8789569295834474
2.122240412216785
2.1333776117426884
2.1278303704823958
2.1181335337969913
2.0325397814142834
2.2379395615905238
2.2453482548746577
2.239237629461641
2.2255685526218114
2.1816058243901715
2.1250335049123423
2.0129027220957476
1.8937446942904959
2.3381671583189165
2.3414244611667483
2.3322346080562943
2.315307325159392
2.2627335907306527
2.201172458941306
2.074218103036508
1.9459641029192782
1.6961093842081125
1.4277018892458284
2.436552690479987
2.432541730778152
2.4157711428425
2.397608540476039
2.3341497543191876
2.263896493067338
2.1416958067480927
1.9792794366731035
1.7075672976434964
1.4171404970937915
2.479833124560828
2.4706760493906788
2.454241904622315
2.428707682934463
2.3582748622074314
2.2821380642505025
2.1314784854469444
1.979997892857792
1.6925341279297648
2.508761342318289
2.4916137839208683
2.4407059461439955
2.27916735696189
1.9576015240361413
1.6540680910588368
1.3390069632392358
2.501897151719455
2.486527335912979
2.4645363385908885
2.4281825797973493
2.344306232209241
2.252553454956733
2.0857356058809566
1.918061172797782
1.6042524288439928
1.2837559508174394
2.4747994258770625
2.440738283448049
2.405045582577134
2.374245948839126
2.2809203237461695
2.182728236535209
1.9941989473239172
1.82785561332678
1.5820203861050262
1.5068963668726651
1.1785963669503572
2.421251600271259
2.3798232217874267
2.34465204529409
2.3012172732500047
2.2011649694876483
2.1033982265551776
1.917593042512039
1.7394329228407786
1.4119636799757895
1.0839858713606239
