0.5319792952261803
0.5355868146993698
0.507581131501125
0.4657257306382481
0.4212220197810216
0.3838418237032923
0.3461727869697085
0.3135278476138236
0.2684780186439413
0.20659482872998786
0.5961104011951228
0.6046353110835514
0.604399913869196
0.5954634136262821
0.5526199495909927
0.49948105634666073
0.45337462732819106
0.40659093227707394
0.36604245795730106
0.3272928816355136
0.29126523418685685
0.2624319330420354
0.2097870703796177
0.6576927618054771
0.6620506434006574
0.6646277849593498
0.665160890822127
0.6643835965863134
0.6334538601298403
0.574796036067063
0.520556498077472
0.4647265412157785
0.4162169880300271
0.3699218995005026
0.3269881348692161
0.2927260671502866
0.20330818887237057
0.7157747282511956
0.7226755715116924
0.7232274914576359
0.7214728505749369
0.7180751620887805
0.7097553598936763
0.6536427713156776
0.5919051773866255
0.5264657100538856
0.4692205376501987
0.4145969064695071
0.3640539414544965
0.3238371659552508
0.28450176591486087
0.7974966773765072
0.801828494039381
0.8037971403305108
0.8023591057329852
0.800687180048779
0.7735760148020575
0.7063516767930698
0.6265932546271703
0.5549199489320659
0.48622851476290646
0.4228048026678176
0.37255187219448005
0.32364814451733703
0.28229373470010977
0.8527864660068059
0.8567180650102834
0.8581139888534419
0.8555854597754695
0.8532246856624973
0.8469397842368163
0.7943645630114136
0.7065513929484487
0.6236440638987074
0.5433376517746362
0.4691528546658339
0.41053007791626867
0.35369794178272473
0.3058368074231422
0.7572776068378806
0.6677561253204547
0.5799595427589436
0.4986968755439009
0.43455765631832893
0.32040705200207314
0.9158043195657859
0.918970398571374
0.9116255073758154
0.9011094379828413
0.8153349181273558
0.7192863966838733
0.6228516153132566
0.5331734370135464
0.4624412482383551
0.39418635080099285
0.33702802282468514
0.9505336340144314
0.9522076904487415
0.9424900808607484
0.8856666018108373
0.7847421992591673
0.6778588321238512
0.5772914464838357
0.49791516611925407
0.4215224195828031
0.3577642360133132
0.2988377335382497
0.9748381145752364
0.9754589210807896
0.965787407760653
0.9343738050200291
0.8392805965805001
0.7246745141956399
0.6148857308133947
0.5280018979861496
0.4445117744370347
0.375027234521889
0.31103802115870294
0.9953359385675736
0.9867435503793001
0.9766166979292211
0.955876459626088
0.8985936993890208
0.8558164205463442
0.7777412413841539
0.6577887809248801
0.5622371251421485
0.470480555537686
0.3943443283519622
0.324501219505573
1.0135185507161644
1.0103499378717715
0.9936263628412157
0.9549287925054164
0.8327937344248232
0.7030874558765153
0.5983781632787537
0.49773037496011907
0.4144216864854006
0.3383016019870461
1.0202836389324121
1.0101383487367315
1.0004549269373058
0.9696403342807944
0.9541465668931779
0.9013063179787267
0.8374845954079593
0.7621379971238246
0.6457750040760577
0.533299108737407
0.44036699659649114
0.35585736234520615
1.0201139280973495
1.010287933089865
0.9919883359171927
0.9605836287806465
0.922743632591379
0.87028736959138
0.819821746926812
0.6930589535763673
0.5687681863340153
0.46599539325331474
0.37291322229565427
0.5225515592310811
0.5039580130061097
0.5889116223341407
0.5861928281050507
0.5499676055449942
0.6471358912256227
0.6275733741635239
0.6978603593887283
0.6502305936363099
0.7794244445954335
0.7633260422639438
0.7031791951829911
0.8282284235530959
0.7874042316008504
0.8545633164672878
0.8356336969804007
0.886382796895954
0.8822049795712574
0.8101602753780428
0.9181340723961668
0.9127595241611602
0.8758352434008119
0.9393038654546587
0.9189464269552153
0.8345508491303416
0.8902609507948567
0.971841667334586
0.968165918647371
0.9401150043880595
0.8289000660358813
0.9648398727188986
0.8933242272668259
0.9446395893954593
0.8159142963812959
0.47746262345414275
0.4826980552981822
0.5213840366997861
0.5269570458527071
0.5283974680947517
0.5877141108525692
0.593524513123495
0.59449448815664
0.5907493470782096
0.5821053345192494
0.6559308739547581
0.6614976763375224
0.6615041326285843
0.6559658777204636
0.6447089407602664
0.6132364371417389
0.7029101826208692
0.7080303516472016
0.707058183702818
0.7034427243852427
0.7001955847042534
0.6944953738132618
0.6870204787184243
0.6693785510351004
0.6502819855913441
0.7467011307172443
0.7510987478931284
0.7490285721162931
0.7401789379617001
0.7332749340418507
0.7247050790873739
0.7041485156573729
0.6833329931970702
0.6441648054341694
0.6064682746684882
0.5348257192401321
0.5029973421948392
0.4583021516437975
0.7950701156057809
0.7979832208829819
0.7938791073621504
0.7893266660088538
0.7824146464150341
0.7722612975573128
0.7637967006876201
0.7394252197896115
0.7156860029069361
0.677326285893544
0.6286699738743623
0.5959491547616477
0.5491560429766206
0.5127058873831295
0.4644908177570513
0.8204597576148203
0.821877616730445
0.8164160554100574
0.803511315609268
0.7940946394038277
0.7824021268212571
0.7556127026967927
0.7298534458218705
0.6823851487064998
0.6366112664019935
0.6012977364954033
0.5514105485182504
0.5138959239411615
0.4620465281016073
0.8452302978594485
0.8447225657261757
0.8370341910585049
0.8214500152147654
0.7974503446356315
0.739745010933971
0.639288662883877
0.5478418715392074
0.4529941840736388
0.8573591456554382
0.847725893134795
0.8381466835411832
0.8175100670527053
0.8019772231908812
0.7706810359545394
0.7395050027997794
0.6860157199399572
0.6340931938365272
0.6012628625887843
0.5383443023089602
0.4993113121351535
0.4405275618369516
0.8642662681485855
0.8589635149569621
0.8465709971180013
0.8258656445140142
0.809608940528976
0.7970402417426337
0.7625009102561129
0.728983373377795
0.6679194131528425
0.6157829119445544
0.5703767492195039
0.5158567242405051
0.4697209898946788
0.4135569844497951
0.8591533637367692
0.8516910159746951
0.8377266496203462
0.8147645546459892
0.7991609936667745
0.7817388215941846
0.7450875289436023
0.7116274859284158
0.6508968071043134
0.5941391854499677
0.5594038823634752
0.4909777288286098
0.4453645830784647
0.3872147077875606
0.4556248225398478
0.4609941211890425
0.49649629987469085
0.5021673058815846
0.5025005191209048
0.5578309974785035
0.5635869579779773
0.5631685170384891
0.5470908686652235
0.6201704307099101
0.6256836680744312
0.6254705423632424
0.6237093692091755
0.6033713345978391
0.6628400885486613
0.6674913856632787
0.6670272194872394
0.6644165155128867
0.6541600044487758
0.6398816107544444
0.6104730888510902
0.578472342565545
0.7019581179772884
0.7057888653663574
0.704521912076948
0.7009943322593587
0.6882970355760044
0.6723917855412991
0.6384441691798088
0.6033336465618325
0.5338299514732012
0.45802970818113703
0.744274071379684
0.7462681800482629
0.7431231633476272
0.7389758106965745
0.7230234562953604
0.7043568563626378
0.670893472979257
0.6254691617578562
0.5481465832691363
0.46421953888051565
0.7659599419213795
0.7664660254424943
0.7631884414362539
0.7572017284042213
0.7390319704880388
0.7184303182915236
0.6764472361511039
0.6334122872497954
0.5504211145446596
0.7860135727236298
0.7842354597597517
0.7721904767023617
0.7283527164205376
0.6361238209690262
0.546880553651643
0.4527448283143164
0.7943339640837053
0.7913757805864546
0.7862418618835424
0.7769682263448165
0.7542220797858633
0.7284098769873705
0.6802469324050676
0.6310285248433305
0.5374291573461445
0.44029234882443924
0.7969445138221437
0.789979628877144
0.7809516868911676
0.7727059670379203
0.7466145417956701
0.7183058370183771
0.6626530539820579
0.612927282684355
0.5380402202851611
0.5150141352151537
0.4133485308628966
0.7893082894604323
0.7798875476131568
0.7706795050994861
0.7587627511817998
0.7301711853208473
0.7014355908255284
0.6457832394941132
0.5914579138331639
0.4902101098407085
0.3870304041762111
