1.272485851397698
1.2844554438930125
1.2295955636773925
1.1394959402101157
1.0419468217805608
0.959208336996575
0.8752541016890434
0.8020262789416381
0.7003023972411598
0.5592639958817075
1.4431457078461993
1.4677718899730408
1.470136070690913
1.4540430878778203
1.3629633411978765
1.2456509437956633
1.142452221588962
1.0368499830656803
0.9446462259352758
0.8559590828652198
0.7730248804818431
0.706305298094818
0.5836042655411046
1.6110227920526805
1.6234511561278757
1.6316297686971912
1.6362857218970186
1.6355593624942644
1.5730336808334175
1.4434174702283533
1.3209860070730406
1.1936258885761641
1.082029721192999
0.9747600657678995
0.8746311584547477
0.7942496257057536
0.5821762059540492
1.7732084492060427
1.7947316505838975
1.797678488016306
1.7970715692732928
1.7912393292088093
1.7748573745686782
1.6521469618981517
1.5119793705164568
1.3612762654577681
1.2281456674383715
1.1000944950735299
0.9807535796540643
0.8851618395797407
0.7910567497542145
2.008772699604575
2.0225050231728385
2.030354200238615
2.031634005480305
2.0290805156831544
1.9732095247799082
1.821021604121037
1.635311204217268
1.46615634024286
1.3024887959587426
1.1501130230538588
1.0284563810900078
0.9091780111311343
0.8075266962055301
2.1743430468666998
2.187607216993387
2.194536689368624
2.1935091756777503
2.189549003777099
2.1773869867588567
2.060938018374163
1.8558047703730518
1.658330599384742
1.4648774618426952
1.2845092436164247
1.1407844745207452
1.0003120882818213
0.8810018230324147
1.9964007741444258
1.782216249016634
1.5694152375702233
1.3704765163171093
1.2120733799977976
0.9265705181870015
2.3713857727302385
2.388716855189188
2.3771827221130706
2.355525194967791
2.1580201739997396
1.9274245845480236
1.6922065584397754
1.4710515373378543
1.2949857500338657
1.123567308102484
0.9786412187684981
2.4860674649281274
2.499890520251969
2.48314565285246
2.354970963594002
2.1126108510845936
1.8501952037768843
1.6001094736506876
1.4007193900829804
1.206987814122957
1.0437203830995152
0.8913159067248728
2.5703739950277846
2.581077567292412
2.5642965090909873
2.494860583783587
2.26756100487032
1.9850839077752216
1.7103718299381336
1.49059162993991
1.2772830672093138
1.0979349285543225
0.9310822472704886
2.6575783771535164
2.6421033331017956
2.62054070396287
2.573476812943127
2.4368790365897457
2.3322277287178506
2.1384616700188936
1.8365172406137242
1.5930718047159351
1.3568396816409685
1.1587023749457948
0.975016575771797
2.720410146023845
2.7218965895340665
2.688379392238293
2.598739323145966
2.2981097027987754
1.9700267413693742
1.701461902920952
1.4404239537325436
1.2219220287186787
1.0200758451569765
2.7801354849525035
2.7596282416523827
2.738186771157564
2.6658927762520763
2.628397653487772
2.497704435358543
2.3369653104226518
2.144571340683141
1.8439327823293483
1.5497125401208525
1.3037251023936964
1.0774552023699913
2.810053135343056
2.789438579812378
2.747525064799258
2.671701512524265
2.5778056242168885
2.4450552325234174
2.3156877547462313
1.9864337631132607
1.6589203394684402
1.3846730286581623
1.1332947244795282
1.2559665849355928
1.220930246567849
1.4328979695791444
1.431635256717302
1.3564698492982363
1.595815605373121
1.5585060741742083
1.7452015654767272
1.6435257686267277
1.9751516033322563
1.9470032748699424
1.812804553982026
2.1290618621247837
2.0427641829904704
2.200615899822531
2.1757053954477037
2.3033580899367347
2.305685058920232
2.1441754665127664
2.409530984000421
2.409108901186403
2.3285175877090665
2.4931173757435388
2.4531321235614456
2.254589441207477
2.4139243251077485
2.611929759744055
2.6183973197834014
2.557756473482491
2.2871600555410088
2.645961152033681
2.4751519677629137
2.6264611640680138
2.304399731389076
1.1517086990553667
1.1662797395689353
1.2702484436596992
1.286212329913561
1.2923722919384946
1.4539657684648868
1.4714626324402644
1.4772549703926279
1.4719649291267625
1.45494425345696
1.6497257911561491
1.6677775309500533
1.6719594001522435
1.6630184349699084
1.6400514477527086
1.5708240464512935
1.7894926125936452
1.8072642252650415
1.8097690043575951
1.8039282168228017
1.7977505118131105
1.7861719571854888
1.770247863051714
1.731265935277374
1.6879553430354017
1.9246773317641501
1.941715590770678
1.941778891385407
1.9253301825445572
1.9107935629717443
1.8920949219865209
1.8458043446985768
1.7977227046742223
1.7058162304346711
1.6161693667208896
1.443929847951545
1.3668387384213168
1.257920566397643
2.08213077362099
2.096187665780871
2.0919611351625362
2.0834504556191185
2.0691734308689487
2.046952376401841
2.0278582831747083
1.971574764024023
1.9155045161488404
1.8235720896981369
1.705513281962751
1.6254952736495036
1.5102821512865927
1.4200816671469394
1.3000013397055599
2.170716279592266
2.181685277299533
2.174039437732411
2.1474226063363426
2.1265311295166933
2.0997157454049447
2.0368059101858353
1.9750982833806792
1.8596362844782255
1.7470175879825762
1.659431317539992
1.5349891435464442
1.4407936120240488
1.3098851432594445
2.265519546886949
2.272002847804756
2.259037681927377
2.225457485491869
2.1698656509403924
2.030245656811328
1.780200863906216
1.5487196990217538
1.305600077743974
2.325727800470156
2.3103114977983115
2.2898632922070297
2.242457264604597
2.2054267472142635
2.1292331208584994
2.0521009277923508
1.9178245766735071
1.7861471661412553
1.702269046844896
1.5404708511023069
1.4394530947610003
1.2863509004587206
2.375428368173554
2.3698616863199957
2.3443357366248905
2.2966505415011222
2.257562111765084
2.226793394952476
2.140777556629361
2.056156601289502
1.8997632518414385
1.7649497256059024
1.646446130455514
1.5034245618082074
1.381483169661227
1.2321872246443544
2.3879993242025526
2.376552543945819
2.3464100341634184
2.292043536553326
2.2538031115856705
2.210513821573977
2.1177327857312793
2.031843428381931
1.8735378380783092
1.7251101330233314
1.6335270874698473
1.4513524273370861
1.3290722506772836
1.1720424919174057
1.1039093705330556
1.1191814113184317
1.2151644144224751
1.2318209893933243
1.2360373003488923
1.3866400137763517
1.404591859112852
1.407786987699169
1.3765917808082917
1.567523897069884
1.586206628181018
1.5886889839536573
1.5865612304166188
1.545481911670942
1.6962115679480358
1.7134482787961056
1.7152198939266354
1.711728466334582
1.691687629054831
1.660788912192062
1.5943211253553307
1.5201843284366543
1.8189308878513202
1.835219996051243
1.8352934164111319
1.8296924690973584
1.8038857820941152
1.7686633841770334
1.690501542774378
1.6077128481667902
1.4412001018440084
1.2571581529504576
1.9598360663691408
1.9725006983259699
1.9688182725714294
1.9611726909764553
1.927286294787392
1.884774527857414
1.8059988087257728
1.6966877490776002
1.5074514095994052
1.2992236179208891
2.0379082817520016
2.0470665307472893
2.0426129826995365
2.0311198303951117
1.9914391302623429
1.943697369808499
1.8431752166094055
1.7380736596578428
1.53217329034594
2.1191326889441866
2.1229801484406177
2.099959296717879
1.9983980873895326
1.771195958147508
1.5459323795352986
1.3048588604966016
2.1679827081911283
2.1645875917391226
2.155083363108167
2.1353414082286624
2.082858691259615
2.0206763504150045
1.901338908689778
1.7773068363277675
1.5377781201196634
1.2856400759047455
2.2040482818430145
2.1947386695568327
2.175930099821533
2.1573244996386753
2.0951646575957117
2.025307256607522
1.8844039620902193
1.756541753302252
1.5613501120685858
1.5008898329607994
1.2315411469658584
2.2077186959770505
2.1916654606263406
2.1716008711581125
2.1440007627087034
2.074292383468788
2.002000103310485
1.8584142276170583
1.71709367300073
1.4490030151052362
1.171459388280657
