0.5510598196737271
0.5434061076607575
0.47973229445964893
0.4117182143766152
0.34621807828148726
0.2946961621080346
0.2455797813655989
0.20529192163156754
0.15324135007179082
0.08910338086423747
0.578270125005637
0.5741588797397287
0.5656722159393267
0.5424359244548568
0.47115654651911393
0.39618202728013063
0.3361068673606057
0.27871193099046926
0.2317494158770601
0.18931865954706872
0.15207677794615
0.12392330669539581
0.07677434209076386
0.5974099587815556
0.5964615901455379
0.5937786144419591
0.5857210641618826
0.5821128392172382
0.5239584988804653
0.4425574704905149
0.37482347507097447
0.30963420616346843
0.2563166108177396
0.20829059666736852
0.16631635392320732
0.13473298316113155
0.061584077788002047
0.6113313364501513
0.6065125169961373
0.6033221560061588
0.5934373888647659
0.5849298275890413
0.5689521463173507
0.489493466062798
0.41477400005577525
0.34163008654340526
0.28165591023390174
0.22774536804520712
0.18080855185493827
0.1456479959993048
0.11332313425791857
0.6232235325188329
0.6207480693063887
0.6164534112924073
0.605750913778513
0.6012831331309463
0.5575568221099366
0.4766524857267141
0.39198851129350404
0.321540537357681
0.2581985197883723
0.20330373471592808
0.16243585162736754
0.12512831276707967
0.09570289581947784
0.6250410394900507
0.6219360390423827
0.6168362645391277
0.6054627113897987
0.6001844323389645
0.5890372118125282
0.5224050735911284
0.431031686129591
0.35271158888371607
0.28193455024562125
0.2207399548800181
0.17530947050898354
0.1340773580854813
0.10173732481510422
0.4552958768978458
0.37238402563261386
0.2969348542994599
0.2317050844870571
0.18336608570883658
0.10544794886337928
0.6192485143087021
0.606836709449884
0.5903714427713695
0.574938671160308
0.48255574023921544
0.3950511637975407
0.31430091754223155
0.24431818146120515
0.1926348137373231
0.14598799336238596
0.10965619547807266
0.6101518025912236
0.597311037387411
0.5787444158858823
0.51473105025341
0.4233611492523268
0.33628423944552455
0.26032637252003477
0.20431338391256115
0.1539293801408156
0.11486490529945279
0.0814768604071042
0.5999583923633109
0.5877658259235916
0.5701178751774101
0.533431013810144
0.44650880017766453
0.3547029155182472
0.27380272613776047
0.21410770349564573
0.16053691485847468
0.11916511701254105
0.08392765722195474
0.5722481382001948
0.5578943520389408
0.5452801858510017
0.5232470581420376
0.4711223390476101
0.43577975504120176
0.3752909165960628
0.28898105757347314
0.22509716973823138
0.16790432143787853
0.12388635179450579
0.08657700971561769
0.5683486941295769
0.5545042442163072
0.5316679001540326
0.49376977452324433
0.39629811787081054
0.30478527268051897
0.23659035789210417
0.17556495095659563
0.12875182955735512
0.08924688357184267
0.5274798392588037
0.5143978673366035
0.5040171631049006
0.47567216674590307
0.4627241623750391
0.4218485110175271
0.37595809761780535
0.32512870508955183
0.2514463354594875
0.1854255525942417
0.13495223505175316
0.09261401629271106
0.4978069561716013
0.4864203342861818
0.46897184287183125
0.4430563842117694
0.41454229776333396
0.377967025121159
0.34453051572431614
0.2660004926490379
0.1950641332760035
0.14096560710411876
0.09570266493684039
0.5225068013170373
0.4762503790194046
0.5510197111713125
0.533942852627107
0.46890593396969876
0.5611517548625617
0.5191590290972294
0.5596227816613321
0.4870150898368143
0.585888194427711
0.5504626158481557
0.47461159822308635
0.5766434505170894
0.5180671796235745
0.593375659137054
0.5419089145127808
0.5865776748260422
0.5635978173742927
0.4796928566382463
0.5773389732108563
0.5545392352099678
0.5094093641253257
0.5555901506273307
0.525255718057882
0.44418434669723933
0.4670951167463644
0.5406292905581163
0.519136482017181
0.48672573691823096
0.3946024374550507
0.48019223104353376
0.41843398101021684
0.4363454239421234
0.3430379774669992
0.4684938753774289
0.467168645003904
0.4836304271079705
0.4817474926536405
0.47580593037390245
0.5010502007314308
0.49820483873880156
0.49107857515453457
0.4790582978979439
0.4624036432240838
0.5117505878341302
0.5075679236460248
0.4992236452904074
0.4853515878945508
0.466731292400445
0.4249315870976486
0.5143118555859094
0.5091868987303205
0.49953520336858775
0.49104194703910536
0.48508445043770415
0.4759840137202142
0.4653898934826438
0.4429644271849869
0.4207803506745454
0.5120738038555938
0.5055414311836434
0.495397130368891
0.47942595549547684
0.4696764134666067
0.4587334316199216
0.4349034788487129
0.41277665795566615
0.3737476723574329
0.33838434779292026
0.27510122350551147
0.24831167648564845
0.21217475845582218
0.5020434550708046
0.49445154779258266
0.4826117530868622
0.4749976895804011
0.4653857273201602
0.4530771186048237
0.44366291942055885
0.41849868655349887
0.3958753537340568
0.3613914454519394
0.3200921822271345
0.2934519291864076
0.2567887190104207
0.2292075630450685
0.19418266552787014
0.4912545574803741
0.48237289602098615
0.4701568804188148
0.4527941894092684
0.4421087914487908
0.42992286157793363
0.40436889972310064
0.3814322040783967
0.34171279477175215
0.30543746314949677
0.2785854262153055
0.2419668788487403
0.2155092559946611
0.1803155578864851
0.47295685663069015
0.46307833232980167
0.4496498779652856
0.43137593200718466
0.4080300244338538
0.3593923251677028
0.28412999794101973
0.2214590500134244
0.16139312975634465
0.4499861513180981
0.432938516213965
0.42184767638403387
0.4017672431449786
0.38822740342429385
0.3628115139557506
0.3389879423624217
0.30052247402741494
0.2650320590092487
0.24344801224839746
0.2035913465170669
0.1798970781775293
0.1456915861962828
0.42360901031935616
0.4117976372254223
0.3971904899973032
0.37794153238576245
0.36455108397773933
0.3547868294210228
0.3295126626921833
0.30627686965826306
0.266388543019848
0.2339614661570841
0.2071244766091708
0.17587434794983045
0.15056155298808183
0.12109776730125008
0.3964399533827842
0.38418851256593745
0.36963550862991273
0.3503593968280147
0.3384957300901346
0.3259284588772643
0.3010288655212609
0.27958475475810957
0.24246065086818655
0.20977020001319246
0.1904113762167343
0.15386529915770775
0.13063859871044103
0.10241910598214969
0.43403645648593003
0.4320166010979941
0.44692675232839696
0.44425159746715404
0.43574104699316046
0.46123066020067405
0.45740275724042584
0.44765404256381297
0.4163732799683438
0.4690534339027602
0.4637229267683079
0.4577524894123375
0.4520879405886703
0.4183794400351776
0.4696877781189692
0.463468485776823
0.45803984414235444
0.4508102471714102
0.4333965464735754
0.4144014043963118
0.38035804091258213
0.3466791799683762
0.46598557370597715
0.4584057847658951
0.4523094232424067
0.444592998748494
0.42569933898961915
0.4065757223894123
0.3706462922662453
0.3367567570999777
0.27462892107712683
0.21205989747982823
0.4544787491804741
0.44534342207539357
0.4371515909282094
0.43023985419528743
0.40987234787362814
0.3900631134893065
0.3582183726010316
0.31859253319016045
0.2563583255011528
0.19408060345741132
0.4432381174318002
0.4334646549416744
0.4261884366464981
0.4171166668520169
0.3961764747730391
0.3759304515559186
0.33898264657798477
0.3040340589996593
0.2415735753008754
0.4244549933488948
0.41341619565580207
0.3961629662944984
0.3543276166285048
0.282852480532685
0.22110953179886766
0.16131441152229492
0.4016785911301473
0.39514564289140164
0.38772335024696153
0.3771650297398175
0.3557412681542709
0.33435653557090234
0.29822859441597394
0.2638741444794123
0.20328160099817577
0.14562311101342512
0.3760215486576619
0.36302304685989106
0.35281928612227687
0.3449617407098077
0.323283387010019
0.3022097209062593
0.2644928234691791
0.2329859865554491
0.18869310485066534
0.17561885205651415
0.12104458001944689
0.3502735087297404
0.33676438073845544
0.32756188123636193
0.31722632660731315
0.2955740044100026
0.275967848814452
0.2406869477788909
0.2089215425534394
0.15365220087373016
0.1023769992429318
