1.6083394006783052
1.615309415631013
1.5182070088018464
1.3820571921215417
1.2391353268681746
1.1199217484139743
1.000408249816871
0.8973664216239813
0.7559824236663103
0.563578089201446
1.7917390624102516
1.8127367947064563
1.8089003900664131
1.776465744041113
1.6357036857628358
1.465629863758247
1.3194998968902156
1.1721578040076674
1.0451772435450193
0.9244865192078147
0.8128706099551136
0.7240089882427093
0.563025038949989
1.9647285786554622
1.9757956380110675
1.9814949241065682
1.979664989481482
1.9761733818486966
1.8712139134837527
1.6833408709755704
1.5121819226564641
1.3373701760710621
1.1864433402177461
1.043254937005567
0.9112344038101086
0.8064808336712803
0.5361958504647745
2.1261475309416267
2.142120871795314
2.1421901536502395
2.1333756799145207
2.120836982350002
2.0922352390391343
1.9110881765943173
1.716759499443702
1.5128656471514017
1.3358012234757304
1.1679220621457584
1.0135562620550347
0.8914827042060015
0.7728271896126253
2.349822135442574
2.3599253869731536
2.3630595356486843
2.3543787629528707
2.347972725181673
2.257328863806364
2.044977487100893
1.7977457435652835
1.577703139925653
1.3683536527170024
1.1763917878665568
1.0253117042136526
0.8792812749229325
0.7567053490267227
2.498496898165226
2.507149572441319
2.508278936662515
2.496253072145413
2.4875909220728376
2.465939966448971
2.2975786533223768
2.025581277178707
1.7721394518451417
1.5286933359707853
1.3054724065678225
1.1303208008547982
0.9617207423700983
0.8208362210077234
2.1703162811688665
1.897177341805132
1.631783535223918
1.3880519932257023
1.197075513489851
0.860761423973333
2.664792180796359
2.6666531036840797
2.6393794437895566
2.6044293611569986
2.336195602081477
2.0434942375281664
1.7528005754445495
1.4847172662496544
1.2748564523516404
1.0738457845849116
0.9068764409484399
2.7542041987538006
2.751844570729106
2.717192248923001
2.53755211393798
2.2297723891933345
1.908446615866538
1.608886361384695
1.374298204670467
1.1502177670965064
0.9647838155530385
0.7948286893220091
2.815430475155024
2.8106087461114995
2.7764396181586717
2.6762387118566413
2.3853846694586287
2.041319587983153
1.7151102998604335
1.459061714664431
1.2149145775348615
1.0134257689660624
0.8294528513421052
2.8581902271937856
2.8284287425928794
2.795623095932373
2.730472474822702
2.55511590911549
2.4260145965322386
2.192393061854493
1.8367960081115293
1.555976481293555
1.288434660896314
1.0683162318904693
0.8681277972802034
2.9079010804060887
2.89234179926557
2.837086195215895
2.7170129256002666
2.3497017903258612
1.96582420460735
1.6588239522645762
1.3661163792763942
1.12604750094117
0.9082982210004468
2.910253303441914
2.877122024615268
2.8465794383215726
2.751849202840981
2.70486379065242
2.54644254099378
2.356911013078097
2.134893449294462
1.7945436266781716
1.4683206833038973
1.201093802096661
0.9601802856046332
2.9010833329712895
2.869658687505701
2.813035964731302
2.7180310546171618
2.6049362764131483
2.449570910588467
2.301082653094315
1.9308840231262512
1.5711306215362901
1.2762383955036483
1.0114385413911635
1.5733732310846686
1.507366278592454
1.7625584763072994
1.7488311026067884
1.6278692440652256
1.922545858041966
1.8538937611098785
2.057301362565347
1.901159710719527
2.285937573940168
2.2275847265123847
2.0358518133416315
2.411793624760036
2.277581372579876
2.490816742869056
2.416150077632086
2.5727349203549026
2.5501685646415244
2.3214791296702515
2.654073068481816
2.6282810451413883
2.50958939779421
2.700848080028025
2.6323673748619556
2.3720409974505334
2.531585793353011
2.7858315902309077
2.764865951477443
2.6751340165240176
2.338782942048096
2.741883826010083
2.524005803248112
2.6730955708073045
2.2901455710278986
1.4346477680955292
1.4479746400806912
1.5583218795758793
1.5722249410733296
1.5736549585254758
1.7426684361144953
1.756549976166798
1.7559981386335666
1.7410261988020042
1.7112640647274364
1.9289159744873545
1.9413321972146678
1.9374238645054376
1.9166057574219741
1.878754514785866
1.7775996450147251
2.0550168448192
2.0656549354678195
2.0584105364856975
2.0449153382864984
2.0336243990139864
2.014459989725168
1.9899785899451345
1.9334558018428218
1.8732572182758562
2.170588146487496
2.178505815370034
2.1679772101981243
2.137045694877222
2.1143253675868343
2.0866934791585185
2.0216480015349307
1.9567583875933425
1.835919017894439
1.7206309954502654
1.5032410888298857
1.4072202595422725
1.2730159585831216
2.2952052753959014
2.2985698051311196
2.2817347324027906
2.26600120471721
2.243169108930149
2.210546699771068
2.183808230431146
2.1078874490936506
2.034893158798497
1.918007540449394
1.770938403306511
1.6725717584515711
1.5325656379625354
1.4239499758902519
1.280984391174563
2.358539948500618
2.357314271960001
2.336660395310328
2.2941577590689852
2.264222536116809
2.227641074291923
2.145057315175384
2.0665348336288782
1.9231436323449624
1.785882100286035
1.6805659387372962
1.5323991769946625
1.4215173717265688
1.2689389545237455
2.4176796184035467
2.410946858876502
2.383796652000721
2.333784705558712
2.2593761810626116
2.0845038554679802
1.7850898758207057
1.5155535200672976
1.2385326785764923
2.4409015431225076
2.406753810814775
2.37603345617892
2.3119342949305848
2.2645672785883106
2.1701198221053324
2.0768361561269417
1.9181051311897677
1.7649882959878436
1.6686330268663019
1.484729136365473
1.3712693863261638
1.2011204168872005
2.451860412772295
2.431813930524842
2.391916391987005
2.3280653323768075
2.278838276157022
2.2411070568019302
2.13823765421735
2.0391397641299354
1.8598316073027734
1.7071768261220623
1.5758237251329639
1.4181145767631549
1.2853360212800977
1.1244414551918185
2.430147918074618
2.404414402302756
2.3605791608817
2.2909110334980016
2.244198901952297
2.1923937257655646
2.0842197277168504
1.9861287874984266
1.8090743243764777
1.6446581872947372
1.5443568180695106
1.347784568689869
1.2173960222613607
1.0519305079643975
1.3643370993282204
1.377701918415422
1.4787417302875419
1.492464976053734
1.4898226552993585
1.6480429997027337
1.661249041309336
1.6558032296090208
1.600035530951087
1.8169914644442546
1.8285953310117842
1.8251721723959513
1.817899260564027
1.7491808895080891
1.930479766454824
1.939244161874383
1.9353013764064202
1.9249375095748524
1.8898000351752475
1.8435113569849177
1.7506718452085237
1.651254500016734
2.0327009868724732
2.0384687140193845
2.032021900264693
2.0189245714978785
1.9764837439719112
1.9256731655179493
1.8197501115308605
1.7118156560386462
1.500469634171516
1.272267617866367
2.1402632412319247
2.1403441056530697
2.1277934963734095
2.1134005905544964
2.061506652342066
2.0029455422577853
1.899946055075468
1.7620020445386306
1.5297756631980486
1.2802442169989763
2.193380133068215
2.189214957560812
2.176790322358878
2.1563630037910815
2.098362873778846
2.0344526059061403
1.9065482662503261
1.7769849412112766
1.5296744940045484
2.2395900477697106
2.2288479881215073
2.1883397456370206
2.052641392028477
1.776319222536416
1.5129144294208694
1.2378560917248416
2.2526861757872023
2.2414275194854896
2.2241062244677434
2.194422454871212
2.1240806016753844
2.0458802698721312
1.9020790063044328
1.756511226905906
1.4822198828752244
1.2004822824748222
2.2524553158608174
2.2274222313006087
2.1985752855195795
2.1730154167937776
2.0938915320789953
2.0093743336669334
1.8452218868682293
1.6992846165970317
1.4823459402185748
1.4158018782506754
1.1238739638662076
2.2246288334808093
2.1931566393795343
2.164452268384265
2.128129939274636
2.0425859923573157
1.9577326706902936
1.7949065710086267
1.637233444309097
1.345670398582819
1.0514254981236255
