1.9116492015624407
1.9222816507140452
1.814794918795184
1.6592038115030845
1.494706276728199
1.3569268961800904
1.2183824771679073
1.0985157481330152
0.9334898050836397
0.7077166170088759
2.139553201309148
2.167372753247563
2.1647349266388303
2.1295421907039307
1.9692612875637447
1.7729246424958969
1.6032887548603074
1.4316182658515775
1.283136915731668
1.141561441578116
1.0102324005578593
0.9053735635858218
0.7146081195370555
2.356910256649599
2.371360069547192
2.3794188056198933
2.3793521483457285
2.375903121437039
2.2581530204816884
2.0411050358766825
1.8417522555867865
1.6372437044571706
1.4599851071772054
1.2912407410503122
1.1351460912264315
1.0109009075838244
0.6883759821185532
2.561633150055014
2.583688457860229
2.584773745304878
2.576464701980577
2.56293907771174
2.5310333256288637
2.3223717490217157
2.09549986860835
1.8561082677691474
1.6473068156620416
1.4486129589438423
1.265271346612542
1.1197951874513479
0.9779152160847755
2.849071061828823
2.863038041795417
2.868578501803944
2.860973259547161
2.8541850320242794
2.7514870645101626
2.503674442799591
2.212179743918108
1.9512930341067596
1.702055146699822
1.4726382043175623
1.2914187141742233
1.1156154462456918
0.9674720417954299
3.0432190228781666
3.055655037788012
3.0590105932826863
3.047478157434091
3.0381069560770997
3.013936003861602
2.818701768542081
2.497557494705025
2.196066325685595
1.9050992888790037
1.637201649725746
1.4261822193173865
1.2222706027699648
1.051184862242891
2.679105559838296
2.3536503609511055
2.0357611075912065
1.7425468450869364
1.5118824835200317
1.1034228039605989
3.264441271317526
3.271829848914629
3.2425563807304285
3.2028085873298098
2.8874294444268447
2.5382110279641745
2.1892431262147665
1.865915237842822
1.6117606383083585
1.3673367681241553
1.1634231671525648
3.386391249619276
3.3886620327730332
3.350761461178723
3.140728410126361
2.773417411000737
2.386785251304193
2.0244595530756153
1.7394820687957164
1.4661381929581045
1.2389091452029677
1.0297129391498887
3.4719310151379177
3.4708576508276363
3.433333605677891
3.316779688150958
2.9701159565753907
2.5555449186236285
2.160151770688166
1.8483736613873312
1.5497921967340815
1.3022849283049602
1.07523912803932
3.541113716486621
3.5081243690205888
3.4703155137037514
3.393871653889452
3.184926665533925
3.029772226690913
2.747562299086867
2.315667505596313
1.9729087318822343
1.644905188864401
1.3737836426280596
1.1260487383796616
3.6090733710148895
3.594867469637904
3.532050775881893
3.3901681606990697
2.947648201064136
2.480633970346556
2.105090465284031
1.7453707216082681
1.4489508378297342
1.1787753824733422
3.6317103931047487
3.59389729089807
3.558220955914007
3.445735690203722
3.389415547022431
3.1981675424853457
2.967929218257265
2.6969061449540797
2.279560619688529
1.8775445023987045
1.546574216134045
1.246816791285574
3.634033060652274
3.5977779947172026
3.5309464364300265
3.4170272390427225
3.280266649793476
3.091170749264671
2.9096430753031934
2.454903559956556
2.0105147853053342
1.6443945277364669
1.3139833715217233
1.874155133941967
1.8018810855696936
2.1094455009466246
2.0964992591082368
1.9598435628970448
2.3130501666565046
2.237267567606831
2.4887754404238938
2.310296336844619
2.7786833266220667
2.7151698588649587
2.492474149058099
2.9475979366526532
2.794095674279168
3.0453893721402134
2.9674971073817864
3.1562091329772315
3.1358405327799197
2.86916272771536
3.2677852695938885
3.243436356364125
3.1059611681504617
3.3394243661162752
3.2621458624333965
2.953412008077725
3.1554348970494877
3.4593780612701726
3.441642615788411
3.3376174555848253
2.9338655702861485
3.430014156050055
3.1698128323626835
3.360180744851344
2.8957207101484768
1.7113041994867118
1.728588335950365
1.8661162954536874
1.8843720329755622
1.8878276154614029
2.0992789905200264
2.1180333958925472
2.1195154412197845
2.1039464785698927
2.0707508476001744
2.3383457685543694
2.355891514319086
2.3536754877005692
2.331401503512301
2.2886452788416745
2.1717401410206767
2.502655846102203
2.518424728826512
2.512510618235026
2.498016252615382
2.48546500868035
2.4637917212086005
2.4357618300144788
2.370293986633498
2.2999255760436634
2.6556469499010715
2.6685988663393094
2.6587826517932425
2.6245278059339867
2.598540481563333
2.566599799659872
2.4906680803068113
2.414289296211162
2.2712624008503024
2.1341347748762938
1.8744461074187004
1.7593742274427
1.598125292604714
2.8246172879657467
2.8322975192623465
2.8151128797418346
2.797587555398452
2.771541280987215
2.7337280318663617
2.7024543652431867
2.612992339827792
2.526339905327326
2.3868793160208504
2.2106028367439667
2.0923374343887664
1.9235660887906587
1.792341165709607
1.619146395873647
2.913412418676604
2.915756704458496
2.8938371470130426
2.8452842457492125
2.8104028233183014
2.767274085350518
2.669445009629207
2.5757295832072624
2.403688356128327
2.238307277182069
2.111019393182281
1.9315265534773458
1.7968354204845587
1.6110553928750981
3.0004980994139063
2.996183956245999
2.9664123465909844
2.9085043629291074
2.8205630670473276
2.6110243158264335
2.2487026625108477
1.9204252713999426
1.5812896967564267
3.0424536313257082
3.0052636231404453
2.9697243399297397
2.8940811609315826
2.837554449714618
2.7240882558670103
2.611420152945819
2.4187329578597647
2.232161227953521
2.1144198914913903
1.8891997081660252
1.749758056097103
1.5402213385942267
3.0700889904669193
3.049334695689506
3.003490105898129
2.9279505621283275
2.8689777631266646
2.8235209325254558
2.6989176487965993
2.5783208201295613
2.359061737795602
2.1716928977276533
2.009971183608262
1.815357763032441
1.6510421008768401
1.4513712605630122
3.0547768960673896
3.026791495193168
2.9757451934372194
2.8925733090295593
2.836245015197879
2.7734803640138073
2.6416792306118047
2.5215985753149264
2.304053082977986
2.1011065446876236
1.9772312382304857
1.7332743566472633
1.5710787453505877
1.3646040211524963
1.630555857251315
1.6480850516463403
1.7742592981221315
1.792603546525909
1.7916585872885868
1.989315520519153
2.0075887448067125
2.003653036469821
1.9416658936467608
2.2072307599263024
2.2242170740087945
2.2218671075614043
2.2144069335161993
2.1369516493530556
2.3560306938628686
2.369850380150079
2.3667441578194284
2.3559492662285995
2.316626359318778
2.2632940072044447
2.1548509904581254
2.037721415938691
2.4923595068568245
2.503063745701496
2.4970435501457007
2.482951874713825
2.434816296729567
2.375782616251102
2.2511708277997475
2.1231476092564536
1.8709701857206413
1.5971791661073778
2.6398176210811717
2.643930277463352
2.630923471957093
2.614921191818441
2.555218446621852
2.486475693001859
2.3642808861324505
2.19938192176076
1.920040297638616
1.6182031695627506
2.715510328728863
2.7144672471256803
2.7013206073382956
2.678381052971127
2.6110188305297384
2.5355161739328214
2.3828206430370775
2.2270838625354368
1.9280666444614454
2.7859418572625554
2.776972106671551
2.73135868739357
2.5708630587986714
2.237576386831532
1.9170543125165513
1.5804177726852988
2.8146078356165427
2.802862881997508
2.783452118918575
2.7491058870932292
2.665921508590013
2.5722362267166123
2.39838176066199
2.221360570404576
1.8859801412670796
1.5393950641157086
2.827206539126026
2.80053031324943
2.7672504839053853
2.7371536071901863
2.6425557101737187
2.5404184067734246
2.3403925287362672
2.1615749157340987
1.8945280493974053
1.812371439913306
1.450631310403938
2.8031911397856204
2.768296130227418
2.7347632229276733
2.6916177945800226
2.5885745356527554
2.4852859835729904
2.2858697563776524
2.0915465549183914
1.7305316621207942
1.3639421950859734
