2.1976269344504167
2.2114614817810154
2.0935973771012937
1.9193187673309964
1.7341903422550904
1.5786851256769951
1.4219653985602654
1.2861368327874896
1.0987358272818109
0.84154078438146
2.467670011951574
2.5016464025583574
2.4999752307741825
2.4619519073157665
2.282836432508397
2.0614131347052944
1.8693794651054525
1.6745478761185717
1.505693860698549
1.3443737120779498
1.1944531974592096
1.0745445168138947
0.8558682114260384
2.727012122708847
2.744547053340668
2.7547357854555687
2.7561982760863546
2.7527466369442415
2.62248358154337
2.3775581278916653
2.15136783820166
1.918631240202315
1.7164446845954362
1.5235582989125636
1.3447741951089256
1.2022012649810323
0.8307995277460831
2.972915165987541
3.0005247211918613
3.0024993526990933
2.9945384191316644
2.9799978208060387
2.9448523654666126
2.7098440762669913
2.452004683452122
2.178897680781407
1.9400664197274589
1.712270793819263
1.5016230789546485
1.334140808781172
1.1704712699795594
3.3212568376114997
3.3387994608701517
3.346534957856303
3.3398283063173317
3.332636306283067
3.2183111412739334
2.936723677818147
2.603203610412485
2.303667020334738
2.0167463078303887
1.7520128220589195
1.5424283396488976
1.3386579805650027
1.1665491148283107
3.5591381468684147
3.575087798688694
3.5804817561985884
3.569332510615848
3.5592593079859633
3.532647003459912
3.3117758253067193
2.943956100247342
2.596974891419016
2.2610887166162708
1.9510296711043515
1.7062176534339701
1.4691023098250156
1.269652920563976
3.161032050255971
2.786032527605794
2.4184931502091236
2.078552325136076
1.810466568860466
1.3340328200101292
3.833603344546507
3.8461677871820656
3.8149501093134663
3.770603381145565
3.410420836823961
3.0076577213369706
2.603538733494278
2.2280005450040137
1.932040272265272
1.6467046162988015
1.4080130714421069
3.987407349052265
3.994017332378631
3.9529943261351166
3.7141451698717995
3.2904146869878312
2.8419281538529604
2.420216469521634
2.087616965100987
1.7677603477509867
1.5011324738625398
1.2549962158315038
4.096902154085369
4.099407805733861
4.058730265674146
3.926709627469715
3.5271570520922317
3.045768250579203
2.584856648171002
2.2203493185790064
1.8703241607295584
1.579351037862428
1.3116771071348172
4.192415069077163
4.156427742593004
4.113907683897576
4.026793171666966
3.7860483571054155
3.606194759433353
3.277917697778532
2.77369252004322
2.3722541734627436
1.9870111222970006
1.6676430390437247
1.3749764662470918
4.2789259045023975
4.266168928322266
4.196324191523064
4.033863232376568
3.520058724631505
2.974157351066774
2.533588556725113
2.110326089312147
1.760519086871349
1.4406827473035781
4.322956213663836
4.2808303654183835
4.24035799774813
4.111147552432635
4.045994967810274
3.823642983988417
3.5547999146261007
3.2372065964084515
2.7467024713062873
2.272671871367839
1.8812331669719768
1.5255228484482208
4.338263713576102
4.297571139804968
4.2211752103987195
4.089450364258663
3.930266517199474
3.709180557783366
3.4962517061497222
2.9610130114987716
2.436125086064545
2.002197510548211
1.609350251700995
2.157400335751122
2.0787470350134716
2.4363082422319766
2.423847484057726
2.271938560716478
2.6811531579126426
2.5982582052097527
2.8957190170931426
2.695754177443618
3.2444522203880872
3.1758039675053675
2.9235696547071206
3.4547964324483473
3.2828166848396934
3.5710964606285014
3.4898827133513457
3.709977460762228
3.6915880155335077
3.3887852664861375
3.851172855918732
3.8281661866575165
3.6729040525801997
3.947365318829891
3.8618137768890315
3.507244493535269
3.750849863747123
4.102842550427274
4.088477829563645
3.9710716175528713
3.5035212014400883
4.08969694315339
3.7895760674840413
4.021070941205869
3.47942755566778
1.9718271418924245
1.992672649724411
2.1560235235093317
2.1782366539056093
2.1834621903632203
2.4354517047304425
2.458632741304107
2.461887349619827
2.445610748811599
2.4090436793871874
2.724812305156427
2.747055200404716
2.746315467992361
2.7225354113554667
2.675038729127317
2.543065933020409
2.92574052233175
2.946236101433505
2.94147629706741
2.9259821303104827
2.912206452804911
2.8881365967619756
2.856666796815274
2.782608005494455
2.7025797249259305
3.1148365584287347
3.132466698703056
3.123236151869776
3.0857118362367983
3.056598426601467
3.0205594433721052
2.934296604313696
2.8470177077250347
2.682977126677045
2.5251855777708165
2.225520000120308
2.0924668188980657
1.9057101169480712
3.326946950870703
3.3386816997498157
3.3211629733875982
3.301937606163756
3.27284164465976
3.2301040658022835
3.1945320169077167
3.0922483363795887
2.992664892817701
2.831846559989496
2.62793491919278
2.4908625226071544
2.2949038013558485
2.1423304180502383
1.9406098141738926
3.4408476882214454
3.4466045998559407
3.4235153408583807
3.3692543482375084
3.3297038165618864
3.2804738744678494
3.1681307529549865
3.06004072691446
2.860887707257698
2.6689032181327894
2.5208366344713498
2.311727523318749
2.1545389580508294
1.9374026532569057
3.555925269973735
3.5540146233917387
3.5218631971880927
3.456525778681439
3.3558198864016813
3.113493694492291
2.691618090000514
2.3077423072648613
1.9098692365368775
3.6170837365019155
3.5771948337271646
3.5371626174460804
3.4506683312285693
3.38549996075273
3.2540565738762672
3.1230418403521085
2.898190658266679
2.6799217869191354
2.541912610555057
2.277476173579903
2.1134887163301155
1.86662714329562
3.6627062509124486
3.641553308864216
3.590255504392837
3.5037922128784715
3.4356354391246833
3.3829008289172124
3.2377414470711696
3.0967805059971276
2.8396236470185405
2.61930038158242
2.4287405571562415
2.199081494198528
2.00482494166023
1.7683300185121167
3.6553395863926292
3.625537614992873
3.567883641640587
3.472086496200837
3.406705251095425
3.3335982248561464
3.179478239010823
3.0384904149491936
2.782546164018231
2.542917094256164
2.396489235570729
2.107555308216446
1.9150496678121807
1.6695776982367552
1.8810622439064606
1.9023602586165276
2.052449607345935
2.07496407749403
2.0754377231016012
2.310849176725315
2.333724249879815
2.3310498856440107
2.262929410631919
2.575436485322473
2.597341657234563
2.5959214742549905
2.588230504754361
2.502296010773603
2.7581113756037405
2.7765950865833053
2.7742404451325156
2.7629435054138387
2.7195117212925983
2.6594630931741823
2.5361974372622416
2.402287721383895
2.9273949142389584
2.942628785699178
2.936970289035222
2.921910089050893
2.868346126772294
2.80149708091467
2.659176781521749
2.5121442070991513
2.2213770013336585
1.9045763649395937
3.1137789870092987
3.1217116420230466
3.108269803407754
3.090745023385148
3.023656286266934
2.945280893166253
2.8049359128350058
2.6145407430504264
2.2906767630490585
1.9394725272699533
3.2118376686110923
3.2138118543349776
3.2000074095608344
3.174713210947125
3.09852588473241
3.012075687174432
2.8359432678454186
2.6554577904151584
2.3075636647000914
3.3067290651904195
3.2995599723886166
3.2492306056317912
3.065380539719999
2.678228375659757
2.3036659498470486
1.9088090252896228
3.3515577932056795
3.339446257788542
3.318140882142857
3.2794664251206487
3.1842286513816918
3.075939553359036
2.873670717842022
2.6668771030006035
2.273568061455833
1.8656173578437194
3.37843418316967
3.3505014188222946
3.313168047879084
3.2788586838495055
3.169745522765688
3.0509908121463085
2.817010679248536
2.6070152680902816
2.2924160197250742
2.1954357317185913
1.7674198134746746
3.3598172647119484
3.3220503951547706
3.284100719031988
3.2346208788547695
3.115124318817446
2.99445772605095
2.7603909548226633
2.531263011863872
2.1041920128795577
1.6687593494718032
