1.1965943159735717
1.1968809009589865
1.1081753119182773
0.9942854140487853
0.8775214715595204
0.7815622798671906
0.6864984179882979
0.605450987423221
0.49567063297334335
0.3491763755556231
1.3095595422373656
1.3193274652375206
1.3125924505345576
1.2816638327869945
1.1632215710356866
1.0259272967792181
0.9101419802705782
0.7949185921173922
0.6968340286519152
0.6046555377193817
0.520338881029744
0.45390525464044684
0.33536286193607534
1.411433628862905
1.4170497762854177
1.4186906064787117
1.4130729191712188
1.4090751691227321
1.3176436510969616
1.1667538334887637
1.032776950686839
0.8979908247204943
0.7831474530269749
0.6754803246278721
0.5773542041220543
0.5003492902976465
0.305866573184239
1.5024710929069567
1.5082225577489101
1.5063428908681264
1.4956030668676004
1.4836825717882611
1.4585276240821814
1.3122868633675497
1.161575464754139
1.0063541378228869
0.8734802570332284
0.749076174448237
0.6360672082184242
0.5477333830991516
0.4628685569085715
1.6211485611535794
1.6248254751084894
1.6236484312920583
1.6121056184716702
1.6058305189484112
1.529741869757811
1.3654549097452684
1.1801127358743944
1.0180706316831898
0.8660371857801514
0.7284368290040543
0.6214791847428149
0.519378631961872
0.43479576124851177
1.6937894007633743
1.696069522122768
1.6931160502355382
1.6790910121281224
1.6710114971286294
1.6522361012594473
1.5200034143831707
1.317373935847014
1.1329577115874825
0.9585612140266428
0.8008536924788445
0.6787026790762164
0.5626398382226871
0.46698764379464297
1.4038143207473386
1.206284382910219
1.0176150067711132
0.8468473020533522
0.7148157938809448
0.48692760026339066
1.7667235036871909
1.7584093776782281
1.7326640918496545
1.7038804847813844
1.5021287868013002
1.2915346179044171
1.0865346188023361
0.9003787597508865
0.7566517305395992
0.620857320783696
0.5096886296479345
1.7997228328896564
1.7885921086472711
1.7573137149653781
1.620199739506349
1.3992526164563104
1.1745702042300405
0.968680034019628
0.8097794797333396
0.6601178945392163
0.5381074370368283
0.42797760915811345
1.818112242401436
1.8059862256139225
1.7754017929167591
1.6978866338273348
1.488484563991446
1.2492031811472482
1.026722998776494
0.8547577798015895
0.693128337235167
0.5618080989099908
0.44372359736955574
1.8122614333892464
1.7862245960833614
1.7602337029456416
1.7111188978337144
1.5848799468830814
1.4944218361292345
1.333449309693559
1.0927576601026439
0.9058250733247176
0.73037376660807
0.5883060619823275
0.46110691262435277
1.828908916359205
1.8097009318272659
1.7641929019470595
1.675594686853499
1.4204853157095292
1.162317797764564
0.9596521991394837
0.7694343405630595
0.6158797674503865
0.4789677316464421
1.7897151457748033
1.76267219715134
1.739332827943668
1.6704936746839374
1.637349098837536
1.5281458481309786
1.4001585639974186
1.2526931014029619
1.0301212020797545
0.8204106881374906
0.6515635805882981
0.5017201602372885
1.7541477227414024
1.7292569628932282
1.6874085737003635
1.6203593589282452
1.5428015992424529
1.4386347456670359
1.340585649190843
1.1001855035261514
0.8710657301086547
0.686792906552375
0.5237609598791257
1.1620506426041537
1.1001593804780996
1.2785811610202777
1.261534230881431
1.15761644557315
1.3675734225722453
1.3054077205824948
1.4341620630273342
1.3054873152716016
1.563589333785722
1.5097074355655193
1.359415466279592
1.6162814688694378
1.5069201584326721
1.6648531614912692
1.590127172712711
1.6972867237257143
1.6688768608750226
1.4928234972452104
1.7260675699951706
1.6956316500674267
1.6026703818128516
1.7279738278082781
1.6706002558232307
1.4803424708708561
1.570625312791288
1.7490154051402256
1.720354559522492
1.6504045230628783
1.4140675880810225
1.6706103322664798
1.5150724493997265
1.5943878319853138
1.3344317479084797
1.0544757108567882
1.0614777100745698
1.1286889011984382
1.1354853126729914
1.133006675793219
1.2343441554675632
1.2402370844708857
1.23567522176449
1.22030504328904
1.1941152494860963
1.3341856275289745
1.3380364529453137
1.330576323094351
1.3105799397840308
1.2785448001348947
1.198027692471513
1.3968769983575333
1.398836715971004
1.388476185266606
1.3756973294820938
1.365804594278558
1.349681256627595
1.3298029332937849
1.2852874606794764
1.2390229274851987
1.4494654014189958
1.4486906964130024
1.436029341220688
1.4088527072449566
1.3903837966772485
1.368546169112263
1.318506307839859
1.2697887504487204
1.1805210894673404
1.0967007005169782
0.9407567279747134
0.8725976849417639
0.7781646730371422
1.4980484861588663
1.4937576346284298
1.476299180885479
1.4626846948101224
1.4440550131962973
1.418576942083246
1.3981906281053096
1.3415426504118235
1.2882414811084866
1.2042449318524944
1.1000488103837731
1.0310442951165346
0.9336894159170944
0.8587129079385334
0.760910521674105
1.5166852371145956
1.5088222780451568
1.488996872386606
1.4544966195526692
1.431503512031948
1.404034997584337
1.3436804086660878
1.2873745868837414
1.1862396348176294
1.0907382956378144
1.0181719689434634
0.9168917871375264
0.8417726934668727
0.7392026785505528
1.5252721419754367
1.5135747885381952
1.4892843244730285
1.4501846685874462
1.3953108707377255
1.2716478130002784
1.0664766572378017
0.8856769106189465
0.7030617506541879
1.5127836244943953
1.4817369960585292
1.4576702243353965
1.4102498229171991
1.3763144904976539
1.3101231576284849
1.245864037701887
1.1383081984369623
1.0358517916380878
0.9719873603423688
0.8511220497041218
0.7772523511510392
0.6674767485916527
1.4891655357543525
1.4688410190683898
1.4369408874586704
1.3900663598805827
1.3551918861080974
1.3289904690774434
1.2588431896885806
1.1923094260723812
1.0738941791540093
0.9743468521242776
0.8896444185630303
0.7887067571619483
0.7045419618408819
0.6035739172673856
1.450227670276862
1.4265517293080048
1.3926947795378126
1.3428466245581892
1.310495686271307
1.2751894058184754
1.2028610523946215
1.1383470074468542
1.0234215270167648
0.9183493867909583
0.8547934107905751
0.7313211327720718
0.6502891587526904
0.5485609417938336
0.9963515991120512
1.0029117671169947
1.0639961978201147
1.0701731883956296
1.0639029740571024
1.1594546082427
1.164257068840134
1.155363844441894
1.1060217963490988
1.248119181947635
1.250633371429266
1.2448987841771706
1.2373320017015508
1.1790028375270905
1.302825637705344
1.302934963716791
1.2970996960839167
1.2867309808581733
1.2565547900451761
1.2195611610937782
1.1481668858697123
1.0735910962853057
1.3474689136641071
1.3446643460549492
1.3369454602502369
1.3246807644887897
1.2894620096643628
1.2499157699450494
1.170295366895277
1.0911838388627082
0.9390600860159978
0.7777195239216473
1.3862955285399956
1.3790125697759898
1.3664064350573575
1.3539217089228508
1.3125819936044227
1.2684153585641988
1.1931452559171696
1.0946268220461577
0.9320360094757276
0.7604854163260252
1.3995018560685706
1.3893126594211973
1.377340054830993
1.360112475605521
1.3150715686827115
1.267844524275252
1.1762549397152233
1.0854484491431071
0.915311968842237
1.4013188707069717
1.3865489610624953
1.3525301985397478
1.2527293651925215
1.0613982422972268
0.8841899586296095
0.7026944665857738
1.3840191474801429
1.3728376615755553
1.358138359567381
1.3348659233462312
1.2831276120002757
1.2278475471237744
1.129100641748798
1.0310472155463346
0.8497412409572651
0.6671395757934283
1.3557717441042596
1.3317815511832793
1.308998796355271
1.2899097450494368
1.2335949685768381
1.1755086777312935
1.0657724922581182
0.9700227954942284
0.8299985540531444
0.7874811894257145
0.6032874451602667
1.31521546468651
1.2875321258402697
1.2655629832910409
1.2391445097271148
1.1797201497944174
1.1226959541111428
1.015718746204705
0.9144005914695947
0.7302353877479663
0.5483159290459964
