0.9342458134733097
0.9422080448053146
0.8992682344793705
0.8309883216351794
0.7574460666585376
0.695219728711495
0.6321797906644784
0.5772732719726277
0.5011216642960008
0.3957923389038164
1.05741251406221
1.0744545718208443
1.0755042602191962
1.062481488562495
0.9930459238158963
0.9046739380473763
0.8272266231982586
0.7481429841636175
0.6792147340936483
0.6130234761964237
0.5512186378710194
0.5015677559941246
0.41044574158891467
1.1778626969225316
1.186514927251761
1.1920470397930023
1.1946773753361433
1.1938813184738433
1.1452975352961412
1.047550731982335
0.9558011208174919
0.8606273950567174
0.7774092985980119
0.6975666136464106
0.6231718384662821
0.5635417355646534
0.4067446508856365
1.2938162473206685
1.3084787822871358
1.3102726520894794
1.3089910882424787
1.3041658046504718
1.2913033501854863
1.1983170152649307
1.0933393188897886
0.9809245196332826
0.8818722031926725
0.7868009718436271
0.6983710148065462
0.6276717623018405
0.5582033514965862
1.4614247156463482
1.4707797576071395
1.4758513351071505
1.4757129900289219
1.4734973883942386
1.430222570861098
1.3159309151936305
1.1776404853451259
1.0521485882872552
0.9310440866247718
0.8185560618030395
0.7289417103647078
0.6412705049600583
0.5667256916808971
1.5786104268468595
1.58752697631047
1.5918355664182116
1.5899429796339606
1.58663357347268
1.5769955711017247
1.4888233500090582
1.3360389976532792
1.189773970031394
1.0469391026624535
0.9141124685728701
0.8085241073579077
0.7055697487096226
0.6183435068581017
1.437111505978962
1.2785729999493725
1.1216336810485021
0.9753301951187465
0.8591313087481126
0.6504822241968427
1.7173479338862965
1.728020441722681
1.7181468237033588
1.7013340650816904
1.5533809290344456
1.3827430876692697
1.2094638034712042
1.0470491591645512
0.9180934182720453
0.7928662261364371
0.6873009764482794
1.7976121271320562
1.805721298357294
1.791904416837616
1.6952225559928744
1.5157427706346238
1.3226247822104862
1.1392405334723192
0.993450792151648
0.8521841101337859
0.7334807087287776
0.62299704582634
1.8563485390695122
1.8623220620970355
1.848529434194851
1.7958199808298032
1.6271739295483088
1.4193852489420473
1.2181527714166538
1.0576540217740396
0.9023209547177238
0.7721295903113627
0.6513422472610362
1.9151305038300939
1.90259490670367
1.8860371004639864
1.8505839796175019
1.7491255056381472
1.6719385174931776
1.5295790467438402
1.3086015257864594
1.131034048873536
0.9592361173633606
0.8156074755183307
0.6828315283531528
1.9599657720430157
1.9592678377800183
1.9330947078646548
1.8659664075918585
1.6444929750805322
1.4045344772073662
1.2088472075212893
1.0192297504251957
0.8610399718880325
0.7153271785383438
1.9985891825322173
1.9826586757782736
1.9664146476226023
1.9124831589286473
1.8847248114777326
1.7885344518059163
1.670759557494243
1.530284342311223
1.3114457805609627
1.0979865005193217
0.92013627326632
0.7570144321300541
2.017989927016392
2.002174943741475
1.970746224632575
1.9146240336170404
1.8455685660702208
1.748386234364244
1.6539693458721791
1.4144371549896626
1.1770405442099137
0.9789617896250307
0.7979248556033011
0.9207580699483594
0.8929297820370538
1.0482660091828568
1.0461133399682596
0.988318475166072
1.1643474195931536
1.1347325486567046
1.2697601798708522
1.1920761801987703
1.4344185512090784
1.4112720540884531
1.3100091040834354
1.5420878976078942
1.475732305329262
1.5946116110003343
1.5716137323679413
1.6664556664221704
1.6654462437350186
1.5434482536816179
1.7406601158515118
1.7376488990052348
1.6762423655326126
1.7973854978183235
1.7658826111667463
1.61789828663566
1.7327043122385366
1.8811807708523056
1.8829330813522238
1.8366326168726879
1.6366830971969026
1.8992532756530276
1.7724309033060774
1.882279987639211
1.6459242232920706
0.8436965456150355
0.8538595049350931
0.9287936170461107
0.9398593865736793
0.9437286266598349
1.0601024557241838
1.0720984623789145
1.0755376760669755
1.0707905819357757
1.0574202069704046
1.1992252954046274
1.2114090700218019
1.2135157086087194
1.205924764951442
1.1880819312472573
1.135647202500861
1.2980388667405998
1.309867199664874
1.3106025256701104
1.3056435088913987
1.3007169657832933
1.2916968515804461
1.2794891109899107
1.2499686203427185
1.217440341978455
1.3931420434472763
1.4042496298467995
1.4031534122820837
1.38992253371136
1.3787195247242112
1.3644843810737162
1.3296058003817908
1.2936519550102137
1.2252674823687628
1.1588233602147848
1.0315697316488759
0.9747366251715269
0.8945776846954571
1.5032255558223557
1.5120566821984296
1.50769553456868
1.5008673414356943
1.489792689814928
1.472870561331551
1.4584686881683075
1.4163348234965396
1.37463668945638
1.3065646592625182
1.2194578859237508
1.1605518112334565
1.07589796429681
1.0097227847558132
0.9217842394986538
1.5647230442331874
1.5712163890619706
1.564364919722373
1.543714207550148
1.5278754396983407
1.5077287087456563
1.4608480740614163
1.415117875683763
1.329920001678009
1.2470891722268524
1.1828160165257493
1.0916451776161271
1.022762227561669
0.9271887483479662
1.6300376367010103
1.6332461332974388
1.622502530496685
1.5968143297712358
1.5551948653868921
1.4519342870493523
1.2684497297265338
1.099377980042701
0.9224294406947823
1.6703806398589685
1.6574170093062732
1.641746262369529
1.6061710083326992
1.5786712603423192
1.522397856110336
1.4656723600400106
1.3673040244962162
1.2711035883383153
1.209945163282003
1.0921837975160014
1.0187945628106452
0.9077656954497078
1.703968432138718
1.6985174305335817
1.6788238338564256
1.6431119223190955
1.6141518113184654
1.591461307382314
1.5282910454326564
1.4663599813890031
1.3522895474465775
1.2538404605080797
1.1681897348897188
1.064518579339932
0.976300897104622
0.8684844380235165
1.7111996937341307
1.7016184296058445
1.6787196376759486
1.6383370110603117
1.6101733440658754
1.5783602336519063
1.510515361961559
1.4478603301614021
1.3327340948140642
1.2250917009022224
1.1587410081555594
1.0270754911823936
0.9388546713767212
0.825788461453883
0.8076762420144826
0.8182616194488769
0.8873699362356575
0.8988358430237002
0.901107907158531
1.0096466925557528
1.0218460326357737
1.0231979620092182
0.9985502610174158
1.1378740100064861
1.1503463969756704
1.1514762838069226
1.149421253744432
1.1173722852551873
1.2285810581114616
1.2398858750251054
1.2405268628921888
1.2373106049017224
1.2214761510951948
1.1979058307044097
1.1479225990479232
1.092600836740022
1.3146528063911915
1.3250726617116184
1.3244144362091965
1.3196266484849526
1.299510148403226
1.2728122494389698
1.214307257275413
1.1527834214185813
1.0296281391316833
0.8940382675302269
1.4127999761503127
1.4204308039965923
1.416847608673386
1.4106775597507906
1.3846344732357616
1.3526663545733104
1.2940229913375578
1.2131738300812758
1.0738907661308765
0.9212357238474735
1.4667604495671114
1.471831470743215
1.4678004106448115
1.4586527938336662
1.4284315955996771
1.3927058511659842
1.3181949928606058
1.2407314600837316
1.089651899036063
1.5223808218421464
1.523549394292606
1.5052732562928042
1.4292437883659765
1.2620592932257007
1.097408008882347
0.9219082529099626
1.5546646684181582
1.5514087873327103
1.5438051617081059
1.5286768449416954
1.4893557853454027
1.4433070707401003
1.355592963280136
1.2648358821798815
1.090282146661467
0.9072662230556148
1.5786612409153948
1.5704145622180834
1.5559477919158808
1.5419566044616895
1.4958215995174573
1.4444222816226187
1.3413872234935589
1.2478836299698808
1.1065414955042852
1.062728658520085
0.8680301410463938
1.5797301024290926
1.5667494182950998
1.5515770920995304
1.5309719730877402
1.479595123880486
1.4266370373035266
1.3219957155777904
1.2194082867280236
1.025414846959596
0.8253777634099648
