1.2003257050223413
1.2115253048824564
1.1598940936456572
1.0751262834057584
0.9833030270854737
0.9053790983342621
0.8262760646316655
0.7572521973527121
0.6613388665328997
0.5283289272252203
1.3633693106922165
1.3865036386506797
1.3887138474424496
1.373545376009681
1.2877496968458952
1.1771949179089292
1.0798896759319472
0.9802754809726462
0.8932654669790956
0.8095511438791585
0.7312541157076338
0.6682605805770563
0.5524178316178595
1.5239403861382785
1.5356464871316298
1.5433497258013176
1.547733719327666
1.5470490020085461
1.4880918099064695
1.365817726149811
1.2502587856727903
1.1299953480466243
1.0245751340041374
0.9232139968546524
0.8285842960417251
0.7526115595117716
0.5522149487699759
1.6795600522763567
1.6998903468093804
1.702682964771793
1.702118400981031
1.696616477385819
1.6811664117866096
1.5653021019307243
1.4328698290062665
1.2904164562219635
1.1645212672703125
1.0433949707426453
0.9304880358320446
0.8400421392921776
0.7509997512205377
1.906490109465357
1.919520508207632
1.926984906597401
1.9282517623785569
1.9258463109808037
1.873072705716512
1.7290997511885184
1.5532896685888986
1.3930750830669787
1.238008916243484
1.0936126332216956
0.9783138747055443
0.8652615443466417
0.7689187300814309
2.066782622969823
2.0794049038208198
2.08604280456787
2.085158721220262
2.081434250670026
2.0699584207139377
1.9597557871706135
1.7653681337371037
1.5781160327275894
1.3946091851660085
1.2234755673900817
1.0870903432431407
0.9537785383820446
0.8405497996680861
1.9008646062207644
1.6976306979432523
1.4956241058259319
1.3067276411609188
1.1562964445866926
0.8851382708617506
2.2586837100382513
2.2754023414046762
2.2646209588279853
2.2441593874972825
2.056898123413942
1.8379442736884606
1.6144746827412695
1.4043035719435086
1.2369503976627274
1.0739907531751198
0.9362226932462377
2.371197595245798
2.384662195783051
2.3689875966859897
2.247516285466298
2.017241337972929
1.7677002679321587
1.5297869230456316
1.3400554809334557
1.1556734826011559
1.000272807706734
0.8552054271036974
2.4544730109998767
2.465022914699634
2.4493456936699802
2.3836056040976574
2.16760420439705
1.8987954535788347
1.6372346775548994
1.427912228709115
1.2247077740041195
1.0538534882776414
0.8948501121487095
2.541574100802083
2.5271181942155216
2.5067492732815215
2.4621404859730887
2.332315419942926
2.232717001029017
2.04817295048849
1.7604286258799795
1.5283380897035284
1.3030624279473573
1.1141020299717923
0.9388542045190713
2.604871256518257
2.606849830014234
2.5753810377199966
2.4903373909193878
2.2040350983150327
1.8911249847947535
1.634832931330424
1.3856328190592127
1.177019618459778
0.9842136065799592
2.6678102220002677
2.648604855538099
2.628352714832785
2.55975300314036
2.5240711441294112
2.3995495010128303
2.2461977842954504
2.0624907974440907
1.7752496173872772
1.4939921694359513
1.2588013954018236
1.0423273237588409
2.701947344485466
2.6826190104648013
2.642973787550693
2.5709045281223477
2.4814273622897614
2.3547101660029077
2.231096715821578
1.9162029185613865
1.6027222619969272
1.3401472145511368
1.0992814361358854
1.1847468673776909
1.1517509246251703
1.353669768799718
1.3524521381624848
1.281633524551015
1.5095740036212166
1.4743872280803056
1.6531470675668063
1.5571516034804276
1.8747621090554452
1.848238909674914
1.7213083336779242
2.0240797065537675
1.9424918812162861
2.0939398605984727
2.07076716364113
2.194157128633415
2.196703493088042
2.0437043033143953
2.2984924666015427
2.2985282714622515
2.222265366652457
2.3813406822411105
2.3437210728070395
2.155194290348923
2.3103204489859004
2.501171194892692
2.5082513221060023
2.4510049400914258
2.1935120435997573
2.5401164588176504
2.377827611274136
2.5272352943375136
2.2201780503674704
1.0867829372875717
1.1004405549763363
1.1999254411223
1.2149186166012786
1.2206927174537994
1.3757967663150699
1.3922805034361365
1.3977395116563271
1.392748272562978
1.3766846045515801
1.5639829706271067
1.5810619920661608
1.5850402059156141
1.5766105072625114
1.5549251946293314
1.489499160401183
1.6989518704870012
1.7158329715166496
1.7182636747521005
1.7127671232578718
1.7069374974749598
1.6960004899103647
1.6809452782559786
1.644072936399968
1.6030844428693247
1.8301313623025839
1.846398524357079
1.8465508650055655
1.8310510780071911
1.8173020250474827
1.7996094237038518
1.755785215447243
1.710222843269687
1.6231171402720945
1.538100350258934
1.3747258226783339
1.3015906007929874
1.1982450907499913
1.9839945332920699
1.9975368989276068
1.993699341687588
1.9856938853334039
1.9722090826272451
1.9511715071114297
1.9330776984321374
1.8797138079848137
1.8265034875814388
1.7392221008161413
1.6270824270624131
1.5510599399207399
1.4415738024032938
1.3558541030566258
1.2417127879804344
2.0713560486066305
2.082060586698932
2.074996769772957
2.049880189428599
2.0301008432009198
2.0046744252448967
1.9449590639745546
1.8863477554948869
1.7765999917419257
1.6695085980428244
1.5861964913543476
1.4678087293827444
1.3781779743159972
1.2536034424254032
2.165991566940236
2.172538087965408
2.1605028878184847
2.128771318509195
2.076042046255942
1.9432930007884301
1.7052272517488563
1.4846899371176274
1.2529785382419925
2.227348604782746
2.2131586309510807
2.193873555524109
2.148945306264451
2.1137713533350513
2.0412939895283855
1.9678481855024457
1.8398884166527438
1.7143430283420862
1.6343417100028492
1.4799692536546387
1.3835955011403345
1.2373866133173488
2.2805293242402347
2.27582462414034
2.2519218486758716
2.2067931312008735
2.1696566757730276
2.1403861025414597
2.0584397121027145
1.9777383816214118
1.828438624935592
1.69916455231004
1.5864106474272128
1.4496967540699344
1.3331091742142718
1.190325392397609
2.2973947365274596
2.287170940180477
2.25890070962938
2.2073942850562998
2.1710333890210536
2.129815782183394
2.0413550106511873
1.9592929181734142
1.807968688877604
1.6659820692539713
1.57829755102393
1.403926366421796
1.286821312005213
1.1363905570622301
1.041804653165406
1.056119195961832
1.1480324665510024
1.1636785450180949
1.1676153139806238
1.3122565935358383
1.3291804534425058
1.3321831134846023
1.3027408699046312
1.4862556981804802
1.503942482019217
1.5063084895631476
1.5043110422230548
1.4655108713267078
1.6106299482145834
1.6270189164608249
1.62873154047122
1.6254577180640513
1.6065373496111441
1.5773150810071168
1.5144161509504526
1.444221897757403
1.7298577153293613
1.7454352175949404
1.7455627444463273
1.7403087039454708
1.715940695189214
1.6825955386507099
1.6085516332040113
1.5300544930750508
1.372126633200488
1.1975184101787364
1.8678219566516239
1.8800854269827094
1.8767041163254772
1.8695147617229386
1.8374863329131372
1.7971966915603579
1.722455939133766
1.618657814916968
1.4388690130436763
1.240968681613165
1.9450397320528507
1.9540514720003495
1.9499568987539577
1.939153578710245
1.9016120953858477
1.8563360872892278
1.7608587759178356
1.6609511042540777
1.4651113561395361
2.0265705906675264
2.030639515645755
2.0090760710684834
1.912762460728783
1.6965831452307172
1.4820102406391964
1.2522643424033626
2.0769057367341843
2.073912198688483
2.0650629734908694
2.046470624801587
1.9967420437902206
1.9376453426668594
1.824031311589465
1.705832704299495
1.4773722679063492
1.2366993319633501
2.116792869064556
2.108584595252786
2.090967948762114
2.073406267253325
2.0144349976839515
1.9479596895560591
1.8135957881496096
1.691032495778162
1.5050319000721937
1.4472383010239214
1.1896962178282258
2.1248823108633146
2.11034437362873
2.091529265822082
2.065463007031634
1.9992935615769982
1.9303777490901741
1.79329564153058
1.6581933067617143
1.401635892793442
1.135819079326849
