1.891593910259795
1.909638629175923
1.8294254262136613
1.6967304280686477
1.552841207930453
1.4306837902298215
1.306649681827117
1.1983973331496118
1.0479368629757795
0.8391979250862925
2.148836756974784
2.185787465643961
2.1895838086122006
2.166218191027807
2.0321353027421543
1.8589041993264683
1.7063247838973514
1.5500701107876784
1.4135477948787714
1.2821607629444671
1.1592439235707417
1.0603258414058176
0.8783466069360073
2.4024416140143923
2.4211065955593685
2.4334618836456356
2.4407277041985207
2.4397669551675887
2.3480619447619135
2.1565569127752005
1.9753339705658857
1.786636260864006
1.621167992296241
1.462018794822827
1.3133915773661182
1.1940294944234549
0.8789817937737272
2.648261563139454
2.680805919054489
2.685365637824065
2.6848566646544327
2.6764327421118286
2.6524631061251966
2.4712360420938175
2.263566065705965
2.040006020039403
1.8423390847420522
1.6520862085342611
1.474677619863406
1.3325090474646655
1.1924938079704606
3.006814731276603
3.0276547770167133
3.0397130855798165
3.042184031205536
3.0385473192948154
2.9564400898584986
2.7308758489414795
2.4549426924619695
2.203303036747681
1.959628763013391
1.7326190944119872
1.5512752070529086
1.3733861147784052
1.221713072840767
3.2601183265487825
3.2803449981012043
3.2911361575451235
3.290237849351664
3.2845495248582774
3.2667918961573865
3.094482988326361
2.789467459358328
2.4953191137378186
2.2068769556521413
1.9377450776038039
1.7231563823109968
1.5133019874331162
1.3349629230108082
3.0030772705939746
2.683817490252978
2.3662580128220756
2.0691421652641497
1.8324077096862599
1.4053558179363943
3.5633502304412565
3.59052375576213
3.5741534501280903
3.542342506701834
3.248937757997676
2.9050075764730097
2.5536731608786747
2.22304268463767
1.959628907087231
1.7029953157423785
1.4859031053259542
3.74110452539109
3.7631317216742555
3.7391009892759994
3.5490716740168318
3.1874668412355485
2.7951232701760533
2.420795316734123
2.1221033310612847
1.8316739604883878
1.5867385722120142
1.3579483155197665
3.8726160733897417
3.889972432600357
3.8659054431242916
3.76319830487536
3.4241699565800614
3.0015459178200734
2.5899789634349437
2.260407616211387
1.9402862808073875
1.6709558386963868
1.4201459630385098
4.010783328937793
3.9885073399963793
3.956759185045146
3.8869552248335504
3.6832432050978974
3.526751125463054
3.2365761600421146
2.78379103783792
2.418339742131626
2.0634075711614885
1.765504323554338
1.4890343072458778
4.109844869527862
4.113634911165358
4.064731141753428
3.9314975519136053
3.4815899487021196
2.9892114934274967
2.585632796592003
2.192984493914982
1.864069172858018
1.5598765924481168
4.209408491120276
4.1795113579568595
4.1478407530435355
4.040281223167672
3.9842618906825393
3.788558114946404
3.5473624916190194
3.258241725710178
2.805925859913819
2.3627561125795724
1.9919257838132558
1.6503825185968142
4.262540080185578
4.232370608424269
4.170243642526073
4.057069148241497
3.9164233757106657
3.7171011008040096
3.5225620223206326
3.0267294054733562
2.5328010004729684
2.118807889223808
1.7387985388497715
1.8676466228445079
1.8165725854125185
2.1342872082511404
2.132926577975657
2.0224760904423063
2.380866401352391
2.3264198662623112
2.6082182836025507
2.458357303948807
2.957878386756777
2.9172090754235165
2.7185595454995446
3.1943250909043828
3.0671999862739696
3.3036768138951236
3.269234890185945
3.4622162691788714
3.4673753984459292
3.22808142023647
3.6270480577736492
3.62822239062786
3.5091694585838993
3.7584985384553664
3.7001887555591106
3.4045540086066968
3.648490669274947
3.9464902519053315
3.9587363506188327
3.869379074543837
3.464962241215171
4.008941573964607
3.75425882784021
3.988164081785977
3.505328865586935
1.713377383239908
1.7351664286049016
1.8921288242710514
1.9160709155831155
1.9254754535836136
2.170087607714106
2.1964547054114485
2.2054268940180206
2.197954075084945
2.173041240777557
2.467628017102376
2.4950155126068463
2.501713588416394
2.4888969575937603
2.455182007922311
2.352864778934546
2.6810781127852024
2.7081998420621582
2.7125155359494753
2.704158935067116
2.695153842330128
2.678164111083144
2.654689727443951
2.597036295196684
2.532829161288246
2.888549444389926
2.9147695472073054
2.9155086370927243
2.8916154266424856
2.8702073275466864
2.842580713850704
2.7739901576325003
2.7025655223719625
2.5658564580226932
2.4323431523770207
2.175582440827945
2.0605917113606873
1.898047102358155
3.1318843705976382
3.1538268358384243
3.1483181819925368
3.1359665002214143
3.1150004900609805
3.082158088820004
3.0538523642789404
2.9702318402296983
2.8867386183432444
2.749656488837944
2.5734143795626667
2.4538781956352174
2.281657881110845
2.1467813725218585
1.9671179387742221
3.2699997176068014
3.2874837501391503
3.2768819974712686
3.237826723721886
3.206917491740549
3.1671098327859335
3.073464220632085
2.9814350580540014
2.8089754887488585
2.6405814714701226
2.5095182887171434
2.323217531076913
2.1821167624813587
1.985939329087154
3.4194873188265373
3.430390592131978
3.4119488545975334
3.3624448554893784
3.2798304206757405
3.0713495018631125
2.6969012170823228
2.349706359230792
1.9846671594328167
3.5165490307991765
3.494851287271359
3.4647677272905435
3.3944050003027755
3.3392073551140395
3.2253570849864963
3.109896016987537
2.908589812247242
2.7109797290579767
2.5850103425363256
2.341849973922429
2.1899920109780213
1.9595261156745647
3.5997287603582087
3.592784240014213
3.555514986769388
3.4847855473343197
3.4264792967645867
3.3804845112992634
3.2516316075181515
3.1246627021240436
2.8896323661092365
2.6860329113686583
2.508381793823514
2.292921918959984
2.1091079357781135
1.8839161574005077
3.625673653499382
3.609937658967816
3.565704192569085
3.484841815646842
3.4276896419817606
3.3628721602136613
3.223635420369244
3.094500649703017
2.856184625386404
2.632467767755369
2.494325055246509
2.2193835431400393
2.0346967984707938
1.79736495093655
1.6428764265126294
1.6657438591829226
1.8107719372482622
1.835792940619932
1.8423810252630513
2.0704307147657617
2.0975488688239414
2.1027371459879953
2.0571423281685735
2.345657701402291
2.3740771899412123
2.378116522068039
2.3751918669942307
2.3149374717773266
2.542445298053719
2.568852608942211
2.571842790155502
2.5669797968514523
2.5376897007720167
2.4920769901365425
2.393577823453294
2.283470159287806
2.7310967945110267
2.7562899142540616
2.7568035312756787
2.748829191563021
2.7109834509786634
2.658868824039505
2.542809992110037
2.4196077356282952
2.1714650938496245
1.8968948345822008
2.949375881784975
2.969377211083583
2.9644306892639776
2.953355321580529
2.9034524213598822
2.8403828308516657
2.7231283454568795
2.560079064208316
2.2773732983895885
1.9659381145719228
3.0714968054931266
3.086352274867525
3.0802233099548024
3.063521267335845
3.0049127441848924
2.9339671450100444
2.784069723663238
2.6270371072354948
2.3189452639810377
3.200310969072349
3.2073537825153684
3.173975495983462
3.0230712143794007
2.6832237659924356
2.3454637072655573
1.9835355626575006
3.279963053940922
3.2755397809094675
3.261854625187804
3.23284941653828
3.154937943935551
3.062149503515796
2.883515273165524
2.69751898852331
2.33774023579083
1.9584378606116055
3.3421409687724335
3.329693678557162
3.302204188802899
3.274696784255762
3.1821222591868414
3.07761950056965
2.86617983103337
2.6731818253141646
2.380123914899599
2.289035789611832
1.8829214112389596
3.354205167494923
3.3316734958284777
3.302208563807484
3.2613001287605394
3.1572919603522607
3.04885642292536
2.8330205881101107
2.620171209678463
2.215767498059394
1.7964629838332293
