2.1878269063893727
2.209761535616586
2.121159130763612
1.971690160613725
1.808524534579555
1.6696975895879318
1.5285501188283916
1.4052127364016194
1.2335803316120597
0.9950991037212685
2.491707013744891
2.535801650046086
2.5411392786947316
2.5160115135970433
2.365589445347586
2.168881764950916
1.995079743849862
1.816790612607362
1.6607942323564835
1.5104818562820956
1.3697149798355455
1.2563289258551118
1.0474984632581061
2.79254249183001
2.814812456624628
2.8298322797119746
2.8394447770040676
2.8387190041269457
2.7374826371522465
2.520034632353151
2.3132446102114073
2.097452428730683
1.9079092423728854
1.7253515431500839
1.5546599489213986
1.4174309582522597
1.0545912061008926
3.0857139098208655
3.1250307144673903
3.1308551374401983
3.1316743379168286
3.123185311106973
3.097199950189433
2.8919615547912
2.6547157122926475
2.3985399910850864
2.171578653492803
1.9527865551208439
1.748488161786402
1.5845695969882663
1.4229515526931775
3.5165848452292203
3.542221983984645
3.557466753338864
3.5621148838030017
3.5584089894379334
3.4668898015706846
3.2094599435713755
2.8925321187201796
2.6026670991494543
2.3214322603077355
2.0590051344784617
1.8490617918283465
1.642834919043846
1.4667499522061733
3.8232491569686156
3.8480663977079645
3.8619362510897104
3.862875477890521
3.856961508669941
3.8375535611725144
3.642034639761317
3.29149609193884
2.9519816072826126
2.618261937588891
2.306305539798577
2.0571646719232066
1.813144575180508
1.605437223654981
3.546555818660015
3.177700313598174
2.809782650495621
2.4648544579249005
2.1895447308729183
1.691700326446165
4.192875857775531
4.228178438309159
4.211683453671906
4.176331023870314
3.840419180746306
3.442768693776342
3.035146923665333
2.6506721230292705
2.3437850630097596
2.0442746479131624
1.7904496672150003
4.41162236530036
4.441083687076915
4.415981235068511
4.199636922582942
3.781585558301957
3.325711033424597
2.889595364535851
2.540879840709784
2.201173004670687
1.9140883104898339
1.6454882804449684
4.574774837714577
4.598649896352589
4.573492485303424
4.457242550717418
4.065779343524588
3.57430617560391
3.094126946845973
2.708741660548101
2.333660100674967
2.0174001097047998
1.7223849014426533
4.7508329448737205
4.727255554958074
4.691721913415143
4.612199296108358
4.3771687621412685
4.1955089378633525
3.8575532176719527
3.3285645648675732
2.9005157809631026
2.4839005834944357
2.133420077614676
1.8075695675144468
4.873922014263268
4.882192351609474
4.828523721245482
4.6759879985865
4.153055007594796
3.5771765218118396
3.1037429954978943
2.642066905931632
2.254386615922073
1.8951785354812534
5.008283661304974
4.975434713591815
4.93963463755497
4.816157595986836
4.751334925994213
4.523653750687113
4.24184373514715
3.902983721392441
3.3714794330446676
2.849365591459205
2.411409510721166
2.0071043881972597
5.083524407169642
5.0500107565664525
4.97918711698781
4.848350522426013
4.684633964065052
4.451526745661066
4.223328873485969
3.639982811045893
3.0570740858130696
2.567215888932012
2.116460885443107
2.162179938957898
2.1063078349244995
2.477169961772662
2.4774552244529464
2.354370237413808
2.771115384981883
2.7122945051713385
3.0455996612836524
2.876899627768044
3.4639698108602706
3.4208843927341093
3.1949770485919036
3.7523796456879968
3.6098929696985227
3.882590247451636
3.8508546479989247
4.0768932047260344
4.087815477125516
3.815715981216412
4.28018939420958
4.28664734217813
4.152311999245626
4.4461273406141855
4.382422527726607
4.042417362153834
4.33573630507722
4.681485960892281
4.70220490395777
4.60185529426226
4.1331419842242
4.7762335086832355
4.482531133530807
4.765655074170618
4.202566968500253
1.9850870287545805
2.0109179160912287
2.19675829581783
2.225348570849914
2.2370992314944487
2.5275375317311863
2.559678339169231
2.5716652131350597
2.5644424998325874
2.5368827229545223
2.885185650166976
2.9185203480646194
2.927830960765716
2.9146499342425387
2.877164721349766
2.761193847993026
3.142887163422548
3.1763673422124215
3.1832081433981063
3.174631137392054
3.164837023657627
3.145996560422534
3.119622254949152
3.054237718731411
2.98095580013965
3.395196421870905
3.428069839135487
3.4309067648286318
3.405162006343245
3.381210130442805
3.350001382566253
3.271891207774316
3.1900456924453007
3.0328241585247917
2.878786261554347
2.581877790574445
2.448700248313289
2.2602148529519086
3.693935140688893
3.722173164580442
3.718091738378617
3.7047945488082057
3.681495726963679
3.6444110227866346
3.61218187895432
3.5164180895788855
3.420277285520485
3.2618860465287502
3.0576756323210756
2.9189321432424227
2.718745005437266
2.5618068171834874
2.352471647277141
3.8654424267206493
3.888788425306819
3.878800423112112
3.8354711812491438
3.8004548629898984
3.7549938518430848
3.6473141575122305
3.5410184360551376
3.3410982482200726
3.145385091778886
2.992788675158013
2.7756166044579036
2.610904536447524
2.3816463706892215
4.053633590981873
4.069499942609708
4.050532477444484
3.9949630105323295
3.900376044549813
3.6590653052171422
3.2227618762640504
2.8167118841344356
2.3886791622983665
4.179536680962962
4.157814265088126
4.124167846523805
4.043830487629891
3.980193111718776
3.8482512965128253
3.7139205932050245
3.4789267949062164
3.24771326352504
3.100081349766382
2.814721809583512
2.6362595593091447
2.3650681226128283
4.290698765818736
4.285867967021653
4.2447288213612335
4.163986951541566
4.096657924258172
4.043307821267804
3.893212682998794
3.7448160484482917
3.469232538948465
3.229952798657651
3.0207947191867515
2.7668259859235484
2.5498396690762837
2.2836274982491314
4.332161266300724
4.316928711424986
4.2674282395972
4.174488512261636
4.108211682448529
4.032759133348392
3.8700280022159093
3.718529411562704
3.4381896682184547
3.174402479438448
3.011316278985705
2.686204250415126
2.467473002351234
2.1859673524279417
1.9051097060829423
1.932365808533756
2.104228851565671
2.1341841615580015
2.143438841858196
2.4145337853564017
2.447482300069459
2.454922181802656
2.4048958367255375
2.7453063788436447
2.78024999681178
2.7860443428702037
2.78345131415986
2.7166795779267043
2.9835858585959816
3.0164699509862607
3.0210453627926945
3.016494343310938
2.9843923256898495
2.932949873045628
2.820646334131045
2.6943662993336055
3.213674436215208
3.2456215968472404
3.2474504148559244
3.239367968048977
3.1974632935686946
3.138380618742822
3.005529299530913
2.863678623361777
2.576976985183822
2.2588373936619823
3.482682010670669
3.5090276030193412
3.5048955110281432
3.493043459965588
3.4371664278898773
3.3652092817273
3.230325423040492
3.041779291920186
2.7136193076253776
2.351053635705559
3.6350705582600047
3.655560375716344
3.6499023885563533
3.6318318845357154
3.5657262411491244
3.4844631990312056
3.3113710638629725
3.1291894752442926
2.7704888126787157
3.7984741537403455
3.8100839154422346
3.774055689272818
3.6013285488170044
3.206343173939378
2.811598499808358
2.387308118986812
3.903365756234333
3.899878273576662
3.8853090078956654
3.852917480555819
3.7638851375484723
3.6566538679815004
3.4487932555017027
3.231505604468665
2.809752496462275
2.3637448895532267
3.988878534309854
3.9778375959928045
3.9474006447872143
3.916193587564432
3.8095879789678846
3.688153631515461
3.4409231505762796
3.2144088601341143
2.869490011656214
2.7621041795202648
2.282411252042609
4.013084510232979
3.990104495303554
3.9570655294994372
3.9103343752088686
3.789902186409208
3.663334191210282
3.4101401724030045
3.1594792340509117
2.6817941188509264
2.1848597355635366
