1.2431569622111305
1.2518267065910573
1.187391393818346
1.090443114513202
0.9871896072950718
0.9003819463167996
0.8128449835172832
0.7369327454156859
0.6321100013944415
0.4879998946622068
1.3951117405439544
1.41533960296375
1.4150109375464652
1.394557026442376
1.2953543736134463
1.1719382963509026
1.0647234954970373
0.9558472298906863
0.8614150300108357
0.7711175549796129
0.6871193403382836
0.6198644798543734
0.4969944068710877
1.541389815465574
1.5517254368961901
1.557904710274007
1.5594250049807927
1.5577002453909963
1.4862926401177168
1.3499886752205998
1.2237270079612395
1.093640746621232
0.9805192409989267
0.872492150873207
0.7722507123243441
0.6922151041764388
0.4831515208738699
1.6798229724320712
1.6963533761407403
1.6977694573582194
1.6939418428319926
1.6861719531231079
1.6669911039251564
1.5366442199464507
1.392805595960578
1.2401542417345526
1.1064985078986374
0.9788715031663778
0.8607041099568952
0.7666255016394441
0.6745576746295865
1.8754059470285331
1.885815419162887
1.8906705241595692
1.887675960297358
1.883875693156063
1.8211280949810518
1.6644496196011183
1.4781303276238873
1.310498632117583
1.1497056567644162
1.0011358152816554
0.8833420124559473
0.7686388017142571
0.6715781498728506
2.0084513090085867
2.017962705906132
2.021517598126882
2.015998101439134
2.0106040089838966
1.99611539949786
1.8737369124554277
1.668468390109945
1.4743405912945289
1.2861180076495577
1.112102990391761
0.974493693526931
0.8409952800799831
0.728489363197588
1.7893547365102098
1.5796167632679996
1.3736869165492938
1.18291591192888
1.0322309377978924
0.7637634997882323
2.161071224796406
2.169287198816587
2.152569967258223
2.128214662295939
1.92785317662105
1.7027033313825644
1.4763350573085676
1.2656251967299559
1.099297865233811
0.9386773516834226
0.8040515806547447
2.2459083472021706
2.250648745371127
2.228413244947682
2.0958704122874336
1.8592211712201683
1.608112414107917
1.371576690520431
1.1847191958309113
1.0047364389880968
0.8543932207048818
0.715330890829424
2.3057768527585947
2.3080046699478562
2.2858786597050496
2.212717813304543
1.9897886173841308
1.7203843724597665
1.4619583597303492
1.2572513356152806
1.0603691990710318
0.8963685788191378
0.745205306741646
2.3578988141021404
2.338191208206058
2.314673997165065
2.26626240505521
2.1319810593313417
2.031470111426046
1.847784126338706
1.5652132030035548
1.3398801166361203
1.1232947065833305
0.9434115596623937
0.7782443050603921
2.4030500635921284
2.3964225523779907
2.3577837936358446
2.267292481311219
1.9801142353504755
1.6743584951320623
1.4272143627813696
1.189416056433678
0.9923891173207404
0.8121871433577933
2.4239081877915893
2.4004648305430267
2.377912899741874
2.305775216472541
2.2693975322057427
2.1450792641221934
1.9946596898161986
1.8168394639531638
1.5419170864576308
1.2758678882590009
1.0558109432491356
0.8553920424997663
2.4274210017104014
2.404655688994903
2.361920328137017
2.288209720528125
2.1991496019068375
2.0754410484076797
1.9562721298121268
1.6565441198734154
1.3622464529458254
1.1186157325779371
0.8977009329537043
1.2216079066128507
1.1789333021666544
1.3788210330056412
1.3728839914321245
1.2891460062575313
1.5175098674308551
1.4725109201113329
1.639078383995274
1.5286270757592801
1.833868779225132
1.7970030704258588
1.6569734027632603
1.9520118361174572
1.8573136984626044
2.0149597758843885
1.9722574254020284
2.0923230807400124
2.0835382647527774
1.9156062332169936
2.1700381178079544
2.158488170583488
2.072578707513398
2.2231206125950056
2.1761356406615255
1.9785571161212523
2.1121757193141057
2.3045134019931552
2.297256527535899
2.2320506445941013
1.9708336367627783
2.2937087903282842
2.126032973614412
2.2501214072410014
1.9469167822880127
1.1166352769700125
1.1290045356344194
1.220796239507775
1.2340227712686462
1.2375993447493663
1.3786397609196435
1.3924891773129793
1.395022352004682
1.3865489285235257
1.3666182719537656
1.5417062890237367
1.5550917469514025
1.555419185718012
1.5428047665397224
1.516774927984125
1.4436042948794143
1.6545680768855726
1.6669827976284577
1.6650858437406688
1.6568421829662268
1.6493656604459863
1.636183882180595
1.618838679332785
1.5777920208189835
1.5332707730746238
1.7603359756617576
1.771152094682656
1.7667022815038076
1.74635305852603
1.7303391738202571
1.7104115287279886
1.662497975532742
1.6138785741072001
1.5222542224880649
1.434020991893103
1.2661310334401574
1.191496571142329
1.0866283951593765
1.87811551531747
1.8855191735945567
1.8763622675807399
1.86588970676129
1.849876991481663
1.826251747723736
1.8065095279450945
1.7495649732497298
1.6939923474237593
1.6040837865016229
1.4899202655494055
1.4130958600579615
1.303162417560833
1.2174969741427082
1.1041100353360769
1.9406532215573506
1.944609721941891
1.932258122698877
1.902365871314131
1.8804306110303886
1.8531257280255107
1.7904217896497265
1.7300341653712374
1.6186050573697308
1.5110460863412243
1.4280073900690402
1.3106409658354774
1.2223305229027892
1.1002212759596772
2.0026976886859176
2.00217387608353
1.9846163211533485
1.9483947320309498
1.8922854085142171
1.7568494750990113
1.5204780246730483
1.3049815093097958
1.081219386939326
2.0346352578372557
2.012726244281061
1.9904826304762933
1.9422661924397653
1.9058564000194735
1.8323529330194275
1.7591666431542146
1.6330373725813236
1.5106293205789578
1.4331768262591593
1.2846538495374416
1.1924631534535406
1.053561832440985
2.0550366868778434
2.043261168304369
2.014594976473589
1.9662189459339066
1.9280776307489946
1.8985442324095019
1.8172399218692064
1.7382568491324386
1.5940953209659117
1.4709198578037816
1.3635465685037536
1.2345487969249473
1.1253297276263416
0.9922775530151972
2.046309406938522
2.0294448077559193
1.9970273090928232
1.943252524403491
1.906585408886957
1.8655872745184983
1.7791578497978149
1.7001525064630463
1.556602537391268
1.4222478692114784
1.3399953399406648
1.1778298585525746
1.0696549482329811
0.9316486198432978
1.0659864626159385
1.0787154507329402
1.1630178606267272
1.1764932270833286
1.177525715132823
1.3090929677094587
1.3228659313631521
1.3222037252828562
1.2851691611823477
1.4582958345526367
1.4716158067180602
1.4713478818622912
1.4673884359695164
1.4203855888935932
1.560966829185444
1.5723306897770488
1.5714696491272189
1.5655729213254124
1.541914355733835
1.5087417386425357
1.4401944766477492
1.3654622721544478
1.6556424508799135
1.6651806149944306
1.6624584895277765
1.6544222583152612
1.625049781776882
1.588019801081211
1.5087236573467153
1.42660129719596
1.2637703546324102
1.085981195732406
1.7590133240108483
1.764331832084444
1.7572747943327596
1.7477413417279521
1.7107117593908712
1.66714287823905
1.5888275260188638
1.4823220239485735
1.3007619985970307
1.1034634753872776
1.8126893952337233
1.8145399068635482
1.807143021791616
1.7933528286500207
1.7510733889006302
1.7029125265422458
1.6044945468163505
1.5034375017112602
1.3082832510993692
1.8634344745158726
1.8599668104983362
1.8322298730431887
1.7297354844105937
1.512931148611598
1.3026843254854077
1.0806218062683788
1.8862079278981283
1.8795998899494335
1.8678104999873777
1.8462865074311112
1.793125194336018
1.7325632927852914
1.6192662868900216
1.5033055935376116
1.2824617811357129
1.0529966045257135
1.8961698743027366
1.8805387471309438
1.8596348420683402
1.8404084704732078
1.7792603936833378
1.7126909373831698
1.5814809050477423
1.46407166536924
1.2870052718239027
1.2325225143771006
0.9914074165513914
1.8812265907556098
1.8597885344395024
1.8384020573414717
1.8105620752885376
1.743407617445299
1.6757080665922433
1.544321337790556
1.4157989648394471
1.1759774762931527
0.9312016405453942
