3.0379932665781633
3.0703492922321596
2.9545333551502884
2.752593684794783
2.5317166982574095
2.343347163386039
2.1515268205115077
1.9836660762500344
1.7497508153187096
1.4241633154901108
3.4707784810814677
3.534527807290299
3.543762940404418
3.5120185404183295
3.3095796312010655
3.042865550460167
2.8063776960888345
2.5632884767610156
2.3502247822505824
2.14462699213085
1.9518511836769432
1.7964170809597269
1.5097702647287627
3.901855945943903
3.9339849995460803
3.956016157049115
3.9714117361060093
3.9711306713886843
3.836948250650885
3.542171266941149
3.2602050154759534
2.9651706896102623
2.7054902463754313
2.4549650739814814
2.2203900996922568
2.031572639863594
1.5313343461036626
4.324207105613958
4.382092945915956
4.39126310575932
4.39455424803572
4.383680723740126
4.349305219044672
4.072207549301859
3.7482829534196145
3.3971616691503876
3.085308719319557
2.7841087364550408
2.502401612174911
2.2760520800323834
2.0525818564715967
4.9488710774275395
4.9862795794903905
5.009342204787955
5.018925514056672
5.014833978719601
4.894058725504141
4.543136778696571
4.107517152635643
3.707641620297592
3.3187447681960887
2.9551376952232182
2.663745575048336
2.377041007564922
2.131801824097357
5.39730388884642
5.434449117813213
5.456181573226823
5.4609120428936215
5.453876589510245
5.428973833640448
5.1645669590086065
4.68244707362297
4.212913525551351
3.750027830077283
3.3163417884385
2.9693023199195747
2.62876272555067
2.3383072752524914
5.05052382773019
4.53980524663515
4.028607393992628
3.548149436179369
3.1638549609899727
2.466850536991208
5.943656868373821
5.999602988790533
5.981105539417559
5.934672377057524
5.475102527661997
4.924042114549675
4.3566793076448755
3.820018313107025
3.3906754662181795
2.97075928936308
2.614052901981641
6.270539428311753
6.318577588828301
6.28863939181343
5.99492949604512
5.415713142055558
4.780038014219466
4.169844560520565
3.6806962984771205
3.203085945555899
2.79849022370428
2.419097857324751
6.516566123841223
6.556559096414405
6.526541257459399
6.370002967742702
5.8285782637658645
5.1425478384233445
4.469514763417109
3.927832493231492
3.39933977197408
2.9525981316674033
2.534868668842237
6.789970732055633
6.761275937933568
6.714188146039447
6.6061793836809155
6.281497708862582
6.0285289807816484
5.5559103249109185
4.813205386611596
4.210305543767173
3.62196502462563
3.125686638613201
2.6631142308294042
6.975893935436023
6.994442457427845
6.925375989113149
6.7168463367500175
5.987510593247851
5.177874973475912
4.509764820782771
3.8563719715776883
3.3061269220094647
2.7949758674272274
7.196945781847285
7.154603198193165
7.106547359265131
6.93714850056099
6.847281042647635
6.5293851246582415
6.133729045856484
5.656078509643709
4.904437722577246
4.163662120602026
3.5403034235308657
2.963390627645506
7.326177761624313
7.282319093465699
7.186106171495746
7.004968872493403
6.776250786325852
6.44859402949337
6.126610650051151
5.300412384383381
4.471614663579227
3.7727016504043203
3.127879691306283
3.0058618883036323
2.9339367955550415
3.4549105361298316
3.458392724236169
3.293928245543241
3.878356467655753
3.801721931013034
4.27696052857829
4.051017017298935
4.881793520295105
4.82911842142815
4.522623100563024
5.308406377816927
5.118936209951908
5.495602316894205
5.466129746165733
5.784611830367611
5.808665035384937
5.439797688857126
6.08915633481679
6.1073374026686125
5.927184450906023
6.344264238052765
6.262742674136063
5.794962868605712
6.221805434830368
6.702760393416251
6.74347895194264
6.609913878588424
5.958662096139994
6.875055760871059
6.469730087776576
6.884865573557049
6.0963130186293855
2.762415898699555
2.799478154265967
3.064879706638537
3.106093405276006
3.1241077356644076
3.5406749229684684
3.586990698211732
3.6052970359055716
3.597477072728576
3.561713359599684
4.057955180143008
4.107426245132648
4.123109673988342
4.107664476573387
4.058349950271965
3.9016582223892913
4.434823469097608
4.484984061955533
4.497787443652097
4.487827136655441
4.475345761893928
4.450650588355097
4.415449176931347
4.327075437085019
4.227183259572133
4.8067076828363655
4.8568569154651
4.864337101307923
4.832028974873164
4.800259161722169
4.758313072205721
4.652187081803246
4.540066242245757
4.323639454982789
4.110775242211504
3.699242881992149
3.514292031445408
3.2521328921787953
5.251909856274002
5.296230173021952
5.294708458307855
5.278059749892058
5.247479770112907
5.197672291606807
5.153931746954513
5.022887937666246
4.890377405050362
4.6710918039754
4.387347864206001
4.194145476324681
3.914867750579729
3.695651236822386
3.4027567250961406
5.510854658807686
5.548907332173736
5.539179659207359
5.4824643948432845
5.4352574731387024
5.373296965487606
5.225197375439241
5.078120519690838
4.800196417030603
4.527217738100657
4.313901528517869
4.009847095870238
3.7788455454331222
3.456873749663528
5.7993500956660045
5.827293449155717
5.805316384014705
5.731375367590998
5.602070991315794
5.267332553718429
4.656863861469023
4.08605391286749
3.4823852056697775
5.998601867609196
5.974691616430819
5.9301790014347
5.820778989421888
5.732979015466159
5.549682176787694
5.362113080933376
5.032553080277893
4.707348085847668
4.499270741170187
4.096389635987737
3.843989895546995
3.4598256752579872
6.179767389694406
6.178977884030884
6.125611001081044
6.015726152431813
5.922656643568515
5.84847176308881
5.638591943851443
5.430184361340919
5.041550386448568
4.7031161084883655
4.406623099274039
4.0460703719636415
3.7374601970491907
3.356985206538001
6.2580169536353445
6.2424158866743635
6.176922167598383
6.049285077983422
5.9571623704799705
5.8517554590400955
5.623150550659582
5.409376869730148
5.012521158184317
4.637888042681609
4.405956644081272
3.9425178108636554
3.630163218843333
3.2273995357744263
2.654088902919566
2.6933003211210407
2.9392480361940203
2.9827174987036944
2.9970163958099465
3.385523198129021
3.433744419917443
3.4468543056088623
3.3821435977495122
3.8662888609336936
3.918367690420297
3.928404261396979
3.9262132586521044
3.8387546089317706
4.215670260798839
4.265461517455235
4.2737948885985055
4.269395613675956
4.228039812741158
4.159036205472459
4.006179673251195
3.8329679828988783
4.555978247595949
4.605324672418205
4.61008231374017
4.600921765624974
4.546169063632917
4.466388132380324
4.284634571558705
4.089141851402009
3.6921956326167384
3.2501414915797198
4.958673643770105
5.001021530147988
4.99817607806215
4.983476189287742
4.90934764761297
4.811392303613379
4.625736881241789
4.36444757480829
3.9074507961936336
3.4006929771091947
5.190035890195403
5.224461804303968
5.219223937307278
5.196448558262656
5.107884864605118
4.99670094230188
4.7573037369574624
4.503796821323887
4.002396917958847
5.44263095341329
5.465052818868815
5.4198629641205995
5.183827067556336
4.633005960807425
4.078586716917673
3.4803699345710903
5.611226490826301
5.609383154691149
5.59151360274584
5.548762146773003
5.4273961118156615
5.278991959290137
4.988713782524296
4.683709797969781
4.089103962321212
3.4578722448363655
5.754413332010776
5.745318052819279
5.7056645324468045
5.66356587839188
5.516761613286454
5.347515164809976
5.000136230257841
4.680319895201044
4.191589265860696
4.039106754322367
3.355178458827529
5.806594395365427
5.780481652391264
5.7366499846670775
5.673003911394595
5.505974433507816
5.3285652577930245
4.971331414078657
4.6158939414305165
3.9359846588257024
3.225744974496582
