2.3544907515021722
2.369704237754465
2.2457723096496434
2.0611274356397193
1.8644653723773457
1.698943505642943
1.5318704125703075
1.3868309590143297
1.186431145289245
0.9108794729908478
2.652272164709392
2.689215060728498
2.687885868538259
2.648054814344539
2.4581697829917966
2.2224756458431645
2.0176082191572706
1.8094094342135847
1.6286932766006745
1.455817734597466
1.2949850549867479
1.1662371926663169
0.9312034797068331
2.9394826518868955
2.958597582403913
2.96983621541649
2.9719633218404717
2.968455730586731
2.830709005669828
2.569648555421565
2.327877864786785
2.0786612804015228
1.8618159546078903
1.6546757932842089
1.4624717713139017
1.309062713716673
0.9089432715756478
3.21371956610778
3.2442519373215166
3.2466635410836946
3.23875625563506
3.2235388212722382
3.186426958186148
2.9358650413671676
2.6598040593832075
2.3667796699717405
2.1101017446945325
1.8649570584146733
1.6380158905073028
1.4574164615055427
1.280788189709414
3.6057626838479755
3.625338321438786
3.63430820234213
3.628025619394961
3.6205671252799494
3.499173215729604
3.1973102062837935
2.8385140740051953
2.5156217604832865
2.205878055551024
1.9197519772684273
1.6930138799427334
1.4723770843082529
1.2858901072415938
3.8765813729563523
3.8946274166286807
3.9012502614527165
3.890307919937526
3.879801193465904
3.8517005447662553
3.6152780914998055
3.2190355200426777
2.8442200791159298
2.480785114598355
2.1448723491693977
1.879373989564476
1.6219838925753214
1.4053438567125525
3.462210394194783
3.056667914871265
2.6584446240340402
2.2896256213288866
1.9984499612247753
1.4802796680026291
4.1934015898308745
4.209417024025114
4.177153694187297
4.130061964873727
3.74235580805932
3.306331001532578
2.8678324795376406
2.4597343000282166
2.137738901343653
1.8269756925875695
1.5667850026171033
4.3741541330171785
4.3839463729608426
4.341289401031553
4.084839577071318
3.6258213205086807
3.1383833006152564
2.679220294834456
2.3166123593638415
1.967499403154899
1.6761919157355718
1.4070381584350984
4.505013031292881
4.510375645490984
4.468168026303676
4.326858264992098
3.894189591635092
3.3704162563889626
2.867809366658987
2.4697435486697557
2.0870246438605795
1.7685214602944619
1.475239768730191
4.625545948490131
4.58814747995982
4.542910286447016
4.449353872240566
4.1887234914941045
3.9931896546886985
3.6354445389458765
3.084751672285432
2.645559578142099
2.2235058699167056
1.8731994182447638
1.551827849458701
4.7311839068971215
4.720467044497772
4.647024953900098
4.47206618185939
3.9127822167148203
3.3157604797199483
2.832902009263157
2.368278188453061
1.9835329059094569
1.6317675025385594
4.801568028339322
4.757400907914721
4.714232964405106
4.574933160758738
4.504232090848849
4.262017732583346
3.968051727428434
3.6199969657372417
3.0812964170638404
2.5596684853014735
2.1283146339335905
1.7356288547076884
4.83715712707754
4.794357812415029
4.712563306525606
4.5698952280426886
4.396454058725685
4.154531732823783
3.92090880796216
3.3321548000241377
2.753616605612095
2.273837153687944
1.8389307776719093
2.312527046513571
2.2299347666960045
2.619810453748916
2.607278940868196
2.446486298226833
2.8919846958474453
2.8046573728814113
3.1334262281065657
2.920636190745351
3.524942777819359
3.453021475796232
3.182999876054529
3.766869876641058
3.583665893970504
3.898845134738574
3.81579417081881
4.060277191068864
4.043423645786609
3.7185734871788356
4.226896332460849
4.205327389310401
4.039375040842936
4.345245048140302
4.2551383460647685
3.8721213008751723
4.149609772034988
4.537406735827014
4.527039146035624
4.402102066392874
3.894284260291206
4.54839556374883
4.223775271005822
4.492873756987164
3.9018574090210283
2.115187614687974
2.137661299094518
2.3183444127345116
2.3424314251416436
2.348385392937468
2.6286616970654144
2.6540492586451343
2.658081009850305
2.6411958690004367
2.602524470911688
2.953183067251455
2.9779228795714006
2.977867198208319
2.9530282069329776
2.902611608353041
2.761585394427531
3.1809369280459046
3.204085139423954
3.199898671693155
3.183737467759073
3.169192733216008
3.143639905621333
3.110077032497495
3.0308262261014787
2.944945751246561
3.397737545376475
3.4181871771584134
3.409294108841789
3.3697911887058116
3.338757530444836
3.3002138458776042
3.207663552984788
3.113714563614187
2.9368244461056365
2.76636792166861
2.442194830078779
2.2981172478409997
2.0957294049119977
3.645171687319576
3.6595978740515567
3.64205110582752
3.621849911763833
3.590907089331906
3.5451958774947987
3.506988800516161
3.396831866695103
3.289249139133627
3.1151791321618836
2.89407394112753
2.745291033602371
2.53237960100195
2.366514504107247
2.1470344348153225
3.7811642674741166
3.789487209636123
3.7659191064162525
3.7083441366741887
3.665978045067761
3.613005512893556
3.4916752836247813
3.3746445200417314
3.1585049784177373
2.949798009600675
2.788655436376343
2.560890163735455
2.389533837422423
2.1526732930787738
3.923080747161516
3.9233874405712927
3.8902272095676933
3.820620583029593
3.712140595822196
3.449263890523275
2.989535274634778
2.570159142269454
2.1347134678461406
4.004852888085332
3.964247303785767
3.921757664088366
3.8287785627358106
3.7582889453652353
3.615569898659266
3.4728984022987146
3.2274400352846815
2.9887658794104515
2.8376691477688363
2.5478799280289977
2.3680264948315735
2.0970184557671456
4.074446362985845
4.054381976430138
4.00052923405273
3.907794624314163
3.8340426703601334
3.776771390831893
3.6185689783071675
3.4645083710405076
3.1826760879284364
2.9407463697183736
2.731205275471321
2.4784451863524626
2.264296264143997
2.003648639713657
4.082673331069271
4.053310322602617
3.9925241990281117
3.8894319353868934
3.8185108283776827
3.7389371308728947
3.5704827245144117
3.4159025439163715
3.1346959767479525
2.8706403229419513
2.709113506431837
2.3900882118810483
2.1772727875225204
1.90560810400331
2.018946782932745
2.04194186517338
2.2082286816664367
2.232694129294766
2.233635384934705
2.495646934382254
2.520805084022505
2.5185558436918227
2.4465205041790434
2.793025660620323
2.817529684273409
2.8165141135452005
2.8086003260558576
2.7173788993450443
3.0006741521130653
3.021767752232256
3.0197825549767607
3.0081220845832806
2.9621413590045624
2.8979793385049413
2.765724339149419
2.6216477704038734
3.19552674009774
3.2135102513194886
3.2080506592092353
3.192388899775397
3.135522774434977
3.063886738054086
2.9107387729327496
2.7520567036653407
2.4376365964424163
2.094477751595133
3.4142753444953593
3.4247938135748273
3.4112205727467764
3.392820074946798
3.321310191532464
3.2370358778976356
3.085487917215896
2.8792705676793777
2.5276930543755127
2.1457680654451
3.5324469687167097
3.5367635177343937
3.5227533428519617
3.496156868498398
3.414696522731991
3.3215497015876663
3.1308466623485813
2.9348642424575724
2.5562483265971094
3.651594917778467
3.6463529166264816
3.593676439414932
3.395672830029515
2.974561316140922
2.565579897268578
2.133513780110329
3.714823625480843
3.7029590510473485
3.680868494262061
3.6398664411397577
3.5374827024402613
3.420158553872221
3.1999243616484163
2.9740927537492694
2.543460476372635
2.09586775863101
3.762713917471482
3.735479592372563
3.696259806310059
3.6596505765367575
3.541903620528597
3.412800902370126
3.1570645660755727
2.9267922320339568
2.581018416900908
2.4742757808446814
2.00259692563294
3.7575159841373176
3.719727160918613
3.6797145833758234
3.6267869338624936
3.497426123078832
3.3658283119710797
3.109415742821345
2.857293531363816
2.38620375861936
1.9046505524074566
