0.7781326160768209
0.7801209872583633
0.7281152090749666
0.658293627872674
0.5858338612479117
0.5258512283046232
0.4660652057338552
0.41479485578062525
0.34486896374043835
0.2505210914043777
0.857896303362171
0.8663655133555678
0.8633583361571467
0.8456046104767185
0.7733004681089048
0.6876933077463202
0.6148145689919595
0.5418012802358843
0.4792612956287787
0.4201300593756957
0.3657141861264872
0.3225868943593523
0.2449525608226426
0.9314952301216821
0.936064610400797
0.9380374831436246
0.9358586866568872
0.9337429354371807
0.87893569489679
0.7847053737515464
0.6999494897603631
0.6140266649282851
0.5403159596090649
0.4707779015640265
0.4069992756851403
0.35663824696666846
0.22786360571195038
0.9984635664546682
1.0042879333018422
1.003724877334221
0.9981844700954475
0.9913305757109799
0.9763129700351274
0.8853055395785575
0.7896163528948132
0.6901350444692893
0.6043493273741141
0.523498972627037
0.44956893870988285
0.391406020851361
0.3351605481963872
1.0881368738484807
1.0917704377561062
1.0921501721880025
1.0863358627518611
1.0827667821770317
1.0363256329452395
0.932025504449227
0.8125073642111414
0.7070695600104692
0.6074270406636805
0.5166127972845168
0.44553983318980556
0.3772266444970352
0.3202132600806089
1.1450459025946338
1.147841765073311
1.147134208978958
1.1396683621239454
1.1349619702369491
1.1236639019965204
1.0403620593822378
0.9094166687024324
0.7888454901932126
0.6739114050838398
0.5692112722775303
0.48754673128276377
0.40940070406103374
0.34450264720030943
0.9705471404921957
0.841093719406751
0.7163780065893154
0.6026296370104378
0.5140529987936199
0.35951952570588425
1.2050382753899935
1.2026063074446682
1.1876239296773616
1.1698702526119704
1.040172815455709
0.901906189514065
0.7659666700011589
0.6415325396281912
0.5447535917933216
0.452646531490514
0.3766397967607398
1.2345457623602953
1.2301122428806903
1.2115220110324343
1.1239524040943607
0.9788179497485188
0.8293468453753514
0.6911806898935359
0.583730617539495
0.48177578233557067
0.39798851069162
0.32172573184950204
1.2528562564365613
1.2474659074437762
1.2291849435734072
1.1799404539388698
1.0426020636776268
0.8831074717376001
0.7333725853794014
0.6167206289344762
0.5062481920480364
0.4157620753291838
0.3337043974799785
1.2580985374113838
1.242345663809655
1.225986911314603
1.1944080325909083
1.1115999756726176
1.0515409189652742
0.9438345458795327
0.7814003032736068
0.6541758247597897
0.5338588415211274
0.4356142298556442
0.34690692689189934
1.2728352603510933
1.2624910616788922
1.2341857622945294
1.1766470211208755
1.00660790318929
0.8319759363467553
0.6936415786368137
0.5627683896336013
0.4562402754534276
0.36044059452318167
1.256232993879062
1.2393516571133554
1.2243722330633589
1.1793072825253121
1.1573692899806978
1.084321383073729
0.9979527844384668
0.897708397971473
0.7452818520482559
0.6004475982978327
0.4828950273709127
0.3776395207904559
1.2385227790579414
1.2227212612435556
1.1954758328570456
1.1509850941700965
1.0989614684719082
1.028455701366269
0.9616533020120285
0.7966379982841096
0.6379414580082633
0.5090315889981435
0.3942449112050024
0.7586715090951819
0.7228610386224288
0.8410257887917907
0.8323379418918513
0.7695730686115159
0.9073231609241343
0.8707628018236132
0.9599649919878953
0.8807022343597589
1.0541681582427465
1.022690146333886
0.9278798368749065
1.0990750066530355
1.0313510041153853
1.1323094658782196
1.0899374819428216
1.1605156761151199
1.1456665293476784
1.0336783988841933
1.186778116685595
1.170415856292967
1.111692311882491
1.1960746453554572
1.160816608952321
1.036846921059161
1.1015098737045959
1.2182959157668467
1.2032331230480673
1.1587925517615267
1.0020150208423007
1.1775357236484236
1.0749542757258783
1.1323586800484913
0.957195168217207
0.6899495608998666
0.6955933331822626
0.743193278814685
0.7488927288682126
0.7485442203874926
0.8205482320820551
0.8259260833561335
0.8243925261767792
0.8158591950723433
0.8002370701199429
0.8958191023401104
0.9001160946156471
0.8967963548844821
0.8853286693834209
0.8658444963749528
0.8153969696049985
0.9446796292055909
0.9478706331330455
0.9427696475098394
0.9353804138418523
0.9294577666844113
0.9196181147498165
0.907287353908731
0.8792609405616598
0.8497865185474711
0.9873351350620716
0.9889186273766053
0.9822374878595029
0.9659574848635072
0.9545016318702998
0.9407771303708069
0.9089165684147954
0.8775446702026645
0.8195891361418283
0.764764792307234
0.6620422323117316
0.6168982038277092
0.5540647249332546
1.029739635835248
1.028997040939471
1.0191747208157762
1.0109398116482347
0.9993806179154294
0.9832728634036588
0.970241340113206
0.9336606563171014
0.8988875107611245
0.8436779009030506
0.7747179880025792
0.7288243051540328
0.6637853870836186
0.6135039114258589
0.5476058120259882
1.048587609885498
1.0455079367275544
1.0339754291588499
1.0124926095741755
0.9978222448284075
0.9801337421409363
0.9407832529214784
0.9037469059760496
0.836710722518203
0.7729964481272309
0.724343002708478
0.65616968912542
0.6053750368595011
0.5357395977044117
1.0621933476943108
1.056460904763267
1.0418639956486961
1.0170734775283476
0.9814103903624712
0.8995576645269993
0.7617801469197059
0.6391023369405299
0.5140994125284584
1.0606846824004985
1.0420488616164165
1.0267667139620966
0.9959461558322742
0.9736069785046901
0.9296076878747825
0.8865701516735384
0.814003324180687
0.7444653752689682
0.7009245596964714
0.6182078335269691
0.567365743462439
0.4915008208472032
1.0513927573134194
1.0395166340481727
1.0193375629239467
0.9887221260184536
0.9655924838481094
0.9480866037500988
0.9008793141424345
0.8558083400729649
0.7750085864691932
0.706709215408354
0.6482752983092875
0.5784005219985953
0.5198547317635316
0.44927646786836295
1.0300969680426717
1.0157245778788635
0.9939369976171258
0.9609615155643113
0.9392985725828458
0.9155012759747682
0.8664010807956359
0.8223071272852558
0.7433109945602033
0.6706176437940347
0.6264844161167717
0.5403107249261959
0.4835058551999005
0.4118051052003444
0.6541020570695489
0.6596193261033731
0.702997112451083
0.7084767637525116
0.705931086905942
0.7734667658851528
0.7783196350298649
0.7742114242033038
0.7448456509797994
0.8410103191428168
0.8446690653661835
0.8420060824152694
0.8378124328385502
0.8023828493834181
0.884305157026549
0.8864379960598227
0.8835890235757394
0.8777304680315725
0.859485073377574
0.8363529108780753
0.7908710856247897
0.7427808674597013
0.9212599498330648
0.9216477496184695
0.9175621075795355
0.9104102316622495
0.8887476765751424
0.8637057747616667
0.8124316663750762
0.7608840091077638
0.6608362902533634
0.5537440487305992
0.9565371396412804
0.9539904848728762
0.9468125809082025
0.9392640326357574
0.9133306310472122
0.8849302743472406
0.8358288803996134
0.7708614160271249
0.6625967891379165
0.5472959170808053
0.9712789789973431
0.9667118046096277
0.959746406872801
0.9491928696115344
0.9205657959036849
0.8899054310959845
0.8295972374671694
0.7692078920590395
0.6550257670779635
0.9797342976448726
0.9720121004198955
0.9510255137865786
0.8860384507761693
0.7581123194639108
0.6380161867538658
0.5138270791607082
0.9743677413116729
0.967847917115819
0.9587726156706377
0.9439887103741766
0.9102550977356245
0.8736147302394853
0.8073472855387493
0.740973132922213
0.6171924636417189
0.4912490101362519
0.9611384175490224
0.9468409475866735
0.9323216572061803
0.9199187827361744
0.882627342593083
0.8436210034723733
0.7690830607318347
0.7035373348573282
0.6069568611220301
0.5774907673089549
0.4490602815016842
0.9380781883009799
0.9209727127618373
0.9067640079148693
0.8893586304558875
0.8495627348028736
0.8108840963225544
0.7376573372168014
0.6676941139907513
0.5394993509165612
0.41161878957218745
