0.9012874957221592
0.9235314778875238
0.9185803541420009
0.8772661214956315
0.8267568131990954
0.7816063114501327
0.7339436740248523
0.6910288801035174
0.6288451239473157
0.5375061588646395
0.9970637869502087
1.0301968625784943
1.0414654471249467
1.0461336067494593
1.0134904041003143
0.9568206747521718
0.9029213601065932
0.8450967069952577
0.7927620217826997
0.7405234450875005
0.68992858802887
0.6479119925320705
0.5674885729073064
1.098676889969004
1.113676183907949
1.125667542748014
1.139282382228736
1.1421900917354084
1.1335044980219873
1.076782307470314
1.015766480652199
0.9484083122350953
0.8869209233882734
0.825428099735658
0.7658268030507487
0.7163164435751329
0.5780676529030732
1.1936653574249478
1.2221097231643672
1.2287001209124486
1.2386929629888734
1.2417701853242922
1.2412704279789768
1.1970171429967542
1.1312281643495188
1.0545069276138483
0.9833857635833054
0.9119823449605902
0.842697864300519
0.7851353450321524
0.7265708731946723
1.3294619014418605
1.346162467004847
1.358840973506973
1.3722849295139057
1.37479403353401
1.3679881850212918
1.3073438525332035
1.2192514727747799
1.1333400583025686
1.0459321891239282
0.9608094144311766
0.8900636272882374
0.818125329643004
0.7545795974895186
1.4236566052668738
1.4405346448614982
1.4534279508091028
1.4656418390330221
1.4680367864739698
1.469260126639377
1.434703083322169
1.3446827947433837
1.2486260639354767
1.1487695625416574
1.0509429569183568
0.9695585652362775
0.8868476192835405
0.8138233168931011
1.4214441068928452
1.3204308103280218
1.2129882202584041
1.1070755197105584
1.0188534440089352
0.850108508730927
1.535450464104808
1.567170089147199
1.5767625591606995
1.5757316059309472
1.5064501285893517
1.4021952294300093
1.2865662920576177
1.171338200300672
1.0751238730833144
0.977371582560446
0.8911469439438692
1.6014957989762821
1.6306819126244896
1.6392524052784305
1.604630338931168
1.5027533279115424
1.3784407290372507
1.251703166710338
1.1453150697715087
1.037165385677561
0.9418271032010379
0.84895126041835
1.6507406067952448
1.6766060336916573
1.6847941435286558
1.6710304467036212
1.5835477249911056
1.4544841643141957
1.3185944338195577
1.2036637122147213
1.0866778059104132
0.9835809777174016
0.8832565970881995
1.7228395045460412
1.728910421273617
1.727500525261699
1.7163782915472405
1.6677862108311001
1.624591764357331
1.5382662823296334
1.3931922923647162
1.268775188643034
1.1417492402311558
1.029835831739373
0.9210390028740865
1.7422546323110102
1.7635343249265045
1.7665462459115775
1.7429456871963955
1.6223605670671237
1.4700115984544742
1.3361021286644559
1.1986355067596592
1.0774105251592567
0.9596943534907235
1.8045254596375306
1.806426453120724
1.8037601729723824
1.7844554392730076
1.7722387356550706
1.7223071336864735
1.654185569045052
1.5671226172413868
1.4222508774393454
1.2715100551412468
1.1381323455143764
1.0086384976574876
1.8321300346341103
1.8325784205224345
1.8249432540908503
1.80218367822484
1.767911037058364
1.7142575348618587
1.6584088926001184
1.5057887082675956
1.3426201679788474
1.1973042184210112
1.0563221614819356
0.9091792468163914
0.911622299099235
1.013145322637624
1.0289473966769704
1.0084074543144013
1.1199395743957183
1.1225699874299282
1.2197828915599185
1.1906112955238968
1.337543765870572
1.3495739514342453
1.3014103720575458
1.4366221195594586
1.4220889379393702
1.4475954855271038
1.486558105350119
1.5118567300701304
1.5428932900651433
1.4969870430577865
1.5731538745371352
1.602575492468881
1.5871171524492549
1.6396104556000162
1.6440660675846719
1.5748399758681724
1.6527892595788316
1.6867035587610943
1.722969080873501
1.716907743339661
1.6150532586883444
1.7599605130315645
1.70773557897399
1.7738604689102544
1.6508979234264547
0.8357517349271301
0.8549268893183436
0.9112089774226438
0.9319728215618438
0.9452128117739279
1.0260257367523933
1.0487897458667605
1.0626862430962716
1.0694910857115378
1.0685975905613412
1.146306266062049
1.1702877531431481
1.1840880965301623
1.1901735961709485
1.18695639795912
1.1617784005129026
1.231258445948542
1.2554408557733805
1.2692004875841183
1.2732458788738952
1.2739328225738542
1.2727815683294028
1.269094716894971
1.2559803732015793
1.2384549453104474
1.3130373514986384
1.3378047832974687
1.3502454450334318
1.3535659719076456
1.3513465530512425
1.346395375992353
1.3299559783678372
1.3103340793584406
1.2687014179567906
1.2253270342486824
1.136971924488723
1.0957259662175345
1.0358799248666744
1.4091759461206086
1.4325267357409601
1.4434854903055148
1.4451830039488154
1.4441555465896592
1.4392968044345278
1.4335898125305022
1.4129446021394765
1.389620090091297
1.3480721862964467
1.291227149317236
1.2510849218201985
1.1915535584243575
1.1434639376659215
1.0777254263781437
1.4645738222778732
1.4865411464911786
1.4961409270029935
1.494834153101915
1.4897580712043197
1.4814618204085146
1.4579136180802952
1.4319048832445391
1.3793728387928825
1.3249613790434716
1.2811074131432068
1.216777989832193
1.1666997945538589
1.0950486556823418
1.526351894993246
1.5458002587840871
1.5531488160096878
1.548755522289248
1.5316597202715803
1.4752573040527874
1.3577695195591186
1.2395956227256473
1.1079966284774412
1.5768003266115764
1.5882995536269753
1.586397817352504
1.5740970755816395
1.5613085486675302
1.5314952786029714
1.4983989799668505
1.436820544292955
1.3729475644222047
1.3309920896793386
1.247314685162109
1.1934439269344048
1.1093374739239708
1.610764412467171
1.624380025952343
1.6255214309284227
1.6142969966282341
1.6015392440949356
1.5902887991765828
1.5558563790016722
1.5189662612855996
1.4465498893275697
1.380490033762366
1.320931213536425
1.2462993158045472
1.180704769192809
1.097774106021263
1.6319565663670443
1.6422516197997445
1.640620905583178
1.6263346340448435
1.6133660720222736
1.5970723226694234
1.5590045579148368
1.5212473931363895
1.4477224441838328
1.374581662130708
1.3282213864316306
1.232716327133993
1.1664043256432752
1.0784172494798978
0.8126869337141824
0.833287851690935
0.8849144278496008
0.9071722094003801
0.9209421930105401
0.9944346853207641
1.0184326074535008
1.032606994839321
1.031805575880985
1.1081956116063856
1.1339441906839047
1.1433092026646292
1.1474800151070095
1.1427683004071993
1.1886548819463791
1.2136629684291915
1.2218389161819072
1.2268793447365574
1.2271599384018368
1.2184932331365013
1.1917194224391179
1.1573789897708633
1.2650698643847569
1.2905267302732597
1.2982685664700182
1.302300911510075
1.3000269243750169
1.289384632242274
1.2574712088648408
1.2190235475509454
1.1348696824094586
1.0352692077370749
1.3541759359652377
1.3781449464730082
1.3855939320549506
1.3875727373390068
1.3819883549198217
1.367908818591478
1.335446867859828
1.284750318956486
1.1893973439805783
1.0771053490960092
1.4053693810087353
1.4272047389881293
1.432874348253363
1.4346605138189754
1.4265504636183919
1.4099430168649545
1.3676171291267956
1.3184424162681248
1.2146395038508953
1.461205365956802
1.480604217838253
1.4845320312151236
1.4531880698804305
1.351235959746963
1.237476912318601
1.1073993256204546
1.5064755899340474
1.5134684734219317
1.5160420219093171
1.5143500060592092
1.499936491417392
1.4766983075134656
1.4251477629788192
1.3665292571300909
1.2452557569825404
1.1087574245877654
1.534725073239547
1.54736609507284
1.547423015263626
1.543917544879882
1.524857407852617
1.497651572729791
1.435606840805968
1.374332007231871
1.275932377719984
1.2443263521293983
1.097229591369523
1.5509393613871603
1.5603726028405864
1.5588328735940677
1.5525138571287667
1.529321583999442
1.500491438435296
1.4368490205124664
1.3686272490821574
1.2308447639629312
1.0779072627007757
