0.7089342643620641
0.7242563350144842
0.7132060808094959
0.674793253601275
0.6294906985071426
0.5894927620474398
0.5475340474237905
0.5098418382568424
0.4555519760273057
0.37615428998936207
0.7749619832682546
0.7980961500517976
0.8050791587040808
0.8054874979600919
0.7729510032267723
0.7222361536168364
0.6750473539852259
0.6248857888652185
0.579674001563945
0.5348381032693644
0.4915662958317344
0.4557371997087514
0.3874072089851438
0.84393335430053
0.8543315063875854
0.8623847971491049
0.870859440564498
0.8724131043383104
0.8583797120794859
0.8069534671485595
0.7538944861494988
0.6961356030380363
0.6437372023346571
0.5917161687059248
0.5415232870771508
0.49999159517383407
0.3847617189331124
0.906723502354904
0.9256656892966795
0.9297586872425718
0.935239483128706
0.9361495076040548
0.9334807537354768
0.891077846948473
0.8339273759198174
0.7687549545020029
0.7088937974726376
0.649291792801152
0.5917761326389276
0.5442213791270023
0.4960551123552856
0.9936477400161106
1.0045137174133851
1.012375634186191
1.0197587445086138
1.0207444492570212
1.009159178500604
0.9548494310428794
0.8805721211404359
0.8093844836644623
0.7377307532234587
0.6684462578018744
0.611210798047243
0.553343113886489
0.5025405862382644
1.0516391228961952
1.062335792028283
1.0700393488315059
1.0762087660561468
1.0769139499854066
1.0758787113542412
1.041362559645499
0.96501845561356
0.8860849780101855
0.8051761971920248
0.7265964537523139
0.6616796251954581
0.5961346222020832
0.5387053603038398
1.0164076703630716
0.9336390678225633
0.8471230850533665
0.7626791629528075
0.6928712918458544
0.5607516892451438
1.1176797734621622
1.1359924682072629
1.139196628662921
1.1356827453420852
1.0730477736913882
0.9875951776037505
0.8950375567723428
0.8038776587471639
0.7283974958692713
0.65228683976501
0.5856835251353963
1.1546851967027827
1.170958538417001
1.172850034003158
1.1379956610123243
1.05366173873764
0.9546596790856857
0.855247868998033
0.7725981630822151
0.6892664197137229
0.6164392980623165
0.5460263838645755
1.1811140081347888
1.1951281647951042
1.1967696610514482
1.1805250230993793
1.1064942090164123
1.0038369755125898
0.8978830601586535
0.8092504219928729
0.7198276201710011
0.6417250485607813
0.5663424719664375
1.2177198146181125
1.218512146882471
1.214965130258668
1.2032347309043434
1.1612480943755754
1.1261483738515239
1.0578184460886468
0.945286375974544
0.8500426998768218
0.7537380489267013
0.6696854739728711
0.5886833749383681
1.2258400628338426
1.2360820603819718
1.2328997019639352
1.2096665943279106
1.1117903156811486
0.9939689231283034
0.8921227788707061
0.7886894443825976
0.698399080732157
0.6115163267537672
1.2514538443254053
1.2495271494147908
1.2454813005578165
1.2268504490718781
1.2161411636644996
1.1755563595225744
1.122091920645982
1.0552873552389734
0.9458218784256176
0.8333810424132684
0.7350640496091476
0.640440901791789
1.2577945883653543
1.25524588239994
1.2462621295798377
1.2259229242810374
1.1977641439443643
1.155551456629414
1.112641140952525
0.9976898383930275
0.876846063964107
0.7706425082457978
0.668402024956143
0.7115767081898335
0.7078081615762496
0.7832622338513323
0.7923072101885077
0.7690950677890699
0.8541959780490989
0.8501644500415207
0.9174894780357624
0.886364682609589
0.9934864506629714
0.9957767197685123
0.9505852417744706
1.0523441508257563
1.032372074030773
1.0593587739497472
1.0755243085797683
1.0967353766589927
1.1125071743536288
1.066453788947092
1.130597103117275
1.1449123611980971
1.1258625738817383
1.1654551780717048
1.1619394800528287
1.1005635082614196
1.1510797010217058
1.1856833191196776
1.2032896297569617
1.1920878450442898
1.1069249100079763
1.213181468153195
1.165901071319021
1.2072362772629375
1.107759323488377
0.6525488217497512
0.6661722753455904
0.704317843331033
0.7187698416685666
0.7273325626604792
0.7810159500253638
0.7963670308550259
0.8049065419210024
0.8077834610704024
0.8046167682220647
0.8585348247229372
0.8740784927005228
0.8820340177010639
0.8838078815798607
0.8784731122404381
0.8541945661613465
0.9113469063677223
0.9265278508732114
0.9339627404735165
0.9351382863617871
0.9345231393776031
0.932097236393862
0.9277157734058321
0.9148487128761297
0.8990334615672597
0.9603697314873774
0.9753424244380913
0.9815491338586019
0.9806838801192462
0.9773089788842869
0.9719264347202897
0.9564377031607845
0.9391416915885907
0.9037901730829235
0.8678978842391066
0.7959362687148888
0.7626303580659514
0.7146169952845629
1.0152097654333765
1.0286407961739705
1.0331853844309187
1.0326859857136796
1.0299815191539359
1.0242863859270486
1.0186554947565407
0.9998838652081835
0.979940129391496
0.9455496800709042
0.8994962962793516
0.8673478775694499
0.8200765066725116
0.7820971335337509
0.7305168300801439
1.0449546105689196
1.056939682930079
1.0603513136404594
1.0556456311790219
1.0500026055237723
1.0420123282557903
1.0212658564221773
0.9994577003942247
0.9567158787416336
0.9132913449782586
0.878692271220793
0.8282859863807515
0.7893166640528755
0.7338774479782979
1.0757376296612018
1.0855563729431805
1.0870016517039611
1.0799422633911036
1.0636334963505072
1.0164597925454688
0.9235490425955893
0.8322013736518925
0.7319695133030479
1.0987038632789283
1.1016055724247114
1.0976594206509498
1.0850166858741004
1.0736894310727587
1.0487405773590461
1.0220408338260287
0.9736550664869571
0.9242772872626787
0.8921369926502075
0.8285638937421834
0.7879057406015372
0.7247857023733567
1.1091144031484694
1.114113487224282
1.1110974353689282
1.0988524020926287
1.0874486788591062
1.0779238088691416
1.0499955515038246
1.0209205398349983
0.9652275112412647
0.915359887291262
0.870552248732568
0.814932651145965
0.7664023059690506
0.7054327957522252
1.111916241047942
1.1146374018353102
1.1095527909990113
1.0954804030656735
1.0842591787193645
1.0707870271047013
1.0405227010146647
1.011365765286836
0.9555732792549494
0.9010460007229469
0.866675597639977
0.7965560925089473
0.7481391215400756
0.6843907828444977
0.6319476644872574
0.6464055549429876
0.6811108579708339
0.6963958590061088
0.7048650604637432
0.7536470114276841
0.7695534614131717
0.7777605032596154
0.7721001737016328
0.8262371866729206
0.8426027343701323
0.8478493287501486
0.8496490949386886
0.840415653298718
0.8756499421922642
0.891029043222906
0.8954003298132188
0.8973647575869894
0.8942091959715741
0.8847920571401795
0.860317493223646
0.8306850588204202
0.9208175992438518
0.9358622784310694
0.9396620374616875
0.9407130825317759
0.9353390755139256
0.9244286915920061
0.8959572308303301
0.8635303529984416
0.7944996121266917
0.714206902777041
0.9707101508238924
0.9839695664110651
0.9869360849962414
0.9866770174980138
0.9784837512841851
0.9649889488261069
0.9369085046850906
0.8950983847654932
0.8186332045255231
0.7301093521525439
0.9976084427941346
1.0090631338845346
1.010900556705809
1.0099099486181367
0.9998482639985474
0.9845194392397343
0.9487771620958947
0.9089206998182047
0.826873326835842
1.0243942211616686
1.0337028047840946
1.031794681817414
1.001677376699124
0.9192371888140687
0.830824457272831
0.7315890379069334
1.043944069675592
1.0464726136640254
1.046147530914823
1.0423257621579158
1.0277537815451803
1.0076757533933933
0.9659856003158053
0.9200924765223192
0.8272897364342979
0.7244210928685965
1.0507506294158293
1.054691695401827
1.0518355604904956
1.0474656383905947
1.0297038392718025
1.0070495555648107
0.9581644085107244
0.9114144909815584
0.8372469302113302
0.8136896834953115
0.705097204445345
1.0508523216502814
1.0524754042923137
1.0487880571903503
1.0418749135629786
1.0213569183573687
0.9980227328979449
0.9486402767698834
0.8972802645113825
0.7953928703167793
0.6840809419270636
