0.5853142572772273
0.5982064377382471
0.5899115849600653
0.5588940000009995
0.522159612315645
0.4896594975106325
0.45552932546307245
0.42484401949024236
0.38059594485192805
0.3157545166092327
0.6408609536833635
0.6602804874398349
0.6662576514844433
0.6669707372781569
0.6409210501321114
0.5998005274650379
0.5614124267589407
0.5205476596534433
0.4836773324966726
0.4470735702737178
0.4117104120163673
0.382398193635675
0.326393610350475
0.6990590511400808
0.707795494548546
0.7145974052183989
0.7218457973986072
0.7232119155713763
0.7124726676961758
0.67085775854427
0.6276682898124563
0.5805580725611937
0.5377658446629712
0.4952299234974669
0.45414270003502694
0.42010635704568816
0.3253925098821938
0.7523125049432876
0.7683324886253606
0.7718352927002493
0.7766319206450545
0.7775602504371377
0.775626247186494
0.7415580543315423
0.6950473304718576
0.6418419453228593
0.59288891775525
0.5440812212929316
0.4969279081412889
0.45789134622607836
0.4183031771758709
0.8265410990265548
0.8357674178595903
0.8425025544942687
0.8489674594170468
0.8499008024132368
0.841105948986903
0.7971059976290725
0.7364354727313018
0.678123522483718
0.6193308155945738
0.5624011150053924
0.5153086555368541
0.46763177410438944
0.4257080985914012
0.8765114864799934
0.8856466222397025
0.892298335378964
0.8978078957616171
0.8985341670101807
0.8979291128182103
0.8703561263570372
0.8080681770616042
0.7433598053697721
0.676885633579449
0.6122196438594992
0.5587190990886498
0.5046232462370032
0.4571186831925413
0.8517510494937041
0.78388679649703
0.712755983216878
0.6432029107715426
0.5856181762386405
0.47637715658158875
0.9340575302080456
0.9499801138820645
0.9531685562689899
0.9506087128909617
0.8999920963973198
0.8299482888661647
0.753801091201393
0.678646001119104
0.6163154966256867
0.5533651899808208
0.49818507746132945
0.96675613969749
0.9810316270746429
0.9832138887513433
0.9554706723633448
0.8864763013613599
0.8049855127078412
0.7229419378586618
0.6546058267291615
0.585592393012139
0.5251634859837122
0.4666459915003034
0.9904263565359549
1.0028136167413055
1.0048020042573107
0.9921319680849778
0.9317904469623147
0.8473005248734589
0.7597945614768218
0.6864208949566193
0.6123029128891634
0.5474315951945202
0.48470287266614515
1.023650461540856
1.0248469576289396
1.0222506048120013
1.0129934981692463
0.9789077191220402
0.950130792819399
0.8938623701563533
0.800869437762056
0.7219670793607369
0.6420324400187454
0.5721335556142542
0.504642071739605
1.0317501636377828
1.0410877154153082
1.0392276332273167
1.0207665829569923
0.9405493234586738
0.8431653289952041
0.7587198860161333
0.6727721094172562
0.5975942624872808
0.5251091917692025
1.0567724555308475
1.0556951552005196
1.0526535221246827
1.0378206634821445
1.0292326502842999
0.9959105055248891
0.9518935820604658
0.8966214569290424
0.8057789831805934
0.712238253795169
0.6302505303318575
0.5511758839966857
1.064952726464192
1.0633177146608255
1.0563852215064407
1.0399997373353596
1.0170630019015479
0.9823162491580759
0.9468419812756489
0.8514357720153741
0.7507816704555286
0.6621073952139779
0.576533385657328
0.5879066541291628
0.5854500321610948
0.6482114391323954
0.6560615460777871
0.6377246354111655
0.7082734014102009
0.705653738498649
0.7623349221800403
0.737633892411611
0.8271851927150567
0.8299414719594328
0.793542268323101
0.8782602514567023
0.8628307074993395
0.8844167751366329
0.8995256343797634
0.9170844279631981
0.931169503386843
0.8944487465705734
0.9471306160749725
0.9600693378813199
0.9452558692821516
0.9784302824742912
0.9764638044845032
0.9267790899894419
0.9703032965231703
0.9981423397950345
1.0141847221534044
1.0058684429389506
0.9364073001837817
1.0257248354766495
0.9876759599705985
1.0240473358770872
0.9426582182278148
0.5393572626343973
0.550764099483847
0.5829488941362617
0.5950850116719333
0.6023595309602444
0.6478492976851176
0.6608027735136931
0.6681198173354354
0.6707754429710053
0.6684507872696991
0.7139170386463576
0.7271242310329166
0.7340302435868321
0.7358467827511299
0.731772364132237
0.7122676455006544
0.7593038545561717
0.7722767968682358
0.778807386518596
0.780013982154378
0.7796432301334072
0.7778219230320724
0.7743835464939065
0.7640724643331429
0.7512676706780415
0.8017972763043457
0.8146844067644534
0.8202364174687656
0.8199267025979372
0.8173552245911451
0.8130959644997943
0.8006321033877024
0.7865876518855909
0.7577359578886403
0.7283404645146929
0.6692561000279803
0.6418689144518112
0.6023439565311297
0.8499659459986373
0.8616565436641166
0.8659134807474725
0.8657311565716331
0.8637373212701619
0.8592735414607989
0.8547799093670472
0.8396053214015236
0.82335208792882
0.7952055173731412
0.7573812574755266
0.7309288700178186
0.6919780589701088
0.6606510255930932
0.6180563127043803
0.8765575549907348
0.8871204391525854
0.8904621190816453
0.887053208840849
0.8826077931650382
0.8762099083898881
0.8593902746498963
0.8415789480635103
0.8065118768269202
0.7707829846546386
0.7422442415473333
0.7006276874849718
0.6684171021637935
0.6225338455739843
0.9047650380650664
0.9135652279496205
0.9153388884584501
0.9100071163084079
0.8969450153976792
0.8584205390774677
0.7818859706063881
0.706383883722856
0.6231860713453764
0.9263721471862635
0.9296233112818888
0.9267131721534887
0.9167051611649454
0.9075536375395775
0.8871991132350212
0.8652813902935975
0.825399013614708
0.7845726114504141
0.7579524808567472
0.7052207578271829
0.6714558246463838
0.6189591762364843
0.9378922974824568
0.9430004173543508
0.940981252104505
0.9315169749763634
0.9223337527014217
0.9145845825486234
0.8916996453561141
0.8677793404586558
0.8217157944018649
0.7802116136551357
0.7431189506717925
0.6968214958013986
0.6563782856972348
0.605308706846315
0.9430302133222098
0.9461092712744097
0.9425371891696603
0.9314149524625616
0.9223446495700808
0.9113691236877096
0.8865236984101391
0.8624357705749931
0.8161967069277547
0.7708410132589808
0.7422186567473071
0.6837236466392153
0.6432626981948613
0.5899162538068212
0.5226452593308899
0.5347718316267323
0.5640981335005916
0.5769592932101788
0.5842137644456463
0.6255705166271981
0.6390276478606363
0.6461370408921189
0.6420526691000594
0.6875681183143569
0.7015180876643035
0.7060900322713907
0.7077454231409184
0.7007691067303732
0.730129898890855
0.7433174743351909
0.7471644243953415
0.7490197579241917
0.7468137229103988
0.7393519015766661
0.7195660437921471
0.6954183260600525
0.7694047489930402
0.7824122078558596
0.7858175558393502
0.7869393824559106
0.7829395448354869
0.7742421968453443
0.7511559748203158
0.7246675151799064
0.6680451488407555
0.6019972775103769
0.813428790366284
0.8250589379443398
0.8278638096970344
0.8278796677796509
0.8215896424933469
0.8107566712799334
0.787917991453003
0.7536670084107898
0.6907559758908098
0.6177101316554912
0.8376168230777286
0.8477933826361467
0.849650906319499
0.8491330010464228
0.8413105781170054
0.8289593401392862
0.7997962507270104
0.7670806139765044
0.6994276934672716
0.8624070666069776
0.8708946174225162
0.8699903293850836
0.8458842536237852
0.7782180730163177
0.7052089553080021
0.6228599839364625
0.8811564914959137
0.883646098002195
0.8837278953889665
0.8809179732187833
0.8693623906932093
0.8530583854377092
0.8188624092139414
0.780999861430611
0.704088775317986
0.6186452521650999
0.8897441339281181
0.8938599166306884
0.8919425310062458
0.8885833752210864
0.8743792414135725
0.8559118698779857
0.8156650279555437
0.7768234283433845
0.7153538230249581
0.6957492476826709
0.6052024416061509
0.8923231688823848
0.8945880674803803
0.8919508181454167
0.8865792983799545
0.8700691804334628
0.8509670793806232
0.810224194405802
0.7675895947237685
0.6827142721165557
0.5896455380885665
