0.7413680136441478
0.7572285808831801
0.745103113599553
0.7044133346315049
0.656507235881538
0.6142271549673672
0.5698746474152957
0.5300351751382336
0.47266917692565796
0.3888977435648813
0.8110068992183207
0.8350412725562831
0.8422172231198216
0.8423882577568337
0.8077006005608651
0.7539711470889237
0.7040308171832848
0.6509644768968897
0.6031473802301249
0.5557433731237611
0.5100200934740327
0.47219282460276774
0.40020373099794077
0.8835546095700059
0.8943738350602025
0.9027299520555414
0.9114595999733976
0.9130349699108345
0.8977054943723235
0.8430776156841555
0.7868598576721736
0.725709451831128
0.6702599045287982
0.6152352413905434
0.5621804145922067
0.51832009209306
0.39700510182549587
0.9495889860498156
0.969262162646551
0.9734856434937238
0.9790638747480143
0.9799011180099959
0.9769018678256435
0.9316304354308065
0.8709847623877827
0.8019322626256644
0.7385449793089665
0.6754739942614337
0.6146576882989403
0.5644213430095879
0.5135987725663077
1.0408797282773485
1.0521684172138568
1.0603002784655913
1.0678365663373552
1.0687954293958695
1.0560523775008785
0.9981687086496194
0.9193369633170151
0.8438912784617487
0.7680164586303205
0.6947180338244743
0.6342288127719604
0.5731456515919807
0.5196033795739445
1.1016547412786042
1.1127457036232882
1.1206886549051136
1.1269348580949055
1.1275814195220109
1.1263178818230608
1.0892162911461327
1.0080336421305587
0.9243067407050847
0.8385869485393519
0.7554238506085506
0.6867957720915745
0.617588167663664
0.5570092637955213
1.0620149445398013
0.9741627061405966
0.882470583536318
0.7930809666934381
0.719272165659486
0.579850118965015
1.1706182481294567
1.1894661846618384
1.192499253984815
1.1885466797081536
1.1215045097800436
1.0307255981530687
0.9325877997116515
0.8360638045790187
0.756241860736002
0.6758476321164849
0.605625464857956
1.2090725365357944
1.225762005104533
1.2273559854744585
1.189740863615466
1.0999769911322141
0.9949327946905409
0.8896357880590793
0.8022107126877424
0.714182763968433
0.6373764370048135
0.5632639399750256
1.2363954207705858
1.2507260805239553
1.2520652631272828
1.2343423423976845
1.1553365054705709
1.046337803653913
0.9340764860958204
0.8403064963890149
0.7458337402209786
0.6634573798405625
0.5841093674489964
1.2738408300548725
1.2743297958862818
1.270342041675514
1.2576188455867612
1.2126980903310234
1.1753284510954485
1.1027434414910646
0.9834626601805213
0.8826784621389969
0.7809244473962976
0.6922802477744691
0.6069991854140666
1.2821077551242497
1.2924520702922535
1.2885035935741749
1.2633981410032553
1.1591092828156044
1.0341489774824162
0.9263577436317015
0.8170573091345525
0.7218359348149667
0.6303585762084424
1.30744435341395
1.3050920078302846
1.3005925280050703
1.2804508546571511
1.2690607764622803
1.225654575877838
1.1688128750437508
1.0979395974627637
0.982035437001166
0.8631836206502503
0.7594950578409679
0.6598957944640115
1.3129068889050013
1.3099095599854103
1.300047996640601
1.2780933767325888
1.2480507612532306
1.2031138713300886
1.1575432762383686
1.035757076999371
0.9080262855317492
0.7959953801742019
0.688382456370866
0.7438547928208596
0.7394601349584581
0.819370003540644
0.8285891945683974
0.8036664673331526
0.8938295481480906
0.8891006695962212
0.9601355769452201
0.9266933059631481
1.0401882523126431
1.0420158645726127
0.9937006015955748
1.1016165677740073
1.0797886769161231
1.1093322561848795
1.125237061030318
1.1482417016655
1.1642240468726013
1.1145935047194955
1.1833838786549002
1.19780714991344
1.1770197850563917
1.219205575348018
1.2148526166395008
1.1491262722203037
1.2020487076265276
1.2397508499172503
1.2574933975427809
1.244985953061544
1.1540229259021662
1.266444267407025
1.215561350555794
1.2585635738673329
1.1524532545699138
0.6819927671673263
0.6961293964837305
0.7363966202708186
0.7513958698340729
0.7602215025903145
0.8169652795890611
0.8328911193853739
0.8416752703126165
0.8444967242087017
0.8409623816204655
0.8982942205732711
0.9144027512194814
0.9225477723571639
0.92417136618598
0.9183171996300541
0.8923538419351179
0.9535934569702472
0.9693098220967374
0.9768803464506584
0.9779524433986205
0.9772070769185602
0.9745226604255338
0.9697722585075795
0.955976272256709
0.9391088333492887
1.004807754663634
1.020260480668242
1.0265299671013826
1.0252693175307608
1.0216186713891209
1.0158096017263294
0.9992140415444436
0.9807720651030892
0.9431847837590903
0.905090254459708
0.8288249891678822
0.7935656457681247
0.7427670487758744
1.0618412057060447
1.0756474082588507
1.0801207680534965
1.0794346925683325
1.076411674037133
1.0702177022545507
1.064150756630504
1.0440677113471635
1.0228113346059704
0.9862483150850558
0.9373768738500615
0.9032991927517379
0.8532811382066469
0.8130343171965725
0.7584461589323518
1.0925754782979549
1.104829418573895
1.1080891815494867
1.1027869920433697
1.0966805570209486
1.0880682756400124
1.065881611074998
1.042651280980274
0.9972293236455682
0.951179892470237
0.9144975057405351
0.8611259500479304
0.8198992780372202
0.7612858098494386
1.1241950762112227
1.1340432172737842
1.1351699973890952
1.1273726768512269
1.1098151376962098
1.059502086027777
0.9609009011583541
0.8641944728373615
0.7582927714010933
1.1472357809854297
1.1497587488616088
1.1453481424644292
1.131665159487966
1.1195078353376866
1.0928664932885612
1.0644544610243005
1.0130862239203153
0.960758719868726
0.9267317302680487
0.8595405939487591
0.8165407447605062
0.7499176406649799
1.157017563306512
1.1618070630713073
1.157987259577383
1.1448901405100362
1.1326332189046515
1.1224355851313392
1.0926562601009722
1.0617285714437361
1.0026614255582047
0.9498843156539762
0.902506107743856
0.8437550009946463
0.7925462945067656
0.728288460155139
1.1587882182115385
1.1611591319060424
1.1553690622681971
1.1401036326161527
1.1280595185084255
1.1136584341263398
1.0814280031550085
1.0504575512720495
0.991329966289922
0.933653907322358
0.897337805899964
0.823334397853462
0.7723008843461839
0.7052073303381567
0.6602320593086343
0.6752173712721635
0.7118577205047713
0.727701869875857
0.7363835776879759
0.7879863388636846
0.8044638469654394
0.8128466476365734
0.8064765724549027
0.8640626456668
0.8809927153561761
0.886347554434466
0.8881218091981734
0.8779284663838478
0.9157382699768226
0.9316160750053539
0.9360626501959531
0.937968730012809
0.9343567617400725
0.9241964705512062
0.898075717333494
0.866577848445533
0.9628431325821424
0.978311273810993
0.9821601699733034
0.9831003944118472
0.9771134311390421
0.9653661015585221
0.9349885420196635
0.9005232271318954
0.8273248089408032
0.7423395817904547
1.014615113182481
1.0281992216987441
1.031080406728075
1.0306484547096244
1.0216582876438562
1.007161665734577
0.9772095741558751
0.9327806619685587
0.8517750348112589
0.758021885705645
1.0423230676631512
1.0539796430729211
1.0557073844234928
1.054448747765416
1.0434633805808902
1.027022712248351
0.9889305814607243
0.9466149244781119
0.8596531039122718
1.069605732857248
1.0789582732675116
1.076496582889725
1.0440495686256046
0.9564021511238259
0.8627606463997674
0.7578976435888299
1.0891336242341556
1.0915558091718571
1.0910047433778625
1.0867125838255183
1.0709404701898153
1.049452059507736
1.0050847082038024
0.9563973514987447
0.8581666512772604
0.7495395883330916
1.0951788980540424
1.0987570441068597
1.0954436025831469
1.090637367069277
1.0715156495801386
1.047266726251129
0.9953071095859293
0.9457812724818687
0.8673492343013738
0.8424657801580887
0.7279416590224175
1.0940989481415202
1.095241834549497
1.091071043030622
1.0835216458359582
1.0614665818213045
1.0365707155866644
0.9841243813706838
0.9297456160794346
0.8221308253748603
0.7048880716067057
