0.7243087051579216
0.7416093950027258
0.7357711715190633
0.7010038211453614
0.6588968611225644
0.6213595840551001
0.5817923526893772
0.5461272936105709
0.4946196747399193
0.41924569964575553
0.8008916954125778
0.8268376490495944
0.8354307173888552
0.8383402868328734
0.8101995027964395
0.7628299331181413
0.7180247968007832
0.6700697787179571
0.6266549640564225
0.5834520880271432
0.5416795551996034
0.5070615151429457
0.4410747665117104
0.8817290603559728
0.8934909635509791
0.9028277884701427
0.9132499833156453
0.9154093760489845
0.9064749299153978
0.8587514961552013
0.8079884551560839
0.7521586478934928
0.7012212359386989
0.6504377348337547
0.6013099828002689
0.560589575836669
0.44756905482798914
0.9571062111529863
0.9792690990240555
0.9843271247057199
0.9918017867973898
0.9938923895241981
0.9928834052501768
0.9549486432984312
0.9000810634597323
0.8364897468867888
0.777645565819247
0.7187511421433136
0.661724914656005
0.6144568645570794
0.5664884725160739
1.064420565442479
1.077417864203818
1.0871836129792811
1.0972776338625694
1.0990568163949181
1.0918342398590188
1.0406430721854345
0.9675393828856236
0.8965058042357115
0.8245192275684976
0.7545895725641361
0.6966155669939139
0.6378222794687199
0.5860969439034541
1.1384682473205998
1.1515389544883452
1.1614235009120146
1.1704778871399801
1.1721170519206758
1.1725605284425882
1.1423611186496707
1.0673480952219698
0.9879306627106947
0.9057562115717777
0.8254850731943553
0.7588834183201978
0.691384057646501
0.6319869326154354
1.1284576159524242
1.0448915352117134
0.9565011627686776
0.8696480407599764
0.7975046946872405
0.6601198819042765
1.2258207521142341
1.2500070453842473
1.2566924652432252
1.2551069474787304
1.1961492809583814
1.109769001037963
1.0146536370353973
0.9202172335656412
0.8415989800215093
0.7619547673425544
0.6919427454020736
1.2770122137061106
1.2991421747885286
1.3048306938145244
1.2743677162061295
1.1895815621047934
1.0872838426927263
0.9834709344368197
0.8966124654728694
0.8085802199147853
0.7312489058094305
0.6561930757606617
1.3149316120909027
1.3344426400327085
1.3398681629606135
1.3270767151388774
1.2537275705972268
1.1474121892773557
1.0361308904240745
0.9423524368200032
0.8471975143131975
0.7636374082372777
0.6826269684171464
1.369587183503649
1.3734956473912232
1.371648597326922
1.3616480625115244
1.3206283649712673
1.284788173528074
1.213673912016172
1.0948660193461996
0.9934014247458322
0.890156138072276
0.7995219431643166
0.7117441263486786
1.3844524868488246
1.4001600463799708
1.4010806511510474
1.3803501940522793
1.2801973705776857
1.1553607671161865
1.046189527863039
0.9345363983507972
0.8364364027458053
0.7415391312230629
1.430266455480995
1.4308520879898203
1.428117790570359
1.4112249270522759
1.4008712962972243
1.3592844430227211
1.303150577197946
1.2318490270642424
1.1137595843949828
0.991396200540191
0.8836676763647683
0.7792718155358189
1.4495925290493636
1.4491507581719987
1.4420072002305058
1.4224598129746608
1.393888192395811
1.3495850968960423
1.303763479015584
1.1792881884271127
1.0468892916693888
0.9294842677189323
0.8160380472391219
0.7297214331134249
0.7301994977539864
0.8127160099264069
0.8245694037217332
0.8061365575922317
0.8972215640223582
0.8977301921841753
0.9756925953115143
0.9498299841143565
1.0692661716854026
1.0771322249836766
1.0359187101744827
1.1464428929037642
1.1323130543824078
1.155910111360485
1.1838488506517075
1.205857858423037
1.2289343086653572
1.1886316313942022
1.253275356324946
1.2750011713740914
1.2604504771540124
1.303906858468951
1.305647304693142
1.246829194254224
1.3087449239418822
1.339661250454816
1.3664857929497414
1.359712303001566
1.2744275036584685
1.392583106951352
1.3477754977608223
1.4000856762367795
1.2978550882285669
0.6704040043421223
0.6854220186035616
0.730403810495341
0.7466346486492035
0.7568116244495708
0.8214295352788675
0.8391613971324599
0.8497688022723324
0.8546119832576311
0.8532249466910546
0.9163607742086028
0.9349472612389155
0.9453757887189047
0.9495143885271673
0.9461400022864985
0.9244689227999109
0.9830890145133069
1.0017486465274186
1.0120436579949696
1.0147918947302845
1.0150387936791496
1.0136928508896954
1.0102855606870154
0.9989087708577112
0.9840770510364242
1.0469966150112602
1.0659981842350919
1.0751888163860563
1.0769434002112384
1.0746938973725122
1.0702466046731192
1.0561353479405136
1.039591729636425
1.0048428847640676
0.9689421049226923
0.8961368574224976
0.8622438743033332
0.813167571794266
1.1215689991536948
1.1393416156118306
1.1472150452393879
1.1481083965781906
1.1467437410284536
1.1422468748823542
1.1372647145210797
1.1196273627654303
1.1000764904319529
1.0655961543388848
1.018690737383202
0.9856764676602385
0.9368348346831565
0.8974604243907164
0.8437441729880665
1.1641458091360894
1.1807280930831716
1.1874547557225186
1.1853481062391331
1.1807248614648618
1.173514441501013
1.153590943882795
1.131886996957734
1.088415614128985
1.043634178964407
1.0076560961219518
0.9549975528778165
0.9140947886608219
0.8556834992339559
1.2110887819418152
1.2255487342109916
1.2303886431889721
1.2257869342569139
1.210953159972132
1.1638179616432636
1.0671803399947695
0.9706492867923113
0.863609673664208
1.2487452877219838
1.256511142667219
1.2542707036612921
1.2433251511003618
1.2324489950672766
1.2074986515627488
1.1800862202836992
1.1294472321656266
1.0771738886053837
1.0429309011558683
0.9748411046640504
0.9310295990991282
0.8628524200161077
1.2732089304796115
1.2828940267705016
1.282690385370354
1.2725525367893489
1.2616494525573527
1.2521878402138282
1.2235574643726512
1.1931572240380586
1.1338529238747272
1.0799939006047379
1.0315787552512192
0.9710452390445165
0.9179656202197948
0.851021506705284
1.2875691420335331
1.2945805472411993
1.2921651282015758
1.2795708887296469
1.2685811117364896
1.2549587276555307
1.2234584524190721
1.1924592952400401
1.1324101916758025
1.0729653005430173
1.0353566659342517
0.9581112985222698
0.9046113578196986
0.8338007825080457
0.6512163222400134
0.6673053986854982
0.7085401168939786
0.7258850981108523
0.7363481350511266
0.7951900192538802
0.8138113252460822
0.8244874688977245
0.8224841812610438
0.8847694347340269
0.9046218388949645
0.9116776984458306
0.9146672984049051
0.9093397270340293
0.9477956596859005
0.9670019838446835
0.973107669087809
0.9766694576763805
0.9759811319299073
0.9682116270720905
0.9454744771362918
0.9167394170594155
1.0073335805912433
1.0267655083515512
1.0324651226585093
1.035182482665805
1.0323599818710614
1.0229654355402615
0.9959457710778282
0.963956350288051
0.8944797413894642
0.8126882189481743
1.0761953454841648
1.0943121960059095
1.0996051343543927
1.1006834272054014
1.0950856855026683
1.0828808102119127
1.0556125259823543
1.0135793902546713
0.9351393615467892
0.8432588204414077
1.1153652713128421
1.1316873836872388
1.135613893979116
1.1364201330367456
1.1287614091156952
1.114518212443059
1.0791364903370129
1.03849777097816
0.9533190050240885
1.1574982734122903
1.1718109946535868
1.1736699226724467
1.1463998110511182
1.0620435460135091
0.9689902546641253
0.8631443655567609
1.1910341734166865
1.1959881035037039
1.1974381815930717
1.195357338905671
1.182601832657045
1.162986709002643
1.1202679249847303
1.0721369853584548
0.9732321012085862
0.8624016050906903
1.2109870855001577
1.2197529606546942
1.2189893211763656
1.2156519069387355
1.1991656884429025
1.1764067104100553
1.1252727750248055
1.0751757072257737
0.9951453496450184
0.9695085897881526
0.8505999309516019
1.2214767115988376
1.2276372220463485
1.2256742374975846
1.219924443969128
1.200152578714846
1.1761827978166832
1.1239032353645886
1.0683175132185683
0.9566576086745173
0.8334071949389837
