0.9739193915637903
0.9982431430096766
0.9937991372664388
0.949900847234113
0.8960315604240684
0.847830928285484
0.7969368859974432
0.7510457195063092
0.684613816501656
0.5870579065767149
1.0781884787106417
1.114367011214063
1.1267830920237367
1.132243577660126
1.0978536741745388
1.0374231970176928
0.9798312449437341
0.918010615266491
0.8619780883892176
0.8060854425319884
0.7519481343708747
0.7069905232605433
0.6209692318610804
1.1889499378697748
1.20533120618873
1.2184599348725935
1.233451375605966
1.2366860490811018
1.2282287403557128
1.1678480123120107
1.102624237551292
1.0305396194564185
0.9646466728828029
0.898771820137118
0.8349116783263336
0.7818582298199451
0.6337212191538197
1.292605778503474
1.3237561505504474
1.3310112175759785
1.3421046338317664
1.3456211927841006
1.3453725287381701
1.2985694883257954
1.2282539881616146
1.1460732720267532
1.069808772849431
0.9932321165033775
0.918905081438151
0.8571406520243106
0.7942907867265064
1.4409764008347616
1.4592845294978507
1.4732324743310297
1.4881454817026716
1.490975894221776
1.484410843754562
1.4198378238368494
1.325455524873191
1.233210139076725
1.1393317207515574
1.0478640736099076
0.9718174859734978
0.8944654850115004
0.8261170944809446
1.544018527316571
1.5625454410847512
1.576759102969424
1.5903623924599295
1.5930936723615996
1.594747075759096
1.558313979778429
1.4619432379507922
1.3587512113332532
1.2514054363878857
1.1461752502096456
1.0585906956716895
0.969545552123869
0.8909522223821134
1.5454272063490584
1.4368981327077925
1.321343868495536
1.20734943079079
1.1123449142839175
0.9305062887877695
1.666414612637719
1.7014205475428994
1.7122908642374697
1.7115098329026603
1.637827418199178
1.5258357034923924
1.4014247303775602
1.277330977047662
1.1736505862509758
1.0682549617259032
0.9752498677356224
1.7387966279979925
1.771048546062985
1.780855388563112
1.7444608483335697
1.635132859643783
1.5013356924033674
1.3647620658210067
1.250034442141035
1.1333399635941939
1.0304123209926557
0.9300883603908204
1.7927823808294283
1.8213852215279454
1.8307633536012091
1.8165646446876085
1.7228687400778675
1.5839545036235518
1.4374571133345744
1.3134500145270591
1.1871519670140256
1.07577786890993
0.9673348252043543
1.8721282179356005
1.8791134935182732
1.8778567484631585
1.8661705008308693
1.8142438974493478
1.7678364116533645
1.6748892010209877
1.5184391069726129
1.384130792829059
1.2469129985850427
1.1259408386124707
1.008264798972315
1.893106521147075
1.9167082627768
1.9205543092032384
1.895626275939937
1.7660516661128691
1.6017250052902934
1.45710918502607
1.3085386401773518
1.1774259920625099
1.0500342460744887
1.9616587734109519
1.964048916886279
1.9613758454276877
1.9409127374507775
1.9278364977512026
1.8741991240751295
1.8007999710490281
1.706838791647829
1.5503238402361494
1.3873204237479184
1.2429862804865675
1.1028902809215426
1.9918737477318058
1.9926171270103858
1.9846581969029984
1.9602767234555993
1.923523896863383
1.8657128083942571
1.8054375675546577
1.6405240392578517
1.4640089587350789
1.3066854753476151
1.153947012080183
0.9829011201910829
0.9862669800031314
1.09611914439671
1.1136277638610952
1.0923426501454125
1.2127414718368437
1.216367777039344
1.3220542711822707
1.291611039404546
1.4505188357714136
1.464400100896283
1.413383798375976
1.5591889876971767
1.5445910115835186
1.5708177833474146
1.61463854294924
1.641267604005696
1.6757828107922492
1.627521721811163
1.7084629265072122
1.741221706008268
1.7253901462082568
1.781584854469089
1.787204790747075
1.7133794352556917
1.797905207113961
1.8329145655815124
1.8731105210643
1.8672681232551256
1.7580864622445653
1.9139790678129212
1.8583253480475013
1.9294315996536264
1.7972559282832752
0.9036739639738431
0.9245924655828256
0.9859094114970453
1.008592028502638
1.023139994728751
1.111205111653664
1.1361249565244718
1.1514441034829792
1.159110540547064
1.1584716897496141
1.2426693906347097
1.2689852031837738
1.2842549768961322
1.2912157517152887
1.2881080836534695
1.2615182838736876
1.3356386247423668
1.362223589712156
1.3775053664014627
1.3821278139008282
1.3830178493132304
1.381972160378952
1.3781870812647168
1.3643672705762262
1.3457247828752257
1.4252281054167608
1.4525113732737958
1.466383980987137
1.470411787116681
1.4682181056249024
1.4630784438597193
1.4456776796327857
1.4247444052849942
1.3801291588481934
1.3336176196252687
1.2386827694926066
1.19433503272902
1.1299664322102028
1.5306602317049054
1.5564391278577758
1.5687551905966624
1.5708190598354506
1.5699259572225788
1.5649364878576197
1.5589536568601672
1.5369338756750328
1.5119897746973376
1.4674390752294793
1.4063465530643882
1.3631619088879758
1.2991467069061977
1.2472816177795878
1.1764440447664533
1.5914656532401268
1.6157822048322326
1.6266104153536922
1.625603197035835
1.6203113386403143
1.611562538341026
1.5864732481968298
1.5586068364019137
1.5021777526162146
1.4436319997055205
1.3963996606915376
1.3270780576261663
1.2730962801564047
1.1957804455116006
1.6592792564852459
1.6808281601847883
1.6892777352301434
1.6849539876620172
1.6668499157277485
1.6064141811785282
1.479911296887
1.3524284048518582
1.210326574098964
1.714791790163528
1.7278541826245655
1.7260682049390002
1.7131265910870495
1.6995021271023043
1.667551369431152
1.6319917285227035
1.5656367675587495
1.4967416349544984
1.4514769163720234
1.3611223852304808
1.3028664425368903
1.211934184066986
1.7519720241170444
1.7672139140818741
1.7688933855701616
1.757035735951028
1.7434292292482283
1.731372393113195
1.6943623861556187
1.6546187005884836
1.5764908482853766
1.5051190509010666
1.4407332530759762
1.3600262388690683
1.2890478624021018
1.1992899995170592
1.77518948438268
1.7869208303508883
1.785333512983092
1.7701845049761908
1.7562971773411782
1.7387869050706566
1.6977955342567075
1.6570491477949216
1.5776287254221033
1.4985326733162951
1.4483917489121996
1.3450159916617463
1.2732064574504682
1.1779140104461687
0.8790537246772562
0.9015508544343102
0.9578164748954288
0.9821588066431487
0.9973486003830047
1.0774081636147204
1.1037102379523989
1.1194084733885057
1.119202191568325
1.2018259634261002
1.2301254853218175
1.2405102771293153
1.2452057774901142
1.240845464447387
1.2899475883587217
1.3174833684780474
1.3265712699362802
1.3322696993514471
1.3330091533947133
1.3239984807174736
1.2955676205896614
1.2588000743577805
1.3737242203770277
1.4018143089514195
1.4104515529645936
1.415081100112746
1.413088520896908
1.401926052280773
1.3678904670546241
1.326744272395309
1.2363878917332458
1.1292987865983932
1.4715228325275862
1.4980401435820028
1.5064381196397842
1.5087834211760964
1.5032008578006841
1.488323448409807
1.453670622617509
1.399278953554548
1.296791054033556
1.1757657088971638
1.5277495476156067
1.5519281492766892
1.558334462203408
1.5605618258213338
1.5522846561044434
1.5346592903126077
1.489352500622555
1.4365161526976657
1.324741242973867
1.5890851440784153
1.610687850257793
1.6154789316141218
1.5823438227519244
1.4727782364575983
1.3501129357175923
1.2096729680678706
1.638979180600933
1.6468224491750276
1.6498516817414632
1.6483127556723993
1.6331393484850778
1.6083222907630725
1.5528994027053193
1.4897347290390075
1.3588724313016343
1.211299637504571
1.669975035502117
1.6841082482108294
1.684492319965331
1.6808345041621995
1.6605699111222554
1.6313750893397634
1.5645537182471996
1.4983993978516998
1.3920508002506715
1.3578717163050213
1.1986948295753908
1.6876732742405953
1.6983417758273245
1.696896418279516
1.690246123744267
1.6654534263274543
1.634430234975569
1.5657755371826192
1.4920398409181812
1.3429740479521433
1.1773572173349978
