0.8148979107984826
0.8320971427558171
0.8179545284847247
0.7724686120255703
0.7190062847102431
0.6718129354223682
0.622275740534997
0.5777519156492256
0.513591203948471
0.4198719703591731
0.8923922076357705
0.9185767953916534
0.9262775301832449
0.926091196658173
0.8869841158863601
0.826868309146415
0.771044472773871
0.7117179367695493
0.658246295053382
0.6052167708625021
0.5540611208544955
0.5117463996310063
0.43130636210276146
0.9728486575322601
0.984653891821571
0.9937416355492402
1.0031385317729464
1.0047970417966527
0.9869701270649972
0.925633926020267
0.8626953041682595
0.7942709073162618
0.7322257114989738
0.6706520960486032
0.6112892957489255
0.5622303564656472
0.42683918014899297
1.0460888815653044
1.067504928211041
1.0720603613042061
1.0779691655972814
1.0787084989775255
1.0751142098765494
1.0239226880328272
0.95589118277431
0.8785442164265149
0.8075731385607329
0.7369709992587163
0.6689157278686866
0.6127286023678377
0.5559300156736664
1.1472213650519865
1.1595182916903972
1.1683159363068065
1.1763101438885972
1.1772627736027217
1.1622976312563493
1.09698407441615
1.008503850890577
0.9239397038734274
0.8389547326500228
0.7569096786269567
0.6892542402656906
0.6209992132053739
0.5612571326123699
1.2144098448412606
1.2264650886295425
1.235026953424178
1.2415785901566976
1.2421519998377564
1.2404827623116095
1.1981458349739267
1.1067953884737212
1.0128540758714384
0.9167924254063685
0.8236825934381673
0.7469188301840711
0.669590640526845
0.6020470778199625
1.1666616254466247
1.0680122966759527
0.9652198545854656
0.8651215091102678
0.7825555994988653
0.6268955260866521
1.290416267746433
1.3106820244457646
1.3135327063738171
1.3087601390041335
1.2326917820152348
1.1306200335337897
1.0205466248869477
0.9124360960213542
0.823137440779415
0.7333153978912315
0.6549862829992419
1.3325870200949261
1.3504543820252755
1.3516271621980114
1.3084881522502467
1.2073176510537973
1.0894023693566257
0.9714266570514141
0.8736134386518856
0.7752607849124985
0.6895953278870807
0.6071185274156966
1.3624320495928175
1.3776958141233142
1.3785733287007633
1.35799918308441
1.2686621632288644
1.1461985829685792
1.0203786044336938
0.915453860724477
0.8099000722598559
0.7180388971192706
0.6297354569273979
1.4026804433630848
1.402714533207955
1.3979104746649664
1.3832271678711074
1.3322763518125482
1.290145847741614
1.2085482867961375
1.0747961664754995
0.9620041649188498
0.8483135302881696
0.7494588015721947
0.6545756274747769
1.4117884171686819
1.4225733602775616
1.4174201689446717
1.3885666311083906
1.2708796123451263
1.130662613029173
1.0099978868249955
0.887875264757441
0.7816927941919606
0.6799291285079642
1.4381061017795775
1.4350030411683834
1.4296809575207712
1.4065489712018902
1.39358938625383
1.3445204420696877
1.2805452684777607
1.2009993317100245
1.0712016962802233
0.9384150756418355
0.822743967968503
0.7119960521563752
1.442986540614612
1.4392224463525007
1.4277049755013245
1.4026266860318002
1.3686126037001445
1.3179696659335465
1.2667543824787582
1.130275443945422
0.9875172401017609
0.862602936034464
0.7429342493655091
0.8172405111215005
0.8117569978718324
0.901126046891419
0.9109057682075753
0.882548905280711
0.9834658683756398
0.9774948085028832
1.0566208127857797
1.0184853046766444
1.14567013559689
1.146809258321157
1.0920607828401983
1.2131971961872456
1.1877449612428408
1.2224135042569284
1.2383513925617509
1.2650990499092516
1.2818873809057842
1.2250704800532781
1.3035923776574612
1.31862385092358
1.294447870074007
1.3422551888076946
1.3364772995660892
1.2618175987555529
1.320532105756676
1.3646239098001018
1.383168980276533
1.3682498330232673
1.2652807903938668
1.3915245587758769
1.3334017990203944
1.3811046545418295
1.2611613398701873
0.7490788430470305
0.7644499455336551
0.8093186262046169
0.8256289562276681
0.8351373542698535
0.8985011678994884
0.9158085401742962
0.9252387325728063
0.9280508703073445
0.9238223263288041
0.9884223132513575
1.0058968588118693
1.0145746897544206
1.0159975790283682
1.009132029075856
0.9796881369823931
1.0494544462470712
1.0664662792332746
1.074465325293531
1.0753971847864132
1.0744174506593342
1.0712343141232799
1.0657468870081221
1.0500447952099843
1.0309817951745321
1.1058384259607923
1.1225078429552815
1.129043489920641
1.1271799823182278
1.1228924117363408
1.1162051356045835
1.0973490453705235
1.076508758611979
1.0341973642304638
0.9914107883321435
0.9058949702897827
0.8663963681913911
0.8095319684566872
1.168355970113336
1.1831608600168357
1.1876446847554114
1.186634877979163
1.1830075412298833
1.1758200839023418
1.1688686520029747
1.1460728712660535
1.1220649290334255
1.0809097183732455
1.0260211952075395
0.9877990107767767
0.9316880113391014
0.8866850760041164
0.8256609030866989
1.2018303113995579
1.214874611076155
1.2179817395916452
1.2115593684945818
1.204500094816958
1.1946539322844782
1.1694897572978398
1.143268358953551
1.0921625129838435
1.040470130315358
0.9993351558935759
0.9395519115088311
0.8934175811950978
0.8278828398733771
1.2359629080312455
1.2463113876182046
1.247001425286013
1.237766761013872
1.2176771368780122
1.1608059592147943
1.050054178249261
0.94178674024278
0.8234215019881272
1.2603535758984565
1.262372167581923
1.2570917048891501
1.2413143166525704
1.2274783431342193
1.1973323754121674
1.1653124177484535
1.1075867794359406
1.0489173935133542
1.010813266993477
0.9356067604782783
0.8876156516697135
0.8132623798711559
1.2701004105923093
1.2747577583645764
1.2699036477477461
1.254736776323819
1.2407495761685756
1.229182747176552
1.1955104870604403
1.160737023397346
1.0944488267186887
1.035147840030713
0.982360509839313
0.9167418533358063
0.8596279383281019
0.7880439610746117
1.270879966503117
1.2728554237072598
1.265805543260179
1.2482149052543863
1.234506331863268
1.2182049121774456
1.1818497672516495
1.1470358471986637
1.0804998306626943
1.0162265810198998
0.9756528535817255
0.8931004574828643
0.8362507522499575
0.7616299260335194
0.7248540097097689
0.7411232479900074
0.7819559846546211
0.799155277995048
0.8084292166878061
0.8661204562363982
0.8839831906493368
0.8928840012108036
0.8851770770509803
0.9501059462954458
0.9684191362337121
0.9740948538619958
0.975874045558872
0.9638139363824523
1.0070309871327252
1.024155220390519
1.0288430777719322
1.030701538312896
1.0262337444305711
1.01456609296272
0.9850075617683746
0.9495562966295048
1.0587780613970736
1.0753954855281362
1.0793895016289636
1.0801532335643282
1.073003800743268
1.0595471888512422
1.025182403402374
0.9863924645828036
0.9042499513035811
0.8090644927645239
1.1153638601457248
1.1298223667712468
1.1326721309651355
1.1319427083935805
1.1213895791152655
1.1048374183702794
1.070969082820862
1.0209726439863975
0.930037601188173
0.8251973064059653
1.1454222532597762
1.1577398328781994
1.159339584807456
1.1576060108553063
1.1448026353012073
1.12606869581697
1.0830403614464754
1.035458108922084
0.9379388139350592
1.1746930638321516
1.184403163085414
1.1809784165740986
1.14381051884723
1.0451188144192014
0.9402181402901967
0.8229907272093742
1.1951402389640606
1.1974734833670106
1.1965207962887652
1.1913756423270303
1.173214101220814
1.148822940923814
1.0988038932156248
1.0441366937755179
0.9341052898389064
0.812850756840748
1.20073038560205
1.2039648925774344
1.1998418975579115
1.1942158466262711
1.172315337696944
1.1448615502028203
1.0863883638539842
1.0306583340568272
0.9431273028212873
0.9153354288121347
0.7876672306489947
1.1983812333534214
1.198890044433152
1.1938565616243169
1.1851005592087187
1.1599439366664657
1.1318094849959903
1.0726143103378587
1.0119552689176239
0.8917897314017277
0.7612838909809951
