0.9134067234573546
0.9348910869042193
0.9264536999767417
0.8816527430839929
0.8275654985640744
0.7793603989295859
0.7285378953318674
0.682709900760161
0.6165263904894327
0.5198550442621374
1.0112661406954082
1.0436564711807472
1.0542449317577343
1.0574258606388445
1.0207015279939224
0.9596642024625083
0.9020258983940352
0.8403624478218075
0.7845334442259412
0.7289900250939979
0.6753179447803123
0.630888602014406
0.5464788907260356
1.1142117986359266
1.1289294105549956
1.1405720535341872
1.153456879516661
1.1560858236553422
1.1435825424354913
1.081798200536237
1.016375475894373
0.9445076131865501
0.8789553306514047
0.8136331646507131
0.7504899670563446
0.6982161893563343
0.5538572545457114
1.210244551927522
1.2379301566644356
1.2441991374133594
1.253339823555136
1.2557528075974718
1.2541028457374743
1.2044756650028015
1.1335957215033474
1.0516232639012002
0.9758401856685197
0.9000431135755653
0.8267199237449413
0.7660223743321783
0.7045339745662029
1.3468474174616234
1.363106767870742
1.3752587822717985
1.3876384702277267
1.3897523538424117
1.3794558181901548
1.3127872226175445
1.2182967382012215
1.1266939609844313
1.033961995416726
0.9439883827186455
0.869503929035565
0.7940967389888589
0.7279186121146428
1.4409504926529624
1.4572971878532586
1.4695427972896116
1.4805848863348097
1.4824769059577874
1.482688959781782
1.4426717029202727
1.345398876626588
1.242835594601517
1.1368959588461898
1.0335619856651261
0.9479568908456057
0.8613496520310387
0.7853288470111192
1.42326422579243
1.3152322035467294
1.2012160152748452
1.0893710160542072
0.9966187002409391
0.8205049152953925
1.5517298864085192
1.5816324226763128
1.5894776400515436
1.586952509704998
1.5095713827486692
1.3977184649273815
1.2749414400488817
1.1532797531887022
1.0521726761667891
0.9499340317998843
0.8602771557482904
1.6162564651108524
1.6436051598292445
1.650106894771455
1.6093769909960818
1.499228146033568
1.3670344498611866
1.2332178079201321
1.121470905928686
1.0084350561756077
0.9093723771285006
0.8135072392289262
1.6639324675301996
1.6879811465500734
1.6941008707106224
1.676572502267635
1.580838314895645
1.4432826806578676
1.2997614817798038
1.179073550371556
1.0568435694922569
0.9497988428095295
0.8463010667500095
1.7318377611181417
1.7361295162657049
1.7332707016560216
1.7197671077279615
1.6659845752825977
1.6193972167418353
1.527309541025479
1.373972061344066
1.2433439545661695
1.1107079337472687
0.9945581851237011
0.8823885160127818
1.7505338633928098
1.7696624261473972
1.7698008801940122
1.7420276823380167
1.611708866483117
1.4503862287348916
1.309782713922548
1.1662969024148526
1.0405606299535168
0.9192724718879468
1.8062966206344582
1.8064216430289148
1.8024520271974542
1.7798583388873914
1.7661951608889166
1.7118903795631413
1.639135073664302
1.5469679030168155
1.394767589636339
1.2374495878140679
1.0992282407747895
0.9660358400289779
1.8290546423046665
1.8278814034661093
1.8179712539875474
1.7920504556979342
1.7546553430653813
1.6970737873678925
1.6377308920485394
1.4771270796411289
1.3068681536801592
1.1563352678332541
1.0113012829500152
0.9197000061406273
0.919438401765792
1.0255653139715097
1.0400450884173642
1.0155785076711135
1.1328724752145047
1.132534810982773
1.2323469227842803
1.198015459247035
1.3519783002624643
1.360829449348254
1.3068102158836674
1.449568277722911
1.4299403996586948
1.4625113566138137
1.4958875373760414
1.525551318780019
1.5537332356367897
1.500047538883493
1.5853308365979193
1.611753353367834
1.591729337239442
1.6484334116981458
1.6493833010078955
1.5721028624900069
1.6509269201957975
1.693227570420973
1.7259011512751727
1.71586360311665
1.6044122624645756
1.7567974540710496
1.6973302646871231
1.7637336955508114
1.6302766943873837
0.8447243717124873
0.8634311937567705
0.9209948226618673
0.9412230800216419
0.9538004073289804
1.0367089737311577
1.0588119273439343
1.0719000465614015
1.077644044524304
1.0754672002752554
1.1573021833700863
1.1804574638589151
1.1932689237141394
1.1980471260953396
1.1932596168991454
1.1648132098286674
1.2419535099500165
1.265137826272454
1.2777716196239308
1.2809369176342311
1.2810517043656728
1.2790687853260225
1.2744452692748356
1.2594321697561033
1.2400793057022468
1.3228645258072116
1.3464643994371006
1.357631447187131
1.359262459429499
1.3559698387380452
1.350113734257943
1.3315453660706948
1.3099708859015962
1.2649000120413398
1.2184763784320491
1.1245533942614667
1.0808944753564522
1.0177431003781603
1.4169337455629607
1.438921588203998
1.4483341014358215
1.4491494111774328
1.4470515216127842
1.440912193140914
1.434274870596028
1.41112558216578
1.3856693068337775
1.3409362284222828
1.2802921063142692
1.2376831310633214
1.174721101465395
1.1240274642409054
1.054944614463095
1.4703613222460314
1.4907810206900232
1.4986909993339255
1.4953006132239126
1.4890414626105712
1.4794622586270851
1.4533307136498579
1.4250938241647917
1.3687582445533553
1.3108809660306464
1.2644683068481644
1.1966142645416578
1.14397556785018
1.0688718847805418
1.5288665369307866
1.5465348321391963
1.5519665009015493
1.5453242379958205
1.5256087637489406
1.4641633865637735
1.3391458644314274
1.214795905016342
1.077274474934813
1.5751822186870261
1.5840394415637522
1.5806677524083477
1.5659232270034351
1.5515801833865015
1.5189805549214248
1.483381355757425
1.417828755648424
1.350369457034018
1.3062394343654808
1.218602604011564
1.1623544407622084
1.0748735840001755
1.604583279286956
1.6160559071783303
1.615216463221336
1.6011260453229363
1.5867004600714962
1.5742843967292188
1.5369515157006082
1.4975141302378232
1.4208865688465973
1.3514621476237707
1.2891549113449103
1.2114024031820925
1.1433355876898874
1.0576018981726485
1.6209544916888383
1.6289534103741317
1.6250175273884744
1.6080411962381869
1.5935432276647563
1.5756956693598105
1.5347214646098033
1.4945536515801807
1.4170150809797653
1.3404898601675563
1.292159346640263
1.1930587782001232
1.1245093050865151
1.0340107914933068
0.8201362013436184
0.8401471289583473
0.8929293645779514
0.9145109718700247
0.9273560960071014
1.0029508384740096
1.0261159256974652
1.039186307890972
1.0357858404911053
1.116587587421108
1.1412984366109988
1.1499100145806485
1.1534700997981633
1.1457033596663437
1.196412655473714
1.2202462985300442
1.2277071496570742
1.2319137858888736
1.2304384323114348
1.220026183291263
1.190306645459559
1.1530441200349784
1.271650953281544
1.2957117387244743
1.3026171298204303
1.3057273846288124
1.3014660365073358
1.2889471675408068
1.2536602665334196
1.212183863383367
1.1224660040859775
1.0171407565297599
1.3583095274226058
1.3806083101807738
1.3869062895621518
1.3879918067111134
1.3800707231033515
1.363923544680738
1.3283222341483283
1.273841835784448
1.1725861254058647
1.0543351353873633
1.4073115217943057
1.4273183998086207
1.431908928393653
1.432498390531279
1.4219293894594043
1.4031329515494655
1.3570383844407707
1.3044013968970138
1.1945017795769044
1.4596009976873028
1.4769687944238392
1.4784266783755793
1.442150974858181
1.3326710871286844
1.212710252408559
1.0766914889536479
1.5006005928373123
1.5064348029736037
1.5078630290226744
1.504669151349233
1.487518493504774
1.4617893931103845
1.4062535825574571
1.3440266404215064
1.2165823809105183
1.0743096440226567
1.5242168231001134
1.5343832945935094
1.53283044915661
1.5281387697974376
1.5061731316373455
1.4763957548844056
1.4100868890427494
1.345406786358601
1.242414071846307
1.2094776104949299
1.0570761726665403
1.5357040203410885
1.5424778766697933
1.5394022110249308
1.5315449457779673
1.5053587823758847
1.4740665193710825
1.4063259829378283
1.334660115213716
1.191242307732107
1.0335214398162207
