0.7724852486775771
0.7896757664207148
0.7791661051883726
0.7383875307935684
0.6898673603967389
0.6468113412532582
0.6015027064871842
0.560687371109518
0.5017638826173207
0.41563780125391775
0.8507200375935049
0.8767724871673309
0.8848460519588478
0.8859802864966733
0.8515533999455269
0.7968218203216236
0.7456064749892957
0.6909784300321665
0.6416098032594186
0.5925516746362094
0.545332988552832
0.5059631696753369
0.43142522082623946
0.9323769818845746
0.9441697388275211
0.9533666748617929
0.963199183667547
0.9650703069377519
0.9509581063619714
0.8952364438156085
0.8372609273406386
0.7739113406621456
0.7162888497623194
0.6589710363113421
0.6036372490865627
0.5578512567734463
0.43149077312240663
1.0075740927459804
1.0293414935172016
1.0341127752344825
1.0406817868539993
1.0419801031875215
1.0394490748212708
0.9936067983214779
0.9308120338438161
0.858869007500483
0.792598178227394
0.7264946621873006
0.6626669943896158
0.6098872605339266
0.5564762557594425
1.11281528106829
1.125443170736076
1.1346727684711913
1.143552160118215
1.1448383751907691
1.1329396484593128
1.0730621229503141
0.9903778737045127
0.9108510917544931
0.8306504312729626
0.7530485696497149
0.6889285630221348
0.6241357899225409
0.5673528957864361
1.183872004009262
1.1963953246089647
1.2055179940376581
1.2131057272786352
1.2141037614281087
1.2132902388666968
1.1755386421308598
1.0901797441225731
1.001472397251037
0.9103465415566063
0.8217765859222923
0.7485864526492333
0.674712775863842
0.610085895317221
1.1511141309444641
1.0577872271831044
0.9599997204391546
0.8644745475854829
0.7854850321778756
0.6361073711941471
1.2656538233173418
1.2875427893379419
1.291910267190141
1.288347017190627
1.2184397956972604
1.1217894513467872
1.0168529288215709
0.913259498025077
0.8275162437951414
0.741072544905198
0.6655151035510475
1.3120009233977907
1.331622232864353
1.3345314754190005
1.2959348222461524
1.2003090689019609
1.0875163122728928
0.9741211669101738
0.8798115129878461
0.784739655071197
0.7017228519298139
0.6216771244506716
1.3454048838344927
1.3623911254099794
1.3650057047350082
1.3471961909297605
1.2632151141360364
1.14591702715735
1.0246516154495073
0.9231661719172208
0.8207931036399319
0.7314584714448867
0.6454396852346265
1.3915855639670816
1.3930556588000507
1.3893079059065825
1.3762384521663718
1.3285714716148376
1.2884398924689209
1.2100873352010832
1.0808539495883227
0.9714147193355248
0.860770624985042
0.7642879371193062
0.6715093099172446
1.403021130808656
1.4157037436564752
1.4127045505189424
1.386564104772825
1.2742938753324766
1.138567080020389
1.0211527607928685
0.9019342182363391
0.7979279985149113
0.6980771475620845
1.4366249943351141
1.4348142395412609
1.4303499663149335
1.4092346568478056
1.3970697780006136
1.3502484511069717
1.2885248694093587
1.2112551148721515
1.0845772414891275
0.9544450568202124
0.8406941639425052
0.7316276636940031
1.4465259271907456
1.4438714764928173
1.4337544782516056
1.4103481023784938
1.3779206723527362
1.3290271549037544
1.2792460435053954
1.1457898078057895
1.0054688546866968
0.8822861307016235
0.7639408460347472
0.7761577998131408
0.7732583831777351
0.8607685981947792
0.8714180328066632
0.8472822355670835
0.9450568488983082
0.9417879789462118
1.0214704467092774
0.9882966994536488
1.113872746669855
1.1177204622486963
1.0682045891211447
1.1863516228847284
1.1652351181656082
1.1960944312910307
1.216834015849981
1.242262400717358
1.2615998745852326
1.2108201152037095
1.2848497959935121
1.3025333227541414
1.2818603093613117
1.3285693041450062
1.3255736641513007
1.2563107299135419
1.3167018862204336
1.3563899822514258
1.3780888797872175
1.3659940479878794
1.268637232011224
1.3928410218251153
1.3389220945805973
1.3883886147307043
1.273513537286058
0.7120438830241139
0.7272051433250785
0.7728562874855124
0.7890969495427814
0.7988643046511191
0.8639293073174608
0.8814085348985321
0.8913259308425119
0.8949762453262817
0.8919129656989074
0.957164033172458
0.9751207447345578
0.9845200343218156
0.9870465592232452
0.9815772724943769
0.9551938261960663
1.0214092073162084
1.039132436980335
1.0480738687062379
1.0497283901610313
1.0492328853944608
1.0467723087046665
1.042091378239376
1.02805254050898
1.01059762747507
1.0816532920006425
1.0993194007924028
1.1069208998801257
1.106466763059213
1.1029527959649483
1.0971178090907845
1.0800236786716602
1.060762706982067
1.021201405126048
0.9808877144298616
0.8998954974348532
0.8623820271156752
0.8082727632994204
1.1498474977553645
1.1658720454702733
1.1716860466139747
1.1713963623848977
1.1686233869399374
1.1624121534328018
1.1561588655397732
1.1352177218567001
1.1127775314473793
1.0739184640978814
1.0217500430026498
0.985289262523691
0.9316163229286173
0.8885076151740874
0.8298626778440148
1.1873110153685478
1.2017741709415632
1.206260968027219
1.2014221888601546
1.1952381155889287
1.1863188585303155
1.1629519653564613
1.138268166583362
1.08969928407919
1.0402774994674286
1.000806954711002
0.9433296712384217
0.898856029633081
0.835597424670204
1.226750471658129
1.238668233892883
1.240892534451103
1.2332951809242005
1.2149929518192537
1.161278644722327
1.0549588520179636
0.9503255821003187
0.8352881480904584
1.2562475215972613
1.2603499464113532
1.2561278833342984
1.24196887776411
1.2290993204812857
1.200590974824848
1.170002412213675
1.1144085332615121
1.0576248716172043
1.0206229599165244
0.9474754125532684
0.9006575772698736
0.8280299192557715
1.271157412657937
1.2777310159192687
1.2744538591980625
1.2609161053099527
1.247893265878342
1.2369651491302835
1.2047827566412659
1.1712826133028191
1.106894475415283
1.0490713514113663
0.997403768480435
0.9331033001395732
0.8769980836921323
0.8065823599913574
1.2766249662606899
1.2803171044204638
1.2747761071157893
1.2587225680033172
1.2458247280698276
1.2303140467368565
1.1952986665897711
1.161501903963432
1.0965599284135525
1.0335123313066377
0.9936564654343615
0.9122811887886374
0.8562106645549651
0.7824275684863569
0.69005739570956
0.7061851337716846
0.747875352482452
0.7650930670759273
0.7748367630826408
0.8341037687182487
0.8522724148092669
0.8618935851025004
0.8565139849383064
0.9215137944306137
0.9404903830345683
0.9467227439967273
0.9489901584662322
0.9395975891872528
0.9817184750544059
0.9997170597486685
1.0049831797736455
1.0075191983029594
1.0045293518227976
0.9943580443668935
0.9673872390029044
0.9344550548055258
1.0373231662877835
1.0551110446941978
1.0597819933173294
1.0613157116963958
1.0558112043310397
1.0438709593310713
1.012201442972921
0.9758658360706779
0.8982411470313674
0.8077996439373205
1.0995196891151326
1.1154551983574896
1.119245322246313
1.1191957020241277
1.1104713147514877
1.0954750038309229
1.0639175575465019
1.0166567548245617
0.929942899303744
0.8293895719914354
1.1334676486732442
1.1473639961315858
1.1498449682508964
1.149053299077598
1.1380823604315313
1.12091746485824
1.0804742062718604
1.0351963261520356
0.9416859801325297
1.1679280652957844
1.1793764710783883
1.1778645252620707
1.1440351494866496
1.0499264508621085
0.9487180098446754
0.8348436586490756
1.1933198593109333
1.1966418537814214
1.1965039328954026
1.192422538877272
1.1760531710697586
1.1532018574597196
1.1054381445336865
1.0527298728379297
0.9459299639620017
0.8276034209604047
1.2039127585156393
1.2091197245879595
1.2061423917246379
1.2012416001720951
1.1810172471377915
1.1550169806531096
1.0986149922267086
1.0444488219210557
0.9588907757233847
0.9316477993655233
0.8061900043408432
1.2058189224123226
1.2082144626009448
1.2041708146584906
1.1963624108333677
1.1728023006936106
1.1458445047586674
1.0884315454148858
1.0290989149622158
0.9109565160391769
0.7820658852538982
