0.5568702055601914
0.5685474208173833
0.5586955827801366
0.5275384593002974
0.49101239240060474
0.45882190116732563
0.42508483004957254
0.3947997666113715
0.3512145050173431
0.2875828750991859
0.6081149011240313
0.6258505163441446
0.6310428804323994
0.6308375626131133
0.6041099223437155
0.5631782512113159
0.5252292797637992
0.4849511881686434
0.4486893150040387
0.41276132570041024
0.3781207808712123
0.3494689507482005
0.2949416762225245
0.661404353763526
0.6693794039186535
0.6755101690607516
0.6818357380248258
0.6829442280819469
0.6707252270497045
0.6290748047216808
0.5864100499420084
0.540076464061644
0.4981088174046944
0.45649084132230644
0.41638346276670496
0.3832382612677005
0.29158100054045744
0.7097359423254106
0.7241547248216443
0.7272152475084678
0.7311685750077949
0.7316468000199894
0.7291749284565515
0.6944887555057987
0.6484916345317367
0.5962471620452795
0.5483563740218984
0.5007428775922099
0.45486056999218355
0.41697791400880196
0.37867098547968564
0.7762792174311508
0.7845258993297064
0.7904241044163407
0.7957718466201518
0.7963989151642906
0.7862626452981707
0.7422554168516324
0.6827132243200107
0.6258260750847481
0.5686929029606133
0.5135440783772789
0.468061957742835
0.4221609109787902
0.38194615523370806
0.8203600517049237
0.8284370505308132
0.8341671390324533
0.8385324654310737
0.8389095929502317
0.8377749736417333
0.8093105067390682
0.7479734327880894
0.6849355765321596
0.6204954928673506
0.5580387148019945
0.5065357574279955
0.4546357729513277
0.4092338741088816
0.7876829544451948
0.7215746839218203
0.6527065666241169
0.5856419687094967
0.5303135298021646
0.42590844202499456
0.8701287286303894
0.8836689280619191
0.8855639337063534
0.8823613789419271
0.8314331375503607
0.7631384667566464
0.6894936318421997
0.6171534835092438
0.5573827392850729
0.4972399956292594
0.444737758665834
0.8977047285982238
0.9096303475474168
0.9104120914571333
0.8815869229388065
0.814021703291158
0.7352595739319486
0.6564371118562092
0.5910605378929682
0.5252900158057564
0.4679520752796562
0.412664041335213
0.9171931554106013
0.927389429795248
0.927994721514994
0.9142727023081072
0.8546951778966837
0.7729993163780394
0.6890339263995531
0.6189804567935289
0.548467576381048
0.4870378151063684
0.4279096215438389
0.9436566773199987
0.9437008996398841
0.9405202528683873
0.9307596958693557
0.896835382322677
0.8687780254004364
0.814409954104424
0.7252684601730938
0.6500469017530921
0.5741894418107809
0.5081362646512033
0.444671077416781
0.9494030145263275
0.9566129582770599
0.9532162596034445
0.9340785986646261
0.8558052944146592
0.762470072304139
0.6820898012258934
0.600673452809726
0.5298004918601484
0.46179604423668275
0.9665377385330725
0.9646934255594997
0.9611816224974404
0.9458671546413099
0.9371940388140173
0.9047018004097068
0.8621926634932975
0.8093137235689823
0.7229616390255621
0.6345269514324557
0.5574543141962892
0.4834883281696843
0.9698498296719417
0.9674101821486398
0.959820197391876
0.9432777389087782
0.9206966688920767
0.8871024038576288
0.853108637314244
0.7624293645514548
0.6674683336629335
0.5842759004516362
0.5044401432333631
0.5583609341142654
0.5544672324189098
0.6139436618323558
0.6205163028977597
0.6010968898320639
0.6684638782022377
0.6643077447664858
0.7166879678599504
0.6908171115559958
0.7751425540869737
0.7758418940749999
0.7389428790608192
0.8194608949099156
0.8023286445604794
0.8251317643844956
0.8357504185405962
0.8531559835855284
0.8643703394308149
0.8263287524452323
0.8783052679070028
0.8883542339889847
0.872197098800277
0.9037379519239305
0.899894212053122
0.8501195449281597
0.8889919492433865
0.9179540514276148
0.9303708862182584
0.9205219767307972
0.8520655469360745
0.9357929837614507
0.8972823531787546
0.9289213784859817
0.8493719566222842
0.5117868451325049
0.5222470249091686
0.5518085637771286
0.5628729331743155
0.569307301260623
0.6108645163113494
0.6225584703344675
0.6289113663419192
0.6307842442002196
0.6278893277790942
0.6701968758342702
0.6819583547638725
0.6877884523307725
0.688719254032631
0.6840622527399147
0.664169466709132
0.7103591849571114
0.7217783791223024
0.7271376781827114
0.7277554915932695
0.7270895203682595
0.7249285494979095
0.7212376913254485
0.7106604302344356
0.6978296296410706
0.747376724122009
0.7585483497613777
0.7629226209035108
0.761678358908436
0.7587821574469695
0.7542949833237073
0.7416291200397452
0.7276419532319076
0.699250542031955
0.6705475782752467
0.6131838253224023
0.5866862085198878
0.5485430748213987
0.7883498427682814
0.7982619976350941
0.8012600605174808
0.8005868253272259
0.7981802764253445
0.7933576524077162
0.7887129651939405
0.7734575013898058
0.7573977233446073
0.7298686478787508
0.6931466764479794
0.6675738831341667
0.6300344093627595
0.5999161717723456
0.5590726919877153
0.810260082500134
0.8189892619302682
0.8210831310652325
0.8168067615051454
0.8120978751077034
0.8055243954375703
0.7887280403078355
0.7712177059298901
0.7370869656027531
0.7025505137088932
0.6750778381553233
0.6351286409265184
0.6042979868418202
0.5604950240228903
0.8325155484397182
0.8395118463056128
0.8400067939958066
0.8338809393395299
0.8205096316542582
0.7826241603977363
0.7087831837283727
0.6365312305206308
0.5575246833872253
0.84861641550568
0.8500266469865491
0.8465354655040309
0.8360628946827879
0.8268679134229864
0.8068216654574378
0.7855118823351253
0.747080636033011
0.7079933482155536
0.6826033397985665
0.6324662632436806
0.6004590531003003
0.5508410723731719
0.8548888098692453
0.8580676127044404
0.8549477452225067
0.8448924375986151
0.835615136389432
0.8279352585303342
0.8055916010835513
0.7824775643977293
0.7384253271805483
0.6990760487586475
0.6638085188880768
0.6200955437826273
0.5820285537499614
0.5342764250629458
0.8554021745967562
0.8568186370355653
0.8522113600218024
0.8406091086347655
0.8315375280712762
0.8207314344459177
0.7966293689168462
0.7735094640668847
0.7292942383236927
0.6865554153618579
0.659556034918837
0.6045806417291921
0.5667004784229214
0.5169219830105231
0.4951944918172708
0.5062626166242561
0.5331328051439832
0.544797731951474
0.5510734024174917
0.5888719728272752
0.600941027351707
0.6069392426265008
0.6016684468129916
0.6443011690321385
0.6566262593827156
0.6604398404972148
0.6616294845466172
0.6534624767978839
0.6817671674088196
0.693272084508808
0.696412766802631
0.6976581546350797
0.69463923464886
0.6867839566845786
0.6668934576180446
0.6430456850647568
0.7157552908976151
0.7269138402216846
0.7295771726697767
0.7300912098360963
0.7252835259634186
0.7162528818507491
0.6931963591975219
0.6671768242312894
0.6120784404908278
0.5482287730079408
0.7528562561486278
0.7625587822832361
0.7644575391723185
0.7639785487527342
0.7569213002634642
0.745854723144159
0.7232064932354444
0.6898554476756724
0.6289272539178432
0.5587614234637116
0.772551462691458
0.7808038685304572
0.7818893576150044
0.7807364316732343
0.7722069562589314
0.759705169397996
0.730978885217401
0.6991932416874642
0.6340472972774788
0.7916861036312217
0.798222655420313
0.7959807979293523
0.7712584736556454
0.7054794269609432
0.6354799110081804
0.5572355758530554
0.8051666800763021
0.8067558775221899
0.8061542327179698
0.8027489855951926
0.7907035503948381
0.7744883873518997
0.7412056677238319
0.7047935385039855
0.6314599497213497
0.5505647086695438
0.8087378168000839
0.8109897175860253
0.8082935273749418
0.8045824453460556
0.7900686119488558
0.7718765390252295
0.7330322032598068
0.6960690507262137
0.6376684906023831
0.6191520729422476
0.534023063843292
0.8072069410983929
0.8076667221078497
0.804384428838514
0.7986105617628056
0.7819831975880781
0.763324217262556
0.7240142501496923
0.6836925707419224
0.6037001707706132
0.5166888033356234
