0.7459992438702444
0.762241307985417
0.7509537851846357
0.7107750157392687
0.6633059691402041
0.6213690066100759
0.577356612859119
0.5378107385849235
0.4808485612295636
0.3976079414952808
0.8164868012720484
0.841014370831558
0.8484641091070624
0.8490477996051474
0.8150573775586821
0.7618517268651067
0.7122964613578475
0.6595949693016915
0.6120818846233103
0.5649575341010099
0.5194838625116232
0.48184437469997804
0.41014292259295493
0.8901049029549754
0.9011397903200666
0.9097021181726487
0.9187451071480359
0.9204174503009902
0.9059276995307128
0.8519470977413575
0.7961599550875489
0.7353958732632638
0.6802547072103917
0.6255025429754342
0.5726796048369884
0.5289830566982551
0.40792788571992844
0.9572319698972979
0.9773853639636166
0.9817553209593369
0.98764573235794
0.9886696506796208
0.9859406599013667
0.9414771072506027
0.8813303939346226
0.812689637414238
0.7496119545639737
0.6867998933853398
0.626190027163915
0.5760878376627268
0.5253607951817232
1.0502776570405314
1.0618533218919008
1.0702541737850315
1.0781819453078443
1.0792664099832798
1.0672557331527333
1.0100782791255183
0.9317291009852694
0.8565934758196312
0.7809482476369496
0.7078859653185969
0.6473893651270308
0.5863236750385193
0.532739306945296
1.1124225472700766
1.1238319193085926
1.1320720569705451
1.1387278156461458
1.139516353270315
1.1384939906368972
1.1022269570177667
1.0216390528369093
0.9382378518496223
0.8527230028519381
0.7696664427417332
0.7010583301255137
0.6318014264465902
0.5711434683105513
1.0763487805253455
0.9888456417969503
0.8973451110560523
0.8080301485919736
0.7341950250132071
0.5945162621446741
1.1832250590044155
1.202829453276725
1.206362664532274
1.2027228188132582
1.1366416495641307
1.046251037052922
0.9482951879535251
0.8518087776700416
0.7719251761665263
0.6913843542670312
0.6209268516185343
1.2228931314636984
1.240337640482148
1.2424777500989603
1.2057640899631006
1.1165193939144564
1.0116593031821661
0.9063551706574081
0.8188100824962729
0.7305587989129783
0.6534414562820344
0.5789365571491631
1.2512210661119656
1.2662449812398604
1.2681067992851949
1.2510211700141456
1.1726711876649891
1.0638892539710454
0.9515890129942943
0.8576497380498458
0.7628875267713503
0.6801429453525729
0.6003197331974657
1.2904516105606945
1.291377603193686
1.287668495766414
1.2752850467484633
1.2308370249697327
1.1936370547878807
1.1211836106289734
1.0018397494419808
0.9008324623860027
0.7987152283605288
0.7096141264733697
0.6237829435980864
1.2990904762871007
1.3101240184033185
1.306783921102853
1.2822160593711907
1.1784133456613863
1.053392775244108
0.9453236479285158
0.8355864478626025
0.7398180489512467
0.6477065397879367
1.3264019500503914
1.3244064903134412
1.3201273602888732
1.3003826735721034
1.2891220574615598
1.2459397879571137
1.189177686240116
1.118241370393704
1.0020125487757374
0.8826478030257224
0.7782740936676537
0.6779266951268131
1.332988540616661
1.330294790752856
1.3207589982676404
1.2990999810295005
1.269239348412742
1.224387867863714
1.1787940924732048
1.0566723227507275
0.9283195103700191
0.8155507205393979
0.7070384134763992
0.748958063681253
0.7452653707534235
0.8254422302059226
0.8351363061476512
0.810985328489542
0.9012262730628375
0.8972412827901001
0.969013305056733
0.9364857672895233
1.0503672503558705
1.053064197583019
1.0055546461077929
1.113514368143011
1.0926820384274398
1.121064697351026
1.1386671981044405
1.161122091377169
1.1780981181561652
1.129633757086483
1.1974349157638482
1.2128513482774326
1.1928650485447634
1.2348090875502262
1.2312583488338857
1.1663644096664751
1.2200231026919213
1.2564301352933755
1.2753203125252643
1.2635214367227663
1.1732398510176127
1.2858166663944648
1.2356760047246076
1.2792439968814429
1.1736093060622816
0.6868601593424932
0.7012756547935248
0.7420606466640586
0.7573798789306176
0.7664905071875823
0.8239722314712575
0.8402830794141715
0.8494010976538284
0.8525436577567963
0.8493069243640432
0.9068995992687022
0.9234571583466608
0.9319789528964688
0.9339761643905559
0.9284520066576611
0.9029777043496031
0.963465951173929
0.979664337853182
0.9876550118376317
0.9889724841201233
0.9883655781824706
0.9858591400366498
0.9812814475516913
0.967771580131762
0.9511240799735539
1.0160139561235058
1.0320117035693035
1.0387102431952138
1.0378653147031045
1.034400485367309
1.028756957985216
1.0124575878425552
0.9942204351224045
0.9569050358692616
0.9189913084969832
0.8429476199398325
0.8077539512747539
0.7570086400320295
1.0748222742013778
1.0891977408343152
1.0941379261511932
1.093663169303733
1.0908598784582746
1.0848830684674289
1.0789545862405208
1.0591522908777435
1.038083215839844
1.0017159401058888
0.9529942964523903
0.9189758718944694
0.8689460238586697
0.82875310612652
0.7741636725850086
1.1067138853359242
1.119560641965051
1.1232871072824642
1.118399841082235
1.1124677736226523
1.1040399578561682
1.0821178368200597
1.0590490909823052
1.0138058798794471
0.9678424159252074
0.9311779925383586
0.8777909674990618
0.836514515448223
0.7777862598469064
1.1397905790429694
1.1502280513043532
1.1518347083082139
1.1444459167675234
1.1272171064232186
1.0772645781695454
0.9787887831517127
0.881939822130075
0.775703793411801
1.1642470237257438
1.1674314369232421
1.1632890930265196
1.149945619431244
1.1379398560279936
1.1114938528291425
1.0831875262074706
1.0318656165706683
0.9794905540936558
0.9453950982707447
0.8779599590540719
0.8348370268387286
0.7678929184990331
1.175044449039919
1.180584611298314
1.1772529648124586
1.1644534882980127
1.152358029506305
1.1422457291907924
1.1126085417157912
1.0817182964482386
1.022593594041051
0.9694941484724701
0.9221035468593662
0.8630659540620284
0.8115784294373375
0.7468646200377733
1.1780107880816275
1.1809233891385664
1.175524937735566
1.1605729237966953
1.1486516304657541
1.1343419479572787
1.1021866331691224
1.0712079022952044
1.0119444844840249
0.9540205765080102
0.9175232603188546
0.8430677572530628
0.791658835383421
0.7240106989718604
0.6652806345928245
0.6805886167509853
0.7177152675453307
0.7339290347457686
0.7429612947615062
0.7952007749203798
0.8121149545704263
0.8209020519765651
0.8151417599517565
0.8728711352315226
0.890320356442976
0.8959489318974679
0.8979095975559744
0.8883734635088977
0.9258089643911425
0.9422314750094064
0.9469324646906382
0.9490842702871015
0.945873915240141
0.9360127620031078
0.9102629431608297
0.8790265403927376
0.9742341291073255
0.990305188851369
0.9944269116585491
0.9955172233258076
0.9900514561058213
0.9785941591776258
0.9485844164607707
0.9143510820496024
0.841420733731054
0.7565725907920505
1.027745565571854
1.0419706488209055
1.0451870102127434
1.0449667906960534
1.0364057662607937
1.0221904057195998
0.9925295744305667
0.9483182966593061
0.8674111140222467
0.773730206494935
1.0565823120030076
1.068873727905431
1.0708937718210267
1.069907385742181
1.0593447261423845
1.0431647526732188
1.0053636968947004
0.9631943291714784
0.8762884382380011
1.0852739808591008
1.0952718544900775
1.0933573292376673
1.0615439535768458
0.9742033445770724
0.8804754425595486
0.7752992324254878
1.1061656654974406
1.1088983581369265
1.1085949566770352
1.104587798848121
1.0891822931934143
1.0679129789485928
1.023711259410667
0.9750415447282655
0.8765557343630447
0.7675054806683785
1.1133220440434761
1.1175133610263108
1.1145062143384283
1.1098737044784226
1.091071352530842
1.066978241694787
1.0150899284697728
0.9653047942967579
0.8867501684375604
0.8617465521870628
0.7465087423627038
1.1131549769087992
1.1148935712243775
1.1109780484253196
1.1036374405010794
1.0818367745945965
1.0570431375796048
1.0045870954716123
0.9500259393664806
0.8418349475242404
0.7236827741211093
