0.6790767156068394
0.6935932857454824
0.6825756300359911
0.6453816595527148
0.6015348909830882
0.5627689187423951
0.5220635912362044
0.48545930796256903
0.43268074863934824
0.35547929013865337
0.7450814688195151
0.7671734305864051
0.7737867542270638
0.7739941429720479
0.7422435205605231
0.6929468816747362
0.6470675326159907
0.598261041892543
0.5542385589052228
0.5105514851204523
0.46837954497243167
0.4334688225722338
0.3669781071429805
0.8138659591511432
0.8238496099968615
0.831571214188686
0.8396520906623928
0.8411183307183542
0.827151589044827
0.7769541583591105
0.725209544704404
0.6688619532408631
0.6177208006465331
0.5669216819977965
0.5179093778464127
0.47736728811889656
0.36516046360621135
0.876971786106012
0.8952240846810703
0.8991542046832782
0.9043735666629249
0.9051832490031053
0.9024822518956181
0.8608702068003169
0.8049591284746788
0.7412146157801202
0.6826477125691605
0.6243207115125543
0.5680431527112788
0.5215338274861148
0.47446032742970984
0.9650652768077883
0.9756202285505193
0.9832475980821499
0.9903578617265497
0.9912892545538835
0.9797257466116285
0.9263094674039841
0.8533655629789556
0.7834712751353713
0.7131197397713368
0.6451171206801255
0.5889751891589491
0.5322587540013674
0.48253648753086253
1.0244744279477576
1.0349091965088455
1.0424151306838163
1.0483980841009402
1.0490583499481445
1.0479866530148685
1.0138773567255384
0.938693063626216
0.8609745272883331
0.7813412855453481
0.7040369283416638
0.6402166179022859
0.5758339680104627
0.5194692572053945
0.9908905018244396
0.9092659652399951
0.8239873083052168
0.7407958197862576
0.6720749072588607
0.5422053186522379
1.092966304132143
1.1109794421611243
1.1141070709535823
1.110601112165305
1.0486962163856657
0.9642877868405739
0.8729030896547249
0.782951964133902
0.7085297073027774
0.6335457638192589
0.5680298330247308
1.1319430200984093
1.1480586593789377
1.1499667622246723
1.1154729042169484
1.0320215430435544
0.934079941223951
0.8357945955604673
0.7541455200399022
0.6718949932958359
0.6001076348030431
0.5308517629833682
1.1602007372495964
1.1741570479562453
1.1758597771791053
1.1598171485909705
1.0865089631119405
0.9848069058522925
0.8798904546765058
0.7921923148838657
0.7037908946427286
0.6266896565963467
0.5524176916774245
1.1991342701170267
1.2000204904025502
1.1965428583400148
1.18497203105782
1.1433958181215436
1.1085900906583097
1.0407977045154226
0.9291862293654328
0.8347851862376565
0.7394156381739387
0.6562927093747999
0.5763387062188952
1.209686906294073
1.2201135188252952
1.2171387559939773
1.1942653602477893
1.0971371993510877
0.9801063475399321
0.8789935969301994
0.7763813537292255
0.6869277738590054
0.6010092505376441
1.2391450830747766
1.2374436907933573
1.2335222321331563
1.2153628905963707
1.2045896064771804
1.16432551334292
1.1111772972281175
1.0447155327504223
0.9358139419852437
0.8240072847214881
0.726403174967051
0.6326058740471238
1.2493471059573893
1.2470515462747367
1.2383442996524976
1.2183149635341768
1.1904148947313014
1.1484507200893683
1.1057225181029577
0.9911930184686782
0.8707961134196205
0.7651280933094678
0.6635394309044025
0.6813884419432242
0.677416767519941
0.7528241661047713
0.7613305728039944
0.7385396550348258
0.8234609893822111
0.8192239307272355
0.8869821438340555
0.8563034870030627
0.9646984020051246
0.96667383027788
0.9221522221400764
1.024924973190392
1.005069876837313
1.0336201897981525
1.0492641921362516
1.072278222708472
1.0877560180283623
1.0421977038696846
1.1081132596369163
1.122286688501034
1.1034661868261073
1.144766395404342
1.1413632275640473
1.0806202207498896
1.1332603297622323
1.1696136900218206
1.1875434039291066
1.1766741402628906
1.0922660510037938
1.2012471894686996
1.154802867520015
1.1994089553694531
1.1007761578099668
0.6248679770404544
0.6377936456682137
0.6761864840161815
0.689950716460427
0.6980530636817047
0.752708470162899
0.7674089938944507
0.7755373709289376
0.7781734844307423
0.7749527119210977
0.8307341103502157
0.8457135413164654
0.8533223911132329
0.8549017338718757
0.8495622909576864
0.8256532532587686
0.8843959046933332
0.8990993949325421
0.9062452119071382
0.907309384017491
0.9066598150137214
0.9042262816458368
0.8998730854820192
0.887170220989995
0.8715925598782237
0.9347106319206226
0.9492932278475867
0.9552910914124503
0.9542927652140715
0.9509694524004507
0.945639108396416
0.9303391532994459
0.9132735336218897
0.8784431662638377
0.8430912985359785
0.772256811965387
0.7394891850998707
0.6922675123167877
0.9918173774416756
1.0050076090430042
1.009458222118563
1.0089403757859337
1.006274374916111
1.0005954015412226
0.9950166240447424
0.9764618341633045
0.9567636658747396
0.9227924069965335
0.8773177204890659
0.8455870310880299
0.7989323446509714
0.7614742137172568
0.7106181945002294
1.0233849771260917
1.0352505208966423
1.0386185225773712
1.0339705260213956
1.0284056577004579
1.0204856834969502
0.9999635357790678
0.978392242690784
0.9361159489609964
0.8931862853275465
0.8589681556283254
0.8091508193908549
0.7706570182067564
0.7159027517546607
1.0569539407389004
1.0667743368039015
1.0682704386070498
1.0613398406198804
1.0452456755826804
0.99851260624663
0.9064832376685505
0.8161141643793686
0.7168603352813946
1.0824078399390997
1.0855064258858196
1.081682549055824
1.0692461059924936
1.0580409988183344
1.0333284588681049
1.0068644765540173
0.9588674110873202
0.9098948353585079
0.8779759375380599
0.8149830490890829
0.7746926475236121
0.7121728070062171
1.0967129710506556
1.1021896381303447
1.0992762297926573
1.0875376275335502
1.0762925869456903
1.0668768642409518
1.0391733453591743
1.0103508569477266
0.9550242196299958
0.9054459344174247
0.860923656373125
0.8056744202667372
0.7574912169988557
0.6967955484666281
1.103150078943375
1.106350688368583
1.1016283683005064
1.0879061215528485
1.0768598863498777
1.0635526044118844
1.0335655676869977
1.0045573235347591
0.9490932129213342
0.894833600090656
0.8606206255368577
0.7908294473626998
0.7427255146950515
0.6793981235536738
0.6049847972819814
0.6186868633819431
0.6537065504838859
0.6682512456373328
0.6762200703896243
0.7260730364669721
0.7412855237057752
0.7490424122418637
0.743235573442795
0.7991520511345134
0.8149023485173044
0.8199070428207469
0.8215854244324439
0.8122834475307354
0.8493796717484111
0.8642502560455532
0.8684465323520314
0.870282782537151
0.8670509603940194
0.8577124843421384
0.833592147120209
0.8044509517569081
0.8957948591131416
0.9104142977070484
0.9140942132233906
0.9150675114507393
0.9096770300487745
0.8988668158203953
0.870775056027646
0.838816705989578
0.7708514084721928
0.6918665686557439
0.9478838649181739
0.9609162378173615
0.9637914037403763
0.9635045040076473
0.9553826106855541
0.9420329698407552
0.9142795187399102
0.872985737997999
0.7975110037851921
0.7102169887368586
0.9765318532936426
0.9878765488646434
0.9897135030500932
0.9887210393410095
0.9787718570011112
0.9636120050996845
0.9282615248317303
0.8888620911399177
0.8077531864497357
1.0059824308455427
1.0153357041986841
1.0135661462476793
0.9838028474819357
0.9021912027211042
0.814743106919569
0.7164811191604877
1.028000388754709
1.0306762217523293
1.030396110944536
1.026690828583064
1.0123521649210745
0.9925012532830222
0.9511965484591552
0.9057076941128841
0.8136599714194099
0.711807098089858
1.0390630603265905
1.0430791587944763
1.0402772553550879
1.0360916690194566
1.018756162411155
0.9963716015697615
0.9479006116459681
0.9014639773144625
0.8278177570669869
0.8044176100534836
0.6964552951510505
1.0421915277651057
1.0443468910462745
1.040922919287921
1.0342539252043919
1.0141317079431913
0.9910207313002336
0.9420522461651208
0.8910046768057044
0.7896433741691227
0.6790807902969129
