0.8348889892727828
0.8543203597067099
0.8459470563235275
0.8044369649880505
0.7544476750826916
0.7099171076180182
0.662971192112316
0.620639124891499
0.5594869580713183
0.47012063509666113
0.9240663535702422
0.9534157726866691
0.9629244471837504
0.9655273794225978
0.931281336227836
0.8748399141280272
0.8216146650271355
0.7646884442028926
0.7131601271554721
0.6618928246380615
0.6123475010360309
0.5713299052885098
0.49339373777353657
1.0177463718945432
1.0310846149093331
1.0416108533350157
1.0531928416412553
1.0555300522938145
1.043396946576566
0.9861693771436162
0.925758191001761
0.8594397906922612
0.7989769237627881
0.7387306981212379
0.6804958596420021
0.6322867351199889
0.4991742412753073
1.1050683227889773
1.1301003900410942
1.1357369798555204
1.1438845524405814
1.145949077012751
1.1442201864108523
1.09801937310072
1.0325384631906778
0.9569235690504313
0.8870589908773472
0.8172004647375698
0.7496331764894802
0.6937081945730617
0.6370637820463286
1.2291460864008135
1.2438405556295664
1.2547798852557084
1.265827044237742
1.267668056069047
1.2576240612083993
1.1958367664168474
1.1086703447100028
1.0242722974671166
0.938881870134052
0.8560614420922734
0.7875191955515577
0.7181496379075828
0.6572595258383476
1.3145175845382921
1.3292676909684293
1.3402702068256012
1.3500739977766827
1.3516961248440573
1.3516967029640283
1.3142676923435257
1.2244504548911466
1.129975231892519
1.032474780858139
0.9374213006290016
0.8587086303802208
0.7791043299468404
0.7092696210953119
1.2954125683899105
1.1958962708258498
1.0909898543030843
0.9881447541246384
0.9028977725859041
0.7411506599445861
1.4148923506253603
1.4417322016360714
1.448522645812974
1.4459494873980365
1.3741032349935969
1.2710369771248242
1.1580918760980374
1.046261965323093
0.9533781203955083
0.8595009750577486
0.7772309293665793
1.473281641723493
1.4977828968991507
1.503274832208811
1.4651632469855655
1.3635603080736274
1.2419634441453666
1.1190068082227587
1.0163991363890854
0.9126657501723237
0.8218208555257286
0.7339726171231059
1.5163708316157698
1.5378815160572126
1.5430778263729596
1.5264673288641843
1.4379964830811929
1.311451267355603
1.1796074022337748
1.068828306743695
0.9567207608739086
0.858583029275805
0.7637875729611605
1.577446269459092
1.581037887833874
1.5781886548769133
1.565506697375048
1.5157215453921014
1.4727844595058708
1.3880820985585505
1.2472428194701164
1.127377444647213
1.0057556131644434
0.8993353607179843
0.7966472546764107
1.5945497444571197
1.61153236444995
1.6111702330704825
1.5852263251214544
1.465079287531925
1.3169466953457178
1.18795428801352
1.0564383841672864
0.9412781565133768
0.8302896509138108
1.6444470383286045
1.6442794495149027
1.6404738568650825
1.61939220504066
1.6067511183315424
1.5567282006686647
1.4897702275736902
1.4051447359834077
1.2655485154001538
1.121397865744332
0.9949636680714546
0.8729269357022496
1.6647975596161972
1.663487305124462
1.6541341416019713
1.6300934104951033
1.5956089025626254
1.5426423538523255
1.4881476756003449
1.3408465918845596
1.1848742600876816
1.047108927463144
0.9145001897558342
0.8403121163025619
0.8395435981047707
0.9367394938609721
0.9496635152684764
0.9266091806097823
1.0342160898980852
1.0333218782639884
1.1243806115193558
1.0921334031364074
1.2332314703971206
1.2406524131027588
1.1903955626239207
1.3215184594423544
1.3026764520115652
1.3336080171749471
1.362854924408179
1.390640216251675
1.4156986467497674
1.3654390857590473
1.4447064802372873
1.4681520930467375
1.4491053303717967
1.5015008766330382
1.5017238407549987
1.4300540591101851
1.5020270720760776
1.5423117264256372
1.571216247234614
1.5614234030188257
1.458445718804773
1.5986535574762404
1.543485775014051
1.6043310936485569
1.4813720870017135
0.7716888593643073
0.7886445265702706
0.8410856148054842
0.859401579300982
0.8707219815826263
0.9462651818044259
0.966249569102189
0.9780006945296501
0.983018233050587
0.9807802291855916
1.0557414368559828
1.0766334304882
1.08808878747495
1.09216562936753
1.0875065824339945
1.0609866152482637
1.1324922349518884
1.153412876834196
1.1646304501007578
1.1673341855138415
1.1673251865572696
1.165356768177215
1.1609684482893308
1.1469454381468542
1.1289903683239335
1.2057677483934905
1.2269840297607966
1.2368811199442535
1.2380324479414164
1.2349612377088433
1.2293397229623135
1.2120366489330556
1.1920466449757565
1.1504237036113354
1.1076271727723705
1.0211466705426628
0.9809706323025021
0.9228816358728245
1.290833373621431
1.310549360692054
1.318802515435272
1.3193725791749273
1.3172806103766843
1.311439334003032
1.3052293139846425
1.2837291792683405
1.260177925379627
1.218930766048098
1.1630854216589859
1.1238858672388443
1.0659922759000606
1.019399516385845
0.955932481218254
1.3390687256951623
1.3573262231939431
1.3641994386523615
1.3607376908490358
1.3548360675140163
1.3458894355954076
1.321674271845657
1.29558762359667
1.2436711323458143
1.1904265991847887
1.147755379986029
1.085415202380729
1.037073795779713
0.9681515581982215
1.391800981789121
1.4075388459458649
1.4121293506980306
1.4056957571686366
1.3873022846668985
1.330516905193295
1.2155689369748544
1.101401517892282
0.9752616742864479
1.4333681208614215
1.440962846900429
1.4376438498644186
1.4238182848485519
1.410518746137953
1.3804056625763947
1.3476092302831506
1.2873346778193435
1.2253817184389661
1.1848837112850112
1.1045012852349716
1.052933045081704
0.9727701425060947
1.4597559549141084
1.4698173308665097
1.4684551266691597
1.4554959059545216
1.4421128846373539
1.430637551776505
1.3962281958541494
1.359959251921492
1.2895901251108859
1.225906056415823
1.1688021536174034
1.0975597927651215
1.0352159118750963
0.9567716185688873
1.4743510673146032
1.4812297041130458
1.4773072729798604
1.461471378000378
1.4480570978853053
1.431600899969425
1.3938854557977496
1.3569807376786114
1.2858515289438046
1.2157147370195884
1.1714397481906496
1.0807146749060588
1.018004764047496
0.9352366590139432
0.7489883626543533
0.7671071095143271
0.8151763829574377
0.8347010330359311
0.8462173035302002
0.9151227314874546
0.9360389561873761
0.9477114928593038
0.9440970662556963
1.0182069197107149
1.0404381112083756
1.048149660828065
1.0512652390669022
1.043590853107634
1.090521427683238
1.1119523505633078
1.118590606339725
1.1222484161619917
1.1205582717707845
1.1107456549244308
1.0831382495536264
1.0486927086445998
1.158597967721222
1.1801864647790703
1.186298165817928
1.188942279295445
1.1846748947442394
1.1729282023302687
1.1402082652824912
1.1019112417222445
1.0192527172878225
0.9223359167850187
1.236879059481759
1.2568330044697402
1.262313555014502
1.2631361316826972
1.2554999021523676
1.2404133022581803
1.207471828365868
1.1572295862484312
1.0640562959595805
0.9553806411466433
1.2810665254984497
1.2989074535349039
1.302881259443351
1.3031893494974884
1.2931222902021478
1.275633696222326
1.2330284006440673
1.1845458875211363
1.0835001940191564
1.3281235273035759
1.3435436321090788
1.3444160261890883
1.3105234435465103
1.2096941315656173
1.0995113436995643
0.9747341211970287
1.3648436066273801
1.3699509296226617
1.3710424754823338
1.3678847955896882
1.3518217288347472
1.3279987748836213
1.2768274789748606
1.219627310654108
1.1026705726824997
0.9722598454547212
1.3859759243979846
1.394846724464661
1.3931537527503695
1.3887014885623639
1.3682664267146794
1.340779385864147
1.2797870381802983
1.22041224050432
1.1259919998703671
1.0958153493110458
0.9562958611912828
1.3960891630804981
1.401865423089114
1.3988426725594896
1.391442907059809
1.3672066257405553
1.3383717559088233
1.2761466928777336
1.2104243396890617
1.0790678100623246
0.9347935631694156
