0.8568199676116607
0.8770977361493004
0.8695536203671415
0.8279131179808545
0.7776385309499839
0.7328703373629201
0.6857032415330861
0.6432008904892016
0.5818797913468582
0.49186148298951243
0.9452757538470592
0.9756472421641285
0.9856237887272558
0.9887653647924847
0.9549353723903447
0.8984764672266666
0.8451917848723752
0.7881862994121166
0.7365973655407071
0.6853345310880611
0.6356781015303355
0.59448683100878
0.5157865217618819
1.0386287016399565
1.0523657956548707
1.0632444759646689
1.0753266022303247
1.0778042673185957
1.0666288048570618
1.0097853112247783
0.9495254785444855
0.8833141762245333
0.8229341063727036
0.7628157187926311
0.704569462090975
0.6562541439599436
0.5217422230906325
1.1253781054699585
1.1511473546235633
1.156998339310895
1.1655798300754239
1.1679060866935385
1.1665100452332577
1.1211885801941537
1.0561625273730113
0.9809023108664245
0.9113097152399364
0.8417422661958186
0.7742992369875386
0.7183634115375312
0.6615497430579304
1.248479566998208
1.2635296351602328
1.2748058541210863
1.2863706890309115
1.2883709122732359
1.2793331086571083
1.218634912311998
1.1323267353958997
1.0485907977885616
0.9638204630959356
0.8814013056910849
0.8130473204601035
0.7436865583140165
0.6825637440963199
1.3331196591713883
1.348234730419951
1.3595947855553572
1.36990011401534
1.3717195999762781
1.3721208778011906
1.3360005278231661
1.247532761824484
1.1540873511412946
1.0575224044631502
0.963136614770829
0.8848036253532542
0.805381716759321
0.7354449515077328
1.318012354436933
1.2197855606760593
1.1160385905973
1.0140508909208306
0.9293200748104179
0.7678677064281088
1.4327505855512286
1.4604235022588818
1.4678718396138573
1.4657837037320869
1.3960409645447296
1.2945941151116065
1.1830914766185057
1.0723567025880014
0.9801620217727792
0.886739347659559
0.8045746547443176
1.490863512628245
1.5161787483999187
1.5224575915701182
1.4861428489302544
1.3866011175344766
1.2668381875988437
1.1453048485196462
1.0436188391626058
0.9405483362290866
0.8499654631137624
0.7619813572293396
1.533879970875428
1.5561534450092762
1.5620995980186274
1.546701927302069
1.4605328053824858
1.3361769831890375
1.206055377288664
1.0964100965124524
0.9851509040591875
0.8874142656761184
0.7925959104045088
1.5958470854483917
1.6000903329793836
1.5977476673032456
1.5858386876133534
1.5376225277680298
1.495718304726464
1.4125956918242397
1.273839091587873
1.1553651441569999
1.0348122973762668
0.9289547609041242
0.8263750773926597
1.6124626203120722
1.6303076902115534
1.6309590511447332
1.6064190217984535
1.4893369970430212
1.3436913419861578
1.2163808088002086
1.086172791354908
0.9717498393406042
0.8610046381957672
1.6640506740238226
1.6645349848534163
1.6612278659358144
1.6413443927481586
1.62900085031763
1.580561277359332
1.5151401523957175
1.4320712398587243
1.294540257612995
1.1520604968440777
1.026596343630528
0.9050672648107494
1.6856581631620915
1.6849809665525362
1.6764737163533618
1.653627754184997
1.6201907204393544
1.568571031949623
1.5152377988458936
1.3704308391263482
1.2164631039335012
1.0798987471471133
0.9478932015495773
0.8629096302772776
0.8629704707884401
0.9588506960541223
0.972540877249084
0.9501532757259787
1.056311773133095
1.056360138512106
1.146367394931126
1.1152053791426377
1.2535778012077896
1.2621707766208345
1.2131244451441636
1.3416926010900494
1.3243014101641464
1.3521764674097454
1.3836249049646254
1.409107025751131
1.4353721990196517
1.3873123142254336
1.4629448628327386
1.4876110243579934
1.4700008904939936
1.5204127111467174
1.5218669882157085
1.452542518963469
1.5238668994035989
1.560449836703192
1.5909336045299824
1.5825440128512864
1.4826648777090583
1.619964653265177
1.567258705267447
1.627770550066176
1.5084105893914743
0.7926284087607545
0.8102680708472184
0.862068962253622
0.8810725700903963
0.8929278158961915
0.9670623726269507
0.9877310343306264
1.0000153973102284
1.0055004962187224
1.003647335479053
1.0761302468964034
1.097687570020923
1.1096908847069773
1.1142772471439244
1.1100612749313004
1.0841752188844254
1.1525318087981056
1.1740966066834293
1.185877824619953
1.1889270534314742
1.1891122186663245
1.187391681467056
1.1832587024870924
1.1696693414631534
1.152069460024479
1.225489740487936
1.2473682056386564
1.2578253460277504
1.259566299980005
1.2567908537879213
1.2514405778888726
1.2346577456830157
1.2150890364722602
1.174098901269921
1.1318453692621204
1.0462376157852975
1.0063719520345014
0.9486547770631757
1.310352587103132
1.3307340341040244
1.3395926978443233
1.3404760312421284
1.3387284585043953
1.3332834364492003
1.3273551759907987
1.3064662333274977
1.2834413693645028
1.2429557058731668
1.187890415593164
1.1491540971372538
1.0918678591805593
1.045682858618716
0.9826860715444952
1.3586579357695154
1.3776003855097314
1.3851238186379344
1.382350269150353
1.3768004203567155
1.368232504913334
1.344734513766326
1.3192789068847652
1.2682771740673169
1.2157957048610604
1.173658264523053
1.1119919881223965
1.0641038709834119
0.9957133574684436
1.4117707296100646
1.4282113008039126
1.4335123920905795
1.4278547341147008
1.4103366166054478
1.3550062777858947
1.2419509099162553
1.1291304506222302
1.0040470171108329
1.4542862833151138
1.4629215604270422
1.4601408210800608
1.4471394075946642
1.4343265609930187
1.4050673360339836
1.3729910953102713
1.313826345392698
1.2527910425327475
1.2127589538313215
1.1333206530629798
1.0822556118230116
1.0026870944738056
1.4816484458810006
1.4925538352460244
1.492037390400951
1.4799861950226538
1.467178219482276
1.4560885958552163
1.4226326063983312
1.387157217963653
1.3180186555926257
1.2552700329814963
1.1988882569632175
1.128376080261742
1.0665560914161347
0.9882574597917096
1.4976168932390685
1.5054097663441115
1.5023513459433036
1.4875089192546078
1.4746397538858111
1.4587262333630309
1.4219795112203908
1.385871535033852
1.3159791802314598
1.2468283091237518
1.2030674660350134
1.113210574861988
1.0509628380222378
0.9685689404436986
0.7697239230941417
0.7886034759043834
0.8360326435496034
0.8563197166120675
0.8684696468625103
0.935927336972693
0.9576030368835738
0.9699214459945444
0.9671092338900537
1.038786276088034
1.0617984092694885
1.0698801368064896
1.0732603460156125
1.066494906369663
1.1108992872052357
1.1330652222542972
1.1400454448290003
1.144047949068624
1.1429335490778043
1.1335739450230413
1.1065617102609986
1.0725758861919117
1.178818338696382
1.2011560909849501
1.2076391206705923
1.210633391324112
1.2069960942137115
1.1957498705398772
1.1637546838857398
1.1260513032411386
1.0443136090585965
0.9480989076627253
1.2571135737978338
1.277834428223393
1.283777797871149
1.2849390863141754
1.2779928775030351
1.2634895319419226
1.2313757195777733
1.181964585932442
1.089903875757739
0.9821244899052277
1.3015170405828043
1.3201300984160975
1.3244990638954752
1.3252306544699655
1.3159578444523565
1.2991524950229387
1.257528098122197
1.2098482867706597
1.1100499368857624
1.349107572878142
1.3653614711339868
1.3671771862070061
1.334849032434565
1.2360104086087487
1.127213100219125
1.0035097059977425
1.3869851569825185
1.3925515029679947
1.3940612344730998
1.391425771092244
1.3762756302394628
1.353219378950165
1.303215131430352
1.2469754576705867
1.1314621784541983
1.002166675559
1.4091571102968639
1.4189597076997598
1.4178779948893407
1.4138651761571686
1.3944451499139976
1.3678025896870465
1.3081054608768543
1.2497038598893442
1.1564646671993444
1.126601247253998
0.9877708180513463
1.4206672210858484
1.427498312537181
1.4250602235232315
1.4182445309690175
1.3950498744737263
1.36705241252114
1.306149580154978
1.2414578052148952
1.1115306924444446
0.9681139944210528
