0.6453215444522414
0.6580766249600395
0.6443540716493299
0.6064784972589391
0.5625558196725852
0.5239893147219483
0.4836570589943216
0.4475069443246494
0.3955305506395132
0.31961321148788613
0.7017613883461687
0.7213036823969133
0.7267090497216899
0.725458587893273
0.6925195562979507
0.6434598730709423
0.5982504588347575
0.5504080899142503
0.5074141014858953
0.46487339613122725
0.42388284756610556
0.3899828181942475
0.3253913140420426
0.7602671047310411
0.7690460591268428
0.7757062162287707
0.7823426750232892
0.7834044787178165
0.7672199832910749
0.7172446420739266
0.6666186045555682
0.6118625575954565
0.5623766678708666
0.513382379103633
0.46621178143357783
0.42724960616607466
0.3193952341682995
0.813034129722742
0.8286950892649517
0.8319180040269473
0.8358134696384054
0.8359504378889073
0.8324801583479708
0.7904449780341981
0.7359918632126559
0.6745161036342835
0.6183239973812841
0.5625633733529836
0.5088977354232984
0.4646265652262549
0.4198754591129735
0.8853266681461538
0.8942454853883044
0.9005078683203707
0.9058624649303539
0.9063401214307795
0.8931306777299636
0.8408478984891595
0.7710927631586104
0.7047779646395708
0.6383271814508131
0.5742911143549143
0.5215455426523348
0.4683566257071178
0.4217867654741369
0.9330056221511381
0.9416974507177445
0.9477290939271802
0.9519556127941821
0.9521186536356271
0.9503447550876928
0.915957786137074
0.8441784684811282
0.7709516547907962
0.6963293901599874
0.6241474702428869
0.5647113713909998
0.5048802390725792
0.45259228157454884
0.8887378182759943
0.8120772193042101
0.7325150343969579
0.6552078462502869
0.5915182737240816
0.47157084175447134
0.9867329884390516
1.0009579645505788
1.002257408409853
0.9980413510977287
0.9379358676677915
0.8588429887509392
0.7739637410421896
0.6907946084946441
0.6221948483756837
0.5532533510710621
0.4931484613914179
1.0164832485149031
1.0289453738776113
1.028969077688352
0.994519779061757
0.9162765946408412
0.8257177577569152
0.7353600909905286
0.6605538378287891
0.5854009949104371
0.5199715005599193
0.45693532653035424
1.0375435285311532
1.0481742117206152
1.0480751029186288
1.0314752331232606
0.962366030946537
0.8685650106758575
0.7725151789838185
0.6924928319804833
0.6121447486102786
0.5422183559161444
0.4749688944650741
1.0657968377636837
1.0652648005073637
1.061270814622379
1.0496847705425454
1.0103231089566804
0.9780547563497567
0.9157834653088567
0.8140054093788387
0.7283118394650057
0.6420078751485326
0.5670117281624035
0.49496818400826104
1.0725675951616385
1.0799638182175166
1.0754373439511444
1.0530070306271921
0.9632171709914942
0.856833088791002
0.7654379483359955
0.6730034087876551
0.592668664840458
0.5156219677644956
1.0913603596485268
1.0887479416277925
1.0845621546090571
1.066776002312836
1.0568132721005778
1.01966052524987
0.9712251485912908
0.9111127666003223
0.8131431344938429
0.712969018721353
0.6257438305668234
0.5420643321131559
1.095434339109827
1.0924768987376836
1.0836824188165977
1.0647337508957297
1.0389993530254849
1.0008312156846941
0.9622747462543256
0.8595865124251596
0.7521645430789617
0.658199304526508
0.5680255109185711
0.6458576694987848
0.6394977139366943
0.7071234719673309
0.7136546337954421
0.6890864078734281
0.7664923241801697
0.759930349335131
0.8183357947384268
0.7863001928304376
0.8823674655585654
0.8813996626802058
0.8371298355556984
0.9297664708868655
0.908130196697579
0.9365603285944601
0.9456505837997887
0.9667371062455733
0.9778864142703483
0.9322314585961401
0.993855590250921
1.0037948946881554
0.9840229346477721
1.0209273673228572
1.0153953293940097
0.9572567026797416
1.001554431811584
1.0369916934760768
1.0498512387053054
1.0378288877259245
0.9590326643343206
1.0557487246462085
1.0115262123645743
1.0485718846578966
0.958062568606971
0.5916772618656064
0.6032727842102995
0.6357031909540354
0.6478798620169354
0.6547294321542747
0.7002639966109471
0.7130069490622668
0.7196389188747853
0.7210845148011719
0.7170415635884793
0.7646996230130721
0.7773681550691042
0.7833187901024032
0.7835959462369165
0.7774963945480178
0.7534163510809746
0.8081065662152143
0.8203050475363335
0.8256446983296155
0.8258677463680705
0.8248197161291376
0.82196705438737
0.8173528909265237
0.8045614473000642
0.7893034885837785
0.8479869386330473
0.8598211125390223
0.8640473688449286
0.8618329822176801
0.8581495351239483
0.852657567830707
0.8375261643002994
0.8210329061521348
0.7878231675023346
0.7544265787185419
0.6879273681263284
0.6572650741687689
0.613194845952119
0.8920489453254511
0.9024525938566887
0.9051124322716618
0.903981927918037
0.9008343898158915
0.8949503686824972
0.889394074263674
0.87139577316976
0.8526601569608759
0.8207185914000396
0.778298397379641
0.7488251244800586
0.7056371032206039
0.6710163897346282
0.6241453880554764
0.915621807474637
0.9247020068757974
0.9263819163644722
0.9208481212269646
0.9151629001719592
0.9073674780359399
0.8877279676954757
0.8674083246788377
0.8280218010864815
0.7883040191209519
0.7567834722088568
0.7110006224078318
0.675716136975321
0.6256154390783617
0.939698652697659
0.9468707780820335
0.9468000602030376
0.9392670095044988
0.9235503026996791
0.8797613343332712
0.7951893496365176
0.7128196915044944
0.622745540432251
0.9570485561840449
0.9579093468403005
0.9536216034350492
0.9413058371764046
0.9306422903455002
0.9075571452173699
0.8831156384478381
0.8392316766334766
0.7946767921058564
0.7657826978414036
0.7087669950487334
0.6724046749846628
0.6160850615814922
0.9644869049059605
0.9676321234933282
0.9637222438614867
0.9520563366948291
0.9414171743675117
0.9326058624021174
0.9070832466162674
0.8807923869752243
0.8307315167074363
0.7860694858839672
0.7461320305001271
0.6966214784694453
0.6535385603506431
0.5993527416572952
0.9656932812945916
0.9670107512619208
0.9616228613190095
0.9483303180848379
0.9379961411972686
0.9257048650541707
0.8983302429812102
0.8721709573921926
0.8222677938295685
0.7737485631824503
0.7432173395008147
0.6811378404957994
0.6383437605083001
0.5821463013548499
0.5717167658722443
0.5839237502963532
0.6133629350003188
0.6261268851922986
0.6326359525373275
0.674163682594188
0.6872225966566287
0.6932962240402961
0.6857849810872084
0.7342298685530146
0.7474036097452226
0.7512410577027977
0.7522245608829775
0.7413797064433549
0.7746212254775517
0.7868207929076175
0.7899342818275046
0.7908839224520117
0.7865954798562115
0.7769292448587107
0.7532187238939809
0.7251602815039825
0.8111615900754916
0.8228848880145042
0.8254439654119554
0.825565144683632
0.8192473306408635
0.8083078209400106
0.7810694244080446
0.7506719805967956
0.686699906285001
0.6128471807944873
0.8509791563252285
0.8610244930940293
0.8626647249399316
0.8617706450022887
0.8529491015615808
0.8397885427299047
0.8132977775549389
0.7745336687650041
0.7044086111358298
0.6238010333042486
0.8721487372649391
0.8806375100105748
0.881434505352404
0.8797003168226861
0.869299800492824
0.854574546731414
0.8212197386741539
0.7845690314256036
0.7097998579872469
0.8927993535592055
0.8994325719052099
0.8961602356449404
0.8670805462766177
0.7915077107253804
0.7116496260689803
0.6224239820508556
0.9073493397425961
0.9088199241187219
0.9078591593523996
0.9036740113190126
0.8895389566141461
0.8707952362775485
0.8326670393826597
0.7911020192553265
0.7076428737368731
0.6157762054497744
0.9118694751862984
0.9140114046161492
0.9107396746301597
0.906364343616195
0.8896567432157053
0.8688752726647293
0.8246727370035201
0.7826895700006048
0.7165314076040145
0.6955592216750902
0.5990666548608851
0.9109225821554302
0.9112076942585311
0.9073873928274292
0.9007648563409774
0.8818082188986076
0.8606759608321529
0.8162996031338168
0.770509086025639
0.6801380796919124
0.5818800071760456
