0.6763638122496293
0.6911669095248526
0.6812038538613346
0.6449967395809605
0.6021563523208501
0.564285950772271
0.5245234807545948
0.4888037494848793
0.43731482688903106
0.3620620449772707
0.7410627579185441
0.7634228866210616
0.7702524297350853
0.7709059638234976
0.7403265665909061
0.6922747766973021
0.6474814273921834
0.599816956057744
0.5568502074856597
0.5142056115365293
0.47304808113299807
0.43897840235302654
0.37407921214610224
0.8086711809406738
0.8187418800647457
0.8265674168412379
0.8348622035863753
0.8364908148127113
0.8235304226816275
0.774777010826355
0.7243124087166377
0.6693059248762152
0.6193913645967855
0.5697952061492035
0.5219374596944498
0.4823435237737047
0.37265699971101857
0.8704742860441786
0.8889139644869245
0.8929264519867942
0.8983688713006605
0.899358585404077
0.8969699872766801
0.8568697305408945
0.8024349783602667
0.7402470562861599
0.6830946118604104
0.6261444364213081
0.5711786696488862
0.5257335533992646
0.4797191136166286
0.956397901269491
0.9670189053886296
0.9747389650569623
0.9820786604019235
0.9831006908990357
0.9724298296722228
0.9207104077317646
0.8496660640769517
0.7814966234708937
0.712820700968654
0.6463966210906015
0.5915195005987409
0.5360447666074517
0.48735903504925476
1.0140092279878135
1.024495856394913
1.0320908144793692
1.0382899293765409
1.0390560429089706
1.0382109298529918
1.0055192399360422
0.9324329287558999
0.8567054955909799
0.77899946204121
0.7035013941259489
0.6411196020219881
0.5781385097710725
0.5229319411533987
0.9828540886118409
0.9033731874518297
0.820185936185327
0.7389537468252134
0.6717905570734679
0.5446672567366991
1.0799388599311452
1.0980714238335183
1.1014906597699168
1.098280411411575
1.03847270906269
0.9563562340534618
0.8672534528480184
0.7794464882815577
0.7067258471883124
0.6333877754267102
0.5692165373946344
1.117094338325885
1.133274509096887
1.1354412973893264
1.1023541198239508
1.0212823757660463
0.9258522638126091
0.8299540364491699
0.7501985509390295
0.6697747766486918
0.599482550797977
0.5315589627883364
1.1437652898818602
1.1577382334292559
1.159673290612359
1.1443496384886926
1.0732373200423
0.9742084382191797
0.8718864341202105
0.7862555593593505
0.699847262576921
0.6243748183125986
0.5515534652407703
1.1808063716429893
1.1818427585278637
1.178577819971993
1.1674396076117888
1.1271392591621021
1.0933065082743816
1.0273167413379174
0.9185244178933477
0.8263947893094002
0.7332187715635162
0.6518904790561126
0.5735336269514885
1.1894172701435484
1.1997711995437013
1.1969964766672965
1.1748744292157869
1.080440949486873
0.9664316728281767
0.8678087043762746
0.767612337963083
0.6801411787522618
0.5959891822204757
1.215770830877086
1.2143491396338006
1.2105531019410964
1.192741200181826
1.182533610939168
1.1432529119954868
1.091522710569822
1.0267935908389993
0.9206557836002662
0.8116119202270301
0.7162079858151099
0.6244258804967993
1.2233155619191485
1.2210227718391933
1.2125027295739863
1.1929522075166634
1.1657601488783955
1.1248870677742773
1.0832803043728965
0.971719189892514
0.8543629504776045
0.7512037637893971
0.6519033097468407
0.679180207598745
0.6760449212426877
0.749351967099899
0.7582737114130667
0.7366271153128293
0.8190149984688828
0.8156303785184053
0.881558860760951
0.8523231329157733
0.9567452846931446
0.9594835419809835
0.9165815996348481
1.0153970062400268
0.9967979917751899
1.022600243793452
1.0392324495517047
1.0599215243955518
1.0757499211643131
1.0320567643280536
1.0939861189142086
1.1084210255468012
1.090534327506714
1.1291474721252512
1.1262264109602627
1.0674501110827548
1.117208102403426
1.150337164316252
1.1680864689030044
1.1576916118450042
1.0756819398057822
1.1791650487195813
1.1338009355860292
1.1746457808796356
1.0784953550402285
0.6229438137087174
0.6360632256438602
0.6735668633595742
0.6875305164868586
0.6958615506985215
0.7488613962203627
0.7637639537849341
0.7721311607788176
0.7750779711016694
0.772229587018277
0.8253367689294275
0.840509204409456
0.8483644872842255
0.8502955161309363
0.8453835187658137
0.8224037514732508
0.8776753947778665
0.8925618208713374
0.8999615592082569
0.901238476449053
0.9007322799327141
0.8985138250488328
0.8944095562373918
0.8822263488450006
0.8671681104451321
0.9264875478998262
0.9412270725396991
0.9474664055868232
0.9468933366373626
0.9437532798193842
0.9386800048660028
0.9239582929530344
0.907439123584963
0.8736002307651115
0.8391910607035759
0.770104168303686
0.7381171037947727
0.6919923237431407
0.9813989752911586
0.9946961542258244
0.9993724986110225
0.9990214635731691
0.9965484026836673
0.991188149406177
0.9858403266052017
0.9679239614696171
0.948816603785263
0.9157951995416764
0.8714974622972355
0.8405560032809616
0.7950328176419773
0.7584540547330973
0.7087601437695439
1.011387238021829
1.0233239748836247
1.0269013564553482
1.0226147127130338
1.0173001881758867
1.0096851087907757
0.989830770110544
0.9688827890766454
0.9277487831178733
0.8859185045526791
0.8525423006321172
0.8039205628817971
0.7663208173177383
0.7128257308005789
1.0427771251801137
1.052547550188061
1.054229367879625
1.0476758195716958
1.032116621124832
0.9867308420377017
0.8970732313513364
0.8088767231982272
0.7118890953935826
1.066247737146727
1.0694590416121177
1.0658062242505648
1.053788998598509
1.0429167723197847
1.0189011307704137
0.9931484105566172
0.9463892957266306
0.8986352546325609
0.8675326193397351
0.8059985171079518
0.7666391734383504
0.7055222266894573
1.0774949788489214
1.0828524443816903
1.079984027073005
1.0685474040095022
1.0576002410475192
1.0484227806960067
1.0214361337090574
0.9933212936455572
0.9394029892196428
0.8910709503255176
0.8476184991578641
0.7936782551758039
0.7466041561233387
0.6874601450165222
1.0813908767470994
1.0843682923158886
1.0796585719625165
1.066200426744471
1.055397696464931
1.0423929347403935
1.0131211722051716
0.9848663298747671
0.9305509232939199
0.877823795348337
0.8444591742881757
0.7763544726198527
0.7293357504462699
0.6674420538790075
0.6034731559746329
0.6174114278537102
0.6515785865335703
0.6663654388399656
0.6746429655835057
0.722836729451797
0.7383027740584984
0.7463876630063744
0.7413442118845952
0.7945069250722958
0.81051172958134
0.8157072594323215
0.8175454976817633
0.8090882575351195
0.8435322551124147
0.8586326570927714
0.8629883950679323
0.8650230483882212
0.8622366689331713
0.8533713093918416
0.8300952172252382
0.8017887381149945
0.8885553465934615
0.9034019045994273
0.9072209520020688
0.9083919205523907
0.9034751558628259
0.8931514867644094
0.8659899406124307
0.8349456192029123
0.7687062826936976
0.6915927789553763
0.9386001611622922
0.9518005369858987
0.9548420700902115
0.954718266169956
0.9470908172646919
0.9342576606439897
0.9073773976893148
0.8672109941492232
0.7936247515498207
0.7083621212521126
0.9657697624973566
0.9772185765396966
0.9791881586148256
0.978392145581893
0.9689474421934902
0.9543136028844489
0.9200027488698628
0.881651989390064
0.8025403816362187
0.9931195729921113
1.0025232450433028
1.0010235323497085
0.9722881453072696
0.8928569238418369
0.8075293352045682
0.7115163217771368
1.013300418753765
1.0159339376978047
1.0157869782000246
1.012249702569788
0.998380209386587
0.9790960620052915
0.9388840493387886
0.8945384697736936
0.8047041628359624
0.7051646466893701
1.0211575551338858
1.0253093237582527
1.022726927834244
1.0185943505211752
1.001585339380353
0.9797310486883534
0.9324810667977528
0.8872032183498657
0.8153038937655115
0.7924589736792855
0.68713073894817
1.0221370119001103
1.0240531756765525
1.0206313410316046
1.014058849731828
0.9943315205143876
0.9717833165620179
0.9237531162575505
0.8741295319867982
0.7752127410560945
0.6671377475959206
