0.702674844630872
0.718057316207333
0.7078604831535078
0.6704094012529632
0.6260526468045414
0.5867879901095618
0.5455384088750569
0.5084329255609756
0.4549078332758361
0.3765055173935963
0.7712610995736171
0.7945501638346252
0.801689838811142
0.8024507728623491
0.7708548677242628
0.7210648484922305
0.6745957751017486
0.6251089543939314
0.5804430164424539
0.5360892514811233
0.4932430785050558
0.45774099695549686
0.3899895415703157
0.8430259369136185
0.8535425170979623
0.8617248849828582
0.8704221331843767
0.8720540953644624
0.8588867357452205
0.8083713618907985
0.7559870628170444
0.6988361081233749
0.6469111378968306
0.5952899143603644
0.5454357009458233
0.5041533818777472
0.3895302800567943
0.9090362577189252
0.9283737709063664
0.9325963541931925
0.9383604367697491
0.9394493676250922
0.9370548509458859
0.8955782646647975
0.8390537970898055
0.7743955430710175
0.7148981893724786
0.6555770162532641
0.5982753833152306
0.5508603707715402
0.502803426031091
1.0015670957338618
1.012769142499845
1.0209422397042776
1.0287705276985635
1.0298913223847526
1.0190909764842182
0.9654546681226306
0.8915323911477143
0.8204911047165475
0.7488669890162181
0.6795334049691524
0.6222088143485072
0.5642049426834057
0.5132552117821804
1.0643105124878018
1.0754306273543228
1.0835272400909202
1.0902281329239492
1.0911054066127013
1.0903555958734557
1.0566787720474065
0.9806648389618574
0.9016786922887589
0.8205592060539402
0.7416738230005011
0.6764413407207936
0.610522322924636
0.5526925907733795
1.0351996758359971
0.9522751836505167
0.8653848792086477
0.7804525055443703
0.710169941479379
0.5769756165494003
1.1371329179586256
1.1566545248678408
1.1605710838217669
1.1574653722896489
1.0956036116565981
1.0099334511174038
0.9168116455927989
0.8249354855758235
0.748775336471673
0.6719010120354032
0.6045779855861996
1.17893459075912
1.19652259252085
1.1992949608331844
1.1653992537025517
1.0809291166064838
0.9811442315273322
0.8807113114200324
0.7970983754246547
0.7127017455234316
0.638872207840293
0.5674620129177318
1.209479197089098
1.2248095986072638
1.227358465584321
1.2119310279014988
1.1380561569877474
1.0345035150012005
0.9272695580271161
0.8374174216680762
0.7466532701016488
0.6673034369401248
0.59066376008118
1.2522432477751768
1.2538337652507938
1.2507163279326623
1.2394419300226043
1.1977215505154966
1.162456608553209
1.0934175415722087
0.9793348933471973
0.882570181864247
0.7845892349976563
0.6989801950795251
0.6164124259454161
1.2638842800714136
1.2756392766868696
1.2735889139436016
1.251100515791624
1.1527200784600704
1.0331350926993774
0.929453560972552
0.8239697770599314
0.7317761383569302
0.6429807552998955
1.297604494678682
1.2964726263863708
1.292835789558395
1.2748028484771305
1.2641867016007622
1.2234788130611896
1.1693717946238622
1.1014296532575756
0.9897401944732084
0.8747325639231405
0.774059771820283
0.6770313258127054
1.3104260984099632
1.3086169465033226
1.3003054369537654
1.2808373609750767
1.2522434929483492
1.209587161017233
1.1659541570767886
1.0485304218365088
0.9246324752927759
0.8155680678270096
0.7103848277228353
0.7056622029202809
0.7025119345069655
0.7799798632015223
0.7893266910039934
0.7670096810724676
0.8539902844422121
0.8506586732828665
0.9209694526329159
0.8908296978168403
1.0022822256954522
1.0055202798004321
0.9611238070117184
1.0663754030254728
1.047504072744421
1.0750947303779825
1.0935516614220513
1.1163859416897874
1.1336687232936826
1.088817193479541
1.1549133253234565
1.1708915813053884
1.1528601031213037
1.1949175464501298
1.1926551161458676
1.1318895756663212
1.1871067898689793
1.2224633313792865
1.242623227519395
1.2326752544666588
1.1476021309310056
1.2596121688022726
1.2132660964525601
1.2605177604568671
1.1607361312770914
0.6474043431249706
0.6610247949367475
0.7009473302037769
0.715478835685914
0.7241631580625775
0.7810152500280086
0.7965888940048655
0.8053631370936939
0.8084991869546105
0.8056069295855484
0.8630198481118689
0.8789692301762795
0.8872759585605692
0.8894107851983273
0.8844061024622963
0.8606239572184309
0.9196988416214051
0.9354254711157675
0.9433267735179595
0.9447620369664371
0.9442931977109512
0.942055406051092
0.9378470915451398
0.925260096192433
0.9096400783444539
0.9731353741785647
0.9888287366613199
0.9955776103660168
0.9951556592275135
0.992026249624256
0.9868246581678178
0.9716002011530508
0.9544498571926779
0.9192315247272606
0.8833499516103269
0.8112515252151138
0.7778416853072714
0.7296381819386588
1.034286207366877
1.0486100216171492
1.053849750989007
1.0536365326849018
1.0512324736871441
1.045756022781206
1.040260680895411
1.0217219541334481
1.0018567467953496
0.967430884532889
0.9211855047561539
0.888846694200543
0.841226580829085
0.802943292736922
0.7509003208574633
1.068453549302399
1.0814742083666067
1.085624621800784
1.081505699510575
1.0761017103119714
1.0682698014455856
1.0477041321919076
1.025913148338085
0.9829919742074912
0.9392585333676843
0.9043285899958772
0.8534000756376711
0.8139923607616203
0.7578658741340082
1.1052820538509478
1.1162349870848738
1.1185138609937477
1.1120750433339583
1.0961557204891694
1.0489918531898312
0.9551974794590863
0.8626730298784903
0.7607583250295286
1.1338105069833193
1.1380417614096674
1.1345719426754666
1.1224209918626529
1.1112272363580145
1.0863111135212205
1.0594592800509692
1.0105312971240374
0.9604491399818146
0.9278046213857594
0.8631037231925941
0.8216906853450071
0.7573366231755208
1.1509057105946396
1.1574649297637132
1.155231961446876
1.1438526393248
1.132653208434127
1.1231906337104247
1.0951527809491912
1.0658149888558721
1.0092523764709007
0.9584153193265754
0.9126781617442539
0.8558004442382409
0.8061273302173686
0.7434453277501355
1.159692365688977
1.1639082164210546
1.159797434027854
1.1463622515693077
1.1353142907428222
1.121898298618269
1.0914398350346446
1.0618517202379658
1.00504159780661
0.949274553536915
0.9140574947319894
0.8420758964947236
0.7923700906746002
0.726822209740949
0.6272605358467788
0.6417326303896661
0.6781753976832239
0.6935671465506555
0.702202013480353
0.754021431671582
0.7701915783478833
0.7786838961237775
0.7735708503584325
0.8309829522436882
0.8478183164532163
0.853319469601856
0.8552961817844494
0.8466941759849759
0.8841671702177011
0.900146451240639
0.9047994659709978
0.9070233491607352
0.9042868454404178
0.8951603253444721
0.8710200212732017
0.8415858721178137
0.9336054954988309
0.9494212413925923
0.953577872347254
0.9549365081627003
0.9500310681228724
0.9393997182603301
0.9111223160732751
0.8788485627833624
0.8097754490088827
0.7292156045837649
0.9895975551291878
1.0038684643907942
1.00730328477754
1.00732856098068
0.9996659002471072
0.9864365769021822
0.9585085421533913
0.9166387950758089
0.8397300525399086
0.7504762849979253
1.0207538046947586
1.0333098156116587
1.0356285083781316
1.035028152170933
1.0255136753090015
1.0104185424233572
0.9747454980489391
0.9347116259504789
0.8519258538671526
1.0533139594557088
1.0638826605734073
1.0629390273190995
1.0335396170080877
0.9506742670687733
0.8612232342451055
0.760355576618315
1.078271719011655
1.0815085295308535
1.081641765967354
1.0783024338644165
1.0642588374606214
1.0443445716395057
1.0024456196749845
0.9560280006908121
0.8617016718527787
0.756947279353842
1.0916155675852242
1.097085199285841
1.0949084261435063
1.0908892343450853
1.0736293623207984
1.051063587771488
1.0017203535171786
0.9541975763129232
0.8785470387372
0.8542533040911903
0.7430816322393687
1.0972033940698236
1.100444644616129
1.0974104131906903
1.0909780767530042
1.0709200274255544
1.047533871983611
0.9975795090103966
0.9452085506841591
0.8408110253838429
0.7264818886637365
