0.7849721946567417
0.8024793556516425
0.7919433531538099
0.7506382121363891
0.7014633423995175
0.6578212920896753
0.6118924992865623
0.5705227455766445
0.510798669383569
0.42351175568019567
0.8647005130619495
0.8912275196558288
0.8994686236371235
0.9006883013559541
0.8658583906914744
0.8103868338202569
0.7584667294097303
0.7030762071991163
0.6530217866961114
0.6032788585670875
0.5552483534609847
0.5154837915773127
0.43991825450432753
0.947954356079405
0.9599649865074056
0.9693377136805512
0.9793750380976038
0.9812928454817612
0.9671120515385555
0.910654922116325
0.8518725321695699
0.7876244714755396
0.7291869421993793
0.6710517614926553
0.6149277314441481
0.5684871731781759
0.4403102800667748
1.0246879972386362
1.0468795287839059
1.0517515005606266
1.058479690754201
1.0598324820020881
1.0573130845157643
1.0109138435311757
0.9472462414183166
0.8742694033307464
0.8070453722943429
0.7399802744911786
0.6752204450511896
0.6216674080888187
0.5674716824566137
1.1322054772337706
1.1450914798727228
1.15451833285874
1.1636167057061033
1.1649473115469082
1.1530092355583383
1.092339717148044
1.008461281877483
0.9277598314595168
0.8463603691930891
0.7675896315744724
0.7024979063983379
0.6367180522429887
0.5790622792958923
1.2049122027319108
1.2176997731225214
1.2270335899102094
1.234828134790569
1.235871950432306
1.2350977167812693
1.196930215510869
1.1103520768830268
1.020318572349568
0.927806092551001
0.837873719876413
0.7635485135882069
0.6885216794171318
0.6228740039660552
1.1725871886429131
1.0778605859954749
0.9785707348460466
0.8815583941553459
0.801327406586833
0.6495707404797434
1.2887519743460747
1.3111707068067033
1.315726033477271
1.3121798833755927
1.24137518413442
1.1432809099089276
1.0366440394508778
0.9314899977231672
0.8443795335623684
0.7565454595492102
0.6797569850098912
1.3363827367299086
1.3565085356555027
1.35960226521671
1.320628292901213
1.2235759307951326
1.1090214189469831
0.9938119246628199
0.8979731791588698
0.8013439264818137
0.7169484368055977
0.6355556558692881
1.3707919367301378
1.3882376055227585
1.3910203509560541
1.3731056129581152
1.2879389864979014
1.1688054812964133
1.0455809491691117
0.942428855631156
0.8383547522291227
0.7475139702056923
0.6600242780749984
1.4184603331209473
1.4200791248468627
1.4163460566390507
1.4031620085620768
1.3548532055141358
1.314116651433892
1.2345601489772406
1.1031907711751823
0.991930611474081
0.8794204298191736
0.781284932767304
0.6868925662497022
1.430456733497319
1.4435572273217188
1.4406801828056053
1.414288133981249
1.3003700156836198
1.1623836859088306
1.0429920481028767
0.9217347990900943
0.8159178890035151
0.7143010441921175
1.4655676577287287
1.4638801360693743
1.4594006382535412
1.4380820605072473
1.4257567557317272
1.3782026599682478
1.315542137900959
1.2369915205859512
1.1081553826493702
0.9757525966634877
0.8599912383005427
0.7489559043902073
1.476437251527437
1.4738495322897216
1.463671369235586
1.440000013825061
1.4071114062836163
1.3574496126052307
1.3068478652314852
1.1711059788988059
1.0283104682222108
0.9029077192432725
0.7823826580551232
0.7887717471750446
0.7859401834702745
0.874998606168945
0.8858871051806605
0.8615161789596322
0.9609764333314489
0.9577872010149405
1.0390267168875817
1.0055114099867613
1.1334366763964852
1.1375195987460538
1.0873944876467116
1.207671390262364
1.18643755760376
1.217691815560826
1.2391468176074525
1.26504805943671
1.284930924419361
1.233609790907351
1.3088458343438845
1.3270647827624573
1.3062802546902545
1.3538900056227523
1.3510574499516488
1.2808959816605032
1.3427418802797708
1.3829650097968171
1.4053560029803704
1.393292770765765
1.2945550420400396
1.4212280903812153
1.3666317028300776
1.417555907835449
1.3009848915933724
0.7236635599934625
0.7390959348920016
0.7856425784498334
0.802180353708094
0.812141516885885
0.8785397957541157
0.8963517144309345
0.9064797819395617
0.910236958004143
0.9071859521419002
0.9737555717290968
0.9920760317006814
1.0016933542768303
1.0043310040939997
0.9988413056175567
0.9721443529809998
1.039457159751167
1.0575574574006947
1.066725397357582
1.0684560657324078
1.0679812517747869
1.0655188691187458
1.0608001793689374
1.0466008976389318
1.0289185210385716
1.1011615162133357
1.119220432766356
1.127042099054981
1.1266723349112673
1.1231430023712978
1.1172538664906664
1.099954789198384
1.0804348841940803
1.0403103044643474
0.9994022833895218
0.9171877022553967
0.879101445671973
0.8241638255153293
1.1711692920092225
1.1875860938350544
1.1936066984283433
1.1933638367944484
1.1905987644415734
1.184340847976246
1.1780205348787605
1.1568187685379643
1.134056104229111
1.09463221994869
1.0416707466861486
1.0046439130860323
0.9501863174461832
0.9063400635086512
0.8467608332840827
1.2097469430212084
1.2245952960786388
1.2292737340809048
1.224464152579834
1.2182205796664587
1.209210359254108
1.1855342537357747
1.1604982179170273
1.1112041155871295
1.061006619194621
1.0209169914660186
0.9625151835552551
0.9173354220972181
0.8530427840076478
1.2504101099720715
1.2628082101734628
1.2651872841298186
1.2575823002942284
1.2390874242592924
1.18463601225669
1.076611708545844
0.9702635763645551
0.8533057036417271
1.2811771171357942
1.2855469016627494
1.2813384158266836
1.2670515686011663
1.2540121153344137
1.2251154317045756
1.1940560505098512
1.1375789172246813
1.0798663997052143
1.042276937275338
0.9678709203963671
0.920257032697762
0.8463863545199218
1.2971397874091686
1.3040143840145704
1.300830832555525
1.2871985767542373
1.2740199371780796
1.262944284849643
1.230306767149302
1.196253332426647
1.1308087658606627
1.0720086774168132
1.0194508826715232
0.9540349151149562
0.8969313873622353
0.8252623199415089
1.3034022215618684
1.3073573616193608
1.3018783898991924
1.2856842780723998
1.2726238868047872
1.2568916175119873
1.2213455635203687
1.18700031303344
1.1209661173094116
1.0568213440020022
1.0162677125419868
0.933436344472371
0.8763476295516137
0.8012092162328405
0.7013769287105225
0.7177960999497957
0.7603157870477201
0.7778538006028602
0.787802221134787
0.8482919122885155
0.8668106215457653
0.8766555410906821
0.871303420499742
0.9375890658501131
0.9569598421300352
0.9633418960969885
0.9656809024260268
0.9562709562314281
0.9991844534660311
1.0175767095201937
1.0229778083849221
1.0256042054212624
1.0226509094645932
1.0123829072478585
0.9850681083991784
0.9516773088309319
1.0561675609934897
1.0743697228375717
1.0791740976711959
1.0807879682277772
1.0752906381387468
1.0632262842051592
1.0311398031273415
0.9942842943872919
0.9155010390464369
0.8236812153857128
1.12006783997996
1.1364137685836027
1.1403456464844115
1.1403462382558058
1.1315927147947538
1.116424158293841
1.0844003689014703
1.0364759733758557
0.9484786783535021
0.846277811353124
1.1550615285274193
1.1693463134509865
1.171943712835327
1.1712094371919441
1.1601704675312337
1.1428005050673535
1.101792338143855
1.0558214215660149
0.9608370259017359
1.1907630272280616
1.2025790040611148
1.2012006296986943
1.1670347438992936
1.0714723445729193
0.9686209222830745
0.8528511750294954
1.2172251697318806
1.2206938325069858
1.220636352258651
1.2165651823619756
1.2000573446681033
1.1768968544923777
1.1284144675128407
1.0748640467709132
0.9662905889672849
0.8459498645007612
1.2287670652060236
1.2342731733987082
1.2313534696323027
1.2264341625953377
1.2060151037542426
1.1796238358440363
1.1223409264416777
1.0672794161232737
0.9802580319319698
0.9525446802373247
0.824860027403388
1.2313741897084018
1.2340338288070323
1.2300234198417999
1.22216563087673
1.1983302444357664
1.170978461727074
1.1126452760007124
1.0523016297340895
0.9320411614371382
0.8008380348149711
