0.7398140090040948
0.7554548361661642
0.7428071210772359
0.7018075973860645
0.6536747191702976
0.6112642955258106
0.5667879266032082
0.5268617923406805
0.46938952673807
0.3854129322621225
0.8076948255174329
0.8313942120931971
0.838394351615329
0.8383200192994135
0.803302641062635
0.7494201929125117
0.699445379839759
0.6463630929259735
0.5985610444203676
0.5511896655132617
0.5054991853316019
0.46768921718594686
0.39564574328105045
0.87841532304123
0.889064166061522
0.8972679376076893
0.9057831197118081
0.9072953560357544
0.8915535324349894
0.8368150288475892
0.7806593102543467
0.7196151857765131
0.6642988726199582
0.6094278703495537
0.5565248372988425
0.5127819988368648
0.3915969493471721
0.9425928285079157
0.9618801957919199
0.9659975548088807
0.9713713940214427
0.9720978502453449
0.9689652572752557
0.9235425674659111
0.8630502337608168
0.7942431854748856
0.7311300109043901
0.6683580286275356
0.607836929872949
0.5578392513870651
0.5072420250831888
1.0310745160202262
1.0421105167441373
1.0500291232236463
1.0572909589327466
1.0581787132853175
1.0451715018963634
0.9874586696104871
0.9090851885583806
0.8341620004306992
0.7589253190603966
0.6861054705667358
0.6260698841885132
0.56543955550331
0.5122659366745451
1.0898118221741182
1.100631378318708
1.1083471978925659
1.1143177888955513
1.1148883357617763
1.1135181627015178
1.0764138629475293
0.9957894664874504
0.9127782436540142
0.82784462048545
0.7454630925845876
0.6774797241464762
0.6089183062053913
0.5488805943607747
1.0485385882968756
0.9615125613601678
0.8707523939324696
0.7822949243718514
0.7092562382605745
0.571266011224545
1.1563100628364338
1.174580972570486
1.1773536983939898
1.1733087496561798
1.1066555980586854
1.0168022388912268
0.9197628209937726
0.8243502769471054
0.745452170152434
0.6659915650445606
0.5965554993737862
1.1933195747853496
1.209460706809067
1.2107928773179535
1.1732955551187838
1.0844952881514511
0.9807479264318708
0.8767926563505922
0.7904918088667177
0.703591468413111
0.6277520057195706
0.5545324303237376
1.2195739509641412
1.2334063866414162
1.234506944979471
1.216777544397837
1.1386216483377185
1.0310495887167896
0.9203215521089105
0.8278462020532439
0.7346742255928387
0.6534246054345515
0.5751033144278171
1.2555102710468102
1.2558253285696732
1.2517977547081578
1.2391372806577683
1.194708524512645
1.1578288010914524
1.0862644202773934
0.9687229532164157
0.8694255098846096
0.76917119589635
0.6818161960991639
0.5977355284277609
1.2633429804731413
1.2732384141542494
1.269198173759772
1.2442959397619902
1.1414717144467228
1.018434882321135
0.9123273088517542
0.8047387851180345
0.71098797479514
0.6208780858676437
1.2875368403382754
1.2851366738633765
1.280615219595478
1.2606845739081485
1.2493536347742495
1.2066987609059832
1.150801214548497
1.08106103631704
0.967087850889533
0.850242300430669
0.7482300819857759
0.6501377359960484
1.2925786234894143
1.289570656006327
1.2797977065261203
1.258216760282593
1.2286033250708501
1.184426730915968
1.1396471916629132
1.0199952852119962
0.8944981177351217
0.7844034858892104
0.6786034947094884
0.7420098311224513
0.7371874451511793
0.8156893501771566
0.8246119753128407
0.7992986078062192
0.8881580232128825
0.8830297449418714
0.9523871442670139
0.9186645108428106
1.0299663479753491
1.031334480945412
0.9830566915003269
1.0892056837537023
1.0671387412666624
1.0965388627198438
1.111468490175932
1.1340774590608091
1.1494164973025063
1.099870038375806
1.1678679699991612
1.1816679479042147
1.1608148586681044
1.2022681547667664
1.197666592945667
1.1325336234358747
1.1842729087218562
1.221745643118269
1.2388202029412436
1.2262590174036163
1.1364891851108143
1.2470629635606023
1.196813794374126
1.2390854647747382
1.134659350295674
0.6802323975944594
0.6942149683037535
0.7333640071934919
0.7481589935327836
0.7568101399515363
0.811819438600758
0.8274694801841334
0.8360312669669723
0.8386649489800228
0.8349883684127569
0.8907540622701359
0.9065160644551954
0.9144078729069285
0.9158238000535646
0.9098416924321475
0.8838363169900483
0.9442797936516891
0.9596044377084515
0.9668966635036133
0.9678465087162884
0.9670430212441766
0.964292634438018
0.9595054666156728
0.9456879611733908
0.9288640061905394
0.9937264479612189
1.0087635559192125
1.0147654086819078
1.0133397915408544
1.0096181770211932
1.0037878467260646
0.9872268191387987
0.9688807783212059
0.9315568171851055
0.8937749728366746
0.8181876288194095
0.7832516002766755
0.7329219165512549
1.0486647056497607
1.062048908583565
1.0662544062421482
1.065482731852123
1.062401262065378
1.0561872202635763
1.0501369215003866
1.0301690539328554
1.0090907269214366
0.9728850417588963
0.924531360255319
0.8908291671095256
0.8413294207266331
0.8015922118893939
0.7476769779303941
1.0781902520376045
1.0900299020325734
1.0930527158459753
1.0876469363438328
1.0815290500296015
1.0729720919571226
1.0509723138110516
1.0279761979505542
0.9830715651727687
0.9375612811505325
0.901355116704545
0.848657642320384
0.8079614259732596
0.7501097205008532
1.1084003577357766
1.1179673697424892
1.1189180294586447
1.111064591328219
1.093633203474648
1.0438859755119558
0.9466389276644316
0.851312884835167
0.7469022923012524
1.1305384361032242
1.1327971857193242
1.1283599014224388
1.1147566571503362
1.1027471596045664
1.076440086788728
1.0484233566615238
0.9978057714024823
0.9462580684566718
0.9127501528500868
0.8465376924205128
0.8042356076343814
0.7386210830699287
1.1397293159090582
1.1441980601537942
1.1406458960705852
1.1274388769501507
1.1153659403087834
1.1052640695781644
1.0759200401970581
1.04552438480158
0.9874265750166831
0.9354876129114476
0.8889004285999791
0.8311107884438573
0.7807493797401162
0.7175291594345151
1.1412558763762821
1.1434694460774888
1.1376953360005257
1.1226355927506952
1.1107783073675563
1.0966042135706793
1.0649056337263338
1.034470045420024
0.9763583119814252
0.9196851959127662
0.8839989141615126
0.8112775812214603
0.7611185845157245
0.6951441833605586
0.6583529471848336
0.673161583165973
0.7087489398846702
0.7243614356977879
0.7328360689427167
0.7828494268532313
0.7990188080674092
0.8071510475828225
0.8004866043836397
0.8566522168030656
0.87319188623216
0.8783674947825955
0.8800352322749017
0.8696027795235457
0.9066362897892221
0.9221168339253476
0.9263974084573856
0.9281719673314613
0.9243924773376868
0.9141780672900566
0.8881087842518515
0.8567655413084675
0.9521075477634741
0.9671465384115162
0.97080666446238
0.9716121356963417
0.9654947454763637
0.953734286995214
0.9235011057189707
0.8892875628356683
0.8167144964858987
0.7325024885405018
1.0019287959338845
1.015062813004118
1.0177624982373437
1.0172466544168863
1.0081725534444381
0.9937313550612195
0.9640158002785378
0.9200225357961537
0.8398527734574195
0.7472611928585744
1.0285336470329793
1.039769482451092
1.0413514001042552
1.039996896252521
1.0289862568088988
1.0126501942127293
0.9749351750145362
0.9330864383634719
0.8472143843387185
1.054639028343864
1.0636146399662663
1.060980494657681
1.0287445290095143
0.9422314876444818
0.8499085582038863
0.7465153169682706
1.0732871745017487
1.0755683489344012
1.074926823143243
1.0706192496874631
1.0549605513273466
1.033726739914647
0.9899674913540842
0.9419857291566983
0.8451919350772069
0.7382507283738641
1.0788358497271313
1.0822498418997628
1.078892875197364
1.0741212330786454
1.0552076867115758
1.0313563272312998
0.9802206357030854
0.9314665936620647
0.8543255717942302
0.8298468516800467
0.7171888791655835
1.0776633684716455
1.078678306738283
1.0745331592293283
1.0670709726797813
1.045341015501212
1.0208573504675988
0.9692929144179354
0.9158517000273054
0.8100961324467595
0.6948304089406163
