1.068300070172909
1.093250321448495
1.0828002566652621
1.0298921732223552
0.9661167054505075
0.9092866494578455
0.8493688452431613
0.7953269890686315
0.7172607130900475
0.6032005412110764
1.1827796180257228
1.2204529188809616
1.2326921535414146
1.2361434240047262
1.1925593155880454
1.1205371437863465
1.0525816981447011
0.97989162315411
0.914076222377728
0.8485928674205023
0.7853096123018567
0.7329229808895799
0.6334196179525727
1.3030624944737832
1.3201865795020309
1.333711022283061
1.348615412356591
1.3516338449382979
1.336359859195027
1.2633459315136986
1.1861946304070858
1.1014785422256412
1.0242185229574392
0.9472326522969963
0.8728157738660898
0.811213318125887
0.6411986997688662
1.4152167614896558
1.4473804920743922
1.4546360331974915
1.4651475092148207
1.467842882838995
1.4657089473734333
1.4068270546431758
1.3231909458873454
1.2265614092218629
1.1372578576149455
1.0479530144914007
0.9615729517327138
0.8900779680597424
0.8176700625975891
1.5746137671991167
1.5935013717260118
1.6075758153681194
1.62182144910814
1.6242133296244479
1.6115585336235045
1.5326725545178663
1.421242421166869
1.3133111008179381
1.2041920041214156
1.0981510468119748
1.010471181177841
0.9217368067837777
0.8439009022690263
1.6842960670737765
1.7032593364121313
1.717424124338922
1.730083702102337
1.7321860389752
1.7322705465047632
1.6845663499583472
1.5697630601191543
1.4488909014824225
1.324138519062701
1.2025037385050694
1.1017736454747484
0.9999028501803041
0.9105369239206811
1.6607596807230611
1.533420465646865
1.3991661189873448
1.2675344169394496
1.1584179779448343
0.9513788048572458
1.8132365360025446
1.8477853073277477
1.8566071781632496
1.8533837479518092
1.76161977988486
1.6297461353492582
1.4851784810749165
1.3420155805040097
1.2230967077682673
1.1029027712037565
0.997567663063189
1.8882106497754625
1.919758085982287
1.9269136453206617
1.8783097459165603
1.7483110686600551
1.5926401498707163
1.4351965165195413
1.3037954216451797
1.1709471169717145
1.0545994597886124
0.9421006212611429
1.9435212921047358
1.9712251143700015
1.9779748491476161
1.9568303026956517
1.843655048408191
1.6816293384346974
1.5127801225193236
1.3708882714927382
1.2272883408187405
1.101575099893512
0.9801524658226157
2.021949258137522
2.0266232974532543
2.023022916427563
2.0068408479477147
1.9431572205106942
1.8881943691740695
1.779718337032418
1.5993198790966685
1.4457644904677622
1.2899488923009004
1.1536003220615034
1.0220409637903252
2.0436751078683293
2.0655817382956063
2.065217238797552
2.0320595933576686
1.8782689874975556
1.6884502642532868
1.5231856463994593
1.3546577293766344
1.2070880529733072
1.0648708970970235
2.1076019491982314
2.107426376539283
2.102558379843272
2.075606845307345
2.0594129740243963
1.9952863762163715
1.9095718154353292
1.8011356128421305
1.6222467671935237
1.4375079365906256
1.2753269773312799
1.1191988366417105
2.133391986612726
2.1317312800527723
2.119764058232789
2.0889779516476086
2.0447878199178415
1.976910199314056
1.907070555275538
1.7182809070496796
1.518368263190437
1.3417834596325056
1.171815542504278
1.0753733789559992
1.0746018381821159
1.1991593209014944
1.2158255641961029
1.1865737726599161
1.3243759300214712
1.3234491826126156
1.4402795889873932
1.3992808162937886
1.5800586653444813
1.5897944911168547
1.5256933333542895
1.6935574328502452
1.6696972846685911
1.7089768874543567
1.7468553576861876
1.7822475684429662
1.8145764964739628
1.7505028983222506
1.8516698807965857
1.8819173924711408
1.857706862870433
1.924636106759678
1.9250852924821569
1.8334640123992691
1.925587966060141
1.9765246387935893
2.0139678179924796
2.0015268030266236
1.8697622052515839
2.048978234821344
1.9783080723957864
2.055951900319636
1.8983859021676377
0.9875944448585747
1.0093475172392885
1.0766853363799904
1.1001989958897722
1.1147602425879208
1.2117690103723386
1.237439894715461
1.2525677819884222
1.2590762793183785
1.2563014059060857
1.3524171576410742
1.3792762008292243
1.394039270672376
1.3993623525869685
1.393493791096459
1.3596950124575853
1.451040158737737
1.4779033115589866
1.4924216858282346
1.4959489410199607
1.495975415833185
1.4935058276587403
1.4879365528619108
1.4700665076312767
1.4471462523648495
1.5451974677564204
1.5725016466464796
1.585283699481839
1.5868666130454174
1.5829826146256907
1.575821511924902
1.5537586803379857
1.5282259699117704
1.4750118807777117
1.4202756802257697
1.3096348694725348
1.2582293549367773
1.1838954976174916
1.6544801620829253
1.6798620757863862
1.6905441382937796
1.691325640654823
1.6886786506966873
1.6812741616638311
1.673352567512703
1.6458851220573805
1.615783656578952
1.5630166103456387
1.4915537013797602
1.4413777618520596
1.3672678639679794
1.3076206706732942
1.2263648979305741
1.7164142148943726
1.7399291480951264
1.7488342412281865
1.7444934253408628
1.7369729263048395
1.725557250544492
1.6946069908259724
1.6612345626919105
1.5948034033945693
1.526634659896779
1.4719987815281506
1.3921734023663073
1.3302690941235107
1.2420042992240803
1.7840494484494813
1.8043311837442217
1.810302519418987
1.8021306802657844
1.7786430412318968
1.7060230706030406
1.558786159627423
1.4125510492668574
1.2509646976219915
1.8373500580134774
1.847182514693043
1.8429737905385544
1.8253182139263224
1.8083023841765773
1.7697594868878037
1.7277674165115393
1.6505653951273964
1.5712023357895872
1.5193185712761565
1.416332829009801
1.350256688405718
1.2475481420082106
1.8709129323977725
1.883863049879917
1.8821598556699832
1.8655922687518642
1.8484580563603767
1.8337627705913928
1.7896826947720512
1.743216987441059
1.6530505174113135
1.5714407733014737
1.4982585595288607
1.4069577437015117
1.3270541813522823
1.2265286205236352
1.8892499226442399
1.8981698570656251
1.8931571371836529
1.872870123100934
1.8556826205979606
1.834557477280009
1.7862596254899186
1.738963797230058
1.6477930130343312
1.5578981944697265
1.501152206221007
1.384860566359012
1.30443713035897
1.1983965613397045
0.9586298864320268
0.981884102737205
1.0436195076636987
1.0686865760779543
1.083513632831783
1.1719922416690582
1.1988699704962398
1.2139187700190324
1.209471296196505
1.3044448793776164
1.3330768310372407
1.3429830721896383
1.3470219572892042
1.337385226082936
1.3973787919944103
1.4249566340480515
1.4335233842722677
1.4382722518719002
1.436218371518299
1.4237411059707792
1.3885117144107324
1.3444981701700591
1.4848639786844064
1.5126587154593363
1.5205530277687214
1.5240041019387458
1.5186525896689707
1.5036947006957115
1.461902672666447
1.4129397184760606
1.3072035432054026
1.183194726727303
1.5854350064860414
1.6111198737622279
1.6182426809504264
1.6193404771135749
1.6096620030007198
1.5904195473275613
1.5483100327375794
1.4840373197008287
1.3647824216325042
1.225656259440736
1.6421693912125124
1.665157484617364
1.6703073523485317
1.670764987392564
1.6579674881740092
1.6356274075224138
1.5811442691829534
1.519086613636846
1.3897150731137011
1.7025222837428398
1.7223870846344524
1.7236161591195074
1.6803663673756188
1.5512469976840275
1.410125152634432
1.2502875522377732
1.7495817162488116
1.7561686166831152
1.7576133792870394
1.7536079102091338
1.7330889184187501
1.7026085628319039
1.637085097372842
1.5638195337971437
1.4139839976156672
1.246893408774245
1.77639036746877
1.7877882520124038
1.785673591706234
1.779986000926545
1.7538265021593813
1.7186223155106826
1.640480509257806
1.564396606194458
1.4433940841333508
1.4047212924400763
1.2259191644912033
1.7890486283720928
1.7964676034476414
1.7926013027124161
1.7830853402721145
1.7520661555501662
1.7151135083820754
1.6353564660882711
1.5511194012083316
1.3827509551049177
1.1978292143022113
