0.8577798032918772
0.8776162371158841
0.8685944529301383
0.8257193589966852
0.7742735501194533
0.7285514404138739
0.6804276467429519
0.637058286747121
0.5743925590028278
0.4823392891189323
0.9440555410079612
0.9738143663650278
0.9834025427691593
0.9858761711308318
0.9506609702397791
0.8929687881004886
0.83871337926568
0.7807544089272512
0.7283138626250824
0.6761401930938974
0.6256507725476875
0.5837419682006874
0.5035210966448825
1.0349633823823294
1.0484016139481154
1.0589904768824079
1.0706073546918264
1.0729342190219957
1.060318716304148
1.0021582619334568
0.940926439946916
0.8737951158442968
0.8126118685684216
0.7516442702090429
0.6926367240863325
0.6436723622775108
0.5070702537019783
1.1191430166497605
1.144184288626583
1.1498113606195635
1.1579040334512092
1.1599290783263372
1.1580809272287387
1.111323549805524
1.0453183742610153
0.9691902796364537
0.8988781488630172
0.828560004672264
0.7604645859924241
0.7039820630168625
0.6465883624258543
1.238182857655041
1.2527622955935283
1.263604429068994
1.2745272693900571
1.2763332159173357
1.2661183689478681
1.204288347521581
1.1172109067899074
1.0329058887728153
0.9475972913386081
0.8647580992736662
0.7960705680930026
0.7263673453928712
0.6649326884587929
1.3197574840565904
1.3343500718840746
1.3452229971926999
1.3548539850434054
1.3564478381443965
1.3564664390158903
1.319093348225993
1.229830954234468
1.135968385825971
1.03906501497715
0.9444816855610022
0.8660190354753288
0.786477377838077
0.7164418614054264
1.2987634289597776
1.200195455336879
1.0962436790977668
0.9942126446244247
0.9094929195506246
0.748122229898452
1.4154955184022626
1.4419626087581587
1.4486075389423219
1.4460560028907405
1.3751221184846047
1.2733809806574583
1.1618272184263352
1.0512364453685934
0.9592241396840192
0.8660224851639945
0.7840853574409415
1.4712820204425834
1.495372880414057
1.5008273063338264
1.4633625914644945
1.3634830996292062
1.2438448840385774
1.122699776281311
1.0214284847872557
0.9188247506673821
0.8287052710847053
0.7411843821102873
1.512507495358741
1.5336882387468669
1.5388234515766608
1.5226192720451703
1.4359731030313032
1.31184829463782
1.1823206575514138
1.0732900183197027
0.9627172392795116
0.8656454130432292
0.7714979386308061
1.5716096413459253
1.5752214860820588
1.5725168493602375
1.5602256653917386
1.51166848570671
1.4697332046328657
1.3869077509920902
1.2489615076984362
1.131328508076299
1.0117162209953723
0.906756191395473
0.8050843944724965
1.5877301818983596
1.6045638691192041
1.6044325223072389
1.5793755837883772
1.4624265198701463
1.3177797284717112
1.191544982251532
1.0625270033876248
0.9492650950639702
0.8396749281769846
1.636864609486641
1.6368936069552908
1.6333572350174697
1.6133454705300585
1.6007344136891328
1.5524836338887729
1.4874271877771617
1.4050768891459815
1.2689063793371473
1.1279716646063136
1.003969555581762
0.8839204452254323
1.6575216076063897
1.656525931219738
1.6477740975117119
1.6248589201729164
1.5915459668339036
1.5403155684021037
1.4874897279357762
1.344277228469241
1.1921774548314237
1.0575992026962742
0.9271682319661683
0.8631409680051257
0.8620266195427135
0.9567414439426073
0.9697322266719903
0.9459116551413049
1.0513206038862535
1.0501415167124655
1.1381558456377212
1.1054159465532851
1.2420188625093116
1.2492099701214612
1.1988685972730495
1.3265348975417643
1.307600569051229
1.3369066191869827
1.3656148317182186
1.391573888471953
1.4162156335438711
1.3665711396163014
1.4431666986726384
1.4662647527853268
1.4475552607553601
1.4979872153385363
1.4983051523820428
1.4281600236442755
1.498216538342741
1.536472854679893
1.5652643731548264
1.5560218572558417
1.4559066870670634
1.5925738231120652
1.5397291654676963
1.5995466620065724
1.4808086215192031
0.7925907930071484
0.80993324422748
0.8603175482636038
0.8789272568661506
0.8903964998043437
0.9623293760502066
0.9824603862072568
0.9942439102608678
0.9992182042893566
0.9968676284484874
1.0678494168720711
1.0887085465702697
1.1001152445856341
1.1040924297861392
1.0993253305990645
1.072595395002354
1.1415026798331736
1.1622726046124312
1.1733696899108939
1.1760224978931355
1.1759828117251436
1.1739706069982028
1.1695619944087632
1.1555204518809175
1.1375620105095563
1.2116383071277994
1.232612672696409
1.242369965177554
1.2434576107376125
1.240395571207592
1.2347791770623247
1.2175541448688798
1.1977609757561576
1.1563045515626778
1.1137806223441318
1.0278058915026225
0.9878272125006002
0.9299907967921217
1.2930157098689963
1.3124578435820242
1.3205604941822604
1.3211162510393266
1.3190433514255884
1.3132793707037747
1.3071787736245857
1.2859083634887576
1.2626679404163268
1.2219241426831244
1.1667544804935643
1.1280057670430654
1.0707639232625825
1.0246336348868177
0.96175816907956
1.3392295617528414
1.3572060941160147
1.3640017418535013
1.3606246160257012
1.3548213628630124
1.346035268552449
1.3222363578662604
1.2965789695193488
1.2454989795530143
1.1930646570904708
1.1510311194253011
1.0895521692980894
1.0418501576277097
0.9737475625164168
1.3899823668034363
1.4054966757544596
1.4100963584146775
1.40389330194937
1.3859529294844075
1.3304138260182359
1.2177110292222368
1.105537233137203
0.9813095336859672
1.4304826109147681
1.4381561484252823
1.4350113274130725
1.4216506898676446
1.4087238710954924
1.3793922619412653
1.3473653244425192
1.2884887580906086
1.2278435746643692
1.1881791815004024
1.1093741723724457
1.0586906622066843
0.9798174711900453
1.4566300774237388
1.4667960535698907
1.465797095746734
1.4534325249986582
1.4405377427633677
1.4294399787423826
1.3960942219956296
1.3608377010468977
1.2922742630402986
1.2301177932598666
1.174334391380031
1.1045797887960547
1.0434659078121973
0.9663960583477859
1.4719001910669955
1.479121717684825
1.475720066224176
1.4607185115265715
1.4478483760637293
1.4319916987882477
1.395494830449786
1.3597112105834572
1.2905499434189518
1.222224393611576
1.1789790995902356
1.0902777538354091
1.028833589035568
0.9475810015976581
0.7691805434827873
0.7877013822157076
0.833780149998369
0.8535998589163646
0.865260104709834
0.9307306474063951
0.9517747764470106
0.9634806213942644
0.9596407936943696
1.0301242821527996
1.0523147212079789
1.059958762588569
1.0630370355179528
1.0551817566613018
1.0995432563429686
1.1208237643634218
1.1273875930991064
1.1309943298730034
1.1292385563942735
1.1193909264610218
1.0917568558769328
1.0573284178032163
1.164752038718255
1.1861018979308195
1.1921435546344714
1.1947301649837172
1.1904224135684096
1.178723855513945
1.1461737933732028
1.1081115334264773
1.0259271312690466
0.9294493659013383
1.239720455891149
1.259386172637208
1.2647931125436225
1.2656700471280942
1.2580340388303763
1.2431517029980848
1.2106056032623185
1.1609682184876946
1.0688496222710533
0.9612120470198463
1.2821522415674476
1.2997343944054376
1.3036497214552953
1.3039726000021432
1.2941021073081405
1.2769110909467225
1.2350032733701983
1.1872621280324644
1.0876605397414627
1.3275434377818804
1.342792386025403
1.3437731471493903
1.3107295830549757
1.2119177474540672
1.1036699371953371
0.9807871202128366
1.3634959796726864
1.3686129869956378
1.3697782344720975
1.3668053590472091
1.3512695414123919
1.3280594299025965
1.2781331120136794
1.2221657100385175
1.1075632332182885
0.9793110161419197
1.3847450588278394
1.3937630674478951
1.3923382432967863
1.388034176857672
1.368544962775338
1.34189670456106
1.2825902611795357
1.2246818023297723
1.1323900393086181
1.102576601596748
0.9659211172759014
1.3957734683055374
1.401988876220759
1.3993292294616952
1.3923780930690073
1.3691464107447575
1.341309583884931
1.280932772899568
1.2169699035043846
1.088633892695058
0.9471355282724598
