0.6479151582686977
0.6624406524821301
0.6539986146072585
0.6202426514401744
0.5801156297919446
0.5445821492549953
0.507260219594655
0.47369874897771336
0.4253081086524263
0.354435007849071
0.7096554346341984
0.7314591516536384
0.7382680450992398
0.7393857593803441
0.7112301541473937
0.666306760328347
0.6243068153611587
0.5795660138226102
0.5391826527346081
0.4990869362976836
0.46035083750183936
0.4282460009486665
0.3669444650987304
0.7744216576040327
0.7842253318987551
0.7918828362916001
0.8001163186511281
0.8016978569753492
0.7905052228873497
0.745107945822019
0.6978327337727585
0.6462076638433607
0.5992869525998513
0.552636319770539
0.5075687979768533
0.4702330852685018
0.36640637286241984
0.8336540194638381
0.8516750063536668
0.8556459070345761
0.8611636309025494
0.862326039511899
0.8603853850785859
0.8234062300872274
0.7724993896768637
0.7141570747396631
0.660431287181754
0.6068476690139571
0.5550630205857573
0.5121862987977616
0.46870129652874915
0.9161240729736809
0.9264969970923435
0.9341022265563502
0.9415026384336936
0.942609674831222
0.9333877263821614
0.8853528074926217
0.8187914677885588
0.7547342996715553
0.6901032589141949
0.6274925292355527
0.5756832280934674
0.5232195082713144
0.4770760595611845
0.9715288893356613
0.981791660292097
0.989307168529903
0.9956282894955635
0.9965157434821666
0.9959997847747736
0.9661135299183604
0.8978142725846161
0.8266934241397255
0.7535641997499835
0.6823842956617736
0.623469016477797
0.5638811615502025
0.511533464969763
0.9458948167860909
0.8712932771677169
0.7930137392921943
0.7164212694125639
0.6529793519501451
0.5325953856011161
1.0350810275101308
1.0530402086295765
1.0568183092941428
1.054169235939491
0.9988742222580632
0.9218796235062948
0.8380537431044812
0.7552583932740353
0.6865566501654994
0.6171412032403367
0.5562640540710296
1.071018002866248
1.087108009960388
1.089768339018175
1.0595996279416557
0.9837919636140564
0.8940615613237334
0.8036419093097042
0.7282877092477154
0.6521478522183908
0.5854474932072172
0.5208265636562792
1.0968822115787782
1.1108260769771257
1.1132459364163054
1.0995166070842166
1.033265205539069
0.9402227147517832
0.8437600188371481
0.762850582548662
0.6810355619115136
0.6094078287240196
0.5401150972990191
1.1333372105310722
1.134798420818948
1.1320328052642668
1.1219312175785523
1.0845015054726452
1.0528354542928704
0.9908541501142998
0.8883228795038031
0.8012727148500783
0.7130427475215
0.6358487089562028
0.5612750353960388
1.1414169959325455
1.1519377794069015
1.1499831645343221
1.1297533501821764
1.041422657005352
0.9340341602336889
0.840857016204907
0.7459760442692177
0.6630349085590657
0.5828424378621999
1.1680423003064138
1.1668929825499503
1.163557926757468
1.1472377375499616
1.1377713267682383
1.1010778653140598
1.0524996363583783
0.991525384121824
0.891278310463541
0.7880014315015548
0.6974234026746815
0.6100771328989557
1.1756394266893695
1.17380736554757
1.1661435349714404
1.1480737288802563
1.1226952026078245
1.0843514794096247
1.0451980830346135
0.9398871165277478
0.8287772323351951
0.7308390931745278
0.636304082193774
0.6511658590901863
0.6490439758093695
0.7182342043058371
0.7272696549656705
0.7076762357856051
0.7852364458518024
0.7829243426883628
0.8456115108777601
0.8190398876666284
0.9173643318603337
0.920973814796342
0.8813866515196305
0.9741425443297471
0.9577451676796108
0.9803879009948868
0.9980394385778818
1.0165200269863823
1.0325812448883733
0.9927137646449211
1.0494979128944688
1.0642259849008202
1.0482608881781768
1.0840087495807653
1.0821423826067036
1.0277060955285644
1.0749699796011065
1.1043410371737499
1.1222869705128444
1.1132765879564062
1.03684861821596
1.1338640616751565
1.0920039024147385
1.13052022978601
1.0405988098437866
0.5974666904123417
0.6102703305311816
0.6460245964028173
0.6596632571279328
0.6679126779785561
0.7183183935517605
0.7328981834931286
0.7412232633725191
0.7443994472218625
0.742063613131711
0.7918653257183257
0.8067492246188741
0.8146281131050707
0.8168961356643247
0.8126426552747785
0.7914929799230213
0.8422918453630948
0.8569313302509802
0.8644162123395813
0.8659118323694847
0.8655964760643898
0.8637091820168944
0.8600351606068838
0.8488609211487683
0.8348938885661068
0.889417029288412
0.9039629862858963
0.9103521803165888
0.9102459981954681
0.9075490189127866
0.9029650844663801
0.889397166331957
0.8740449070476993
0.8424094354598786
0.8101225379364191
0.7451493714074174
0.715017685478417
0.671510104702516
0.9426011941937485
0.955793357675557
0.9607318211556305
0.9606443033183342
0.9585697807553194
0.9537584847437145
0.9488750738420024
0.9322961868261943
0.914481031931304
0.8835596516793152
0.8419531749251712
0.8128336427108541
0.769934551189766
0.7354187182436075
0.6884698512753252
0.9717678802106163
0.9836852565649933
0.9875864930208184
0.9840153614733103
0.9792129781220812
0.9722276548649328
0.9538031364717053
0.9342482987662634
0.8956787528997211
0.8563292810827692
0.8248973485123331
0.7790303890968304
0.7435089041812044
0.6929019838083581
1.002454334205271
1.0123075736266411
1.0144136820346834
1.0086811584774438
0.9944034508771856
0.95205901852163
0.8677365043468656
0.7844606346965634
0.6926430561120925
1.0256998299921463
1.0294457397582915
1.0263024111617212
1.0153683448529394
1.0052936792925495
0.9828966213142196
0.9587659337367097
0.9147915362025978
0.8697606598451463
0.8403932280970084
0.7821928275098162
0.7449117594168176
0.6869476303106933
1.0371521679974056
1.0426358001193217
1.0404102437579112
1.030022358142447
1.0198975324156985
1.011353268613886
0.9861074071608731
0.9596932341026227
0.9088618334932951
0.8632185900182112
0.8221005446842027
0.7709894380322627
0.7262958107894506
0.6701062519492919
1.0413111445162535
1.0446544867886869
1.0406516506720236
1.0283215374289671
1.0182878428907398
1.006138858031016
0.9786866630049362
0.9521210763607946
0.9008298014821462
0.8509474345479233
0.8193406578255542
0.7547178347206746
0.7100298580934946
0.6511116328912877
0.5792009322867829
0.5928337700574949
0.6254043313839449
0.6398806471903892
0.6481627497168243
0.6939177942584669
0.7090927368746365
0.7172401115938172
0.7131973951209944
0.7629519734380518
0.7787042107008184
0.7839432162237263
0.7859032352892152
0.7786879626633114
0.8102744193055597
0.8251824567694478
0.8295963868676122
0.8318082335659169
0.8296478280699443
0.8216246848360388
0.8000625112105492
0.7736256725144682
0.8538285384613341
0.8685218573389268
0.8724666023256586
0.8738644103842754
0.8697074851276074
0.8603022309135114
0.8350811594938612
0.8060299590097421
0.7437987571466212
0.6711229639450803
0.9024165658509989
0.9155851004651551
0.9188481252191006
0.918974069739003
0.9122660745169938
0.9004743585995241
0.8754528851314014
0.8378196521583562
0.7685735229075448
0.6880839692867866
0.9289204758655615
0.9404246997603766
0.9426048398627942
0.9421585102289415
0.9337218790988441
0.9202293196539347
0.8882163345130433
0.8522286618339922
0.7776958371981345
0.9557566937685101
0.9653197840916206
0.9645208330309225
0.9381586452249671
0.8636685772352434
0.7831573805004258
0.6922813354036252
0.9758860898672796
0.97870666082714
0.9788552983990173
0.975816280394496
0.9631601695207578
0.9452387171535026
0.9075578601678226
0.8658071907748377
0.7809405222739113
0.6866005105741451
0.9838896332218159
0.9884842764701153
0.9863816168668327
0.9826771875198526
0.967008718644099
0.946607347493725
0.9021881528132876
0.859485241495417
0.791457524064972
0.7698094447501872
0.6697863216516821
0.9854312225693316
0.9878297396114218
0.9848745314094868
0.9788978304981252
0.9606071923452344
0.9395247370073643
0.894276000182533
0.8473812808748944
0.753612806784696
0.6508161231200079
