0.8440076544797465
0.8641842200732068
0.8574059193707947
0.8169252489129926
0.7679123180520487
0.7242307482860358
0.678195097960835
0.636696339679984
0.5767481953506687
0.488874619452738
0.9319808104584626
0.9621730919613888
0.9721740930179807
0.9755680042751904
0.9428652688586524
0.8878187526374481
0.835761305279126
0.7800508597659358
0.7296082912082317
0.6794054748056082
0.6308388468196955
0.5905557420014242
0.5136170161661995
1.0249155074369087
1.0385786431353652
1.0494230579643564
1.061531591128369
1.0640402110018703
1.053685540773781
0.9983043319480728
0.9394088273637854
0.8746312269531474
0.8155273335651261
0.7565902458027028
0.6995460836916255
0.6522278937495726
0.5205308979099427
1.1114112505909732
1.1371137993201763
1.1429782244389108
1.1516498913150468
1.1540794129031606
1.152911389731474
1.1089443959691752
1.0453780228829932
0.9716984840667784
0.9034927908851692
0.8352257973098725
0.7690928600165218
0.7142381484338141
0.6585195001735895
1.2343620324596967
1.2493983585052875
1.2606972022468594
1.272380236400792
1.2744382327348234
1.2660849305502588
1.2068871982044906
1.1223128839451646
1.0401493329568305
0.9568524064241435
0.8758987243692298
0.8087441607139557
0.7405892114918272
0.6805581940214279
1.3190635001730775
1.3341835121414216
1.345590346286219
1.3560495826274985
1.3579399541367796
1.3585237044727174
1.3235827665230282
1.2369188713722965
1.145160745323941
1.0501915406932947
0.9573808797217513
0.8803310878334192
0.8021881363656219
0.7333581371658203
1.3070274614191728
1.2105493099578617
1.1084688056287642
1.0081208528130678
0.9247217729041386
0.7657296086780337
1.418825930105128
1.446761203004085
1.4544755955570636
1.452652594248213
1.3846432502032167
1.2849947594008873
1.175233077870709
1.0662085481314272
0.9753967477242654
0.8833372002169352
0.8023515979649034
1.4772824776835842
1.5027939099962047
1.509386291676424
1.4742525509545297
1.376534925255183
1.2585930667335885
1.1388525870519033
1.0386151020545467
0.9369627587266085
0.8475951131525732
0.7607610820670335
1.5205316716435473
1.5430224884211956
1.549268236681537
1.5345454206175833
1.4500700885809623
1.3275863966980328
1.1993214073606235
1.0911750834974034
0.9813784515866067
0.8848856169290771
0.7912395481394896
1.5830423662200797
1.5875428215699379
1.5854287621170446
1.5739293621825872
1.5267215813985286
1.4854672599105052
1.4035949959846759
1.2667577569213528
1.1498342494917517
1.0307911697218755
0.9262110461783184
0.8248253192981451
1.599748752097365
1.6178458792217452
1.618911882034945
1.595088421250025
1.4798871036232726
1.336210818308969
1.2104979602577415
1.0818488671605306
0.9687378703286436
0.8592128065243184
1.652023557494323
1.6527711146377406
1.6496228578385426
1.630239543555735
1.6183327545794528
1.5705566634378714
1.5060176406594972
1.4240213031694469
1.2881511791553673
1.1472818339046456
1.0231668659457291
0.9028940911190027
1.6740248974723035
1.6735399187726223
1.6653605121090276
1.6430001855288707
1.6101189256358501
1.5592307313859874
1.5065749636819168
1.3634688916197246
1.211164519444655
1.0759957589593285
0.9452731515186296
0.8503314661488145
0.8509126904865324
0.9457517710127972
0.9595505606547126
0.9381402390152899
1.0429232780183197
1.0435320434882047
1.1329809061501077
1.1030191905846387
1.2399708799296332
1.2490752733285102
1.201421309510042
1.3283471885930043
1.3119728052727622
1.3386994353243564
1.3709752953916747
1.3958298012388144
1.422458052643771
1.3759695690193319
1.449926701139241
1.474978904571125
1.4582089830332203
1.5078422927259796
1.509857657492275
1.4421214065322288
1.5130368905214795
1.5482173801415835
1.579104661770683
1.5713364460254813
1.4732444906193767
1.6087814858139255
1.5573142511523441
1.6172663681766448
1.4997762038914546
0.7812002825080038
0.7987133904867028
0.8502885974953075
0.8691853132923579
0.8810365194649448
0.9549227553749022
0.9755221846867307
0.9878452307235748
0.9934782867395274
0.9918795354604217
1.0638392756119073
1.085382458065018
1.0974725311983602
1.1022680174066548
1.0983718977240893
1.0732814585186046
1.140274964401986
1.1618693534808675
1.1737846396612561
1.176970015390625
1.1772573020884471
1.1757007999556721
1.1717639765211512
1.1586070162530928
1.1414540801683342
1.213385877300807
1.235347980888676
1.2459683067648486
1.2479984505550725
1.245404929876361
1.2402760259271484
1.2239649817380414
1.2048539515077983
1.1647025177626458
1.1232200026656887
1.0390727738873784
0.9998880476535196
0.9431320058007054
1.2985935540974696
1.3191043320102993
1.3281862330086354
1.3292187544866558
1.3276461691332493
1.3224670218412795
1.316720425885399
1.2963659371746103
1.2738171928200037
1.2340227741716643
1.1798895768335504
1.141783363758509
1.0853989426552215
1.0399255238912646
0.977875918056306
1.3471920435571199
1.366310304237898
1.3740722688240665
1.371647533646535
1.3663157038655567
1.3580075341932465
1.3350453305973744
1.3100192185868726
1.2598962429512748
1.208251057658972
1.1667533560118761
1.1059973939777468
1.0587950068259262
0.9913618130057297
1.4007358986882785
1.4173862696028434
1.422967602444945
1.4176768462563212
1.400596774218027
1.3463152918860528
1.2349735324794682
1.1236964082861791
1.0002325301883868
1.4437336278994455
1.4526895441905454
1.4501162127206235
1.4375296126997097
1.4250146912270945
1.3963022245103403
1.3647465987629002
1.3064482209795834
1.2462430670151217
1.2067280155558766
1.128340046415029
1.0778494159764804
0.999211112285463
1.4714822129643077
1.4826723190861328
1.4824295199268027
1.4707844784926865
1.4582604968250605
1.447379744050574
1.4144662079792647
1.3794906778246716
1.3112692803745505
1.2492849246809807
1.193554058133618
1.123841840928175
1.0626912260922086
0.9855388686176706
1.4878066164309636
1.4958911011056728
1.4931482689700641
1.478704186993247
1.4660840609197334
1.4504254251326603
1.414229967451056
1.3785960541747484
1.309533872629925
1.2411614784918954
1.1978811637893485
1.108959951452054
1.0473408209876098
0.9657489312838476
0.758857745990051
0.7776201307057082
0.8248655188465766
0.8450597308230678
0.8572497707188795
0.9244741029617258
0.9461056948038494
0.9585145845201766
0.9562094571594819
1.0272531905771236
1.050283499983969
1.0584408614775191
1.0619078380439977
1.0557535101536086
1.0994520665243441
1.1216803573927197
1.128745553340012
1.1328715522152735
1.1320807695721178
1.1230984947530553
1.0967970959876796
1.0635572681212953
1.1675655750215375
1.1900211024320515
1.196611240098811
1.1997603974901445
1.1964930733814287
1.1856423912736775
1.154421626849671
1.1174587845305248
1.03715786553368
0.9425780808866091
1.2462476137783516
1.267151788662143
1.2732635105918249
1.2745445816487762
1.2680404151907383
1.2539756766802872
1.2225022689308174
1.1739911049763827
1.0834421736515216
0.9773157188271252
1.290965818230553
1.3097837528441578
1.314313229530506
1.315240722170414
1.3064172684585762
1.2899924734410506
1.2491955167234639
1.2023277078105532
1.1040613978989977
1.3390101743252758
1.3555017383351136
1.3576471093768867
1.3262456984178461
1.2290537731037625
1.1217840571679705
0.9996960190715366
1.377313403692809
1.3830123241487617
1.384696639644255
1.3823062268821442
1.367632464389452
1.345068819191155
1.2958752240821876
1.240440521091964
1.126485855392404
0.9986913710785204
1.3999257280023865
1.4100256725638973
1.4091959686891964
1.4053306106961374
1.3863897548387762
1.360207134524546
1.3013893749429586
1.2437356156396713
1.1515965034858926
1.122071148371103
0.9850528587338849
1.4118279118193322
1.4189508913556568
1.416712579919216
1.4101092107203466
1.387405709575345
1.3598593704769852
1.2997382695345339
1.2358079603481187
1.1072844236103017
0.9652948668696989
