0.6799940942781634
0.6946189380662127
0.6837921434115293
0.6466962283192386
0.6029369770992232
0.564253562989192
0.5236435707987819
0.4871380068984813
0.43452902169798835
0.3576641283740858
0.7456171992154799
0.7678232477209535
0.7744955716639143
0.7747884740771362
0.7431761298475844
0.6939912292280854
0.6482075652216283
0.5995114623308987
0.5556005262032165
0.5120378159799576
0.47000310567940173
0.43522167366804154
0.3690412105993487
0.8139961597898451
0.8240170628196463
0.8317726083759512
0.8399072145305833
0.8413897575168137
0.8275726627596587
0.7775119866843562
0.7258796852124852
0.6696580402385254
0.6186428297847786
0.5679831551570695
0.5191187505375061
0.4787149566847224
0.36701375603251896
0.876558337156857
0.8948630893926489
0.8988092755236379
0.9040662901781209
0.9049001293213175
0.9022355065757345
0.860772616738559
0.8049921295841697
0.7413928714198975
0.6829699238308681
0.6247987622827249
0.5686860744791497
0.5223257944184225
0.47542157169914523
0.9635666876030319
0.9741213873475691
0.9817510475651988
0.9888723823943077
0.9898104989224545
0.9783211127293825
0.9250374724694987
0.8522758785841803
0.7825553956693989
0.7123957850499557
0.6445916149425008
0.5886249637735512
0.5321007689538717
0.4825917270163202
1.021931136586317
1.0323456116909526
1.0398341928045634
1.0458012952242368
1.0464607410074431
1.04539063386827
1.0113551322535002
0.9363460473954842
0.858847306374415
0.779441504190815
0.7023712927463863
0.6387563996200205
0.574594633647436
0.5184365715495433
0.9876623701387308
0.9062660215099206
0.8212396467985016
0.7383093627960727
0.6698166331890669
0.5404167247505006
1.088708962885039
1.1066361252242578
1.1096986930105157
1.1061741512394796
1.0443534018302776
0.9601780834033982
0.8690745196859905
0.7794199369626604
0.7052570184300565
0.6305525420736976
0.5652859090696453
1.126434011316064
1.1423591641976332
1.1441632642703599
1.1096152806595936
1.0263629392573825
0.9287331021580126
0.8307936468291299
0.7494490175068933
0.6675241135261673
0.5960334530034986
0.5270800668879022
1.1535007368685706
1.1672387410793204
1.1687854212291566
1.1526483272229582
1.0794362843123328
0.9780553616807761
0.873527721052181
0.7861794320703238
0.6981522126265204
0.6213916159982853
0.5474656605580147
1.1906914494392051
1.1914210188371916
1.1878726720129444
1.1762179396938464
1.1346380915677265
1.0999033809520655
1.0323298232182148
0.921150136353458
0.8271543646605072
0.7322227303109066
0.6494999928664049
0.5699507215725935
1.199934147244745
1.2099855953596246
1.2067576755831448
1.1837142289656228
1.086745946805583
0.9701729325728897
0.8695261916165693
0.767426313181307
0.678445032983828
0.593004218639587
1.2266585073676495
1.224732123763976
1.2207019374555728
1.2022033784631887
1.1915620959537214
1.1513064508905417
1.0983020588911259
1.0321073241090484
0.9237411008261645
0.8125562871961983
0.7155299619805254
0.6223256045815849
1.2343574644247621
1.231826822657264
1.222900333809747
1.202700010181589
1.174748995898244
1.1328505843512469
1.0902698178283041
0.9763082380828011
0.8566419681883927
0.7516678479292271
0.6508024523280289
0.682420804761592
0.6786165199743548
0.7534849112412939
0.7620949503045225
0.7394627694034536
0.8237361865212318
0.8196319660298133
0.8867250796175311
0.8562024298054325
0.9632467841482829
0.9652818251460984
0.9208843635833561
1.0223838356067285
1.002569633830708
1.030418109635376
1.0459259523430993
1.0681069326967783
1.0834341253628288
1.0378872696867019
1.1026555889014396
1.116597202037386
1.0976874395115928
1.1379308381872104
1.1343414768770619
1.0735982788399083
1.1246073226724522
1.1601632628213594
1.1774757249915224
1.1663367173633614
1.081939977573149
1.1884867066772606
1.1417440112647927
1.1841477601913832
1.0854268492483754
0.6257766437963903
0.6387862766130756
0.6768848803316552
0.6907299512816842
0.6989058357421815
0.7529236008632171
0.7676912478193157
0.7758779961574366
0.7785733996560081
0.7754088225726674
0.8301723638040788
0.8451906501614227
0.8528351021139574
0.8544616094778261
0.8491693010786721
0.8253555641233431
0.8830598646031088
0.8977722557831594
0.904932746258573
0.9060123884388706
0.9053735874174433
0.9029579261468262
0.8986240682230789
0.8859649827685839
0.8704346975857674
0.9323855342018752
0.9469338880995961
0.9529180320626541
0.9519208409230215
0.948607447739522
0.9432861935021315
0.9280273981321165
0.9110070205791735
0.8762691885866382
0.8410156880279239
0.7703843259790499
0.7377149755869118
0.6906342690662507
0.9878983857071639
1.000989607380133
1.005373185937027
1.0048339645912203
1.002152677867564
0.9964690977622632
0.9908954294720858
0.9723728645041827
0.9527042611048964
0.9188267647841454
0.8734855258170472
0.8418530219046964
0.7953510337976529
0.7580183515964565
0.7073383579831253
1.0182309722731626
1.029940923029064
1.0332121289778433
1.0284961815235603
1.0229033054720897
1.014988542489082
0.994489473691144
0.9729582086024267
0.9307945472312119
0.8879889419826085
0.853895812922337
0.8042561661561184
0.765897675399604
0.7113586717535807
1.0499582825641303
1.059556417339525
1.060897533477002
1.0538571853258523
1.0377133194613084
0.9910333241117191
0.8992948961201286
0.809278586293339
0.7104571067344714
1.0736361644507666
1.0764311268283229
1.072500763248599
1.0599574267534744
1.0487276267595471
1.0240184268875445
0.9975968372462372
0.9497530244871728
0.9009648935887344
0.8692191696124864
0.8064679486357824
0.7663673810723106
0.7041572288753294
1.0853677300563835
1.090444866964159
1.0872541624385872
1.0753194103775507
1.0640051512549784
1.0545606666837735
1.0268534303961483
0.9980838594156453
0.9429479374135551
0.893610664010427
0.849303525129192
0.7943533583657331
0.746444341325611
0.686109209325455
1.089520742928932
1.0922497080600975
1.0872004554578003
1.0732379445276163
1.0621091445624327
1.048757143094454
1.0187516946001465
0.9898210405922819
0.9345816383774599
0.8805885302919082
0.8465860048469965
0.7772302454061225
0.7294526538220528
0.6665701119141008
0.6059192908354192
0.6197171829338907
0.6544409383148589
0.6690747099413799
0.6771306887482561
0.7263322429127863
0.7416230872065844
0.7494534333847018
0.7437672487672782
0.7986523860773461
0.8144507161206277
0.8194841756785699
0.8211837950409655
0.8119808445154326
0.8481229687633763
0.8630058805769958
0.867213533433233
0.8690631871931593
0.865865895598644
0.8565684254343618
0.8325297140386743
0.8034674982057765
0.8935701566732942
0.908153752143858
0.911826573217343
0.9127936340254706
0.9074197930935944
0.8966389957790568
0.8686223577973365
0.836753330401144
0.7689832172751314
0.6902346646692736
0.9440976828052213
0.9570306731348059
0.9598468435434623
0.9595430629981807
0.9513960974443535
0.9380516764481203
0.9103608752378524
0.8691786098121572
0.7939386370042641
0.7069399687848626
0.9715363917227889
0.982716145990503
0.9844902911696872
0.9834459832380311
0.9734500472367547
0.9582869403477583
0.9230015760535262
0.8836996764581481
0.8028708851313993
0.9991896551700289
1.0082946888323099
1.0063466976151811
0.9764774167898196
0.8950523580108724
0.8079250406615031
0.7100834009170907
1.019460075685015
1.0219892156209118
1.021591715049707
1.0177686122411203
1.003312190864341
0.9834242133017879
0.9421892327489045
0.8968393351708213
0.8051665585187473
0.7037983782376152
1.0276992081799254
1.031594967171905
1.0287499854742208
1.0244094908831378
1.0067968414202733
0.9843590832954087
0.9359622775253652
0.889709919931491
0.8163986777524648
0.7931253586022403
0.6857780198528611
1.028945230584561
1.0305686946662052
1.0269191039563834
1.0200783365349586
0.9997596866761693
0.9765911444901012
0.9277098560766048
0.8768573030748538
0.7760784413750126
0.6662635097310681
