0.7166658345580638
0.7324671664562118
0.722299578021341
0.6842367963389524
0.6391155610229915
0.599171253463282
0.5572147158182869
0.5194882026177666
0.4651097782926945
0.3856435572430507
0.7865458401856056
0.8104300985404677
0.8177784810696181
0.8186489100948701
0.7865589586238736
0.7358698680262038
0.6885508257590169
0.6381636937412363
0.592701356974721
0.5475790006236559
0.5040246348113413
0.46797258657935503
0.399335167256594
0.8595928890957438
0.8703684130063536
0.8787575789540847
0.8876908232700009
0.8893739762258834
0.8760732863252736
0.824621369133802
0.7712383386872221
0.7130005960775172
0.660106102087045
0.607544394953626
0.5568168644181241
0.514848138800138
0.39867510067309375
0.9265870289038761
0.9463870057698254
0.9507157188074842
0.9566338255111716
0.9577647756484335
0.9553482333972996
0.9130899081000292
0.8554475629218293
0.7895152199993275
0.7288637047477396
0.6684173321644973
0.610064916430256
0.5618168410591605
0.5129687033213293
1.020062925747574
1.0315003134675877
1.0398449837286192
1.0478340891648892
1.0489805556720821
1.0379458251396152
0.9831817218628633
0.907735427781027
0.8352498900309393
0.762204091385377
0.6915334204197278
0.6331413580250906
0.5741109342122351
0.5223116138229391
1.0830091559521389
1.0943329289981771
1.1025671630002047
1.1093695590215498
1.110250764525586
1.109459376303432
1.074981052282288
0.9973163673375303
0.9166925104680929
0.8339225934124933
0.7534774049950461
0.6869967444401125
0.6198692783800159
0.5610328314599382
1.0519647438095865
0.9672822100077338
0.8786018072231767
0.7919715991687853
0.7203287503226388
0.584718898983698
1.1553231298367221
1.1751104736660882
1.1789823886434192
1.1757203937544018
1.1123058681606992
1.0247679175146247
0.9297012546510702
0.8359721518007374
0.7583256717094136
0.6800121760124238
0.6114861675366395
1.1963974314576342
1.2140624172719885
1.2166789020896713
1.1817123188505463
1.095287570725567
0.9933790797670489
0.890903703574344
0.8056520533874398
0.7196715393704992
0.6445156679189962
0.5719067164650783
1.2259881463403428
1.241286380399637
1.2436121671634506
1.2275478029244256
1.151787220479159
1.0459770484366504
0.9365498833242224
0.8449376256486308
0.752473277918424
0.6717057704772685
0.5937846489302541
1.267172901620382
1.2685087239722168
1.2651484515118214
1.2534011760150612
1.2104925299531946
1.1743581260028
1.1038027921570375
0.9873653846642161
0.8887116686649105
0.7889256553236527
0.7017914583280214
0.6178617846160306
1.2772106068732885
1.2886169316327132
1.2860047647764759
1.2625982708757617
1.1617114784732525
1.0396117395378268
0.9339149263193106
0.826499050422891
0.7327109482989919
0.6424858243203667
1.307522566865608
1.3060076605201474
1.3020121945414604
1.2831458866707162
1.2722782528441003
1.2302618006726285
1.1749102514780245
1.1055203673881144
0.9916631555721802
0.8745931524687033
0.7722056716766592
0.6736279547080479
1.316759226956456
1.3144828603141727
1.305535335713278
1.2847412911248544
1.2556907464691174
1.2119206862076897
1.1672966920768129
1.047543335147896
0.9214812467422446
0.810640482507352
0.7039417215409969
0.7198457098215105
0.7168293020906082
0.7955776063247726
0.8052267075278298
0.7826254455315588
0.8709379033871135
0.8676589465568603
0.938906706434235
0.9082361048731087
1.020790795046148
1.024093792310481
0.9787613655783767
1.0850092283098258
1.0656296264549225
1.0931663887490954
1.1117030943664163
1.134139138384142
1.1515166060422721
1.1054089669587073
1.1718074972866905
1.18772436804005
1.1689917992100598
1.210738404569868
1.208025606519036
1.1455496161028613
1.1997783993633855
1.2351841000098382
1.2547956082184906
1.244043540384409
1.1565689877699434
1.2682770380340216
1.220036901564212
1.2649169369022588
1.1621110338092187
0.6603346467616377
0.6743108598002946
0.7149216922572158
0.7298312492362113
0.7387664238515617
0.7963622975555512
0.8123281883537152
0.8213447773458703
0.8246042827354831
0.8217039515757921
0.8794091377319985
0.8957309210430301
0.9042424945269
0.9064597556957213
0.9013729697289431
0.8771410807703921
0.9364783600261349
0.9525363158605705
0.9606007777487724
0.9620648950801156
0.9615859866488499
0.959303541984494
0.9550060386977012
0.942156988406399
0.9262145265120555
0.9899033882266044
1.0058669403539537
1.0127114026252524
1.0122343702740648
1.0090208949427617
1.0036880601372906
0.988119943561469
0.9705945904137954
0.9346273923710937
0.8979989630241967
0.824431947946906
0.7903583549341362
0.7412098681104892
1.0503384337802146
1.0648052699073511
1.070021871831846
1.0697445787949085
1.0672297858217525
1.0615821427549346
1.0559322341312798
1.036931818617017
1.0166005468690487
0.9814244153210765
0.9341936582159837
0.9011838984714462
0.8525975126606412
0.8135535371174908
0.7604946127851772
1.083565935463438
1.0966146130737118
1.1006621504777252
1.0962810377487193
1.0906773221412882
1.0826256045813807
1.0615235398573426
1.039213205907701
0.9953350660906701
0.9506753481070659
0.9150202967076496
0.863066451593043
0.8228755554512208
0.7656792727396964
1.1185797013491912
1.1294035906301347
1.1314549928655182
1.124607273794578
1.1081450593492423
1.0597644071154702
0.9639297750403947
0.8695557125109517
0.765728942058309
1.1450877970902433
1.1488715818793318
1.145106137067255
1.1324053450438247
1.1208574098303208
1.0952494405670867
1.0677272583901045
1.01771292246848
0.9665890215509869
0.9332738287608399
0.8673469429929032
0.8251734377184281
0.7596599133111245
1.1586530434345117
1.1646342606029565
1.1619443213338294
1.1498408675475111
1.1381988989454952
1.1284167274085257
1.0995773761823215
1.069492384650714
1.011708351129977
0.9598790538491808
0.9132522389898715
0.8553760888292703
0.8048542531807937
0.7413746217314955
1.1640520539457535
1.1675448626145792
1.1627607232515083
1.1485195554332666
1.1370135819298264
1.1231335614995939
1.0918250010567971
1.0615244271997872
1.003255375582212
0.9466418194306716
0.9108124000858269
0.8376500780692315
0.7871368077393177
0.7206332096552434
0.6398316568970599
0.6546904938719428
0.6917284108528531
0.70752929111846
0.7164294888327686
0.768839927983722
0.7854276306909136
0.7941686917352507
0.7890632335700684
0.8467175946680288
0.8639591430929733
0.8695945476029961
0.8716278857499613
0.8629076958687125
0.9002109170452204
0.9165238137190981
0.9212743568813718
0.9235451884458342
0.9207517574296051
0.9114375419978337
0.8868051208613866
0.8567709837977355
0.949544837506639
0.9656242152126987
0.9698388321674375
0.9711937544914823
0.9661441050253903
0.9552627798540507
0.9264580348306736
0.8934401300645306
0.8229298031040948
0.7407801300209785
1.00470640997854
1.0191044979612656
1.022507487013997
1.0224710750984347
1.014527839368222
1.0009408420412107
0.9723673420269523
0.9295797857092328
0.8510808026855836
0.760065468677703
1.0348655019663067
1.0474120281062822
1.0496465049537946
1.0489316782335574
1.0390328949152823
1.0235195977844458
0.9869882064089264
0.9460762102100292
0.8615775396546189
1.065545967771209
1.0759219873909138
1.074605913916303
1.0441789180622856
0.9593764412212354
0.8680994637383971
0.7653256312670682
1.088410718621263
1.0914584414626702
1.0913642615148424
1.0877330314837623
1.0730755232026798
1.0525423936521636
1.009599633897086
0.9621585850955567
0.8659460174537081
0.7592724420155788
1.098251977153626
1.1030714165898443
1.1004621600677527
1.096134434908739
1.0780884928687062
1.0547771937361194
1.004210282066822
0.9556877266831906
0.8785668993792483
0.8540536258846457
0.7410167974774979
1.100439981669396
1.1028499966368102
1.0993372695239234
1.092417992162125
1.071454455276655
1.0473377119222695
0.9958808772127069
0.942632394835
0.8364097450884304
0.7203021880743001
