0.9676222697100895
0.9895192861747163
0.9775986881144455
0.9276408822564962
0.8680125993358767
0.8150857184378314
0.7594095485367254
0.7092850543318645
0.6369814918814388
0.5313622549797695
1.065634745743603
1.0986964740839342
1.1091145264401856
1.1111109687043572
1.0693728399135964
1.0022247934069883
0.9392927430097513
0.8721474138612373
0.8114792768593165
0.7512114590254017
0.6930150961737255
0.6448483155374344
0.5532775781108922
1.1682799725146409
1.1832360796423695
1.1949511057637237
1.2076157038801103
1.210082332057305
1.1938216901639966
1.125696984592032
1.054500810877283
0.9766295165567956
0.9057838049642883
0.835312561061077
0.7672627290949353
0.7109562966747073
0.5553467664616875
1.2629867962015602
1.2907131964956036
1.296853759544447
1.3054717997388006
1.3073746828266046
1.3046520830249364
1.249088056635546
1.1720825100789263
1.0836592690583342
1.0021486964885027
0.9208186919889887
0.8422504892031765
0.7772670221268722
0.7114763210638637
1.3959811047903419
1.4120900959235827
1.4239497801251053
1.4355892095856635
1.4373768773974902
1.4238307761772842
1.3508646456770463
1.2493564057469577
1.1514975516884054
1.0527380408377052
0.9570979542122178
0.8780287762815503
0.7980732065576827
0.7279148119563988
1.4861960478272556
1.5022225238937585
1.5140102819587513
1.5240875585356775
1.5255601608550067
1.5249616684917968
1.479664334867596
1.3750928032446637
1.2659729839324232
1.1537075113246713
1.0444649904512908
0.954121086239383
0.8628521939852037
0.7828912502669756
1.451883364359393
1.3371260141931285
1.216631209102261
1.0987609074198883
1.001202133616186
0.8163905704712929
1.5906334225120113
1.6190385986098117
1.6253237715624964
1.6214747770068345
1.5367390189822752
1.4180089963813955
1.288606247219365
1.1608157265156132
1.0548519336352342
0.9478917447356515
0.854268399055482
1.6502880957167398
1.6759062283495454
1.680503094664149
1.6344469558640793
1.5172661839596235
1.3783001039202183
1.238263860844999
1.1216351220699587
1.0039035127824798
0.9009369455058479
0.8014449316428573
1.6936017436962953
1.715893316793199
1.720131881166217
1.6993089522104146
1.5968160163772294
1.4523804487557939
1.3025941249725816
1.177029539941276
1.0501768204977928
0.9392921329117171
0.83228984513486
1.7543354944459348
1.7570034677573405
1.752912575048304
1.737442785603312
1.6795001813703587
1.630283332045705
1.5338146641156023
1.3741788660356797
1.2387104706651988
1.101519086283066
0.9816707102962471
0.8661611096568804
1.7695336544882432
1.7865139874248144
1.7840780037617807
1.7529224401515353
1.6153399697035655
1.4477286982121913
1.302342100270715
1.1544082273066782
1.0251332527298351
0.9007158877830893
1.8155654784245288
1.8141330379015355
1.809069419435659
1.7838717050547952
1.7691385784049751
1.711857192690392
1.6358882662672418
1.540429995692074
1.3835268625980968
1.2219648009593096
1.0804459598501892
0.9444092551027051
1.8308929671861478
1.8282929538111254
1.816543481412996
1.78834187718322
1.7487545482491729
1.6886610576754095
1.6272245665192961
1.4619725996395618
1.2876904314159245
1.1343085108521256
0.9865578007004745
0.9728246802588735
0.9701892015167412
1.078952019748064
1.0928588865781572
1.0640123800504353
1.1852579864675892
1.1823180992556943
1.2821059556837897
1.2424181880808236
1.3985384020946035
1.4047224963253933
1.3447552026353715
1.4911386793499486
1.4667079248049415
1.5029553844929577
1.531566562023431
1.5621644902787757
1.5878471362462148
1.5271380430552062
1.6171063296219925
1.640794230379389
1.6167130620206798
1.6742627602132054
1.6720610486066207
1.5880956587292532
1.664507614920807
1.7113124955442534
1.740413709878307
1.726937541800814
1.608126423802999
1.7624319511153894
1.6975047767388274
1.7605082061798585
1.6199339425862016
0.8927597881083437
0.9120041685055524
0.9692232312565441
0.9898632459167164
1.0024091076115051
1.0839787843358264
1.106256194452872
1.1190678350314764
1.1240905135098151
1.1207519144915787
1.2018883604479884
1.2248604422506062
1.2371156571596449
1.2408477311439066
1.234608591057468
1.202732459263556
1.2834730900081088
1.3062312169971861
1.3180041344644842
1.3204641675270852
1.3200832304047454
1.317336084082667
1.3118328888301143
1.2949404906867874
1.2737131315161923
1.3603431904937884
1.3831402784934366
1.3932939659319163
1.393455993690564
1.3894348698990338
1.3825175909008203
1.3618818263244554
1.3384223594659415
1.289982039855793
1.2404645563556151
1.1407656551746548
1.0945344371906192
1.0277864934306906
1.4480043114442869
1.468851828072489
1.4768883723244288
1.4769199339107788
1.473887547035211
1.4666131593673155
1.4591378752791764
1.4337724993594996
1.4063770470109938
1.3587333972034927
1.294568449874446
1.2496439877584895
1.1835078156749455
1.1302007004871082
1.057792649380018
1.4966421118333497
1.5156285335257746
1.5220534654274833
1.516859398647282
1.5095592205355375
1.4988780624995868
1.4705137550098653
1.4403349139786772
1.3806946924116865
1.319803729737456
1.2711383631078843
1.2001415419138493
1.1451777055061059
1.066905136948086
1.548422090350232
1.5643883159816108
1.5681052866733347
1.5594943489407485
1.5375620048233964
1.4719679688940637
1.3409904291286698
1.211609097146437
1.0690541923319987
1.5881232948177768
1.5945414869141181
1.5898815513699256
1.5731019133415256
1.5575350738427969
1.5227626056255896
1.485230365653035
1.416730809661086
1.3465822356457429
1.3008632148038946
1.2101630808087829
1.1521196795338897
1.0619295435904959
1.6097010961184715
1.6190543896846978
1.6159520369106901
1.6000298373315018
1.5843243713607122
1.5710354683161745
1.531679932192779
1.4904131427913727
1.4109654273405716
1.3393202504769877
1.275254882741928
1.1953882334021286
1.1255866119158742
1.0379190422890012
1.6193066228577462
1.625079000454717
1.6191567422677726
1.600089845541843
1.58446983453785
1.5654977103585972
1.5225862704387538
1.48089150556921
1.4005915791391939
1.3223764733050694
1.2728774166020793
1.1716293535975464
1.1017522874645265
1.0096487017370468
0.865673417256288
0.8861816248620201
0.9384649962110587
0.9603932584159821
0.9730153500882579
1.0472813710884268
1.0704959019143405
1.083059216999296
1.077347013574192
1.1580190771951127
1.1823740575915322
1.1905427829717383
1.1936578955344832
1.1831115587820413
1.2346435319029974
1.2578464923375408
1.2647964490334405
1.2683533428218023
1.265338177270437
1.2532641828710727
1.2205291439007933
1.1802418168352933
1.3057823627005747
1.3288453623531704
1.3351049692814636
1.337446279421344
1.331379556923806
1.317128935553835
1.2786234582415315
1.2341192057765713
1.1386701720576486
1.0271852935680392
1.3860186812283302
1.4068977098918114
1.41220274408113
1.4125322836432523
1.4025468415394489
1.3845385786607476
1.3460909928113385
1.2881203737880562
1.181383400289696
1.057189926553914
1.4302950386910038
1.4486732475398552
1.4522928564260227
1.4518370894124353
1.4390944558778012
1.4183982516006866
1.3690153307709934
1.3133618172956585
1.1980516168085347
1.4759608618958449
1.49138314008452
1.490614217020647
1.4501269215121741
1.334597238041015
1.2095603331650662
1.0684853457140389
1.5104461721317248
1.5151923478376141
1.5155560384091875
1.5110895027659896
1.491659484142179
1.4639157564214709
1.4053324872156452
1.3403523061182554
1.2081894822928156
1.061382415659588
1.5266258233357786
1.5343361251570276
1.5313209947865245
1.525683347802499
1.5014771980970822
1.4697214883935656
1.4004133084284707
1.3334189034765396
1.2273477687094674
1.193522969768386
1.037413418380231
1.5315964303137188
1.535898690084093
1.5315033193559195
1.522367844278167
1.4939317894088264
1.4609281638613745
1.390207633317468
1.3167439825207898
1.169879710866887
1.0091811315518824
