0.849782517785774
0.8697251687941864
0.8617054690661169
0.8198363971232022
0.7692883060249666
0.7242136253913649
0.6766672334460394
0.6337673420538915
0.5717768179835213
0.48121313664578097
0.9415250729409118
0.9716364031745836
0.98145670518665
0.9843347828725744
0.9498998853600602
0.8927765340354068
0.8388275234741074
0.7810903926723786
0.7287942715197903
0.6767474328099035
0.6264428318781433
0.5848019071182637
0.5057616900393102
1.0379253935879034
1.0516194442092452
1.062445917146188
1.0744043335896107
1.0768366236165035
1.0649436125426148
1.0070239161845589
0.9457318616880128
0.8783862144655847
0.8169512331932365
0.7557133307796925
0.6965108821325307
0.6475035789837003
0.5123852363571646
1.127872754635282
1.1536309862968945
1.1594534823581797
1.1679177237579164
1.170120157020781
1.1685032585496102
1.1218453523069982
1.0553651510272826
0.9785014594090136
0.9074300819975137
0.8363403117763812
0.767568772593217
0.7106484230853956
0.6530104103751521
1.2557650532288251
1.27090096904827
1.282196469115611
1.2936643844461466
1.2956049795330087
1.285719104057647
1.223023401291237
1.1343045214465466
1.04832460620067
0.9612936733224692
0.8768619640324874
0.8069815505821188
0.7362708425085154
0.6742210355227802
1.3437847585837226
1.3589911749147077
1.3703650041028295
1.3805721545568326
1.382285821842572
1.3824117161596883
1.3445726303258767
1.2531240285017022
1.156789446414422
1.057314521693814
0.9603086791301665
0.8799699644820759
0.7987313139707609
0.7274726097599171
1.325910488112592
1.2243890429865107
1.1172973251951621
1.0122782828903087
0.9252165014542049
0.7600468326625227
1.4471459852616264
1.4749700039406877
1.4821240292450601
1.4796201764818786
1.4065778883549553
1.3013932891461966
1.1860294334965076
1.0717649115568593
0.9768432632165827
0.8809049683800868
0.7968435990873588
1.5073185818453791
1.5326588480237349
1.5385129087210703
1.499840701422829
1.396124925727546
1.2718489533021216
1.1461292226787294
1.041196199292616
0.9351087005150829
0.8422114262585825
0.7524215347751493
1.551596960199158
1.5738534256816203
1.5793368142290727
1.562550161486643
1.4722524016960337
1.3428631209715445
1.2079905778983415
1.094643085262037
0.9799321464980748
0.8795205954922866
0.7825711434039269
1.6143932571580182
1.6181875414451847
1.6153448220846034
1.602458476098626
1.5516346917740993
1.5077357501504502
1.4210789154844852
1.2769329085496712
1.1542268794094315
1.0297165807171063
0.9207742263027046
0.8156954305559992
1.6315849360457342
1.649157202055903
1.648918521744871
1.6224664239106557
1.499539739589078
1.3478618784988574
1.2157523695824894
1.0810554102902028
0.9632460506391188
0.8494842455801127
1.6824398321551681
1.6823086225793926
1.6784358620857536
1.656880078849939
1.6439294837882827
1.5927101666679455
1.5241225900606246
1.4374112443425884
1.294369372081014
1.146662758920294
1.017002064918185
0.8922265192544596
1.7025649071111362
1.7012224630104853
1.6916306018087064
1.6669836404567082
1.6316226905522604
1.5773147799239922
1.5214431621593123
1.3704339897256053
1.2105549330696423
1.0693492278525676
0.933489334050492
0.85555874414374
0.8551785188387334
0.9547408219701918
0.9681446271592021
0.9451284320555845
1.0551526466076693
1.0546445100318356
1.1482049987579805
1.1158197472220637
1.2603285381141491
1.2683282011954684
1.2174451685653547
1.3514582288680639
1.3326836439619927
1.363785325533347
1.394417824208279
1.4225537965917066
1.448580165927164
1.3976845555546273
1.4781911765724074
1.5025358591969464
1.483357394439389
1.536662261180864
1.5371523457754437
1.464098656820887
1.537579179953516
1.5778934414447126
1.6079242606183117
1.5980442178075538
1.4927364494659325
1.6355851738450362
1.5791366262061406
1.6405948945028144
1.5145069798801272
0.7857637935269988
0.803133603826149
0.8571327490441986
0.8759253785767404
0.8875901875277333
0.965426395024904
0.9859719221409895
0.9981108571197663
1.0033878557722107
1.0012651356852356
1.0782582285788134
1.0997830762421523
1.1116509097945173
1.1160028066541428
1.1114135078799137
1.0846192349500987
1.1574017101576877
1.1789845947991606
1.1906344370961104
1.193510514688735
1.1935683183042862
1.191646648863259
1.1872520118582415
1.1730791955708153
1.1548613074292557
1.2329598434154692
1.2548748107937797
1.2651772488887765
1.2665414130417187
1.2634865944049878
1.257815646137345
1.24028600570229
1.2199660132719006
1.1775792008646933
1.1339546512294234
1.045741190383995
1.0047493980264215
0.9454664565746429
1.320606785707824
1.340987570655233
1.3496157422990716
1.3502841354787454
1.348216434170536
1.342350521212531
1.3360541897651177
1.3141947890817374
1.2901972435163869
1.2481175308386476
1.1911004274889916
1.1510633774865886
1.0919150412961973
1.044309723834108
0.9794502242032666
1.3702223426622893
1.3891103556663258
1.3963057110960606
1.3929148474490194
1.38694429864491
1.3778594233301178
1.3531803338605952
1.326570010599112
1.273546642748623
1.2191532758077184
1.1755093367884335
1.11177022461899
1.0623354313806193
0.9918275743788036
1.4242947197683422
1.4405841639428838
1.445444716198955
1.4389463823918147
1.4202259512403455
1.3622202431478274
1.2446440943959034
1.127811267240936
0.9987128143472686
1.4668214427062907
1.4747418279352578
1.4714029959945147
1.4573040878608667
1.4437459943668411
1.4129483148419557
1.379400196157848
1.3177010606246353
1.2542757388713124
1.2127944194070432
1.1305214937607901
1.0777004264657566
0.99560072478743
1.4932232332310198
1.503609021838985
1.502221158142694
1.4889751104925666
1.4752729076138615
1.463519879490022
1.4282670066481287
1.3911149632063984
1.318997851978815
1.2537511430243682
1.1952348687234131
1.1222388316062475
1.0583600162033695
0.977992696105128
1.5073873482332667
1.514504674390168
1.5104366057662455
1.494175103741676
1.4804124362587623
1.463510969879656
1.424854068275507
1.3870145373693903
1.31378924024522
1.2421829602231667
1.196797672644356
1.1037981833966881
1.0395478827296223
0.9547349840989764
0.7628151657646964
0.7813890016834452
0.8309075614827022
0.8509494825293863
0.8628430533951895
0.9338333638736669
0.9553546164580625
0.9674481667051867
0.9640852747801648
1.0400999630471066
1.0630561294722236
1.0710245061234889
1.0742938284458958
1.0667959050745799
1.1146818874665059
1.1368101913271835
1.1437064882691195
1.1475568248109764
1.146022983597199
1.1361510325398336
1.1081651989747425
1.0731293602954368
1.184884386255104
1.2072028895602875
1.2135646794669752
1.2163782405664474
1.2122101557131988
1.2003459790376707
1.1670932166651165
1.1280859864047443
1.0437957165710035
0.9449055607052322
1.2655342354876387
1.286170929575172
1.2919252090221047
1.2928435778549996
1.2852085757707292
1.2699035151968008
1.2363500068413718
1.1850857169999987
1.0899258575912412
0.9788829784218128
1.310967338698436
1.3294395857444274
1.3336055096814465
1.3340197153288484
1.3238646781560153
1.3060803687494609
1.2626167897105736
1.213113095630556
1.1098028808369724
1.3591911681475703
1.375147371270249
1.37620174485251
1.34169376417403
1.2386126303025833
1.1258706196008563
0.9981711770018513
1.3966989777736736
1.4019894112262943
1.4031580684487728
1.3999977211292067
1.3836179708490812
1.3592779425067667
1.3069202243168119
1.2483718162668376
1.1286434686622884
0.9950774395521912
1.4177295529549852
1.426781246686129
1.4250908638496007
1.4205360780587488
1.399610009726022
1.3714601824336496
1.3089546957547098
1.2481239924799779
1.1513708150286692
1.1204530796093015
0.9775060482101531
1.4272695159259807
1.433148682894439
1.4300300235032763
1.4224037587185114
1.3975505779643171
1.3679729731437846
1.3038658390350293
1.2367742344565045
1.1021161877146595
0.9542831364771924
