0.734889989163536
0.7508974678676913
0.7397230242973751
0.6999050980712371
0.6527242144466252
0.6108918004426582
0.5668662717492778
0.5271901805313131
0.4698634392693117
0.38589922504058755
0.8085073033258589
0.8328454940482249
0.840225826141901
0.8407608299785467
0.8067800387426529
0.7535189152433664
0.7037983223998489
0.6507927256270121
0.6028890571474578
0.5552747604996319
0.50926110971895
0.471152603596237
0.3986776347163681
0.8850804833941736
0.8960928640795223
0.9046333578294359
0.9136332910839872
0.9152938499878155
0.9005908947542123
0.8462083482109432
0.7899372416381872
0.7285341212383573
0.6727043869127214
0.6171730145340676
0.5635403127377406
0.5191606699216944
0.39663655613882126
0.9553543281656833
0.9755499551081496
0.9799176663912165
0.9857800436317428
0.9867554057134059
0.9839411752588879
0.9388024456711411
0.8778131859634857
0.8081338266539561
0.7440091859094226
0.6800711498672196
0.6183289065006923
0.5672859764153997
0.5156370230611292
1.0532342362047744
1.064914142684333
1.073368658521113
1.0812952437761214
1.0823502705389296
1.06985213737474
1.0113548537144788
0.9312830186698006
0.8544525666624434
0.7770484949407466
0.7021843039660028
0.6403631562858028
0.577924849913996
0.5232396828752804
1.1189169782664636
1.130443500763573
1.13873967966792
1.1453888279485627
1.1461302636477058
1.144980440950167
1.107497313693707
1.0246979749002774
0.9390545056550619
0.8512265951258714
0.7659316058013151
0.6955092376263319
0.6244844792257378
0.5623965496638796
1.0817067474303461
0.9916166573523527
0.8974333530018359
0.8055309017716683
0.7296154794137883
0.5862517548912327
1.1939054318612419
1.2137596757500757
1.2171569134351532
1.2132415752031729
1.1446932055639953
1.0513446285846035
0.9502677531030688
0.8507723985070164
0.7684658501065335
0.6855693122044393
0.6132114041261986
1.2361198384537246
1.2537178861996225
1.2556208671597873
1.2171664925174523
1.1246067279196628
1.0160791827183382
0.9072116999322466
0.8168055031782347
0.7257778255475248
0.6464144701221569
0.5699773293897984
1.266242348011748
1.2813802297460668
1.2830027450405996
1.2648994427514682
1.1832906423535785
1.0704104895690694
0.9540701687091199
0.8568830985234562
0.7589806828117069
0.673690658720065
0.5916678122416723
1.3072282556990722
1.3079015943181558
1.3038458024261663
1.2907413291294456
1.244251710290501
1.205485626930566
1.1301050017960124
1.0061887707386319
0.9014846851176002
0.7958026832351471
0.7038018074779314
0.615473910658413
1.3172480143769296
1.3282242592226698
1.324314722730513
1.2983225904370017
1.1898306623202486
1.0597105187648113
0.947476594182492
0.8337298144070895
0.7347836649463887
0.639749241041218
1.345639497794716
1.3432661472312957
1.338609384281542
1.3176628521213058
1.3057775861657457
1.260481951618577
1.2011412329315396
1.1271254224697749
1.006127953536809
0.8821347706740504
0.7739653438434112
0.6704242202844579
1.3527296047779722
1.3496361054150734
1.3393455563499488
1.316377766356084
1.2849503872994994
1.2379068456502487
1.1901901863097233
1.062741908549136
0.9291562691058111
0.8121552155618804
0.6999878773789713
0.7378096769602618
0.7341137288202302
0.8173634129747187
0.8269427990245931
0.8027342133372161
0.8960843119303606
0.8919095813455914
0.9669316723739976
0.9337886281805821
1.0530992739281837
1.0554935069545515
1.0067815263582818
1.1195866037945716
1.097801992475019
1.128944363875529
1.1461708109661948
1.1711331732721466
1.1880894593701585
1.1375460364310228
1.2097511680736983
1.2250856808478738
1.2039696115274183
1.2488306497306543
1.2446336838176268
1.1768354651105686
1.2331576928341927
1.2730997187940607
1.2919300039235284
1.2791008413608185
1.1845255960509589
1.3029502502067944
1.2499297589317329
1.2959271924947726
1.184869281725046
0.6765994053964495
0.6907838297763418
0.7336648264716478
0.7488164075630565
0.7578053443993797
0.8188150205735131
0.8350439069758636
0.844089041272122
0.8471360232461733
0.8437744106797261
0.9055203834252216
0.9220870930563738
0.9305491540288634
0.9324205805615934
0.9266839378602038
0.9006385199678688
0.9649211213739006
0.9811865608422655
0.9891252505982747
0.9903401088931234
0.9896540115485665
0.9870211839115082
0.9822675333547154
0.9683590549479245
0.9512725374956379
1.0202944959425342
1.036382406003548
1.0430066937087095
1.0419191362132023
1.0382574049132036
1.0323898943691554
1.0155338682425636
0.9967291017400225
0.9583330327011726
0.9193494196215712
0.8412114718251332
0.805062682578116
0.7529512039569387
1.0824120042098289
1.0968584368869114
1.1016767160116878
1.1010557826735752
1.0980307730825052
1.0917294771261887
1.0855086090078165
1.0649593341882984
1.0431221698733748
1.005517590592077
0.9551928948356114
0.9200851346756649
0.8685198453091496
0.8270314600833117
0.7707795547425568
1.116144999197335
1.1290334260743886
1.132562806959714
1.1272334723527613
1.1209922936909598
1.1121505958968172
1.089298955587463
1.0653416230745998
1.018435152670148
0.9708557640957095
0.9329188961913368
0.8777293527615921
0.8350909194040711
0.7744797911287671
1.151137425124661
1.1615588849650862
1.162874106619128
1.1548934623895168
1.1367716419053313
1.0846233746163405
0.9823500245268496
0.8819988235799854
0.7721292982767085
1.1766816176631165
1.1794628619512915
1.1749427272244637
1.160767052383376
1.1481518988136032
1.120471048224395
1.0909349643674264
1.037486136787799
0.9830542278264826
0.9476515605403668
0.8777190684317342
0.8330535194415426
0.763796541478502
1.188415313597036
1.1936916157202584
1.1897581773167298
1.1761377393299803
1.1633508143081124
1.1527113845073436
1.1215824634352773
1.0893374309910682
1.0276471472317776
0.9723952754030873
0.9231248202853558
0.861855331161261
0.8084736154113652
0.7415527105272129
1.1914706929005117
1.1940302602806623
1.1879655059696625
1.1719788775857183
1.1593709380186075
1.1442788538809106
1.1105703652796222
1.0781741599703436
1.0160611526399326
0.9559648200331707
0.9180146585399951
0.8406732550235212
0.7874483505149587
0.7175122281102001
0.6552685775378321
0.6703208497897115
0.7094400376120281
0.7254610036683745
0.7343329970811981
0.7899204287310341
0.8067318685249384
0.8153882598832256
0.8093475782819517
0.8710411598146259
0.8884754192922899
0.8940474740985775
0.895944578377488
0.885946589773708
0.9265659500750381
0.9429988851752107
0.947659567311774
0.9497156301063903
0.946227285208272
0.9360045004826035
0.909542889241348
0.877520874513978
0.9775121927828991
0.9936230765886783
0.9976731322145374
0.9987457803139465
0.9927992607398102
0.9808802166599071
0.9499004082646557
0.9146504515276492
0.8396679504168312
0.7525114426274012
1.0339320806351195
1.0481688234731605
1.0512547027426742
1.0508618182399847
1.0417846308138672
1.0269385460014742
0.9961711714643933
0.9504408978912826
0.8669632242624115
0.7703412655693371
1.0643405146328468
1.0766061851660937
1.0784966226604495
1.077280071737323
1.0660490703146055
1.0491345090779203
1.0098304428389762
0.9661240491322536
0.8762036834086212
1.0946355082852222
1.104512541551833
1.1021058007017372
1.0685531836028759
0.9776751637999311
0.880510182646239
0.7717196637598526
1.1163221988063832
1.118962727999054
1.1183703975913502
1.1139665816273994
1.0976222415355799
1.0753060205398517
1.0291550241481344
0.9785158065149286
0.8762913930792159
0.7634043828467616
1.1240619122102204
1.127937047766108
1.1245200816118612
1.1195003139842
1.0995382948312735
1.0742467771974635
1.0199916583496127
0.96812194469633
0.8864690936281059
0.8605148730700866
0.7411930323205826
1.1238583380801994
1.1250651162998488
1.12070134680858
1.1128310699149573
1.0897200504510298
1.0636481747428284
1.0085489199954571
0.9518935421447584
0.8394226200531668
0.7171816705442228
