0.7775477466280667
0.7955378390396
0.7873448456677538
0.7483975526501988
0.7016341506830223
0.6600495552702065
0.6162662989938217
0.5768243761585855
0.5198985045380432
0.4366676529266011
0.858079553778266
0.8851799803352391
0.8939079010223777
0.8961498408780758
0.8640138242506378
0.8113712648869421
0.7618279041940917
0.7089060804923831
0.6610440145324684
0.6134614022412818
0.5674862207526371
0.5294113474935537
0.456925023198999
0.9427192307748965
0.9549970122488705
0.9646696561037524
0.975276589734422
0.977399945335929
0.9658025318936669
0.9125274950432043
0.85644532517811
0.7949556924195016
0.7389474529641392
0.6831763471688326
0.6292770031942939
0.5846439410123095
0.46103766288990533
1.0212684055968235
1.0442054497557678
1.0493534817827896
1.0567535185832821
1.058587352082109
1.0568706268546886
1.0138631591693965
0.9532139954536606
0.8832938777772456
0.8187285032438125
0.7542197673220168
0.6918375608933537
0.6401915310386838
0.5878453356072109
1.13241773172377
1.145812691864773
1.1557673403618642
1.1657709579570474
1.1674163020235724
1.1578720164724328
1.1007623172393868
1.0204150311375149
0.9427129780864034
0.8641397604570465
0.7879442575745305
0.7248729810702745
0.661010650846623
0.6049239672891463
1.2085410876640663
1.2219560097205857
1.2319363298464405
1.2407579878718524
1.2421912316022592
1.2421590668970763
1.20742254210041
1.1247926852184034
1.0380200627912237
0.9485237160725019
0.8612880807222526
0.78903874793976
0.7159437852354766
0.6517532221230027
1.188661808436548
1.0973798789828575
1.001221241720143
0.9069703501548504
0.828836675471484
0.6804717921379706
1.2976917522405007
1.3219400148889044
1.327957310869459
1.3254745104748746
1.2593880095583858
1.1649742709267115
1.0616037740964068
0.9592770900733967
0.8742766864960455
0.7883360882957093
0.7129683185768851
1.3493413870730253
1.3714137007759681
1.376240316341952
1.3410687511866834
1.2481090326359814
1.1370109236962676
1.0247046624690375
0.930976476506997
0.8361902658572722
0.7531258548008168
0.6727011131369468
1.3873334803907575
1.4066888326611435
1.4112028409061188
1.3958170579392926
1.314908823824757
1.1994344440504099
1.079177067274053
0.9781249619262129
0.8758344625642807
0.7862332127364526
0.6995850434254866
1.4413219986863062
1.4444276348785796
1.4417377205589792
1.4300664894956123
1.3845572498238332
1.34540059693411
1.2682179581669721
1.1399365234966465
1.0307570430706239
0.9199482293779773
0.8229313020014374
0.7292184853886098
1.4558584467649158
1.4710537846094822
1.4704893783466484
1.4467036500459118
1.337271421320177
1.20252471195544
1.0851953806044203
0.9655414157775046
0.8607068996435785
0.7595701255020096
1.4994692603055928
1.4991928797036533
1.495652747222847
1.4763797732566437
1.4648604383671444
1.4193650299476122
1.3585207228407021
1.281672530300294
1.1548967997290314
1.0239835408666345
0.9089602848796184
0.7981398215636767
1.5166917154889408
1.515401204448026
1.5068151802925636
1.484927232226623
1.4535894482801728
1.4055230969592731
1.356100245287312
1.2225158855694074
1.0810495603723724
0.9562002929367449
0.8355720005657902
0.7824038036976831
0.7813833274117609
0.8696144717272357
0.8814373784669985
0.8596843300982756
0.9576281767502863
0.9564958565641672
1.038598517038845
1.0084457954676418
1.1358366068004357
1.1423136167028132
1.095776631331937
1.2145602676093963
1.1968296023952874
1.2246602680597864
1.2507919047678975
1.2753856926625822
1.2979149884113412
1.2514974335408906
1.323148877140018
1.3441728079447348
1.326470586734506
1.373453792799485
1.373353665085127
1.3076994831289126
1.372143277897457
1.4082969275289352
1.4343163165907398
1.4251534336724958
1.3312676941570982
1.4577384672470288
1.4073938705958635
1.4616605719015305
1.349979300844874
0.7183859856618289
0.7341122717810252
0.7812893629094737
0.7982190050918646
0.8086499730790307
0.8762376930042172
0.8946194550849594
0.9053785296908058
0.9099072782400982
0.9077269444900892
0.9745883038545358
0.9937006200176994
1.0041327288055926
1.0077486027505966
1.0033284059643515
0.9786960160847463
1.0432424330724546
1.0623054067194224
1.072466148108224
1.0748662627839662
1.0748064463036575
1.0729260772327245
1.0688288749716728
1.05582598564184
1.0392369284749863
1.1085386001865103
1.127798110743744
1.1367183913624377
1.1376174641748078
1.1347374421572245
1.1295167092475114
1.1135335692268877
1.0951280656470939
1.0568473693027458
1.017535513139573
0.9381372246369649
0.9012562262988614
0.8479375085878453
1.184014490963739
1.2018405688087992
1.2092058663524716
1.2096488780897436
1.2076413180810068
1.2022349603963431
1.1964806394319827
1.1767352455077356
1.1551299456075061
1.1173342514101083
1.066200553917371
1.0303169676243653
0.9773420045240128
0.9346983547925853
0.8766179711358335
1.2266211500659174
1.2430696115090027
1.249178298544735
1.2458635702566263
1.240397884883992
1.232172050632184
1.209961617246088
1.1860864810516663
1.138617372720363
1.0899586325239785
1.0509785365225834
0.9940271989089602
0.949871122237437
0.8869041842117082
1.2729846225262917
1.287098885562966
1.2911070915221625
1.285095862475123
1.2682185490644449
1.2163487459238207
1.111521613595082
1.0074419996204607
0.8924285166755118
1.3094816069909156
1.316157583338183
1.3130371958599847
1.3003327015794883
1.2881830688779854
1.2607127981668145
1.2308114485545543
1.1759452963673016
1.1195421574753202
1.0826843720707153
1.0095422149401014
0.9625682224853568
0.8895556396539868
1.3319755123871535
1.340911422657022
1.3395358928944714
1.327640036175541
1.3154314013535535
1.304976370057376
1.2736825930107127
1.2407088999966915
1.1767642627163595
1.118917882747005
1.067054830426113
1.0023163743560184
0.9456584848281561
0.8743321376771082
1.3441573354278955
1.350265949737754
1.3465789138657707
1.332121585862085
1.3199142440979714
1.3049540233694052
1.2706988688298477
1.2372212531657465
1.1726750100926084
1.109061247277178
1.0688745772874153
0.9865338647897566
0.9296122461182438
0.8544232395685928
0.6971181681245628
0.7139157033284548
0.7570997241578056
0.7751324072096561
0.7857267053389821
0.8472976145837382
0.8665201357098222
0.8771934716184496
0.8736303759974262
0.9398793487032062
0.9602183739353194
0.9672108644340469
0.970018027518222
0.9627127766420774
1.0045398050583938
1.0240599500683734
1.0300708722519898
1.033349753796512
1.0316514056123225
1.0225245334620094
0.9970057786267903
0.9652476973009151
1.0651763820352418
1.0847594267507534
1.0902730827871923
1.0926144401468363
1.0885379847035823
1.077665022993966
1.0475185319182172
1.0123166969662707
0.93640869413953
0.8474397188127466
1.1345893544510497
1.1526043331660334
1.1575013875081277
1.1581813517864818
1.1510206188108332
1.1371351329608064
1.1069028356678285
1.060869079371318
0.9755804769589663
0.8761160624842944
1.1736054655926966
1.1896600205056829
1.193178341900299
1.1933609169924364
1.184012652478575
1.1679525814014255
1.1289465404045278
1.0846155871440426
0.9922877096159094
1.214907410575372
1.2287213381223134
1.2293204996617828
1.198214734336701
1.1061941403825684
1.0057281326036294
0.891950243127151
1.2470978327830078
1.2516356817813392
1.2525309271937413
1.2495675769303551
1.2348232029593904
1.2130498487239223
1.1664285901961766
1.1143302569169564
1.0078840100820847
0.8890934266722058
1.2649613716921122
1.2727797954024942
1.271138181972212
1.2670576541023377
1.2483972955769078
1.223364562817764
1.1678984871609492
1.113948794964035
1.0282680641976907
1.0007381806719717
0.8739015431264998
1.2732178868443447
1.27827791271594
1.2754553962374973
1.268674920928687
1.246594501524301
1.2204055553778366
1.1639042417944827
1.1042790365893413
0.9850445653855344
0.8540222588359263
