0.7285546646763612
0.7444346982492679
0.7334246530096619
0.694027678624681
0.6473419851027992
0.6059515196529892
0.5623990200533469
0.523156499773765
0.4664725074696411
0.38348464330268855
0.8016439554463006
0.8257895499781603
0.8331215413335015
0.8336866036067913
0.8000932356447109
0.7473991551581907
0.6982049552922384
0.6457649110938631
0.5983789590872934
0.5512874242489487
0.5057875773762294
0.46811087639245
0.3964569879354037
0.8777041166228534
0.8886319585626531
0.8971104640249814
0.906055081298277
0.907709230562287
0.8932313779940053
0.8394446769066912
0.7837713408931478
0.7230202780798843
0.6677877888219721
0.6128574081045262
0.5598125805379138
0.5159237938854907
0.394763739109372
0.947567867986452
0.9676243603983458
0.9719669670168368
0.9778094858938833
0.9787963013429444
0.9760407419905093
0.9314341284924553
0.8710993926766755
0.8021575157661052
0.738712020428208
0.6754561498302227
0.6143780713096986
0.5638871545810601
0.5128001562928876
1.0450032417666493
1.0566106643806137
1.0650232013059644
1.0729287488769548
1.0739908650046046
1.061719433737006
1.003888933520537
0.9246678770773876
0.848639482685235
0.7720435223994047
0.6979621851295417
0.6367875561166877
0.5750015297566804
0.5208855856496972
1.110505829089831
1.121974397289051
1.1302415229549791
1.1368933727575
1.1376510632348111
1.1365513862443573
1.0995661228706697
1.0176656602467433
0.9329109080952224
0.8459857136418867
0.7615640867336458
0.6918595378878393
0.6215537317998231
0.5600564928905992
1.0744604859233204
0.9852982644871052
0.8920746777781173
0.8011011087570306
0.7259472261477942
0.5840048916960391
1.1855398791599827
1.205288294917343
1.208752281941693
1.204935215331303
1.137230552219877
1.044858100481853
0.9448030791637604
0.8462989408626512
0.7648030832078242
0.6827157373418704
0.611053568156449
1.227812354793115
1.2454085652487858
1.2474144890356318
1.2095240446504154
1.117963691929489
1.0105277034306077
0.9027266620275457
0.8131908451773461
0.7230276261796105
0.644404880378936
0.5686657838564853
1.2581296147357823
1.2732852984898102
1.2750084566483295
1.257242645260877
1.1765694560243438
1.0648280454047172
0.9496135165285403
0.8533449388829997
0.756351112795002
0.6718366643911742
0.5905413735701032
1.2994684529763214
1.3002609104488534
1.2963154219016322
1.2834290769563503
1.2375036233580294
1.1991483247212937
1.124535991894728
1.0018064550589816
0.8980757873861414
0.79334699974648
0.7021694165574098
0.6145873643388501
1.3098344154934585
1.320850041499429
1.3172264488980008
1.2916398851553281
1.1843670175064958
1.0554558733058659
0.9442410104687092
0.8314963661045532
0.7333117249347738
0.6391487194305921
1.3390237447944302
1.3368291698633967
1.3322878708015016
1.311679484996079
1.2999589891628611
1.2551681082039055
1.1964307303634332
1.1231126548618124
1.0031908734841108
0.8802354585437995
0.772975018002308
0.6702498945760955
1.3469920466847434
1.344049079493443
1.3339883334015066
1.3113588402017624
1.28031302852221
1.2337669737559585
1.1865043788655745
1.0601917662941305
0.9277064536761879
0.8116308742160582
0.7002990025964372
0.7314766540161828
0.7278654391331751
0.8104623534892863
0.8199906434169236
0.7960826122162986
0.8886817805139743
0.8846244818377418
0.9591743171029109
0.9264614815860557
1.0449751786060548
1.0474743570277973
0.9993506470267504
1.1113507778916882
1.0899423200888674
1.1207605096871425
1.1381306733113419
1.1629652352299535
1.179958124409058
1.1301304057883914
1.201734549674294
1.217145694299181
1.1964095898440616
1.2410449935531045
1.2370970691607195
1.1701497060630155
1.2264660181122127
1.2660021968907729
1.2850020193441682
1.2725085027520824
1.1790833239098726
1.2969019086512903
1.2446545485877811
1.2909653945843753
1.1811933801002579
0.6708313107084205
0.6849003508035272
0.7274945218808074
0.742527093816435
0.7514550463905296
0.8121099013901745
0.8282246326634648
0.8372181974278716
0.8402705068691416
0.8369738006881161
0.8983872831248453
0.9148529268189615
0.9232831723840023
0.9251852590653028
0.9195482691019033
0.8938221090086715
0.9575946317466931
0.9737705252052482
0.981696380346865
0.9829369389407167
0.9822785756428466
0.9796984100626697
0.9750170922128883
0.9612877506489524
0.9444013305452434
1.012880231141721
1.0289079661916773
1.0355426054968977
1.0345382245417647
1.0309440792345872
1.025163551301111
1.0085217207875852
0.9899355186778039
0.9519611202320878
0.9133911961599267
0.8360668113858567
0.8002910680112088
0.7487101314049592
1.0750907400183969
1.0895163154119574
1.0943858665253454
1.093813136227049
1.0908770007836532
1.0846705504787253
1.0785364746910315
1.0582441460803407
1.0366572610351124
0.9994577432671256
0.9496597967981003
0.9149090592051603
0.8638072745438803
0.8227880751268437
0.7670916037729965
1.1090157255197075
1.1219184220214682
1.125522773620092
1.1203410044520903
1.1141960867698433
1.1054850973289936
1.0829196088817905
1.0592301844473953
1.0128205683545368
0.9657043053143527
0.928168935936128
0.8735215756550464
0.8312935838909424
0.7712646013011999
1.1444149903621146
1.1548942398305713
1.1563453875452814
1.1485175160253158
1.1306757733724757
1.0791303675018844
0.9778918016233823
0.8785986795732089
0.7696373262112367
1.1704475302238901
1.173402572771287
1.1690087341211035
1.155066174112243
1.1426341510506406
1.115271536295558
1.0860595177833683
1.033149012440137
0.9792393347194402
0.9441665178960713
0.8749015749269599
0.8305992438288421
0.7619561153471317
1.183013907957074
1.1884543958231342
1.1847731261882437
1.1713593312551576
1.158756016784708
1.148253754153247
1.1174810298414923
1.0855824398550897
1.0245106640198793
0.9697230297794509
0.9208794846664141
0.8601352880920561
0.8071988809929945
0.7408141425353839
1.1868870765866626
1.189638424370386
1.1838157019851567
1.1681221730706124
1.155692706403844
1.140784868986641
1.107454243553882
1.0753568066471588
1.0138438462957113
0.9542606642652175
0.9166305064171706
0.8399121518936086
0.7871038129224025
0.7176858739982287
0.6497152462884229
0.6646482013197209
0.7035164780568871
0.7194156764816745
0.7282338239301178
0.7835136008870636
0.8002105928085825
0.8088279891460427
0.8029155496595108
0.8642621454668717
0.881597070495934
0.8871521692488847
0.8890564531137554
0.8792463206777903
0.9196266625739312
0.9359852525659684
0.9406402915297833
0.9427149000484748
0.9393234968182398
0.929247688802726
0.9031038162690997
0.8714372202060411
0.9705318931156005
0.9865947099955795
0.9906541438697957
0.9917617178059398
0.9859483590985504
0.9741974472968444
0.9435858061298688
0.9087233118659923
0.8345328685413466
0.7482728616828859
1.0270949689329785
1.0413305673356472
1.0444584053277417
1.0441143687769356
1.0352162027990874
1.0205741111207687
0.9901675143560402
0.944935039107363
0.8622589364658696
0.7666553107471222
1.057721361077858
1.0700200124695882
1.0719635883047658
1.0708205729369094
1.0598032814828982
1.0431139251730233
1.0042626298898494
0.9609965931627737
0.8720027447646782
1.0884272124957404
1.0984019318652904
1.0961854415292152
1.0631622052650562
0.9732359228678715
0.877115442977897
0.7692286680742214
1.110657226025299
1.1133733877451928
1.1128726408004332
1.1085958387640953
1.0925163841215686
1.0704912844949412
1.024847241864554
0.974715162710803
0.8734771122842251
0.7615644472350213
1.1192923513523825
1.1233133592961995
1.1200288649236563
1.1151409574413083
1.0954694619221466
1.0705285468424646
1.0168584089540906
0.9654560565171294
0.8845289145540219
0.8587954104715606
0.7404542504135545
1.1198571423493549
1.1213049630259855
1.1170969794368788
1.1094010380908672
1.0866338351842335
1.0608759757424535
1.006335991580703
0.9501893993053323
0.8386598972375704
0.7173542707626537
