0.7186123353553889
0.7363692932452731
0.7325652210959347
0.6997534312740958
0.659588626929329
0.6236675026806977
0.5857462086954517
0.5515292478929323
0.5020665268426125
0.4296036833599378
0.7967343796523805
0.8232630860472191
0.8323057822255531
0.8361073676199416
0.8101749466636528
0.7650121375157526
0.7220273088239668
0.675907775610191
0.6340908827917249
0.5924263049402089
0.5521034853280198
0.5186742649593279
0.45483045123961563
0.8795748448755029
0.8916181919438595
0.9012532580948462
0.9122087667981134
0.9145559981502748
0.9077751926112506
0.8625065453994368
0.8137479346102648
0.7599005145598836
0.7106887377572738
0.6615381717283871
0.6139312875347365
0.57444288694314
0.4645294424580386
0.957292366284575
0.980207979400276
0.9855257547915481
0.9936091268440281
0.9961164302593863
0.9957800496317387
0.9604621108386658
0.9077982659517759
0.8463462825516065
0.7893206348773282
0.7321306089031702
0.6766701928334913
0.6306528628702558
0.5838705386414653
1.0687885062210836
1.0823027911904088
1.092573108929093
1.1034892280195454
1.1055378083033929
1.100245858026941
1.0516369796023297
0.9809142637745287
0.9118230448221614
0.8416086914602069
0.7732618055213873
0.7165159854395351
0.6588518477887795
0.608019608744399
1.146432359536743
1.1601229396209942
1.1705964484666103
1.1805631729046868
1.1825237601297682
1.1836408225183517
1.155958847225099
1.0835774722529246
1.0061976640440067
0.9258187751173628
0.8471043419594293
0.7816755522398751
0.7152190095195713
0.656608959439447
1.1465105120425816
1.0650541539725242
0.9784667326905462
0.8931401106815383
0.8221199543179329
0.6864116127514377
1.2389925345958466
1.2647883457032914
1.2726954875472984
1.2719603445769587
1.21629259198618
1.1321420828335778
1.0388411270720492
0.945884442493591
0.868319633546997
0.7895504065745977
0.720134500556845
1.2937653063772148
1.3176330172386344
1.324721727077487
1.297045336100405
1.214749503264426
1.1143012048840126
1.0119007371145459
0.925991035213093
0.8386942089948366
0.7618012263296765
0.6869813707518292
1.3347867889692837
1.3559763549100885
1.3627997303596975
1.3518756016865914
1.2812086073623508
1.1768187713629816
1.0668934530905314
0.9739652452892316
0.8794116357964061
0.7961453193226883
0.7152038610970102
1.394738694343208
1.3998183277717295
1.3987600923655368
1.3898342536177655
1.3506068232065291
1.3156614678526657
1.245763361835881
1.1282681407585053
1.027538309068577
0.9247273569262093
0.834209977031553
0.7462991209428411
1.4114556308496045
1.4289422750742955
1.4316111946112826
1.412669525837168
1.315036444136847
1.191516521419075
1.0829622351170007
0.9715594904681486
0.873372668360976
0.7781202750925867
1.4637352165749518
1.4654180618672425
1.46333775125793
1.447822509296564
1.437948683456629
1.3974927335546816
1.3422287354950875
1.2715441587447218
1.153940307612166
1.031588363593268
0.9235077390532594
0.8184325284967057
1.4875228702151853
1.4880189579314953
1.481951333490496
1.4635746785395944
1.435803359575494
1.3922447951282626
1.3468591825418894
1.2228200061967343
1.0902075946194918
0.9721602442749149
0.8577209898246915
0.7249627456686746
0.72701920132969
0.8096692145240172
0.8223677786063492
0.806109278538198
0.8967528394128116
0.899007097934996
0.9785087018680173
0.9553108427244537
1.0754928765735887
1.0853898816876877
1.046848175788858
1.1571909570391221
1.1457557637043878
1.1668219291239683
1.1987699525115956
1.2199360736571812
1.2453283617668087
1.2086151923290938
1.2709028641547222
1.2950353639695364
1.282814747932307
1.326045006660917
1.3299386184898965
1.27412249930783
1.3383878346218379
1.3662359019737778
1.3960677111064048
1.391429815858767
1.309074258637575
1.4276905769178407
1.3855876786659027
1.440407466897786
1.3407145943651366
0.6664893602353853
0.681790207358256
0.727846671855745
0.7444612145874145
0.7550697956898265
0.8215153105446517
0.8398055688532751
0.8509946115324121
0.8565019539277914
0.8558450726402164
0.9200439383533886
0.9393965934455368
0.950559533014939
0.9555110820056022
0.9530306648868786
0.9329297783316592
0.9898914375803769
1.0094704466093822
1.0206512359658406
1.0239656951135097
1.0245543399860213
1.0236777630889713
1.020756183609409
1.0102799080014608
0.9962376502932662
1.057358641066802
1.0774725076308316
1.0876320065485523
1.090429344842922
1.0886868616174687
1.0847476197879309
1.0715953729101928
1.055826974902368
1.022302675821888
0.9874122867986382
0.916312745906566
0.8831298257946966
0.8349923168527638
1.1369917760600239
1.1560336881235496
1.1650482329447727
1.1664949873845063
1.1657362953019779
1.1618696211477682
1.1573188312903597
1.140669893638257
1.1218842033507201
1.088412100524457
1.0425717839506192
1.0101966644849585
0.962176700881677
0.9234082489158023
0.8704125325375407
1.1830749495533288
1.2010591357047924
1.2089689306546079
1.2080220045830279
1.2039664542867725
1.1973192442290441
1.1783730665683747
1.157402661279882
1.1149989528977085
1.0710742983054569
1.0356348809948155
0.9836888116909716
0.9432472607237786
0.8854034101101408
1.234674010929175
1.2506300256050815
1.2567614358173163
1.2533603350856417
1.2396431491680289
1.1941070765264388
1.0990800080310954
1.0034880233575065
0.8970562729777299
1.276881103363111
1.2864716873645499
1.285040551106753
1.2752027575959488
1.2649004119378755
1.2408155690389615
1.214043566740541
1.1641747235860092
1.112453325958734
1.0784053033749124
1.0106975285061532
0.9670491020375004
0.8989593512011723
1.30602017201423
1.3173302360175867
1.3184423952841757
1.3094950790842483
1.2992130030981557
1.2901213273441912
1.262236629861569
1.232344560428166
1.1736090307788096
1.1200046121300578
1.0716672623122305
1.0111187181829302
0.9579117779282954
0.8906652530067571
1.3244176863838608
1.3330454910022635
1.3319026664932303
1.3204399440134236
1.309965024769894
1.2967831533378757
1.2659273440728824
1.2352815367543708
1.1755678624487138
1.1161423252212805
1.0784826408400046
1.000909847329362
0.9470466297792841
0.8756637185089942
0.6481488153428386
0.6645923096187044
0.7068927436080383
0.7247099642549789
0.7357508565438442
0.7962650883259751
0.8155540206158508
0.8269768721961174
0.8264568000621245
0.8894796173217023
0.9102514078639575
0.9178573501473428
0.9212507210195221
0.9176218557469615
0.955660916257439
0.9759188245127052
0.9825661696798047
0.9866850678345802
0.9870166062042214
0.9801228538189497
0.9586904811437122
0.93107966877507
1.0187376916951907
1.039434352682132
1.0457477082354965
1.049073678864912
1.0473782878053766
1.0388739129380888
1.0132129217287915
0.982309100908269
0.9146099958846939
0.8344973260449159
1.0925998171730145
1.1121826905521175
1.1182980179922377
1.119950780188225
1.115557005466963
1.1042638700650202
1.0781641079689495
1.0373132510934726
0.9604252701337441
0.8699085317370137
1.1352077894180554
1.153061566383504
1.1577409676088533
1.1592812325993753
1.1528787356005352
1.139549011485589
1.1054403847173155
1.065772574359905
0.9819488659341779
1.1818955906081183
1.1978633683305608
1.2012621644528074
1.1761302913903886
1.0937560633802232
1.0017608397093793
0.8965690638326179
1.219866984741935
1.2256630067442948
1.227864644124563
1.2266028551687682
1.2150751342858517
1.1963421132937253
1.1546516534655111
1.1072161146368866
1.0090168281236866
0.8984856158914988
1.2442615396395262
1.2548100511077076
1.2550257866668053
1.2522310704729949
1.2369055877420252
1.2149255628732498
1.1646649089725596
1.1149708082598258
1.0351464479906791
1.0095054657915163
0.8902198199738603
1.2585410180731014
1.2664793948201094
1.2653529889108268
1.260329742214453
1.241642418729168
1.21829935063181
1.1666705310956202
1.1112695606161276
0.9993779079984794
0.8752461191236899
