0.7917195956700755
0.8092565635073395
0.7982512240460122
0.7563217852899448
0.7065161046099147
0.662370716146341
0.6159551099827524
0.5741828801913998
0.5139297566570457
0.4259002356160921
0.8707660396035177
0.8973242458830257
0.9055250981443375
0.9065865544395788
0.8711932393725967
0.8150994052511649
0.7626711640053521
0.7067932234324724
0.6563392178826624
0.6062340077741446
0.5578610427301549
0.5178300897915314
0.44172890783767227
0.9533109412303368
0.9653189452556278
0.9746759199002357
0.9846591342943775
0.986549512842183
0.9719533826022426
0.9149064527238864
0.8556339217978167
0.7909165570532732
0.7320988154181787
0.6736228784554166
0.6171798025883312
0.5704935470515148
0.441556899554592
1.029218356630193
1.0513443248867331
1.0561858274684093
1.0628325400771932
1.0641227271446585
1.0614870079631211
1.0145759424518843
0.9504512927809926
0.8770412756817095
0.8094723704099375
0.7421041837967183
0.6770644238851546
0.6232995093884206
0.5688949211570143
1.1353535442400526
1.1481687039679411
1.1575288050738397
1.1665078554545383
1.1678061447795354
1.1555872391745832
1.0945210857458016
1.0102934252292863
0.9293278475359963
0.8477127735817512
0.7687508585473394
0.7035242012841663
0.6376155670893469
0.579837041993232
1.2069620528987968
1.2196656625200288
1.228915458066382
1.236580005044198
1.2375818731790489
1.2367237348728206
1.1982360861815184
1.111377770357935
1.0211621864972862
0.9285227090201379
0.8384879734845724
0.7641029729006339
0.689027070926692
0.623282572107793
1.1730877888108342
1.0782319479144362
0.9788777440574659
0.8818269979896803
0.8015896035403943
0.6498378224055437
1.2893319873240159
1.3115645573880639
1.3159660782592422
1.3123225329533794
1.2412666718066423
1.1430986112176105
1.0364742012238404
0.931361313681162
0.8443118242555311
0.7565451295917234
0.6798178885872281
1.336127607374795
1.3560071971961445
1.3589378233395157
1.3197406557137332
1.222693197286237
1.1082487961793097
0.9931892370585265
0.8975026321429018
0.8010353421817733
0.7167823539658476
0.6354863304099941
1.369847888079062
1.3870661463873202
1.3896946155191594
1.3716451317482399
1.2864784432284064
1.1675328785057937
1.0445521185362616
0.9416342384156086
0.8378048091306007
0.7471789177518414
0.6598557552209704
1.4165817932689335
1.4180899878359807
1.414298151540475
1.4010669607540929
1.3527710235678798
1.3121059094910204
1.232703961222246
1.1017151356636978
0.9907822449845436
0.878617465149818
0.7807812300754274
0.6866350414973008
1.4282020667250863
1.441067480149473
1.438054208665771
1.4116302458293932
1.2979542165832416
1.160461072552014
1.0415033036114658
0.9206797078474767
0.815266158630863
0.7139805178122307
1.462461539709084
1.4606789489228682
1.4561907643237877
1.4348675513015001
1.4225835437407592
1.3752172248378178
1.3127535888352002
1.2345251343534311
1.1062420970098388
0.9744613760100046
0.8591828277972025
0.7485935872970442
1.472856040069838
1.4702300682004072
1.4600624730854415
1.4364597450214673
1.4036925511789349
1.3542632694071528
1.3038952581167262
1.1688318856217312
1.026764705866013
0.9019966662730158
0.7820226439900795
0.7953560023514926
0.7922019592760527
0.8809092464060395
0.8917010181522761
0.8668288922786903
0.9660889265110794
0.9625958875088142
1.0431637292821156
1.0091652587229472
1.1362999715289446
1.1401036148219261
1.0895797696945744
1.2093442738076512
1.1877642441341647
1.2190176488754738
1.2399425324649902
1.265602225425105
1.2851656994903622
1.2335296063557346
1.3085439234942204
1.326457951234485
1.3054558472780955
1.3527457497434576
1.34970624817556
1.2794712205219552
1.3407271998852426
1.380898052787364
1.4029423434095913
1.3907611585511876
1.2921743054991703
1.4181841745761214
1.3637196450492695
1.4141644136122944
1.2980697456415022
0.7296294983757102
0.7451171048094121
0.7911775568810606
0.8077405884922356
0.817685141485859
0.8832300142295776
0.9010216764302593
0.9110945276361369
0.9147680854793677
0.9115896920007481
0.9773412134859752
0.9955890715100206
1.0051231605591622
1.0076422242802885
1.0020212391092136
0.9750669190787981
1.042142591305804
1.0601321884246124
1.0691879763415797
1.0708474579140828
1.0703276433908298
1.0678000707960966
1.0630170766860212
1.0486936697621971
1.0309043380653422
1.1028904728162954
1.1208045580452244
1.1285016036215625
1.1280044976247805
1.1244183724429484
1.1184643295462857
1.101066752510647
1.0814677690311068
1.0412273507209142
1.0002364488751148
0.9178994336095598
0.8797678984409265
0.8247631785192825
1.1716747846392723
1.1879255154404837
1.1938070625079105
1.1935054418474134
1.1906812074861761
1.1843663237270152
1.1780144659859928
1.1567363773997303
1.1339379389756983
1.0944859611896949
1.0415153370948673
1.0044963183826658
0.9500039756899833
0.9062271327504772
0.8467415431236172
1.209505193212758
1.2241743950010324
1.2287243452772574
1.223811331245483
1.217532931799807
1.2084819671641809
1.1847811324845205
1.159730903071786
1.1104545446240126
1.0603074911354278
1.0202692894932242
0.9619425320390184
0.9168296613450307
0.8526588247324114
1.2494204985078505
1.2615176727227049
1.2637908389348966
1.256093521336319
1.2375688211127263
1.183139099293605
1.0753622232390672
0.9692824906259999
0.8526407794291004
1.2793971740185501
1.283608981662453
1.2793522692063592
1.2650346333410685
1.2520084806550802
1.2231603477127562
1.1921798697637906
1.1358567606186458
1.0783265266939832
1.0408611223082458
0.966687321124468
0.9192608529650547
0.8456389664853006
1.2947869909027279
1.3015422361784446
1.2982860304839343
1.2846468136017424
1.271492642607135
1.2604482662383145
1.227900500431165
1.193983882552356
1.1288548701724934
1.0702707055380938
1.0179599625002795
0.9528171554857929
0.895978235811723
0.8245923492720326
1.3007354349957956
1.304608134475916
1.2990797209899871
1.2829212203321145
1.2699034861537055
1.2542165406476211
1.2188451126384614
1.1846964224520509
1.1189565245220803
1.0551444501275322
1.0147850559233744
0.9323721969792264
0.8755587252850063
0.8007672521145344
0.7070323583308227
0.7235031191027226
0.765548424879843
0.7831052926908708
0.7930168879358296
0.8527038474531955
0.8711956665723537
0.8809622403792893
0.8753742045213448
0.9409494066571042
0.9602265394360695
0.9665456438009032
0.9688342701860803
0.9591850491421762
1.0016824275031844
1.0199547789884145
1.0252882693949326
1.0278475341229203
1.024764967254379
1.0143848561056235
0.9869000763829783
0.953361492658032
1.0577668545456698
1.0758100599613596
1.0805424337494378
1.0820775251900803
1.0764587120521965
1.0642999073833932
1.0320800640707781
0.995132171361849
0.9162177796177292
0.8242821730459907
1.1205306828881667
1.136706683617646
1.1405330082772633
1.1404952552212793
1.131606321594341
1.1163739851967103
1.0843287014147507
1.0363418418766688
0.9483037993179438
0.846260682383407
1.1548411091508353
1.1689403323216616
1.1714568410350816
1.1706535149712398
1.1595336889056866
1.142115336204117
1.1010872948491732
1.0551471511809603
0.9602726780511958
1.189753858677997
1.2013853858512498
1.199886136016369
1.16563386649406
1.0702510879109275
0.9676489110763571
0.8521887609053835
1.2156152924021209
1.2190168097200682
1.2189034780829022
1.2147810793672948
1.1982494107996233
1.1751212451010786
1.1267459424504118
1.07335331989995
0.9651161300538106
0.8452049188016126
1.2266759274527512
1.232057354654215
1.2290792657723677
1.2241693215607352
1.2037592079430546
1.177458399929556
1.1204386165954705
1.0655697328044555
0.9789263537552588
0.9513354177047049
0.8241925659222138
1.2290338022649325
1.2316037791784211
1.2275757909426328
1.2196890536876637
1.1959738480563724
1.1687743211009496
1.1106854661125198
1.0506508662121137
0.930984387939555
0.8003977338790238
