0.7860989121001272
0.8034391586333713
0.7922298568442405
0.7503224244086687
0.7005770082312914
0.6564798979655826
0.6101037513302473
0.5683532194580556
0.5081067741222249
0.42005454186967484
0.8646253112303374
0.8909117290623128
0.8989880151229466
0.899909515026513
0.8644215387530912
0.8083533779863432
0.7559692340373612
0.7001342016473316
0.6497096040930618
0.599623487319835
0.5512607492813425
0.5112364760803702
0.4351641987248165
0.9465226472576357
0.9584091347393042
0.9676585593885649
0.977493942317044
0.9793446192920197
0.9644985683455952
0.9074076139129107
0.8481654681656032
0.7834914834503157
0.7247106369269466
0.6662663354544398
0.6098500203980042
0.5631879881074824
0.43439891845300976
1.0217591741180279
1.0436290075030898
1.0483985732292413
1.0549047653310033
1.0561188719116645
1.0533884146800894
1.0063083728963238
0.9421799010122945
0.8688079886202766
0.8012832674600275
0.7339612718146864
0.6689680672221794
0.6152484492280388
0.5608969208958372
1.1267701211711316
1.1394300352811988
1.1486493543946217
1.1574410923135896
1.1586787094833335
1.1461768517936302
1.0849727034361734
1.000745609879756
0.9198346271260656
0.8382906748572548
0.7594116211748618
0.6942676431026138
0.6284580948138668
0.5707978777289838
1.1974492515353303
1.2099706280567817
1.219061747141229
1.2265204413056696
1.227452014399181
1.226488419612756
1.1877109460471076
1.1007773317582876
1.010608651435232
0.9180590937293609
0.8281393893342504
0.7538720851575403
0.6789374067628312
0.613354618423207
1.1618038534092885
1.0669886934860338
0.9677340505625714
0.8708203649179678
0.7907249248494052
0.6393355112376926
1.278439284790263
1.30025837836506
1.3043944265135665
1.3006032690325704
1.2292054967076733
1.1310399095933823
1.024521975982769
0.9195716167799508
0.8326939987959548
0.7451399161089168
0.6686436375320016
1.3242639414394808
1.3437079048760452
1.3463354353882886
1.3067469030464287
1.2095810913966079
1.095239591400655
0.9803729620675484
0.8848988247077288
0.7886924999979507
0.7047253736483219
0.6237610526195541
1.357134863528687
1.3739230149615356
1.3762500476050084
1.3578625209241495
1.272471738992152
1.153603361733807
1.0308388725891233
0.9281687634666623
0.8246452779247704
0.734354472855123
0.6474144271619727
1.4024186997875738
1.4036494293368
1.3996973883422028
1.3862757852951157
1.337770883263278
1.29706495990558
1.2177394628091942
1.086953110915893
0.9763110317434833
0.8645032440867011
0.7670623781050474
0.673361283980099
1.4133833641450304
1.4258084631844872
1.4224009517238305
1.3956566611370984
1.2818273008279442
1.1445613927452998
1.0259305207799099
0.905537194681563
0.8005817046793492
0.6998049048909604
1.4457041200386627
1.4436908347067776
1.4390372748305702
1.4174655610526394
1.405089981207726
1.3575880615736915
1.295185296447092
1.217093384652505
1.0891880152829672
0.9578699351328172
0.843176110296798
0.7331956403341474
1.4546505059466992
1.4517858825843681
1.441353112415747
1.4175530121447522
1.384666947784255
1.3352101041027886
1.28490810848283
1.1502208621788073
1.0087199935957942
0.8845710203590279
0.765349073284072
0.7895790043222832
0.7862232051895885
0.8745345575262982
0.8851244011891711
0.8600883125666187
0.9589546716085349
0.9552061382049808
1.0351905909732806
1.0009375729206853
1.1273919316763106
1.1308065567951984
1.0800703790579722
1.1993125875947184
1.1773227191079845
1.2089061490612045
1.2289647280935732
1.2546440795978049
1.2736679078471598
1.2215380530676614
1.2966393744028744
1.3139732653841738
1.2925934584055643
1.339635990671627
1.3361311598897236
1.26553725174454
1.3258557328273546
1.3664054417918157
1.3876670648158127
1.3750177656578146
1.2761183551301865
1.4012257455307802
1.346238761785281
1.3955578231755879
1.279170734683529
0.7242387536295932
0.7395657183516989
0.7853079003436026
0.801694905760183
0.8114999487623975
0.8765524082638617
0.8941385527854251
0.9040513860781109
0.9075906428231654
0.9043102753975985
0.9696753487947991
0.9876822135417551
0.9970290672617889
0.999389914469683
0.9936479176419553
0.9665638838843795
1.033653132172407
1.05137897578705
1.060224161481465
1.0617692894768045
1.0611891846430845
1.0585898058323637
1.0537418760877328
1.0393269687519129
1.0214833661880336
1.0934697555010977
1.1110795639458626
1.1185566578259236
1.1178614545858143
1.1141944074827348
1.1081787674891492
1.090673841066191
1.071020863338569
1.0307369123370953
0.9897446094096147
0.9074641979268528
0.8693742511561936
0.8144361535739248
1.1609143823445385
1.1768317864666986
1.1824546915232155
1.1820427735205543
1.1790919279481848
1.172690653664457
1.1662776274991764
1.144898973205595
1.1220441161167642
1.0825607559428054
1.0296108654812763
0.9926212393409809
0.9381997790432984
0.894493877890017
0.8351242900211713
1.1977881134307167
1.2120951472983763
1.2163738563768478
1.2112350149125397
1.2048562640219564
1.195732436536869
1.1719151777624448
1.1468238762288752
1.0975379265541843
1.0474058463748035
1.0074397246003108
0.9492081526803806
0.9041978590683725
0.8401515817567343
1.2363813427262755
1.2480980683646938
1.2500581531080333
1.2421334040134933
1.2234278520725463
1.168858704756602
1.0611369208771961
0.9553102311939721
0.8390133088817521
1.2650325936057358
1.2687954773685144
1.2643664080421548
1.2498374149423312
1.2367291222240864
1.2077831260955443
1.1767784806529402
1.1204987331573977
1.0630661626195232
1.0256920131495961
0.9517356982903419
0.9044633429320671
0.8311215460105049
1.278909184902301
1.285206076323853
1.2817022885163345
1.2677430209939353
1.25448316680832
1.2433839104425939
1.2107641276142895
1.1768522089469267
1.111813453434966
1.0533933242445364
1.0012486969316925
0.9363607184091731
0.8797804101378432
0.8087607602235931
1.28347709802592
1.2868821470995098
1.2810498150879546
1.2646374056013172
1.251524048321308
1.2357693931401548
1.2003532616277008
1.1662048408590042
1.1006381098031883
1.0370374519880263
0.9968380366571338
0.9148401559388535
0.8583115509959204
0.7839751873094017
0.7016919315863369
0.7179821553563999
0.7597245055735143
0.7770819965590433
0.7868297183570329
0.8460675264471302
0.8643272876583962
0.8739044970268393
0.8680982232841231
0.9333189926656749
0.9523233115615659
0.9585083091476813
0.9607111893995188
0.950807667620749
0.9932261217109117
1.0112038076623726
1.016409196827634
1.0188500395389073
1.0155920764258228
1.0051014499882245
0.9775120508277088
0.9439321608961623
1.0483850812184825
1.0660931571450503
1.0706815587954068
1.0720973233545759
1.0662786326641218
1.0540054344363396
1.0216747878880328
0.9846900344159084
0.9058004418081699
0.8139608453727198
1.109818611419055
1.1256048405918817
1.129257539160773
1.1290900041408987
1.1200083206020188
1.1046525490850916
1.0725072062461316
1.0244932841821566
0.9365197701812198
0.8346498022438582
1.1431827105949737
1.1568923309402552
1.1592382751806547
1.158279718401799
1.1469270664360707
1.1293944402939233
1.0882747249443103
1.0423057769275073
0.9475597456206276
1.176796112626839
1.1880075404189536
1.1861596370616245
1.1515584836325254
1.0560922218341247
0.9537000608414044
0.8385685896158949
1.2013574941523502
1.204533750919086
1.204249517464367
1.1999478534010872
1.1831814921228032
1.1599380332223195
1.1115106057418627
1.0581635081646859
0.950189199295209
0.8306952117797302
1.2110108247977323
1.2158522729470365
1.2126596974563544
1.2076025296692174
1.1869659850604894
1.1605680390877013
1.1035280134940084
1.048769277241576
0.9623986097963472
0.9349059817382572
0.8083688607772624
1.2120102519459697
1.2140786663789895
1.2098331824706277
1.2017952304373143
1.1778451351755617
1.1505425076747655
1.092510476079774
1.0326262041105856
0.9134808179995113
0.7836143812555324
