0.7966008682407466
0.8140932530272004
0.8025456039393332
0.7599864967557971
0.7095283664750773
0.6648618020716041
0.617907434227943
0.5756878137005343
0.5148575658298787
0.4258789494600345
0.8753464786598424
0.90185691891429
0.9099797208024604
0.910834377873387
0.8748091075543527
0.8180300324130297
0.7650277578116129
0.708570347759661
0.6576367086643554
0.6071268054666505
0.5583056946415479
0.5179027577160364
0.44106612122565975
0.9575323037064088
0.9695119354075862
0.9788283757170627
0.9887210950132534
0.990574510336367
0.9754517645689914
0.9176971726219136
0.8578230597738885
0.7925006833023147
0.7331816252285115
0.6742839945054275
0.6173803429789856
0.570315962326038
0.4402701927830304
1.0330082385491586
1.055026151872665
1.059826932763275
1.0663579857792673
1.0675634135227787
1.0647755382082196
1.0171847794591748
0.9524393526822668
0.8784045581068378
0.8103286201044506
0.7425241868007664
0.6770200996513237
0.6228779801830554
0.5680893920135281
1.1384022469022514
1.1511447029055744
1.1604186867469692
1.1692518073790108
1.1704988730071915
1.1578692820462873
1.0961626318946627
1.0112966462722843
0.9298165383195036
0.8477712205155025
0.7683546785427332
0.7027641412701389
0.6364925809520441
0.578398506714397
1.2094172407660102
1.2220311021817254
1.2311826128140173
1.2386868443561239
1.239627744028321
1.2386547641151235
1.1996151634406143
1.1121149573621965
1.02138613836058
0.9283268681986516
0.8378567493642303
0.7631286257073983
0.6877174397693636
0.6216793036583061
1.1736526189890095
1.078302170595467
0.9785387578855216
0.8810684990201668
0.8005043620053585
0.6481630422975508
1.291076970152307
1.3130081766960622
1.3171926551709017
1.3133990713457728
1.2416633992784765
1.1430091103443731
1.035988859963105
0.9304778818018845
0.8431231335117282
0.755071248395032
0.6780965309373819
1.3373394822953295
1.3569619828928015
1.3596714802080097
1.319977216135034
1.2224299251293822
1.1076115090110865
0.992184168125067
0.8962225311162488
0.7994995577082592
0.7150387876635672
0.6335442897991915
1.3707027546476032
1.387680804384553
1.3901002765859625
1.371748608198893
1.286103216430994
1.1667990060044287
1.0434777063191372
0.9403122830849052
0.8362578461358701
0.7454544131904722
0.6579649893505876
1.4168480553902447
1.418180017161968
1.4142774772816535
1.400887104660477
1.3523115852547736
1.3115376101681802
1.2318977392145494
1.1005993428983707
0.9894508260757384
0.8770974259111232
0.7791155578305053
0.6848439877555986
1.4283790721574965
1.440977286288158
1.437796747089291
1.4111436476670425
1.2971201442741527
1.159347930853861
1.040208588813367
0.9192342845071084
0.813713936501429
0.7123354713588647
1.4621291771408096
1.4602679962112293
1.4557205069946442
1.4342868096010206
1.4219532486227475
1.3744227978243084
1.3118306109794526
1.23348749439443
1.1050715112881886
0.9731838844915127
0.8579154997853815
0.7471127506941438
1.47248662764709
1.4697885764280605
1.459520808963123
1.435812210219349
1.402955758894377
1.3534420857383453
1.3030157079724056
1.1678548885204298
1.0257486855838407
0.9009460548341128
0.7809687067632664
0.8000185839331393
0.7964665241375594
0.8852603391164822
0.8958904118992772
0.8704305001908802
0.9699597861464556
0.9660710344082198
1.0464200743996432
1.0117679544784342
1.138972831803425
1.1423812099030946
1.0912224676437634
1.2112837707991089
1.1891510752646761
1.2209484607025862
1.2411849885473765
1.2670813767429854
1.2862755822986531
1.2339396833822904
1.3095682956975976
1.3271211148324837
1.305719976659995
1.353220036816154
1.3498546454462803
1.2791129416259357
1.3402970547733792
1.3810785584716117
1.4027645543692329
1.390324472910179
1.2913557134315963
1.4177203650575232
1.3629579037696697
1.4135648554806122
1.297203070024711
0.7338260287022454
0.7493066268363605
0.7951454659246352
0.8116781591383283
0.8215566949079138
0.8867228591786539
0.9044505781651085
0.9144249568047113
0.9179630280689887
0.9146169988503725
0.9802075820106236
0.9983420897148925
1.007748746686098
1.0101014570018418
1.0042888068272846
0.9769487420991156
1.044487465006155
1.062336089424841
1.0712370584648503
1.0727907685586469
1.0722033089366687
1.069578693431239
1.0646908776934059
1.0501638032370442
1.0321839978813625
1.104680141884223
1.122421388229315
1.1299545629026715
1.1292659937861578
1.125581963107716
1.1195231417649034
1.1019189951943493
1.0821431992415071
1.0416148940099863
1.0004049446946193
0.9176639278363995
0.8793400585775155
0.824065366303218
1.1727599718272463
1.1888223008467675
1.1945219781325318
1.1941259109640459
1.1911850231834762
1.1847690294578244
1.1783532963628243
1.1568626213858624
1.1339200939947236
1.094301396166025
1.0410853236790618
1.0039081826412113
0.9492011185626282
0.9052593357313297
0.8455649619100111
1.2101679080431442
1.2246333245336756
1.2290075934706457
1.2239105918908415
1.2175271824620706
1.208390626228981
1.1845263191455935
1.1593857590870498
1.1098827644399936
1.0595265848097593
1.0193671951931425
0.9608569913516016
0.915609717673394
0.8512430743474789
1.2495371732358511
1.2615097469950871
1.2636338039992248
1.2557782174479464
1.237113011009713
1.1824052404222931
1.0742915870699532
0.967963491477845
0.8510928446511944
1.279200871360669
1.2832283207612887
1.2788915899478703
1.2644147849157439
1.251313630107414
1.2223278493302618
1.191246140307387
1.1347769026111711
1.0771246639010947
1.0395710716612336
0.9653003727730151
0.9178082441071952
0.8440955319193864
1.2944644888483883
1.3009638374700294
1.297725758250827
1.2838987056284976
1.2706746029299147
1.2595871352498056
1.2269466087463672
1.1929577519112453
1.127730052909908
1.069079025642791
1.0167247866014912
0.9515316353356004
0.8946555367866487
0.8232378429516694
1.3003276733530529
1.3040618593315945
1.2984378237979366
1.2821859989177382
1.2691227450116354
1.253395991701802
1.217976553921772
1.183724054597815
1.1179749773128784
1.054134131617278
1.0137534658119618
0.9313281829702059
0.8745252283031795
0.7997150258248519
0.7109369924664275
0.7273868212409224
0.769213085469102
0.7867226688271379
0.7965362106173609
0.8558913529567018
0.8742909245144286
0.883925390124999
0.878001651129238
0.9435087643873938
0.9626450219275822
0.9688681947282697
0.9710796334095491
0.9610635087754396
1.0037247722778242
1.0218333101713377
1.0270731816331893
1.0295298044105146
1.0262450947717812
1.0156748986820896
0.9878859882763837
0.9540640098501879
1.0592709144570294
1.0771173558019314
1.081748076634086
1.0831744621886497
1.0773413138606682
1.0649993872448962
1.0324831706128126
0.9953107416180188
0.9159865611554743
0.8235859582483552
1.1213613857830866
1.1372914762928583
1.141014891886542
1.1408885620349027
1.1317838811889436
1.1163945808924292
1.0841685231343672
1.0359257911845106
0.9475064472937685
0.8450859862454141
1.1552721999861781
1.1691560963073098
1.1715600618992035
1.1706479329162398
1.159340050713293
1.141814899058157
1.1005415800277434
1.0543819210359666
0.9591929498330221
1.1897168381722323
1.201203567803165
1.1995277394832864
1.1649494592378316
1.069196920865284
0.966335819482755
0.85064267512982
1.21531704930117
1.2186237166177418
1.2184062534381626
1.2141864273153053
1.1974869144786364
1.1742367714017565
1.125693800097092
1.0721673486238492
0.9637346623773874
0.8436631712027068
1.226286861606063
1.2314574324618415
1.2283689399130195
1.2234013281233431
1.2028684556180582
1.176489215902317
1.1193368559162566
1.064391197824972
0.977666363616218
0.9500541631672397
0.822839318016853
1.2285452595090796
1.2309816095902042
1.2268885284075524
1.2189714563104264
1.195155647860235
1.1678521501018533
1.1097221353983278
1.0496502851191032
0.9299431948682091
0.7993461433791309
