0.8749506785263131
0.8966714424352316
0.8922269801114578
0.852408293159348
0.8036516344847148
0.7600557902035268
0.7140390172276565
0.672515333613132
0.612458188574788
0.5242413499912858
0.96775849298764
1.0000657779475857
1.0110966605812743
1.0157901239243048
0.9844564538719202
0.9297788639242455
0.8777355334989799
0.821898701854632
0.7712655404900665
0.7208006974481991
0.6719210289758517
0.6313272982219928
0.5536155659529829
1.0662804580867637
1.080897982026683
1.0925950318561282
1.1059083889955326
1.108764822963916
1.1006936594573182
1.0460250971653022
0.987120043330622
0.9220709408554375
0.8625887742454073
0.8031734913424132
0.7455802204028142
0.6977323066706823
0.5640928894816805
1.158323511524919
1.1860546929086826
1.1924934894782042
1.202291548332751
1.2053473000816695
1.2049683307299417
1.1624403316273848
1.0989543169144342
1.0248511097262367
0.9560705878196427
0.8870711373589
0.8201090998861973
0.7644675405945486
0.7078497335909285
1.2898164137356556
1.306086047783266
1.318454901790538
1.3316149240492725
1.334086527835348
1.3277617487072015
1.2693570977942163
1.1843040410272794
1.1012237732124845
1.0167499278136172
0.9344662975865632
0.8660638028408076
0.7965002209222991
0.7350354294768541
1.3809248248156245
1.3973701544652435
1.4099475435755056
1.4219071884176997
1.4242736223216752
1.4256110213856332
1.392406700005793
1.3055482158898888
1.212675698205439
1.1161703116283084
1.0216005967003743
0.942904173121666
0.8629136400856341
0.7923243410387659
1.3796702981717552
1.2820258376399616
1.1781916286409262
1.0758038060701922
0.9904960869608307
0.8272664852641414
1.4890000091125355
1.5198262343441282
1.529254305808899
1.5283642074646038
1.461684123053274
1.3609285500269606
1.249189669600474
1.13779766584581
1.0447606380274488
0.9502134875647146
0.8667913575749212
1.552596974771529
1.5810294817147268
1.5894682769940738
1.5562632934958427
1.4578597854452884
1.337744556806866
1.2152320259226375
1.1123559250412767
1.0077562744272355
0.9155160432086369
0.8256298378308632
1.599994545074405
1.6251750403828837
1.6332280379916826
1.6200906669034982
1.535639101219494
1.4109534160768267
1.2796028639360122
1.168472953099663
1.0553271899082073
0.955584678911999
0.8584907808945567
1.6695404920806722
1.6755042956125854
1.6741911221073154
1.6634798201950378
1.6166090251337404
1.5749048764378686
1.4915094811248515
1.3512947193070093
1.231002501861985
1.1081529296608787
0.9998870564812087
0.8946006454657801
1.6877508641962191
1.708405908443788
1.711381646536348
1.6886761896072289
1.5722431103556471
1.4250147125654158
1.2955574200890279
1.1626244446544494
1.0453608751271604
0.9314526293843063
1.747287827505063
1.7491473959415411
1.7466017579526867
1.7279885924142766
1.7161904301310356
1.6679309337068162
1.6021697277155351
1.5180340247009876
1.3779990042614108
1.2322512221987472
1.103252016460026
0.9780862514737957
1.7730939539961603
1.7735346565426744
1.766167534292783
1.7441838587135028
1.7110711453930583
1.65923226533669
1.6052617014101958
1.457755145793511
1.3000184796734717
1.1594998249348585
1.0231306605812465
0.8827987829198156
0.885464103860834
0.9835848435219543
0.9990922217707939
0.9795161886795599
1.0872180945582957
1.0900699978665498
1.184099517156397
1.1562166846075526
1.297927134250315
1.3098833193954493
1.2635943594976828
1.3938681532213262
1.3801624192034792
1.4040723515562152
1.44233214377714
1.466184641276238
1.4965141432169986
1.4525030217637658
1.525263917022045
1.5539905576255197
1.5392827226996177
1.5894437022858439
1.593958798616131
1.5271985046204963
1.6020815397156682
1.634014998206264
1.6692002243939936
1.6634707784140992
1.5651685712309278
1.7042728682894321
1.6538382555058586
1.716819615066061
1.598005851279124
0.8115322850593296
0.8302358313698449
0.8847432113297714
0.9049969284965388
0.9179452952823032
0.9960990416672791
1.01830627847127
1.0319012286850622
1.0386242114986526
1.0378817860917262
1.1126813013047976
1.136073816585154
1.1495829688109251
1.1556195834194372
1.1526372113228829
1.1284584720926503
1.1949504239340145
1.2185363105153066
1.2320114394202228
1.236018465147574
1.236735965692399
1.2356893657332046
1.2321888173466438
1.219605562010733
1.2027323485088692
1.274066346714899
1.298220212397566
1.3104097446736998
1.3137685694573868
1.3116862567710774
1.3069599741734141
1.2911720460841316
1.2722486684795304
1.232011528988364
1.1901332122661343
1.104755794346443
1.0648895443556354
1.0070397790901269
1.3669276772991334
1.3896881715976588
1.4004346780608785
1.402152447728549
1.401228600784564
1.3965858740719725
1.3911378412616444
1.3711856433605236
1.3486729294591653
1.3085797011669305
1.2536666024112562
1.2148748551386401
1.1574017036867448
1.1108414756810838
1.047273703801346
1.420323617280632
1.441740599326976
1.4511397786200881
1.4499522637495097
1.4450646113148058
1.4371115849802742
1.4144166239859324
1.3893286283058848
1.3386028405455157
1.2860303214516635
1.2436442228974767
1.1814570760316385
1.1330469099229319
1.0637317500044294
1.4796699811837166
1.4985675672666576
1.5058029591729745
1.501639739991725
1.4851909181525473
1.430766138556531
1.317247473274897
1.2029988238262437
1.0757269464641421
1.5280641248342566
1.539305654140472
1.5375143932767013
1.5257005209141434
1.5133618431041633
1.4845874685059912
1.4526247728509016
1.393124861401442
1.3313875558248498
1.2908456042502354
1.2099164438808858
1.157822022557821
1.076453432534493
1.560026711625908
1.5732680726671184
1.5743790616020388
1.563563104657304
1.551252474621468
1.5403864456119865
1.507125577967301
1.4714615529623443
1.4014975424386313
1.3376249510641969
1.2800394917193239
1.2078710514267337
1.144390540105968
1.0642118866930874
1.5797242325770149
1.5896779310710574
1.5880947053761727
1.5742861652395133
1.5617520010872827
1.5460003290269597
1.5092081854790307
1.4727047390033225
1.401635257840338
1.330918482092802
1.286102461884005
1.193746855592403
1.129611291806786
1.0445074940723635
0.7892568952469217
0.8093605822895679
0.8593480372554929
0.8810704711729825
0.8945626872058595
0.9655892118997185
0.9890118334044304
1.0029066673915263
1.0023829060562444
1.0758741710993753
1.1009990953051307
1.110173443011553
1.1142860626792024
1.1099860068800675
1.1538004191037374
1.1782074921759886
1.1862160265363009
1.1911886379807801
1.1916115362765676
1.1833408371687535
1.1575798042035044
1.1243792354055124
1.227732526419254
1.2525727577846193
1.2601578499299275
1.2641506022450133
1.2621117840331866
1.2519053894113352
1.2211045218132863
1.1840099959170949
1.102712915075748
1.0064460229802836
1.3137948732181939
1.3371859802036163
1.3444805695034892
1.3464512482817654
1.3411469012477186
1.3276027685648648
1.296325766744671
1.2473791450861411
1.1553077007960881
1.0466713243881538
1.3631193493059641
1.384370586244034
1.3899175905894439
1.3917236415145744
1.384012478879939
1.3680264815054033
1.3271985988049406
1.2797053818203394
1.1793816656064542
1.416712304435468
1.4355999749569033
1.439520365352678
1.4093765239757265
1.3109138392233397
1.2009445655030793
1.0751476951593744
1.4601219652503123
1.4669335168091435
1.4694763123278112
1.4678867409501772
1.4540242573870188
1.4316078645342194
1.3818191741479116
1.3251707504977142
1.2079219760655238
1.0758915268468388
1.486564397888353
1.4988302075712743
1.4989214683795276
1.495537745772471
1.477144474152246
1.4508467058789785
1.390913635485506
1.3316694890105993
1.2365263585259763
1.2059631929921832
1.0636854533357603
1.5014538588339226
1.5105628384604766
1.5090706837165575
1.5029559087016249
1.4805353100984655
1.4526563690859577
1.3911334595979228
1.325168298415417
1.1919400764862014
1.04401542718065
