0.7948331342490377
0.812376465609537
0.801117657667284
0.7588567124595225
0.7087094811664092
0.6642815367111401
0.6175852466732968
0.5755673138247256
0.5149769708282339
0.42646535678811026
0.873630636275317
0.9001973546325986
0.9083717573012581
0.9093423385871764
0.8736308104469515
0.8171785775464828
0.7644501281495586
0.708274262463344
0.6575597256010323
0.6072096706121046
0.5586067648738067
0.5183877144331633
0.44192204589275813
0.9558941437923745
0.9678987122038465
0.9772445064803815
0.987194404859676
0.9890698139084181
0.9742226986831631
0.9168140869103226
0.857232804163076
0.7922088799453441
0.7331228674953643
0.6743973818571036
0.6177216421111723
0.5708463993006109
0.44136839804433375
1.0314495186546395
1.0535374755851379
1.058360786590073
1.0649573018307983
1.066208664425091
1.0634999796385787
1.0162507388663133
0.9518129529290226
0.8780959954529625
0.8102566837035479
0.7426403351876735
0.6773713191817416
0.6234218388740855
0.5688333586593054
1.1369479968008918
1.1497299215961823
1.159047184182712
1.1679613933411868
1.1692284786544604
1.1568063210517268
1.0954279066131474
1.0108925860308844
0.9296729917377035
0.8478239053503446
0.7686494170754441
0.703255301400169
0.6371812755863341
0.5792578656376879
1.2080140216971835
1.2206685302331233
1.229865310946123
1.2374453764833793
1.2384146198309585
1.2374990584519598
1.1987402024061475
1.1115774336590365
1.0211213759996312
0.9282667540981877
0.8380418129820281
0.7635099897407112
0.6882938770430104
0.622470100946796
1.1730165130050758
1.0779313734180973
0.978376990947948
0.8811533324210182
0.8007851383919167
0.6488026243201707
1.2896000690042686
1.3116915286001392
1.3159743451145265
1.3122536443096111
1.2408693486441496
1.1424846945199763
1.0356790430175702
0.9304160226661021
0.843256706920781
0.7553960496328529
0.6785833391504719
1.335877238347476
1.355591605803282
1.358390142933562
1.31893441313193
1.2216671654551736
1.1070667186019187
0.9918883613110951
0.8961219486910508
0.7995881506229604
0.7152860130791974
0.6339426266976094
1.3691521482467284
1.3862091538690293
1.3887050620207773
1.3704863986998457
1.2850976902665954
1.166012269156869
1.0429421486005026
0.9399720755229726
0.8361066090728823
0.7454599035799939
0.6581184819476594
1.4152213287588264
1.4166126784255963
1.4127549455888313
1.3994285884596323
1.3509906151431395
1.3102634031383271
1.2307918341516153
1.0997456591981631
0.988793033362117
0.8766292623112562
0.7788044519804276
0.6846772296567888
1.4264720158851385
1.4391373731054984
1.4360389994469975
1.4094528609409516
1.2956277599878887
1.158106189640829
1.0391652731088588
0.9183823837183774
0.8130213093575721
0.7117907594540156
1.4599356290176513
1.4580585620914819
1.4535260380762858
1.4320986754146003
1.4197792856202551
1.3723607693063702
1.309873154139935
1.2316586329680395
1.1034429939562491
0.9717537367354716
0.8565827389139061
0.7460972423428519
1.4697599449159962
1.4670512085512029
1.4567985746415868
1.433122275616021
1.4003110316998426
1.3508656551412441
1.300517131836319
1.16555208741931
1.0236415931754232
0.8990216072075534
0.7792141259692785
0.7983788743158685
0.7950465417649291
0.8836823932542557
0.8944142516844632
0.8692553913011741
0.9685238693081726
0.9648473416398311
1.045152766121914
1.0108346687913343
1.1377107196057263
1.1413198008318066
1.0904869419170693
1.2101308243704776
1.1882751357347159
1.219638282381968
1.2401951613502373
1.2657727145788076
1.28513235400633
1.2331447515244023
1.3082095718711055
1.3258982729172133
1.304678346176727
1.3518377063780505
1.3485987266145334
1.2781087494199412
1.338982046351154
1.3792661183686128
1.4010367090466003
1.3886513417889197
1.2898683454502737
1.415565503316469
1.3609081865323287
1.410921608717041
1.2947182641064992
0.7323506658033148
0.7478588494389012
0.7937321278101951
0.810302791524377
0.8202302808899053
0.8854261030478228
0.9032041007672081
0.9132404648116951
0.9168562976917733
0.9136009702049216
0.9790330626163605
0.9972347146895709
1.0067127676643632
1.0091551593157502
1.0034436432341798
0.9763025970773598
1.0433884571412475
1.0613106450502998
1.0702922898750291
1.0719003252213477
1.0713477982539847
1.0687735121420643
1.06394005229219
1.0495177825493844
1.0316375442612293
1.1036274016836674
1.1214531403056098
1.1290625524381026
1.128467503032583
1.1248332716472909
1.1188353023627275
1.1013299689266423
1.0816485097962503
1.041270961803843
1.000164161948053
0.9176270335210237
0.879409796999384
0.8242914215938474
1.1716997548825672
1.1878380049443762
1.1936137286997623
1.1932611578486798
1.1903821620623891
1.1840084168992653
1.1776320362172599
1.1562426188158488
1.1333789632699165
1.0938206252971086
1.040746830012788
1.0036646919982242
0.9490910180383741
0.9052525673758546
0.8456917185400961
1.2090451194886587
1.2235842561597932
1.2280270820212442
1.223008785987231
1.2166698403477059
1.207578938607164
1.1837877514696433
1.158675678106234
1.109309676051741
1.0590744065866
1.0190062501165957
0.9606237809313193
0.9154671368472855
0.8512480828977581
1.2483276289307454
1.2602821835159774
1.262425140289762
1.2546517195756681
1.2360168869703152
1.181466456533885
1.0735862907186544
0.9673265692066297
0.8507935009603094
1.2777283927994476
1.2817734088404802
1.2774463735992634
1.2630394527825055
1.2499691979624266
1.221060218908154
1.1900405127219111
1.1336838125397994
1.0761357291264184
1.0386440367428114
0.9644993320055709
0.9170860437866206
0.843481559803209
1.292481489379544
1.299079583552469
1.2957109180242832
1.2819754124262108
1.268779859976307
1.2577120711743148
1.2251607714581085
1.191193242610785
1.126067799196106
1.0675081620981481
1.015230506704265
0.9501341405064258
0.8933482389827486
0.8220307939677357
1.297918420863566
1.3016241041050702
1.296001151835461
1.2797608306192838
1.2667105322642578
1.2509963498330545
1.2156230232188132
1.1814309405513572
1.1157573062186847
1.0520014470295063
1.011683555262388
0.9294037291489685
0.8726276662483945
0.7979351368103674
0.7095948367181631
0.72608160641087
0.767939879547359
0.785498301641684
0.7953801112274982
0.8547389254479022
0.8732042172643499
0.8829208806396713
0.8771795846802553
0.9424853463979079
0.9617039497275143
0.9679809159759358
0.9702349665682953
0.9604133619563975
1.0027807149107413
1.0209745583262912
1.0262634041697454
1.028773607395036
1.025593566698
1.0151227069722903
0.9874888252298395
0.95381677481161
1.0583724956459926
1.076310767287562
1.080990946344376
1.0824780556136022
1.076744504063079
1.064497950045012
1.0321344168465907
0.9950666916131301
0.9159481731544238
0.82381141609135
1.1204489563843163
1.1364810661398947
1.1402478762228887
1.140160762844711
1.1311578687736918
1.1158485903241957
1.0836840700042059
1.0355848259232128
0.9473951875695716
0.8452122952689094
1.15429583517446
1.1682554855469147
1.1707026707404737
1.1698352799251601
1.1585995702725076
1.1411030658029975
1.0999658506297976
1.0539284258966986
0.958959053875373
1.1886015758233768
1.2000874235079912
1.1984437889845174
1.1640155226579334
1.0684927276126053
0.9656984934261184
0.8503434041221627
1.2139171338056711
1.2172380884532163
1.2170527367961201
1.2128683436404852
1.1962365161763422
1.173043334510515
1.1246073079636443
1.0711821236420918
0.9629349039814914
0.8430495838829374
1.2244371108760295
1.2295953541299363
1.2265389901860595
1.221581990723766
1.2011186709365749
1.174737836757549
1.117689395316674
1.0628291263145853
0.9762311187068697
0.9486598740703056
0.8216328026917316
1.2262615798933811
1.2286745779586157
1.224575712016953
1.216630440227566
1.1928594245289836
1.1655848112652079
1.107527629253866
1.0475311765249324
0.9280236528540796
0.7975678776356764
