0.7881896911281593
0.8056653312138329
0.7947331617859964
0.7529373633270801
0.7032296170638251
0.6591128359750397
0.6126723674692448
0.5708282340527916
0.5103882913592287
0.4221336849767049
0.8682399794030489
0.8947525212062519
0.9029403580732545
0.9040007569921177
0.8686314391680218
0.8125297769034737
0.7600386033289348
0.7040393678106346
0.6534261995743028
0.6031173623039846
0.5545729092689212
0.514420155340082
0.4379437192813429
0.9517343712977168
0.9637399559122185
0.9730959651364014
0.9830738426009735
0.9849630678484799
0.9703199712260746
0.9131514805098793
0.8537140561684813
0.7887652302796918
0.7296891862739455
0.6709152190373002
0.6142078838489721
0.5673262812904466
0.43772071089641645
1.0286416461686818
1.0507910886880667
1.0556357856402552
1.0622800192290134
1.063557968480958
1.0609001501181714
1.0137786799283695
0.9493710638288975
0.8756031187547233
0.8076527394417131
0.7398779089277023
0.6744589972601988
0.6204105271211711
0.5656367239324048
1.1362849329749993
1.1491386380374775
1.1585187763627975
1.1674995848634813
1.1687910240783197
1.1564153677069569
1.0949092348186782
1.0100913342750315
0.9285378293049471
0.8462934948029847
0.7667689432021143
0.7010976068550101
0.6346667563728329
0.5764573811844199
1.2089704009965434
1.2217109121561869
1.230977218328439
1.2386408841584384
1.2396255214240286
1.2387273332014048
1.1998307447242404
1.1122187181763659
1.0212320137204063
0.927779969834031
0.8370097426574347
0.7620414976740788
0.6863096903370319
0.6200642723878154
1.1746001434325448
1.078859754049729
0.9785709299772153
0.8806682204326938
0.799755023492367
0.6466453639039194
1.2926298815461328
1.3148573773933356
1.3191995949567454
1.3154613243750686
1.2435733949011218
1.1443787319963348
1.0366749724036872
0.9305701380132527
0.8427328853602923
0.7541198220401909
0.6766955235038182
1.3400407856721306
1.3599526377916689
1.3627875806618557
1.3229783161057143
1.224797965035233
1.1090906411176138
0.9928557448020116
0.8962348587126148
0.7987816786469595
0.7137115713212813
0.631710035716495
1.374214082101571
1.3914434076084896
1.3939635542880384
1.37555219229306
1.2892598219721296
1.1689083548963468
1.0445931202652448
0.9406147756110212
0.835679798918653
0.7441395060589292
0.6560246641904849
1.421313649077382
1.422704900368829
1.4187837430323742
1.4052922817163551
1.3562796811044027
1.3150735504083173
1.234670130430753
1.1021716159843797
0.9900327174347455
0.8766206340932683
0.7777591139763965
0.68272434603163
1.4331710718081117
1.445929536389607
1.4427694429664566
1.4158119907187139
1.3005475931962434
1.1613309029488812
1.041008039568255
0.9188084119993627
0.8122374446369132
0.7099618521007499
1.467408634105146
1.465488602039844
1.4608508524908697
1.4390864952655458
1.426565503659161
1.378470215938641
1.3151493051925274
1.235897043026599
1.106063837480037
0.9726862008880256
0.8561136600515411
0.7444022033166946
1.477619739841676
1.4748194331538362
1.4643563844114342
1.4402639765188119
1.4069458976881852
1.356753734748594
1.3057153144076974
1.16890802638431
1.0250624271681104
0.8988409982925484
0.7776236024237237
0.7918348429888038
0.7887084370776875
0.8783728791905263
0.8891432641161899
0.8642747469837373
0.964494979867706
0.960962592985037
1.0425477580629572
1.0083598834159389
1.1371684304677743
1.140876317731886
1.0899512784522536
1.2112131588366721
1.1893101051335055
1.2214102708424466
1.2421934244032464
1.268591515691271
1.2881367936566703
1.2357923705627394
1.312154819408265
1.3300101406216498
1.3086010359143743
1.3567441461006664
1.3534588987549607
1.2822078921646387
1.3441525785612627
1.3854278036049947
1.407384643649584
1.3947886811230796
1.2947304855266757
1.422411475237407
1.3668493638055526
1.4178103520723953
1.2998563652129835
0.7263946499704887
0.7418173216029414
0.7885449253294728
0.8050629727014498
0.8149761862010357
0.8816310669532111
0.8994046726529267
0.9094616276521349
0.9131037649584539
0.9098961288630452
0.9769263361344029
0.9951824703417731
1.004699204704408
1.0071828125581237
1.0014927489595045
0.9743466292517448
1.042594337585168
1.0606063113374384
1.0696448392779148
1.0712701944815208
1.0707238176509997
1.0681542229452097
1.0633114979181528
1.0488530800683207
1.030912569257452
1.1041719311193618
1.1221090587170353
1.1297808454564229
1.1291980291198815
1.1255443005406331
1.119516726155769
1.101920773997621
1.08212729605913
1.0415134684840806
1.000147775429216
0.9170931099945938
0.8786060979866405
0.8231969810186788
1.17387104729586
1.1901318894614206
1.195960151994377
1.1956016606693638
1.1926976440358903
1.186269067269463
1.1798186014847205
1.1582742477403314
1.135212755670735
1.0953292527776557
1.0417994305238638
1.004401028733267
0.949431911693237
0.9052441805599424
0.8451458123763115
1.2121587458289278
1.2268177731816516
1.2312849849300946
1.22620746013901
1.2198072102643158
1.210621631769061
1.1865828693008558
1.1612338169811576
1.1113827682560846
1.0606723823376567
1.0201967390933695
0.9613438809306819
0.9157735554344875
0.8509268506290897
1.2523526971043721
1.2645310926746103
1.2666953200514823
1.2587565831319143
1.239903862008309
1.184737033844216
1.075659413286578
0.9684400794979231
0.8505197048071796
1.2825530830917853
1.286578645054094
1.2821739031830464
1.2675406058112653
1.2543118438944219
1.2250147969699867
1.19343810889906
1.1365957178166008
1.078421634529929
1.0405138564044523
0.9654995129698428
0.9175015758376412
0.8430750819989486
1.297869993548655
1.3044641373260708
1.3010476347612665
1.287007288305525
1.2736008819980122
1.2623697669554763
1.229364246953354
1.1949979653049023
1.128971152801538
1.0696762170511434
1.0167153333212156
0.9508060339556196
0.8933103213583683
0.8211690521367137
1.303483526286556
1.3071427368901591
1.3013613306400862
1.2848233735353645
1.2715774857397404
1.2556673570128456
1.2197537305742576
1.1850768091589927
1.1184612977672017
1.0538204578134578
1.0129679477342954
0.9295797686166822
0.8721311007233506
0.7965557956451803
0.7038888246464121
0.72028648862477
0.7629632515222659
0.7804678245269795
0.7903362702273286
0.8510715034287653
0.8695330021756098
0.8792691690560002
0.8735969904644009
0.9403879844897608
0.9596668161055115
0.9659693573635388
0.968237316726554
0.9584340880069574
1.0019024102578054
1.0201778875397611
1.0254980307410977
1.0280241242278372
1.0248462428235925
1.014341127399428
0.9866084168288308
0.9527969166299476
1.0587156233316408
1.0767651250247428
1.0814706303565704
1.0829682004252954
1.077206813123158
1.0648878531374895
1.032330381691302
0.9950249047560226
0.9154063733646973
0.8227148783833502
1.122256641728184
1.1384032184536066
1.1421917420231882
1.1420775010311368
1.1330106568563054
1.1175586350974551
1.0851228102987613
1.0366029357082667
0.9477253073382617
0.8446636730429309
1.1569314726048778
1.1709970052582508
1.1734584305859903
1.172567002632507
1.161190608048806
1.1435207596428396
1.1019673827026182
1.0554877037964714
0.9596675504097675
1.1921339286182173
1.2036956609323983
1.2019829100648938
1.1671302207132077
1.0705236531166173
0.9668003627504753
0.8500666516517126
1.2180027213492683
1.2212261465397285
1.2211082299366518
1.2168467889398624
1.1999531537646537
1.1764478496380026
1.1274374816713364
1.0734253711830963
0.9639229317728338
0.8426403087450888
1.2289467027957217
1.234076175878008
1.2309412240534032
1.22586808100261
1.2050849915696695
1.178383113893644
1.120517735228813
1.0649568271755823
0.9772411030694413
0.9493208074507975
0.8207688086835647
1.230868812047574
1.2331966304805686
1.2290038996541515
1.2209676352151917
1.1967655417775798
1.169079250079922
1.110158320515789
1.0493133240352548
0.9281903751988418
0.7961868400178658
