0.7907528200387594
0.8082622987190639
0.7972197829468411
0.7552621088683618
0.7053943190657588
0.6612042353099875
0.6147058192490692
0.5728389599349041
0.5125195116414085
0.4242296071027559
0.870129557015433
0.8966655237905693
0.9048509179696507
0.9058852752414608
0.8704149435644033
0.8142339634056743
0.7616871234509186
0.7056793449037111
0.6550880309141862
0.6048765958418144
0.5563984218363114
0.5162431799680384
0.43992986454044153
0.9529601851509463
0.9649639032231582
0.9743142230809856
0.9842828836314141
0.9861688359363893
0.9714755962208991
0.9142876891571808
0.8548476000232436
0.7899509429904082
0.730949786685318
0.6723279369714903
0.615736451882988
0.5688945131096078
0.43959644878051757
1.0291407077928578
1.0512593667985501
1.0560949640695414
1.062721189117944
1.0639942849501784
1.0613254988031808
1.0142325822114695
0.9498877792475607
0.8762409275808839
0.8084353870425007
0.7408608414486152
0.6756369658034319
0.621680667916873
0.5670842151642367
1.1356234762205353
1.1484397415179943
1.1577910802742621
1.1667490202176096
1.1680289673479545
1.1556778439800806
1.094318970376912
1.009744565876996
0.9284629397550082
0.8465543292131587
0.7673267966199289
0.7018460595816958
0.6356861467183804
0.5777033839782881
1.2074243455954612
1.2201181152668656
1.2293517771611122
1.2369804378940399
1.237960400063989
1.2370644830651607
1.1983050010642564
1.1110274640747577
1.0204154208822458
0.9274080512122769
0.8370395716030602
0.7623491838423936
0.6869735524437227
0.6209833517422729
1.1728402897581438
1.0775490177543923
0.9777776439830071
0.8803483369755811
0.7997721440567777
0.6474171240365179
1.2899523421738899
1.3120776819149673
1.3163943482186196
1.312683967459746
1.241124546626814
1.1424751614961486
1.0353759879537312
0.9298316341633973
0.8424038894222753
0.7542765483522381
0.677246841271004
1.336662677152407
1.3564735168179305
1.3593000172467784
1.3197264948075595
1.222113849928665
1.1071285051625928
0.9915684701299405
0.8954534001284706
0.7985771664138597
0.7139867077062396
0.6324249378535431
1.3702943264736998
1.3874311519323979
1.389956409809597
1.3716605497456342
1.2859218135147208
1.1663687055656746
1.0428302705963468
0.9394408198783216
0.8351633873220068
0.7441703770862921
0.6565581223171636
1.4167536884425178
1.4181470650937915
1.4142643269316237
1.4008728884590615
1.352204789714801
1.3112830769774322
1.2314638973721104
1.09985164706482
0.9884012716091887
0.8757418241728101
0.7775063233467114
0.6830467931779742
1.4281816790460118
1.4409430492345658
1.4377497324910467
1.4110111447591378
1.2966379922373097
1.1584157403516855
1.0388857834838219
0.9175341797799049
0.8117962116490081
0.7100587035123546
1.4618410015675647
1.459925758592877
1.4553223078518311
1.4337541934543432
1.4213279823191736
1.3736209172719194
1.3108615893440554
1.232191332984391
1.103280906435317
0.9708742870189438
0.85514986937853
0.744194167233755
1.471614495345125
1.4688515227842551
1.458486596026893
1.4346637317242295
1.4016638343415695
1.351888466574804
1.3012188271228255
1.165452898140755
1.0227320229768142
0.8974495514233153
0.7770970045286296
0.7943674813245283
0.7911761747475776
0.8802394197584558
0.8910024496294113
0.8660515816719828
0.9656816951427835
0.9621148181411764
1.042986508203665
1.0088180094608274
1.136477339120457
1.140173722252997
1.0893721097229498
1.2096397885532337
1.1878181766725402
1.2194305285220974
1.2401353969388265
1.2660165757161603
1.2854792357102884
1.233376686259876
1.3089190949345046
1.3266961028182258
1.305420383453984
1.3529438602698647
1.3496881378412038
1.27890714888195
1.3401483945219888
1.3807561072363395
1.40259352972195
1.3901213518944406
1.2908561233796987
1.4171774173797298
1.3621225384787299
1.4123713129967363
1.2953999001558738
0.728692793296665
0.7441553597441385
0.7904264975373906
0.8069703523800105
0.8168931415111561
0.8827655597018884
0.9005416334478313
0.9105936855187168
0.9142370563792193
0.9110197967560507
0.9771529667200585
0.9953834437284178
1.0048880074561115
1.0073663977846463
1.0016855313946078
0.9745921007975485
1.042107794284437
1.0600783309052209
1.0690965023781107
1.0707219167584825
1.070178850209743
1.0676167451300218
1.0627906895527794
1.048376872362004
1.0304938111372237
1.1029455439302112
1.1208291539792838
1.1284793052053759
1.1279298435189038
1.1242733253767185
1.1182730252637494
1.100751627755272
1.0810428688912357
1.0406011655854535
0.999416007246203
0.9167627311583492
0.8785067262128923
0.8232576146216918
1.1717174353541644
1.1879176295618592
1.1937288415987357
1.193381924091868
1.1904798150727316
1.1841097901351114
1.1776992761085634
1.1562727876680234
1.133338859792455
1.0936704981533654
1.0404549800244955
1.0033129882885927
0.9485642911173635
0.9045925284352232
0.8448466250272869
1.2094431293358046
1.2240408273061918
1.2285030077367018
1.2234709371543586
1.2171211140324143
1.2079892802503098
1.184092710151679
1.1589067251493732
1.1093804708104948
1.0590160997335745
1.0187937888895646
0.9601884743931394
0.9148773935366262
0.8503928657226756
1.2490959289757375
1.2610998504490323
1.2632579756050586
1.2554124764486148
1.2367006658917779
1.1819539156459054
1.0735782339484568
0.9668848823371246
0.8498535418283614
1.2787057439108984
1.282740702625133
1.278380038318021
1.263889573083797
1.2507578559636903
1.221731976981946
1.190570228824967
1.1339191916071047
1.0760866600249865
1.0384250285450516
0.9639217377796478
0.9162803983825105
0.8423467633358571
1.293517059977204
1.3000975949226454
1.2967095907249466
1.2828966705547198
1.269613405171042
1.2584682007637762
1.2256701376604233
1.1915457807354
1.1260017587853541
1.0671641719954421
1.014594584694892
0.949168505659747
0.8920852189864268
0.8204474263210269
1.29888118329625
1.3025706776699895
1.2968662066832166
1.2804648450527054
1.2673124689591657
1.2514913251415078
1.2158596904056642
1.1814699720371191
1.1153965086928006
1.051265964660871
1.0107242366288123
0.9279904568654247
0.870934775012744
0.7958992052040577
0.7060952562634053
0.7225357813885347
0.7647760510658139
0.7823073285285627
0.7921889188919297
0.8521826273683633
0.8706506634059198
0.8803836083418706
0.8747120878509995
0.9406541611595404
0.9599085365286862
0.9662041065597965
0.9684710051312434
0.9586991776550822
1.0015068588776879
1.0197465529655811
1.0250563698527415
1.027582360750728
1.0244234477964158
1.0139589039998833
0.9863215208097148
0.9526267089517007
1.057642714587843
1.0756415921092308
1.0803399516176255
1.081840337809322
1.0761152442459452
1.0638569561819553
1.0314459741699764
0.9943082961995623
0.915080586505779
0.8227767281812032
1.1203425328888228
1.1364186469747866
1.1402187429914235
1.1401172910768982
1.1311144434854508
1.1157574285537324
1.083505155739346
1.0352786465188355
0.9468640552746507
0.8443660779934024
1.1545149722823347
1.1685292243401226
1.1709873726891227
1.1701176428224087
1.1588213642708194
1.1412765348315543
1.1000079383521368
1.0538725297777647
0.9585191325484556
1.1891340144179916
1.2006491746741215
1.1989871403637873
1.1644404151127385
1.068468325736593
0.9652524813087767
0.849402403643028
1.214596294492455
1.217817485198924
1.217721373994921
1.2135142072855643
1.1968158617611284
1.1735116903199974
1.1248118311847473
1.0711173426282854
0.9623531242029756
0.8419139442736133
1.2251456644862904
1.2303138412707946
1.2272282536330246
1.2222028322915774
1.2015450631459332
1.1750345594980036
1.1175977427037709
1.0624722646689362
0.9754119761917143
0.9476912689227458
0.8200491143010181
1.2268679917125325
1.2291948032846376
1.225030495403295
1.2170310336397807
1.1930245603325222
1.16557682830298
1.1071458357052486
1.0467861545708503
0.9266087988612481
0.795532042713981
