0.7883641641490791
0.8058098762453467
0.7947942971177977
0.7529607479019425
0.7032478571242666
0.6591562978751517
0.6127706604438303
0.5709949963360824
0.5106974946937061
0.42254535325371617
0.8679126081938972
0.8943710427727529
0.9025321907557547
0.9035599249474994
0.868174957125182
0.812112264548371
0.7596899300131383
0.703795685290931
0.6532954127414745
0.6031231239448712
0.5546676023089089
0.5145609876686247
0.4383223058995914
0.9509171139907001
0.9628930683591223
0.9722218335027448
0.9821669854878671
0.9840478852202584
0.9693817076802066
0.9122906529277954
0.8529687005067832
0.7881793819925584
0.7292642245467923
0.6706734813933352
0.614103738199923
0.5673075148946586
0.43813090279144024
1.0273415253410223
1.0494224407592017
1.05425006303373
1.0608655350227003
1.062135703330394
1.0594723113796871
1.0124417136365471
0.948197554329709
0.8746463774800953
0.8069176434889648
0.739376050615574
0.6741556659511967
0.6202388091342099
0.5656801259154983
1.134304015523648
1.1471127054431247
1.156457570637324
1.1654048876307743
1.1666909490314632
1.1543577160629583
1.0930574212972222
1.0085546861318733
0.9273215538630964
0.8454233682582181
0.766180182869257
0.7007219962391881
0.6345832899801619
0.5766206639128896
1.2065454997762943
1.2192434070427625
1.2284787332359686
1.2361144092644691
1.2370968518735126
1.2362057764299041
1.1974801881520571
1.1102440079522367
1.0196601341115075
0.9266384549517969
0.8362321943946376
0.761545173377764
0.6861708078695778
0.6201856779343143
1.1723668356209267
1.0770772054682969
0.9772737476626415
0.8797894183988753
0.7992017693569825
0.646825751550202
1.2897596544107628
1.3119205183946268
1.3162674388126105
1.312560870509106
1.2410443972822345
1.142369591073958
1.0352151786237742
0.9295928030540681
0.842133862328468
0.7539732558534502
0.6769192346996116
1.3369805029259543
1.3568448640745339
1.3597053006225623
1.3201656859665305
1.222532746846903
1.107455684696624
0.9917846342974287
0.8956095301546404
0.7986710085938076
0.7140309231132264
0.6324236158562307
1.3710667396166716
1.388268711980441
1.3908258185849545
1.3725732616141761
1.2868149115053538
1.1671527832633046
1.0434730060648674
0.9399961829440535
0.835628370846444
0.7445614114107431
0.6568800406787425
1.4181480749314475
1.4195862564141144
1.4157250685307181
1.4023506023386059
1.353677445944276
1.3127291052704828
1.2328128147495936
1.1010243541309226
0.9894527695901821
0.8766680206928068
0.7783269745432307
0.68376837797873
1.4300847697672365
1.4428883179175116
1.4398214924589834
1.413114545773189
1.2986270431971594
1.1601962082437511
1.0405071241201143
0.9189928317898645
0.8129941935308216
0.711237344360392
1.4646348242454705
1.4628017073219783
1.458238491749798
1.4366928945001087
1.424291231380261
1.3765428617612792
1.3136178877529128
1.23484034738792
1.1057225699901203
0.973089156405797
0.8571717346008676
0.7460291327310135
1.4752852814454362
1.4725868230795631
1.462280043416796
1.4384304130539447
1.4053827435695174
1.3555538399452156
1.304807705781896
1.1687959001228063
1.025790832245155
0.900261605665459
0.7796557525543011
0.7919617713512475
0.7887713113036363
0.877990275688036
0.8887188722223229
0.8638236395510455
0.9636079235210626
0.9600417687247788
1.041164447995871
1.0070362117378113
1.1351675521031945
1.1388670656194213
1.0881147161157714
1.2087883998903617
1.1869958111799326
1.2188687003503782
1.239622243144346
1.2658344340023011
1.2853405994004767
1.2332916644453524
1.3092377768883194
1.3270805269468546
1.3058425351681884
1.3537530219115113
1.3505643571992172
1.2797879436849622
1.3415932090861782
1.382561882010594
1.4045663579742518
1.3921644272441869
1.2928274439785834
1.4199991976653261
1.3649995169833258
1.416033716344168
1.2989592200006845
0.7265113950863279
0.74191712290422
0.7883270596175457
0.8048176487905969
0.8147082688414412
0.8808754429365804
0.8986079065841581
0.908635114995601
0.9122624941053625
0.9090508364498083
0.9756020229763362
0.9938045770783578
1.0032941477977417
1.0057664080192659
1.0000916763492211
0.9730281171867154
1.0408858873403124
1.0588417754500357
1.0678548105906123
1.0694787336376426
1.0689364543442132
1.0663777936938024
1.0615557490275576
1.0471543142053865
1.029285158215893
1.1021309443230627
1.120019544060376
1.1276701501873498
1.1271047288232903
1.123474336290361
1.1174791978372085
1.0999683092378287
1.0802670197074162
1.0398382455419037
0.9986650544940872
0.9159781411454937
0.8776892253646457
0.822455649847124
1.1715291480004966
1.1877526898587587
1.193582777882273
1.1932444372447917
1.1903678243896152
1.1839853649105572
1.17757809229068
1.1561565341554778
1.1332247060814353
1.0935481727668148
1.0403024719689815
1.0030956223694512
0.9483314569146891
0.9043440329108813
0.8445772032220681
1.2097203091902666
1.2243597089454963
1.228848176357529
1.223835315144039
1.2174967437720372
1.2083631108671005
1.1844846204114214
1.1592786130774748
1.1097120586702214
1.0592617481067645
1.0190197603348201
0.9603834416466
0.9150450988965155
0.8505265572469961
1.249975204976743
1.2621058313983016
1.2643069843894559
1.256486976740147
1.2377848628621364
1.1829864982593636
1.074506795701295
0.967819592253298
0.8505466587561296
1.2802642239608575
1.2843752881844988
1.280041766010809
1.2655716985475427
1.252430722081802
1.2233427841598103
1.192142588072301
1.135443691492558
1.0775471992717314
1.0398559844736905
0.9652633890364162
0.9175465539561956
0.8435227934029416
1.295968194377306
1.302653741379444
1.299290051617958
1.2854824337989863
1.2722031229565098
1.2610615718170872
1.2282478614676873
1.1940903623481427
1.12849682707857
1.0695311569324717
1.0168915974812196
0.9513437197981015
0.894172147535635
0.8224114590845837
1.3020491403566166
1.3059391426609437
1.3001977616305613
1.2838481650905431
1.2707045248097675
1.254857215546125
1.2192229251018976
1.184796108798893
1.1188499596543469
1.0543646992454336
1.0137454775216594
0.9308192026335916
0.8736837658901253
0.7984955979114072
0.7039838370249965
0.7203633502921005
0.7627447345886365
0.7802197300943086
0.7900658652765664
0.8503545431104291
0.8687735987450688
0.8784822238898987
0.8728098263199561
0.9391533425065002
0.9583767932331512
0.9646618406051264
0.9669246195909155
0.9571576653332986
1.0003230900828919
1.0185470078230325
1.0238533577763962
1.0263770201670908
1.0232208310708988
1.0127639129593362
0.9851444475099697
0.9514720186860852
1.0568501446539658
1.0748511561916818
1.0795505798206473
1.0810542766715112
1.0753368957168454
1.06308443005024
1.0306847072078973
0.9935582016539528
0.9142962944350022
0.8219748416265634
1.1201514283679221
1.136270858600465
1.1400661371418142
1.1399711674478223
1.1309814202245254
1.1156313541850282
1.0833756767898328
1.035122429563952
0.9466299154014323
0.8440962479489736
1.1547711728229892
1.1688263574856583
1.1713146842132904
1.170444201753999
1.1591802844028616
1.141625510907452
1.1003269948598728
1.054092890313331
0.9587117788002772
1.1900104138275562
1.2016112972466606
1.1999923987813124
1.165435057195466
1.0693849621552
0.9661835123701099
0.8500942897201054
1.2160833093543806
1.2194410769773276
1.2192866524256685
1.2150821844545379
1.1983552204719898
1.1750342098153042
1.1263087902824906
1.0725622996026607
0.9636894261626966
0.8430883858345414
1.2273951816329358
1.232690635929582
1.229650624273326
1.224649564585599
1.2040229190266656
1.1775093370579934
1.1200556548318736
1.0648177410861905
0.977624746689232
0.9498591046163936
0.8220112413047181
1.2298565506793655
1.232321795098633
1.228208625899018
1.2202715231137349
1.1962677645555613
1.1688178108226712
1.1103154345194532
1.049858593970005
0.9294286259549869
0.7981257188782734
