0.7987805388176499
0.8162914218357171
0.8045923938906896
0.7618037785230365
0.7110957711599563
0.6662137071803821
0.6190348489466356
0.576686548020587
0.5155746040236748
0.42619622478577285
0.8775580054716172
0.9040999963407536
0.9122151330046039
0.9130168889381058
0.8767610778492894
0.8197133008154567
0.7664479305037557
0.7097286825596965
0.6586401412712664
0.607907629029578
0.5588739990215451
0.5182987897359611
0.44115018751244545
0.9597420914897702
0.9717332437869848
0.9810533452413573
0.9909362706640098
0.9927834816763006
0.9774811782459495
0.9194372605531149
0.8592730488427031
0.7936559443264793
0.7341557024517307
0.6750105479235594
0.6178713097803389
0.5706159966555675
0.4400875774546351
1.0351536961841914
1.0571775457416575
1.0619692744751605
1.06847455039964
1.0696551026216023
1.0668152224715275
1.0189422812281488
0.9538847241608279
0.879526578336241
0.8112381418219957
0.743163330762631
0.6774015726433623
0.623052794478163
0.5680628546593341
1.1403355704191884
1.1530683591549562
1.1623299381049013
1.1711244664843399
1.1723549500012929
1.1595518831280374
1.0975255452676338
1.0123083133916648
0.9305639081993613
0.8482096293001868
0.768504596308399
0.7026850849523623
0.6361943495545921
0.5779163569816416
1.2111032368325918
1.2236931412861363
1.232819101100556
1.2402706019091532
1.2411861166400795
1.240168691309419
1.2008481454949735
1.1129504810803215
1.0219487610895592
0.928555667496942
0.8377764966152488
0.7628052310432136
0.6871620137733223
0.6209791286624349
1.1743717442436397
1.0787236449182227
0.978611456729747
0.8808207463248884
0.8000060944598294
0.6472405079548386
1.2923043905824823
1.3141322887059708
1.3182250344094109
1.3143649737528083
1.2422130071130357
1.143241565202451
1.035858153715837
0.9300149974010821
0.8424026832261217
0.7541039984834705
0.6769468446578644
1.3381874236913547
1.357698739473048
1.3602916170000725
1.3202673279210408
1.2223866802652115
1.1071893257757013
0.9914161625464187
0.8951902589451496
0.798222773777886
0.7135676435153765
0.6319057938450168
1.3711881580069816
1.3880516042844557
1.390346682159064
1.3717902779278255
1.2858030859302305
1.1661000437348483
1.0424240838356815
0.9389905750694068
0.8346913874063906
0.7436962626182975
0.6560446974638561
1.4167419811987247
1.417964733646777
1.4139834690305417
1.400461274293271
1.3516926901342627
1.3107581936657609
1.2308552172772362
1.0991914429488279
0.9877726020727475
0.8751759906227098
0.7770082366741404
0.6825804873300257
1.427886396665486
1.4403615162788774
1.4370013969012332
1.410171306512282
1.2956852853176484
1.157534111739243
1.0381225363833027
0.9169102030086653
0.8112124862500943
0.7096925395565628
1.460799623096025
1.458838715376379
1.4542142315789548
1.4325846332414547
1.4201633956604223
1.3724428220621654
1.309642061589367
1.2310943931645804
1.1024045637334525
0.9702870401789163
0.8548549812065965
0.7440285711451741
1.4703906858197084
1.4675699350166849
1.4571552761438535
1.4332683558575279
1.4002510895122755
1.3505587478161258
1.2999972774701065
1.164555210831972
1.022217014362692
0.8972792541924747
0.7772090596747695
0.8021518092817598
0.7984961254620125
0.8874289640332139
0.8980333374759211
0.8723716648543949
0.9720917747614726
0.9680789991607439
1.0484215145372677
1.0135152589059484
1.1407758157634045
1.1440400193581357
1.0925789468375557
1.212763779008666
1.1903733627413566
1.222320822481387
1.2422925853052245
1.268170146910086
1.2872244493774911
1.234483472829343
1.3102883170544173
1.3276654345718961
1.3060101774602968
1.3534708665734874
1.3499024177769865
1.2788172317381914
1.3396896812322436
1.3805799064124933
1.4020078472851465
1.3893792636406668
1.2899313541442399
1.4161672244853927
1.3610002228732963
1.411084532131704
1.294205405544632
0.7357372851412167
0.7512420315109392
0.7970772982193831
0.8136292524235044
0.8235051274311683
0.8886161514233222
0.9063500766485058
0.9163112347451104
0.919814350356314
0.9164127210053994
0.9819481845488232
1.0000721403342534
1.0094507159405628
1.0117526589938886
1.0058654913672151
0.978354185903797
1.046035254730193
1.0638599606873722
1.0727160054488611
1.0742326121634982
1.0736191167391258
1.070954544481584
1.066020707329995
1.051395698320635
1.0333163850485345
1.1059529872723541
1.1236480253044372
1.1311253636351482
1.1303804863072178
1.1266250607229575
1.1205199926387246
1.1027992039771932
1.0829231045706662
1.0422317113128017
1.0009165519775494
0.9178615600455715
0.879402617974737
0.8239459658120137
1.1735595320061762
1.1895491697320018
1.1951683648666307
1.1947253008709084
1.191713455044626
1.1852455096163454
1.1787773489866384
1.1571762069351943
1.134170172358909
1.0944021751278596
1.0409897058978281
1.003685712710963
0.948802325607666
0.904724486556673
0.844853670003427
1.2105848836233497
1.2249547822941744
1.22923247175958
1.2240232503099464
1.2175888301439888
1.2084153110655282
1.184449575707112
1.1591940151068398
1.1095022483137158
1.0589756845261855
1.0186908285596026
0.9600050974613226
0.9146321341576307
0.8501140498060596
1.2494428340492307
1.2612315537874808
1.2632554479452176
1.25530889966815
1.2365072534889983
1.1815477239101992
1.073082557928985
0.966472166780558
0.8493333380336447
1.2785046494882826
1.2823648715967857
1.2779309418812042
1.2633283417523777
1.2501407321578752
1.2210132748548976
1.1898033933194716
1.133157553983285
1.0753436639764924
1.037699017907286
0.9633087060653657
0.9156698944871329
0.8418167567116523
1.2929660116422472
1.2993809075086793
1.2958976013016998
1.281909212475238
1.268594030694857
1.2574444787106671
1.2246903889480616
1.1905572253215664
1.1251524866466387
1.066370833617185
1.0139156013425674
0.9486112602785938
0.8916673692082089
0.8201455523313618
1.298094416774696
1.3016217686726843
1.2958409127739272
1.2794189194856942
1.2662684047894186
1.2504537538256715
1.214882058926333
1.1805593135242318
1.1146388630972273
1.0506821646745004
1.0102374271571197
0.9277048696901586
0.8708272558487632
0.7959705949244535
0.7127391316383931
0.7292104990343111
0.7710232334459678
0.788548322805523
0.7983502683937884
0.8576432760250723
0.8760450278337355
0.8856546711446037
0.8796203624383347
0.9450919156736222
0.9642121443554579
0.9704121238330871
0.9725999004543169
0.962443086753397
1.005105210750378
1.0231790751449474
1.0283915426979509
1.0308135408342698
1.0274476608449121
1.0167881971411723
0.988849178667667
0.9548678127755779
1.0603688788769055
1.078180910965826
1.0827513366009913
1.084139892394836
1.0782027156782572
1.0657676864386865
1.0330952202479662
0.9958203409897374
0.9161841036352926
0.8234667356738352
1.121978600025275
1.1378002834547245
1.1414807057801588
1.1413051900187208
1.1320952306026109
1.1166446846397688
1.0842709386371736
1.03583213668766
0.9471089785567333
0.8443753227726557
1.1555015854002408
1.1692779248232794
1.1716319329336116
1.1706830990301071
1.1592735419764688
1.1416322588942536
1.1001679147604813
1.053835917599461
0.9583434599089816
1.1894462132486794
1.2007896701066894
1.19895915552195
1.1641142226825045
1.0679969882960667
0.96484829954792
0.8488845521297398
1.2144447239170573
1.2176631862317089
1.2173770120160972
1.2130734514587842
1.1962111957603685
1.1728272779702928
1.1240947403402877
1.0703989208298021
0.9617478023747938
0.8413861074344777
1.2246265100144433
1.2295824997471425
1.2263994107814198
1.221356336738605
1.200654269439577
1.1741258818367886
1.116788544001086
1.0617010132150624
0.9748006277463022
0.9471406492666878
0.8197488524267763
1.2261745095511962
1.2283896684028688
1.2241834879614064
1.2161258941619166
1.192150589275422
1.1647372416272943
1.1064236068165023
1.0462207022787655
0.9263628244212819
0.7956044250949235
