0.7910289822623274
0.808543028154084
0.7975131203621596
0.7555718916092654
0.7057448178536526
0.661567312374686
0.6151070535118494
0.5732791579681599
0.5129305883427796
0.4247408168995303
0.8703607923399597
0.8969008668750702
0.9050907428569768
0.9061339190496164
0.8706937568646829
0.8145385569340614
0.7620487612421759
0.7060931453361485
0.6555529774643625
0.6053549497980204
0.5568855538474883
0.5167734021988126
0.44052521556389673
0.9531674937527143
0.9651725385553
0.9745251668042582
0.984499173675894
0.9863865736991266
0.9717293177674853
0.9145841395370549
0.8552139188106601
0.7903841927076055
0.7314462799079773
0.6728460898604739
0.6162774107049321
0.5694870884577037
0.4403054441010549
1.0293441061140154
1.0514686474493844
1.056307248274687
1.0629422121855343
1.0642225561413745
1.06156660175604
1.0145296097215566
0.9502688817083974
0.8767047457573451
0.8089764518174797
0.7414473538411824
0.676247854832934
0.6223526125593996
0.5678160737491944
1.1358729372070857
1.148694681612274
1.1580532894012965
1.167026214702394
1.1683116831479055
1.1560047185399904
1.0947513753664628
1.010289256932649
0.9291052773245575
0.8472639030494578
0.768082194315574
0.7026768527567523
0.6365902383803543
0.5786652739548535
1.2077583934135923
1.2204623806713932
1.229707830165173
1.2373572962004804
1.238346101919094
1.2374677519750061
1.1988063986450783
1.1116603692797244
1.021168024418911
0.9282455675605649
0.8379394792624026
0.7633353822257064
0.6880433817180696
0.6221176908005726
1.173545915917312
1.078386136560365
0.9787116277151727
0.881354883215834
0.8008715041282222
0.6486741152020922
1.2904750461161776
1.3126447400102663
1.3170074623556602
1.3133234569942933
1.2419395578395414
1.1434263818844386
1.0364375196145814
0.9309770541619663
0.8436492878943411
0.7556164772805318
0.6786592787409369
1.3373654017963912
1.357231221926538
1.36011194814807
1.3206787219735772
1.2232400418357277
1.1083765348215737
0.9929142949802015
0.8969072767860755
0.8001313762186554
0.7156171353877079
0.6341119436520913
1.3711789286601743
1.3883778237275404
1.3909653415916963
1.372762832171876
1.287205755940831
1.167796143561224
1.0443669238034181
0.9410918140550215
0.8369183571143145
0.746003271142758
0.6584474439729575
1.4179542184725726
1.4194054883563698
1.4155647145142762
1.4022359046427184
1.3536927991227763
1.3128452316882842
1.233118188219463
1.1016284458852632
0.9902987568465313
0.87774701389801
0.779588902305465
0.6851837975655721
1.4295943294069506
1.4423906510414177
1.4393491254372994
1.4127324179665963
1.2985559255131234
1.1604725100673496
1.041069539137159
0.9198248585105573
0.8140496408481932
0.7124776908503916
1.4637626103312031
1.461946190285697
1.4574001628663098
1.4359267832981675
1.4235547019565502
1.3759591767521873
1.3132136371860963
1.2346547175645903
1.1058802026984624
0.9735811836673965
0.8579294896824168
0.747015070912743
1.474068785088894
1.4717636418822149
1.4611117127217383
1.4373344212608024
1.404396616846956
1.3547212329091032
1.30412920142881
1.1685131749466817
1.0259010328240104
0.9006855106779925
0.7803575401577446
0.7946487812588053
0.7914688237882883
0.8804804242998258
0.8912517689651851
0.8663304726138904
0.9659092898362962
0.9623696718670566
1.043231185470656
1.0091157785885236
1.1367673454786085
1.1405033733380907
1.0898048744557398
1.2100472374249385
1.1883201244580575
1.2198677057396665
1.2406950078114436
1.2665859229398078
1.2861180749068293
1.2341902696818188
1.3096718749767606
1.3275346272749922
1.3063682932938054
1.353941452666053
1.3507812829303514
1.2801866416477188
1.341626835589883
1.3821764555963927
1.4041632318570405
1.391820309557047
1.2927665024727484
1.4192625841560866
1.3643988430177552
1.4149994071338274
1.2982958854786646
0.7289691312203999
0.7444367018322348
0.7906842657644438
0.8072328103544636
0.8171608195843238
0.8830138698632489
0.9007961897345662
0.9108560051703919
0.9145105483192031
0.9113075590577532
0.9774334960155023
0.9956742141973725
1.0051918522812724
1.0076876522093785
1.0020298287478466
0.9749855267199193
1.0424512843158475
1.0604365279362684
1.0694744021203084
1.071114191044536
1.070580597102216
1.0680324524265759
1.0632223709895556
1.048840982744252
1.0309898702318272
1.103397475275109
1.1213092604627173
1.1289806861609133
1.128441047971215
1.1248261117594744
1.118845851706259
1.1013647284802595
1.081692031609376
1.0413130483143578
1.0001880904333558
0.9175939825551889
0.8793475840430106
0.8241758318437887
1.1723869762110417
1.188624570948117
1.1944726256784157
1.1941455106986532
1.1912878851493178
1.1849281637599696
1.1785385652682332
1.1571627526297654
1.1342723260666154
1.0946716260864777
1.0415094934979197
1.0043615766009917
0.949684781593411
0.9057641598463236
0.84608815490411
1.2103059802495866
1.2249536620110368
1.22946221955382
1.224481582094094
1.218151550433684
1.2090570984373872
1.18523191446141
1.1600812359491168
1.1106169575317684
1.060262505565372
1.0201004243340916
0.961565610743958
0.9163076811685321
0.8519026911591758
1.2502102462440332
1.262342415489895
1.2645481241839374
1.2567834756769252
1.2381381104006282
1.1834797491337707
1.075245054467573
0.9687815665897748
0.8517397593559781
1.2802259178835131
1.2843579629336583
1.2800464512389258
1.2656288542572822
1.2525267228925872
1.2235191719893903
1.1924005005312723
1.135845156407185
1.078085871794492
1.0404804255162718
0.9660551743854079
0.9184428910234819
0.8445729973144853
1.2955384483130812
1.302215633786547
1.298882713987731
1.2851245761606929
1.2718893387767136
1.2607816767040647
1.228079610960009
1.1940020724012885
1.1285862339556596
1.069779694067709
1.0172596191521928
0.9518858471201919
0.8948417887605113
0.8232434691076588
1.301335554038897
1.3051074617933625
1.2995062674528342
1.2832139046433466
1.270112522504442
1.2543387619724662
1.2187868501878392
1.1844601722862051
1.1186951014837268
1.054397446904632
1.0138866893623883
0.9311700259759416
0.8741741549133057
0.7991556386452572
0.7063757674940775
0.7228224105461846
0.7650437894880934
0.7825814915553867
0.79247187202123
0.8524519238870316
0.8709287579590959
0.8806740938749351
0.875032997693703
0.9409690671830582
0.9602365603309806
0.96654282771259
0.9688191493759226
0.9590934795081232
1.0018941698088986
1.0201538699902992
1.0254760937477048
1.0280167111313367
1.024888497244414
1.0144549935786438
0.9868674270291009
0.9532252013309899
1.0581480641249321
1.0761767974886423
1.0808926444077605
1.08241227042632
1.0767265907038108
1.0645041348188142
1.0321560645718815
0.9950789488306911
0.9159111174048121
0.8236946288187103
1.121075796786224
1.137214522142087
1.1410271507126644
1.1409471307210413
1.1319965227904614
1.116684388305243
1.0845015867881627
1.0363302394125848
0.9479832051198216
0.845607078315399
1.1554490969793592
1.1695181053154011
1.1720191777652988
1.1711678905782932
1.1599463974185684
1.142440395741822
1.1012376084819584
1.0550963574305385
0.9598943936116225
1.1903679000755794
1.2019791614573851
1.2003933474924318
1.1659487352414244
1.070128291297728
0.9671468042422798
0.8512876454151498
1.2161962636043748
1.219555734979739
1.219420199018402
1.2152388128273521
1.198570984356067
1.1753182016081527
1.12672337387968
1.0731076997965918
0.9644830519289874
0.844138959875271
1.2271497489152816
1.2324502847380656
1.229427177937082
1.2244484203146102
1.2039053024196351
1.1774552686658897
1.1201617943610143
1.0650752480036632
0.978103025148643
0.9504038124027452
0.8228436974003072
1.2293523020167174
1.2318226858059713
1.2277271305947657
1.2197913273745722
1.1958898174756774
1.16852156840088
1.1104160016561353
1.049901907443262
0.9297825241498979
0.7987865351997067
