0.7932744554182892
0.8107938405429347
0.799586851825937
0.7574002403288767
0.7073053358478539
0.6628934757464781
0.6161852180542323
0.5741354119822256
0.5134585055430819
0.42477622141826865
0.8727923417998595
0.899353621662207
0.9075299445460594
0.9085092693731732
0.8728147810800458
0.8163523221378847
0.7635823356231729
0.707333646610499
0.6565331823849543
0.6060727935601274
0.5573480571386537
0.5170231674313116
0.44037049768733033
0.9557600224952043
0.9677748320066251
0.9771307545121076
0.9870906567677962
0.9889688449256818
0.9741119074837091
0.9166298229137759
0.8569441447033529
0.7917776064180783
0.7325438974431592
0.6736464748944682
0.6167905316881502
0.5697625180945768
0.43993561000061193
1.0320674400800336
1.0541970250966515
1.0590311136459676
1.065638976864054
1.0668902702947394
1.0641774193744984
1.0168142015094905
0.9522027142224369
0.8782587461637036
0.8101975835996844
0.7423352348172864
0.6768159426775832
0.622657566891644
0.5678574709560059
1.1387399387024357
1.1515613707711545
1.1609107793895526
1.1698448203926648
1.1711204954506707
1.1586369205263836
1.097003610025359
1.0121077014781246
0.9305259247453811
0.8482949079231322
0.768742327276855
0.7030351764886154
0.6366489626546984
0.578468337351371
1.2106860785410734
1.2233694469652698
1.2326189785326171
1.2402264689060656
1.2411947946423787
1.2402682647762433
1.2012966648451022
1.1136817438494309
1.022749089480212
0.929394003585234
0.8386773120926789
0.7637416972158656
0.6881226158061942
0.6219205881977372
1.175703260442296
1.080070529164396
0.9799361022160995
0.8821445794470468
0.8013110895781427
0.6484806897208145
1.2933845009727851
1.3155597087195365
1.319849859642069
1.3160915753184166
1.2442371744573213
1.1452318660650964
1.0377530388409524
0.9318295804193338
0.8441303980274297
0.7557345543465012
0.6784737144244549
1.3403120381362519
1.3601223189830132
1.3629135980301328
1.3231692788390619
1.225200346193239
1.1098111988997892
0.9938508391849342
0.8974458284285295
0.8002828952554493
0.7154470022972932
0.6336483189710443
1.3740935232622444
1.3912362507567004
1.3937220881031516
1.3753388553912818
1.2892958677558566
1.1693343834920777
1.0453782507380078
0.9416828056956599
0.8371024771368223
0.7458508374426717
0.6579897133761586
1.420739862072357
1.4221227738340232
1.4182123595637484
1.4047635266721088
1.355924463580883
1.3148701498310105
1.2348061367254626
1.1027286424931961
0.9909537909218713
0.8779725722969629
0.7794615574389697
0.6847380359266012
1.4323825459704222
1.4451057931191185
1.4419375443820304
1.4150993348654837
1.3003048938226258
1.1616707765388283
1.0417973475117013
0.920102482157538
0.8139544041522153
0.7120506672100289
1.466344296719267
1.4644546293214378
1.4598455873684815
1.4382040360321413
1.4257607107323846
1.3778653478569098
1.314874235408958
1.2359874629493357
1.1067106590117686
0.9739320249339901
0.8578851038067972
0.746621447345667
1.4765030585025312
1.4737446861229173
1.4633518507603582
1.4394487180785998
1.406318096974291
1.3564096157443573
1.3056012806914263
1.1694551946627754
1.0263320134969713
0.9007044147084984
0.7800094082340984
0.7968325885153641
0.793527028316347
0.8828539940734592
0.8935885489026454
0.8684410183185161
0.9684108673500449
0.9647296272672804
1.0457975038350265
1.011388415036794
1.1395013134105791
1.1431009023784289
1.0920471630688289
1.2127866434081176
1.1907890460332462
1.2226924457885895
1.2432898894440867
1.2693999807131129
1.288829756508265
1.23647388071055
1.3124629068407567
1.3302154163206044
1.308832357594126
1.3566244421571276
1.353316617337767
1.2822655745025722
1.3438388009403346
1.3848240920003805
1.4066885055693223
1.3941541873052425
1.2945090621853275
1.4215743873700313
1.366331799932841
1.4170788951513311
1.2997610312551486
0.7309429904887368
0.7464239645662948
0.7927760174249638
0.8093339620019333
0.8192542817062625
0.8852578218215506
0.9030431042450103
0.9130852264882429
0.9166987032125459
0.9134309996687611
0.9797929079929382
0.9980280421044612
1.0075175431961971
1.0099555056106282
1.0042155393723162
0.9769720009029657
1.0448627058473172
1.0628323537978093
1.071830792313369
1.0734330289471146
1.0728720801883125
1.0702813055696176
1.0654197566889403
1.050926938311398
1.032962026515007
1.1058292471102902
1.1237077258500792
1.1313379077062344
1.1307192304344813
1.1270549218835688
1.1210109292608237
1.1034107314934378
1.0836175073241534
1.0430188944277576
1.0016865026418573
0.9186992331761387
0.8802758939113853
0.8248536246915535
1.1747943518865012
1.1909932838812956
1.1967786472706454
1.1964101978310957
1.193500066301936
1.187072133997458
1.180630588723177
1.1591103821692779
1.1360906115467044
1.0962795113985877
1.0428674002360008
1.0055454580824266
0.9506242453031807
0.9065114218423573
0.8465814674422466
1.2126683407332184
1.2272659043962622
1.2317053401467815
1.226624831979252
1.2202411306802519
1.2110666355593669
1.1870934593632627
1.1618019981874934
1.1120904074453193
1.0615032180714428
1.0211631234090266
0.9623757696373195
0.9169293837673564
0.8522620853446861
1.2524839944539983
1.2645600909230719
1.2666833440903629
1.2587954761543285
1.2400134989744336
1.185050530043416
1.0763220649592613
0.9694186485654237
0.8519221665162426
1.2823725563247756
1.2863935320250102
1.282011943960904
1.2674671867102019
1.2542696879257054
1.2251067945955294
1.1938345650192705
1.137022984162795
1.0790196597407382
1.041234223240014
0.9665474367379683
0.9187586116355498
0.8446180847492137
1.297544403447725
1.3041423916419288
1.3007104531232954
1.2868233794705513
1.273498041388462
1.2623257620793433
1.2294524223121894
1.195219078101633
1.1295292013722276
1.0704892514345823
1.017772345451186
0.9521630700460807
0.8949201608761213
0.8230726279275745
1.3031834607453405
1.3068754813692296
1.3011723973231526
1.2847475511265778
1.2715650323772223
1.25571189901971
1.2199809718167383
1.1855057864231644
1.1194808386529131
1.0549414158741044
1.0142853206121465
0.9312896008406648
0.8741082998583444
0.7988637855494709
0.7082342389957442
0.7246907079141145
0.7670054468805996
0.7845485834152846
0.794417252140181
0.8545402975434659
0.8730142658879559
0.8827273541096712
0.8769564302307249
0.9431483832870274
0.9623996271291547
0.968682164464373
0.9709339073769145
0.9610483143920241
1.0041045645854147
1.022339688463084
1.027637269150384
1.0301430164386811
1.026928032984504
1.0163964145895725
0.9886270932908777
0.9547935588493816
1.0603605200586412
1.078351886437996
1.0830364931674017
1.0845084897718165
1.0787281119026575
1.0663999649997589
1.0338474611369004
0.996570049394144
0.9170144741187094
0.8243720726555607
1.1232431333663782
1.1393286666199811
1.1430936558698341
1.1429735598436226
1.1339030209947505
1.1184754359388764
1.086095074517381
1.0376817470831556
0.9489211084402628
0.8461001530277114
1.1575599148959836
1.1715672673432305
1.1740198320242623
1.1731159972328828
1.161769220139281
1.1441357569042774
1.102699072929368
1.0563312982483215
0.9607032486938307
1.1923743809095677
1.203905313483583
1.2022126073894763
1.1674967745406322
1.0712003539534825
0.9677828769989596
0.8514699793897688
1.2180644495005386
1.2213819278366336
1.221191940840326
1.2169303610196671
1.200126623706388
1.1767319259763522
1.1278918593929337
1.0740372417725879
0.9649745374378903
0.8441840382751093
1.228875094043982
1.2340781846773818
1.230981866530836
1.2259471868577827
1.205239668966891
1.1786549984842685
1.121097468969711
1.0657815182370367
0.9784794200965473
0.9506805410799594
0.8226736538353623
1.2309244906283865
1.2332918598455298
1.2291285806864252
1.2211238900285817
1.1970599706419764
1.169551989956859
1.111195250518324
1.050443165373509
0.9299017741595279
0.798494754675125
