0.7118500905518489
0.7279711283252425
0.7192505165695204
0.682455871676738
0.6384411899371099
0.5992910048677492
0.5580280942290891
0.5208062984917118
0.4670013167582571
0.38825702273551116
0.7863212473594086
0.8107517508128151
0.8184546422446728
0.8199382275351924
0.7890667491831458
0.7393273758055444
0.6926024942674596
0.642685730057174
0.5975097513454992
0.5525648287978202
0.5091161457354415
0.473133733104347
0.40476606182720515
0.864176780370732
0.8752642632862654
0.8839509225229888
0.8933389764330633
0.8951685748895902
0.8830757490426573
0.8324271298857999
0.779425373121438
0.7213796431715908
0.6684982029183595
0.6158317007461571
0.5649290392511033
0.5227923284540908
0.40653938157739794
0.9362946441163987
0.9569091145052957
0.9614734490451285
0.9678762395653043
0.9692761908033732
0.9672388844555092
0.9257710619209448
0.8682770916956526
0.802195724741101
0.7412135174672754
0.6803056387578633
0.6214249531125354
0.5727106102434404
0.5233968650323892
1.0378995633171444
1.0499263062174886
1.058777516277402
1.0674453680362963
1.0687704544005867
1.0585558782500981
1.0038136081857036
0.9276546359235778
0.854207907929205
0.7800246742655408
0.7081555864435408
0.6487314232294195
0.5886549016282778
0.5359901205548998
1.1070463179397274
1.1190314625462248
1.1278396579611605
1.135355686571578
1.1364364559974536
1.1358944711538654
1.1018108398456052
1.0231435874457482
0.9410286026120318
0.8565196351385531
0.7742690934745347
0.706248597469442
0.6375508741907494
0.5773769321278913
1.0815551270541994
0.9950750861061476
0.9042560766012041
0.8154067279950102
0.7418758527031342
0.6026858998811411
1.1873084280638393
1.2085791197880411
1.2132236789778557
1.2102670268924027
1.1462124954424024
1.0565854098508545
0.9589138408661544
0.8624650893610853
0.782505781223476
0.7018268757941939
0.6312702326585603
1.2332548189955128
1.2524512925845517
1.2558378247361162
1.2208325918544094
1.1321763506650897
1.027103421033173
0.9212533553346464
0.8331246260621026
0.744204435740073
0.666508590599195
0.5915609988693364
1.2666777196697756
1.2833757660529894
1.2864474225092861
1.2705662992526112
1.1928530766023762
1.0834859489556081
0.9701292325525637
0.8751449779569698
0.7792379215775275
0.6954858046974657
0.6147995813671157
1.313150950672613
1.315061808730108
1.3118797423651691
1.3000683869231129
1.2560387392645962
1.218690996227905
1.1455373690284236
1.0245669900632284
0.9219714588761694
0.818138503159762
0.7275229615439524
0.6403342563083426
1.3254304336832496
1.338098949040938
1.336108298037741
1.3123047944899051
1.2077661635520833
1.0805454724564683
0.9703088088639819
0.8582476760692026
0.7604047444583116
0.6663906330853225
1.3607961603714704
1.3595819039779318
1.3556566477083574
1.3363757888334624
1.3251323432228306
1.2814559838205952
1.223722606189129
1.1511765708532258
1.0320427355102595
0.9094851855226307
0.8022593810332876
0.6993622650480066
1.3728964790623928
1.3708108227812656
1.3617440099196867
1.3401660618900009
1.3099579027220838
1.2641752544836269
1.2174021339671044
1.0917534030480969
0.9593892926540237
0.8430635898882278
0.7311980629760491
0.7157111304013393
0.7137996698280725
0.7961777186431183
0.8064553619031396
0.7851056599743461
0.8767634310651143
0.8745465204041843
0.9504696268971266
0.9208101647024357
1.0397587064989247
1.0442834258068565
0.9992514233545429
1.1105597756868228
1.0921086775381277
1.120476242589625
1.141697771403208
1.1658386259916602
1.1850017298957385
1.139003157305931
1.2081851747705408
1.225852249598356
1.2074908154280142
1.2518934974967937
1.2500373574822623
1.186288128092304
1.2447352513472991
1.2813658200976266
1.3031164722129895
1.2926861459071197
1.2023260213860498
1.320276996907461
1.2706160172752536
1.319104879584382
1.2118963189278031
0.6568462830983457
0.6709989217607302
0.7146369772964419
0.7298624179280373
0.7391138481694498
0.801670141740902
0.8181653045663867
0.8276486090249996
0.8313423844131776
0.8288275323576186
0.8914347111465567
0.9085084700279353
0.9175941774914734
0.9203296634281062
0.9156207083011334
0.8917263270334682
0.9537394887646009
0.9706944803193166
0.9794378468944727
0.9812317941108966
0.9809208622009107
0.9788342391566172
0.9746767835837833
0.9619657950306985
0.946010930469857
1.0125916571381015
1.0296082360921905
1.0371440395273894
1.0371802359136273
1.0341125042857686
1.0288775224713975
1.0133095153950762
0.9956263257047363
0.9591452551020134
0.9218563272963737
0.8467876695514601
0.8119803959342701
0.7617188818352072
1.0798679933901985
1.0954411832633413
1.101396423445803
1.1013667968534793
1.0990265994672022
1.0934826628913732
1.0878032246033391
1.068615894498904
1.0478944712837397
1.0119046419591256
0.9634479599490645
0.9295334819653847
0.879547501323612
0.8393719515859457
0.7847285894727634
1.11727472514178
1.1314636728581058
1.1361866042381568
1.1321510958144887
1.1265895807661508
1.118467998078373
1.0969589347664455
1.0741053416762376
1.0289741541616826
0.9829372708247346
0.9461247878852688
0.8924587016145806
0.8509301605829191
0.7917680414220789
1.1572415632997102
1.169104519317574
1.1717752196587679
1.1651199898453675
1.148415998288202
1.0986386461127384
0.9993527597899868
0.9014007294679243
0.7935559611851906
1.1876351454786866
1.1922873824493387
1.1886684893050246
1.1758113119539502
1.1639625145886754
1.1375147334047302
1.1090062986755913
1.0570143342346026
1.0038217666602105
0.9691637898875533
0.9004802204148346
0.8564860108279495
0.7882287446775763
1.2046515800581106
1.2115596032234044
1.2090362870023752
1.1968066586459023
1.184798858894862
1.1746662957186882
1.1446809498563997
1.1133042269171178
1.05292688644205
0.9985300379945431
0.949905225331698
0.8893497445529676
0.8364913933774035
0.770073833519441
1.2122325653438015
1.2164367952243773
1.2117581180597823
1.197103843816152
1.1851590907330418
1.170680240969186
1.1379820586176586
1.1062411229007434
1.0451793329376997
0.9857595783886585
0.9481763969586454
0.8713689806593653
0.8184051933901988
0.7486656476255051
0.6369177709470436
0.6519963174807483
0.6919214225454012
0.7080916580354666
0.717382314442518
0.7744227581218673
0.7916038138781176
0.8008786804963487
0.7965422310993232
0.8586902947525966
0.8767845149642088
0.8828343640637453
0.885126001795318
0.8771170347510202
0.9171783027316482
0.9344415235086727
0.9395981969628858
0.9422084013568068
0.9398625494761385
0.9307440514417793
0.9061225145902313
0.8758456599645301
0.9716118056288644
0.988802566556831
0.9934355913605984
0.9951349662765353
0.9904775516092416
0.9796900239894827
0.9506468939824029
0.917110350512987
0.845221497556351
0.7612699918021617
1.0331504567401875
1.0487239481083275
1.0526297252807852
1.052815091943536
1.0451783308373825
1.0315064616882015
1.00242388816889
0.9586132894284224
0.8779562242966427
0.7842776473041487
1.0671634734325344
1.0808700691927215
1.0835258233440843
1.0830984125559528
1.0733415293146604
1.05762010899931
1.0202013940848003
0.9781008517347427
0.8908913240788818
1.1023268527062489
1.113809221508088
1.1130590029671514
1.0822001065303792
0.9945466241950135
0.8998624877380258
0.7931295814422091
1.1287542307815308
1.1322491865885702
1.1324333604675128
1.1289486221143332
1.1140704461951492
1.092949799335942
1.0484334072699841
0.999134835194698
0.8989974482118078
0.7878185092217322
1.1415172967439882
1.1472079153939447
1.144812520647904
1.1404381059541346
1.1218704139921154
1.0977020653483394
1.0449768577180203
0.9940873203295615
0.9135998231860413
0.8879479372828838
0.7696947388713444
1.145584893913226
1.1486115788853501
1.1451561507675463
1.138118368080941
1.1163575605876443
1.0911826255879882
1.0373536943830957
0.9815061801491504
0.8700542264373657
0.7483152623776281
