0.8481189882087897
0.8669624173873599
0.8553562753109705
0.8106562496151728
0.7575897675239351
0.7105966071547963
0.6612490973013612
0.6168619373636935
0.5528844875185613
0.4593998467825376
0.9307760408622233
0.9592081489717662
0.9680129230658845
0.9692338680656708
0.9316760728696714
0.8720820594114466
0.8164086810811322
0.7571288262214335
0.7036206105065334
0.6505099463842822
0.5992423075039458
0.5568050925015847
0.47602061396993867
1.0172485022540152
1.0300686302112958
1.0400653367784392
1.050754605956801
1.052786513799034
1.0374725069079311
0.9770384532392304
0.9142350193891144
0.8457068495289533
0.783434833018381
0.7215481643259063
0.6618138989574069
0.6123897274050079
0.4755505141932978
1.0965283864917847
1.1201135324471494
1.1252841058543959
1.1324055879706365
1.1338277775340924
1.131095874951289
1.0815862349576375
1.013791783764712
0.9362043116529821
0.8647860167675855
0.7935968545773857
0.7248620686929486
0.6680214175611785
0.610465004822827
1.2071007372501779
1.2207195216471567
1.2306731137411207
1.2402724438705297
1.241671624933424
1.2289615046126983
1.1646594200408285
1.0758797814342653
0.9905192805540101
0.9044667171471995
0.821284848944446
0.7523690553060555
0.6827782776714717
0.6216996922987676
1.281506293994425
1.294989956508491
1.3048235621347641
1.3130077155652238
1.3141027689720794
1.3132691429896164
1.2729396747857569
1.1815937055998273
1.0866509752080136
0.9891300938113059
0.894316866234708
0.8159429694866238
0.7367854692969278
0.6674279351223511
1.2460225446042308
1.146307890946155
1.0418188413901142
0.9397067255302454
0.8552286107034446
0.6952736571013233
1.3668776381413494
1.3904790308938249
1.3952420123396927
1.3915093222996668
1.317097504372431
1.2140395343228148
1.1020247289207572
0.991537065081604
0.899980102799309
0.8075986959596222
0.7267469816035411
1.4152936783054668
1.4363747846597212
1.4396070336932485
1.398737617678185
1.2970355647810132
1.1769654500240407
1.0561621058887827
0.9556300308900147
0.8541980261960563
0.7655079777211726
0.6797869210021876
1.450103639610749
1.4683584498855369
1.471283322347909
1.452540565911799
1.3634442059483645
1.238790495689507
1.1097918334941121
1.0017550380607687
0.892671874969043
0.7973504041258119
0.7053516534872538
1.4986967245296985
1.5004096835802365
1.496533240378066
1.4827805620219254
1.432334373816686
1.389796639975031
1.3066720098320777
1.1694134217229006
1.053069258817742
0.9353311491630911
0.8325133055778469
0.7334141472721273
1.510081720143833
1.523728374362637
1.5208218368438045
1.4933286047414238
1.3745435405529869
1.2306202665537525
1.1059737488344044
0.9792525393639278
0.8685625723262002
0.7620339009436399
1.5455018485771395
1.5437360312640236
1.5391256559136213
1.5169622707065566
1.504169511958573
1.4547456254917928
1.389478625295209
1.307680278535265
1.1734127573755164
1.035343635081784
0.9144830582165213
0.7982078176782925
1.555776228348504
1.5531254438352637
1.5426148515780558
1.518069716673222
1.48390847169265
1.4323208285909186
1.3797228864737647
1.238513918290139
1.0898119324996585
0.959029958971712
0.8330763102160085
0.8520991204830304
0.8488744696437335
0.9417177997103909
0.9533335245898429
0.9270141221700835
1.0310240769527061
1.0275034337879334
1.1116196991443605
1.07583377419518
1.2082908737557063
1.212553414313536
1.1594209799899688
1.284318206491246
1.2618628147709916
1.2935833631680065
1.3161073761638566
1.3420011390795699
1.3628596179057344
1.3089301128212352
1.386383274768642
1.4054826687379227
1.3836821020987164
1.4324004071391303
1.4294455066553085
1.356062590953747
1.4196630621686144
1.4605215420604793
1.483940014880871
1.4713992563710696
1.3684643284323295
1.4993518999731383
1.4426700973947697
1.494684530945139
1.3736056712566125
0.78170673701153
0.7983464472903187
0.8463634265289428
0.864121790115916
0.8748050264067512
0.9428177282291885
0.9618430165776773
0.9726401668022604
0.9766364398529999
0.9733513554194699
1.0411491564823074
1.060609071110493
1.0708213054560731
1.0735993234084076
1.0677492096493713
1.0393767041950708
1.108686023340501
1.1278406664826814
1.1375337197948003
1.1393660229882656
1.1388603759070755
1.1362439985105397
1.1312490138619682
1.116213094864162
1.09750004075315
1.1718623692218
1.1909106311720352
1.1991604378475957
1.198765883736134
1.1950500344013273
1.1888370815111786
1.1705982532699637
1.1500260183563131
1.1077147625631925
1.0645941748482017
0.9779332753866622
0.9377851108627052
0.8798529660557391
1.243232573361007
1.26049903534129
1.2668252020974466
1.2665847858958859
1.2636888992530015
1.2571303111379213
1.2505207366391529
1.2282186786735874
1.204321014537806
1.1629157944387838
1.1072876379764898
1.0683921554263476
1.0111272020839839
0.9650977684957921
0.902533206825616
1.2823923391873797
1.2979862548823293
1.3029222337927515
1.2978972011848826
1.2913515717342774
1.2819202841133093
1.2571269700594292
1.2308854843919441
1.1792212839582485
1.126587890322066
1.0845783780524632
1.0233317794573638
0.9759362105297011
0.9084878573835065
1.3234953522160606
1.3364619772288038
1.3389867134303728
1.331084280077453
1.3117580639443616
1.2548397665208324
1.1419107552529888
1.0306281398080666
0.9081451866319522
1.354631620326697
1.359253561950687
1.3548813938220015
1.3400158811062268
1.3264199547210447
1.2962843816349612
1.2638821901572377
1.2049309118911915
1.144658241283458
1.1053701811755374
1.0276116409167153
0.9778486239149812
0.9005510946089061
1.3702059120747114
1.3772275134413143
1.374030549508365
1.359815374936199
1.3461222829842088
1.3346041249901264
1.3006652144572277
1.2651729674921663
1.1970480782970452
1.1357169034430958
1.080927045483552
1.0126407105393578
0.9530179239492652
0.8780853234822326
1.375770138816664
1.3799482509604712
1.374319834287952
1.357551481282905
1.3439953628279255
1.3276303489840242
1.2907096577811004
1.2550025207595814
1.186287383556836
1.1195062970040783
1.0772384760099185
0.9909146026052519
0.9312885134893932
0.8527860755787244
0.7575828297020994
0.7752851124647647
0.8190706717330202
0.8379030679090576
0.848579836145948
0.9104270143952041
0.9302097834505165
0.9407158283597777
0.9349750440630171
1.0026635674669637
1.0232360717386706
1.0300135404920094
1.032495799749807
1.0225021487808656
1.0659891097611618
1.0854676165663666
1.0911811339561281
1.093966293164139
1.0908426795993478
1.079982951490605
1.0511047569881733
1.015793066692692
1.124340217718602
1.143549269068627
1.1486297469117575
1.1503369538348152
1.1445564252885623
1.1318547080511208
1.0980298215157498
1.059188161579254
0.9761510093294347
0.8793427364602374
1.1894885253361
1.2066994106831388
1.2108544339881058
1.2108905813808826
1.2016802775373008
1.1857691269667487
1.1521836268875674
1.1018189587685676
1.009328615991212
0.9020239971467531
1.2250419685143747
1.240047099244854
1.242777228289398
1.2420289888123415
1.230496159498585
1.2123006292698864
1.1693344866350852
1.1211391416345142
1.0215669526446391
1.2610668409351344
1.2734754352400381
1.2720747608287715
1.2363952319503502
1.1365203481899542
1.0289036201002222
0.9076673992991097
1.2878492454600585
1.2914411150911935
1.2914689902495091
1.2872517773623533
1.2700668303953078
1.245923632831723
1.1953346268010443
1.1394173902830262
1.025954111506036
0.9000925590914978
1.298812914023225
1.3045627366741825
1.3015550749453035
1.2964779268194688
1.275284759577701
1.2477932842671802
1.188192082076175
1.1307675811284286
1.0400004299807293
1.0110788098158399
0.8776630681794981
1.300802918512825
1.3036769632959824
1.299550630320404
1.2914054371999282
1.2666811850408108
1.238268430029863
1.177589504029257
1.114777882034582
0.9894523102671783
0.8523960465497714
