0.7971557891430081
0.8151283498273202
0.8050277866167845
0.7635794116391054
0.7141341065797903
0.6702373863743005
0.6240467551070267
0.5824560101978709
0.5224563871635818
0.4349115671515774
0.8783441468492876
0.9055198693189977
0.9140420682264765
0.9155500374612332
0.8807654911395222
0.8249917861596262
0.7727356002144654
0.716977326651377
0.6665985377562903
0.616549731884188
0.5682355372734853
0.5282726949902791
0.45244203434497504
0.9632102053089715
0.9755094299948472
0.9851311980498405
0.9954953882278089
0.9974991208199361
0.9836956773880029
0.9269887855741342
0.8678070128074059
0.8030872298021047
0.7442184677132606
0.6856637359994187
0.6291403777685849
0.5824003214234784
0.45361710230060354
1.0414416287309227
1.0642125121961499
1.0692379112779091
1.0762469443739078
1.077737029841034
1.0753596170634834
1.0289168472755752
0.9648200466851544
0.8912680607297729
0.8234957221221593
0.7558837778764291
0.6905940455782772
0.6366278827245488
0.5820406129018036
1.1510672591357114
1.1642881691955513
1.173992689099081
1.1834463201389114
1.1848666684514828
1.1732286725266325
1.1122669146783726
1.0276960963344781
0.9462625298862092
0.8641033276751526
0.7845811779245326
0.7188817584234722
0.652501847458333
0.5943385979964958
1.2251903301705298
1.2383139876964417
1.2479339054624725
1.2560636556615983
1.2571988377231633
1.2565605990580702
1.2184186105796
1.131157578736706
1.0402653729122717
0.9468248259903913
0.8559600204199848
0.7808673917092415
0.7050718945333112
0.6387117505588743
1.19428144210552
1.09864500481344
0.9983243810957839
0.9002640527888394
0.8191628867227281
0.6658056540007741
1.3105938961939985
1.333690895680357
1.338564501241968
1.3351492646283276
1.26400064782559
1.164957902301892
1.0571799436800764
0.9508452759478032
0.8627451846991114
0.7739032884918979
0.696225158670723
1.3590521791383943
1.3798055426016875
1.3832076975511753
1.344206388031365
1.2462535191081934
1.1304425033983463
1.013889446303276
0.9169106190690195
0.8191135931551944
0.7336803357139399
0.6512766701012815
1.3940334098184186
1.4120040320799125
1.4150783625308179
1.3972223991871484
1.31133086519265
1.190878625040205
1.0661823232339331
0.9617657567834139
0.8563902071476581
0.7643897244406892
0.6757661574478891
1.4426336910970805
1.444447494997156
1.440780405161386
1.4275787747628745
1.3788786395960682
1.3377200190896643
1.2572610345712611
1.124291708076876
1.0116314469554453
0.8976717667780397
0.7982419091077134
0.7025811647523466
1.4544333458201957
1.4678668754246036
1.4652472506241792
1.4387287841679999
1.3235931326579697
1.183902689017519
1.0629771733059796
0.9401216681618321
0.8328730127845655
0.7298529163433606
1.4899784181720483
1.4883321779163028
1.483858699476245
1.4623843366422375
1.4499376271796465
1.401857159485198
1.3384446478726675
1.2588883441004606
1.1283662763779718
0.9941806806429889
0.8768183882137147
0.764213493998992
1.500467301370605
1.4979051777514052
1.4876566172276648
1.4637503717312716
1.4304624413485134
1.380183514370855
1.3289205115417824
1.191378404689193
1.046634836791237
0.9194648943904734
0.7972247243402873
0.8013133254240621
0.7989209771736201
0.8891558399124746
0.9004925653912271
0.8763447588234939
0.9769399280225544
0.9742026081059947
1.0567444518757187
1.0234131490905358
1.1527892809315683
1.157453852431823
1.1072271169838903
1.2286357501312735
1.2077294776827088
1.2384514843875238
1.261132641691145
1.2867465825299067
1.3074071610005993
1.2560897555010233
1.331302708274285
1.3502384904515325
1.3295974709700566
1.3772983874395108
1.37478364755062
1.3041599442150893
1.3665554655486014
1.4062591487554716
1.4293353181471755
1.4173814756794547
1.3176791108815453
1.4451771159800868
1.3901022446872768
1.4409744827450326
1.3229720447506639
0.7352540760377632
0.7510621760825702
0.7984595617380151
0.8154145527074453
0.8256886249982367
0.89323555967968
0.9115201136345153
0.9219933350179303
0.926017400336545
0.9231228884320037
0.9904106483690689
1.0092437452412775
1.0192234946656415
1.0221335013151127
1.016792201167839
0.9900976567587666
1.0574644428511588
1.076089295546731
1.0856300346482544
1.0875350546727698
1.0871388139745524
1.0847613541726417
1.080095054400762
1.0659061553175753
1.0481543928131045
1.1204196921652523
1.139020629015326
1.1471926479804593
1.1470657814635417
1.1436052922901285
1.1377488906359194
1.1204176299800384
1.1007903871473592
1.0603600685666674
1.0190893124778206
0.9360786718200569
0.8976149131372124
0.842100741049605
1.1917869663310792
1.208711728468288
1.215058322471112
1.2149287809594602
1.2122478963113152
1.2060346327851863
1.1997137048473914
1.1784092586567314
1.1554840878054684
1.1157062312991404
1.0622169355808182
1.0247965961265684
0.9696853375427209
0.9254000432805846
0.8651971649770649
1.2310552822904612
1.2463805987059717
1.2513492530555972
1.2466896854150842
1.2404739023505487
1.2314352367454233
1.2076070358191626
1.1823597225127105
1.1325753273759085
1.0818179931090406
1.0412948145602587
0.9822082603462274
0.9364961055663389
0.8714244928796935
1.2723851358532416
1.2851427189680837
1.2877711524999682
1.280241589980115
1.261666002861276
1.2067199351200442
1.0974651910764226
0.9897456848747395
0.8713784541916867
1.303560002430822
1.308231055893308
1.3040708005647723
1.2897408974426716
1.2765936275120102
1.2474193922140313
1.2160263884436258
1.158876322518155
1.1004516337529104
1.062386150720424
0.9870242533814433
0.9387871108405551
0.8639360826461105
1.319274805301165
1.3263801973865028
1.3232718575755378
1.3095598059365672
1.296257524169116
1.2850673164582882
1.2520276811254811
1.2175759453285973
1.151329547041794
1.0917286565300068
1.038482889705852
0.9721635612065566
0.9142763920301975
0.8416018903801424
1.3251569983012705
1.3292508295094045
1.3237645803312394
1.307403672822246
1.2941874711446328
1.2782473187406458
1.2422656263737717
1.2073827884798878
1.1405576259706685
1.0755446257737695
1.034426669582059
0.9504594539606211
0.8925394528927316
0.8163245632593621
0.7128193217966643
0.7296563556894312
0.7729536500310012
0.7909554367694256
0.8012646636783697
0.8627539996107946
0.8817960030284927
0.8920270178113677
0.8870272125129621
0.9539309174964772
0.9738769070668752
0.9805148798459712
0.9830038993331133
0.9739156519782007
1.0168293017387602
1.0357840849118713
1.041413240773244
1.0442269181165689
1.041493081945058
1.0312945045295148
1.003897267535341
0.9702855811758142
1.0749926182426042
1.0937745591647825
1.098800511669479
1.1005854919397047
1.0952756631240166
1.0832445433322195
1.051006061779964
1.0138668394749633
0.9343561541793836
0.8416073516511269
1.1401559400509977
1.1570485287331362
1.1612107923573973
1.1613266357117022
1.1527007479867333
1.1375112497796305
1.1053082640919498
1.0569181064137847
0.9679424100282293
0.864703664860644
1.1757801695145405
1.190555683417479
1.1933396891813408
1.1927268245075227
1.1817663627585837
1.1643260963427196
1.1229820968589634
1.076531276203559
0.9804962327461647
1.2119957086117306
1.2242557041705229
1.2230972877644672
1.1887971556156798
1.0922297701844812
0.9880718045995207
0.8709150707859128
1.2388557826140056
1.2424813866435815
1.2425358691151849
1.2384977423411905
1.221924871296084
1.1985668307564323
1.1495502635839339
1.095360483785539
0.9854155926582133
0.8634917289716847
1.250062072923139
1.2557921715572682
1.2529149583484684
1.2479754449317146
1.2273474783370573
1.2006783430902928
1.1427270497316693
1.0869245114173016
0.9987378805888196
0.9706501007767796
0.8411935544428752
1.2522262813346723
1.254997803179978
1.2509652984665396
1.2430175597004998
1.2189172113769078
1.191131634205211
1.1321187457708464
1.0709618948649833
0.9490457648450661
0.8159489231245457
