0.7962159768486344
0.8141285480663152
0.8039141779817313
0.7624276397656882
0.7129795501672508
0.6691022086795393
0.6229503543620012
0.5814100539257165
0.5215110473924338
0.43414637498280895
0.8767456591332355
0.9038203478736381
0.9122939806968484
0.9137435079718971
0.8789182842346109
0.8231775560159701
0.7709797747415096
0.7153064961450354
0.6650216239217327
0.6150788386461341
0.5668997743310532
0.5270367227702557
0.45138720738209265
0.9609270441318587
0.9731735033901664
0.982747798497167
0.9930497062891691
0.995036724773762
0.9811536899564447
0.924500288482767
0.8654182793819335
0.8008345104938344
0.742108177102567
0.6837091486348794
0.6273687263906355
0.5807684484116833
0.45233730303691905
1.0384514521300334
1.0610998803264395
1.0660924653083823
1.0730410201839162
1.074504960721154
1.0720994223115548
1.0256945654339185
0.9617358235068506
0.8883775340762438
0.8208049144532144
0.7534072259039397
0.6883568543822335
0.6345770433509194
0.5801793217415168
1.1469846633620453
1.1601216216118877
1.1697581648002588
1.1791262467215082
1.1805285321982513
1.1688492357898312
1.1080383118990071
1.0237479789637587
0.9426146926200065
0.8607750410643111
0.7815943718229048
0.7161662987370119
0.6500620990892843
0.5921343643602205
1.2202903670357466
1.23332658657012
1.2428698642888527
1.2509165317041298
1.252034791382773
1.2513680835226761
1.2132981969743197
1.1263576129634485
1.0358463385353605
0.942815480728189
0.8523811904957672
0.7776343344730371
0.7021897688958753
0.6361307566299348
1.188950191294432
1.093732955680693
0.993880823929253
0.8963106269704401
0.8156052822303642
0.6629939076866271
1.3046097861148864
1.3275822255450114
1.332381045167821
1.328944049098402
1.2580509480267756
1.1594743517209842
1.0522321417324687
0.9464591262547218
0.8588152627262936
0.7704374233918797
0.6931621468482336
1.352522672209502
1.3730834197723243
1.3764088618152137
1.3375246649552575
1.2400475988962132
1.124857196108705
1.0089583075622275
0.9125152682809653
0.815261323956304
0.7303031021710938
0.6483305403023487
1.3870224084827378
1.4048262938355063
1.40782632717257
1.390008364540939
1.3045443512322716
1.1847843412326498
1.0607956395458489
0.9569840245344656
0.8522210484424607
0.7607571567204627
0.6726211530621455
1.4349812138608493
1.4367457891340796
1.4330774557748043
1.4199213504390784
1.3714654964313693
1.3305404806783665
1.2505501480540961
1.1183953584222053
1.0064188219721562
0.8931522204984247
0.7943311238867893
0.6992220984688575
1.4465202185663937
1.4598832112453048
1.4571444643528035
1.430741292446713
1.3162445868355905
1.1774823799451202
1.0573233909484812
0.9352376801261957
0.8286891546403609
0.726282475359154
1.4814482834319065
1.4798128980286278
1.4753544339141602
1.4539876269121623
1.4416087185000759
1.3938276650756862
1.3308295033813065
1.2518075019686787
1.1221512094379362
0.9888548760438381
0.8722814582192137
0.7603853240857289
1.4916744417476526
1.4891060292658256
1.4789205129964262
1.45513639074441
1.4220584508254575
1.3721328634721237
1.321221106042209
1.184626807102723
1.0408781931828877
0.9145776482809046
0.7931580665973809
0.8003041316536904
0.7978161227696096
0.8874612298473368
0.898719977964038
0.8745084458656667
0.974516976413969
0.9716903880413892
1.053554350976781
1.0202125073017754
1.1486011915891614
1.1531495653921806
1.1030231664417878
1.2235923926204308
1.2026671816876577
1.2331893913013972
1.255575671568192
1.2809209295622237
1.3013704824912746
1.2501888509154102
1.324893432286047
1.3436242529925095
1.32301112922067
1.3703026481535603
1.3677222617516251
1.2974225711426017
1.3592299672741586
1.3986708530661522
1.4215019485519067
1.4095509377640862
1.3103742817831818
1.436938024841765
1.382162178809362
1.4325382597351222
1.315318764611828
0.7342989548244586
0.7500641871018877
0.7970380162516753
0.8139337391240069
0.8241611485274273
0.8910290929422918
0.9092298430561052
0.9196407923936616
0.9236188574863983
0.920698393921059
0.9872950647266319
1.006018628267057
1.0159263985817801
1.0187860415867993
1.0134263403754382
0.9867695257591153
1.0536567590076042
1.0721594004041193
1.0816184293941813
1.0834909051253776
1.0830816448669311
1.080693991175817
1.0760283086480371
1.0618653356381642
1.0441614501983147
1.115909812213276
1.1343728031334024
1.1424645217479577
1.1422951680836955
1.1388328287630398
1.132984738155483
1.1157005408656764
1.0961422808755363
1.0558682006002422
1.0147685834373603
0.9321195788840342
0.893837108353625
0.8385799006766707
1.1864122521895508
1.2031960649109206
1.2094616200965476
1.2093134559503764
1.2066230726969898
1.2004215410403378
1.1941208087358037
1.1729007798453472
1.1500685649549676
1.1104783720345086
1.0572503959686343
1.0200179946849373
0.9652054016822471
0.9211441000136168
0.8612552835359145
1.2251633028781728
1.2403467816596838
1.2452456145978748
1.2405716212052134
1.2343623090183884
1.2253651790786886
1.2016398554944112
1.176520303695406
1.1269903105326025
1.0765052763265692
1.0362121174789782
0.9774509812619437
0.9319930751025087
0.8672736111837488
1.265971709428481
1.2785275009459045
1.2810865767327195
1.2735725535873383
1.25507735589322
1.2003929819993895
1.0918133613498233
0.9847976001775514
0.8670626227145221
1.2966115054911582
1.3011953858631842
1.2970376441823186
1.2827530389457686
1.2696890338403863
1.240670632072003
1.2094719034016814
1.152644039429722
1.0946119456767889
1.056783978982477
0.9818868679111644
0.9339561700538107
0.8595639749978473
1.3119495005881503
1.3189565946863637
1.3159019755537114
1.3021845959548037
1.2889623187914077
1.2778445455934129
1.245018703539707
1.2107823742775754
1.1449660255032534
1.0857619674178343
1.0328533636121475
0.9669814070448215
0.9094677579880425
0.8372752246125577
1.317601813354213
1.3216298230347239
1.3161643509665668
1.2999008294147505
1.2867650306328933
1.2709151244016306
1.2351786517677255
1.2006271272705609
1.1341646554934555
1.0695883907394186
1.028756146433458
0.9453675329286462
0.8878306866566894
0.8121316673848082
0.7118510428407666
0.7286407689155361
0.7715377009164128
0.789473772028131
0.7997304126957472
0.8605872730830088
0.8795386265404411
0.8897034516973527
0.8846513849975368
0.9509052047848061
0.9707314073714916
0.9773193658368696
0.979780978944459
0.9706574059256327
1.01314864041045
1.031978032591789
1.0375568437010496
1.0403354921217693
1.037572291948388
1.0273852850898735
1.0000602300615216
0.9665616044998231
1.0706568161936663
1.0892952270507679
1.0942736107609516
1.0960256884427253
1.0906977595812344
1.0786940985698164
1.0465667676728514
1.0095757190317645
0.9304069889207398
0.83808941158446
1.135019303900456
1.151764108893626
1.1558747211600024
1.1559713939778575
1.1473518969697094
1.132207905316576
1.1001456899374444
1.05198506923993
0.9634736092885426
0.8607649815998345
1.1701707331161855
1.1848057861742445
1.1875379531222363
1.1869115223645776
1.1759698426495344
1.1586060924307517
1.1174609042886063
1.0712538886986789
0.9757505112060197
1.2058702996333248
1.2179783464378804
1.2167790264733152
1.1825966571404603
1.086614940819138
0.9831354986563832
0.8666025512562162
1.2322971054569805
1.2358156964355207
1.2358924444102797
1.2318705202651343
1.2153621336463758
1.1921397434755212
1.1433864498094293
1.0895580085421204
0.9802899936573196
0.8591228836407583
1.2432379970342953
1.2488261733004573
1.2459473789701414
1.2410344275162588
1.2205258065029063
1.1940154887994812
1.136428646241952
1.0809941085944417
0.9933883564620251
0.9654793403118285
0.8368699187183368
1.24518203931314
1.2479018827616157
1.2438781104458472
1.2359595862896942
1.2120107585208242
1.1845000112855049
1.125790552407033
1.0650406873924745
0.9439645481311564
0.8117588222255371
