0.8023757000456868
0.8200684898000058
0.8086657178261454
0.7659459961238452
0.7152257387305291
0.6702577050026156
0.622958754086127
0.5803695154052776
0.5188949674894636
0.42897012130883977
0.8828650009765243
0.9097022998983879
0.9179560041373872
0.9189197972520068
0.8827644014130236
0.8256026773381918
0.7721841019900003
0.7152374250244923
0.6637992523078001
0.6126957858318675
0.5633367818263348
0.5224726170861382
0.4447320083453811
0.966855879855055
0.9789995173155807
0.9884522911403102
0.9985123793058196
1.0004076261149548
0.9853351753967565
0.9271457967223623
0.8667334088491817
0.8007698877453869
0.7408048067794366
0.6811710042306328
0.6235916600012513
0.5759518353708117
0.4443068290292125
1.0441483205391902
1.0665179848541086
1.071401641298217
1.078076401492532
1.0793365282622622
1.0765825932684965
1.0286350560812534
0.963245538407153
0.8884131064915449
0.8195183426161239
0.7508209626940063
0.6844836790269501
0.6296370728629919
0.5741224630248786
1.152290925223315
1.165262227738065
1.1747175375953471
1.183751684389539
1.1850413820136498
1.1724042713644758
1.1100410632305333
1.0241351230212388
0.9415772041566494
0.858353107155951
0.7778291324752358
0.7113084931930024
0.6440844431352153
0.5851510888002363
1.2253177099467156
1.2381730412459828
1.2475179409530037
1.2552210119976284
1.2562019266983309
1.2552689245963806
1.215852305235402
1.1272091277590786
1.0352003329724977
0.9407288680449879
0.8489176088637664
0.7730668975978693
0.696510113009896
0.6294687479172635
1.1901814939728739
1.0934248916510354
0.992099579561485
0.8931338081741437
0.8113192077436838
0.6565896726729289
1.3093965115937745
1.331876697436054
1.3362433004885295
1.3324577545038596
1.2598022981050712
1.159644828530167
1.0508943591113376
0.9437046842462735
0.8549461914559776
0.7654683576431756
0.6872447541578349
1.357218546301009
1.3773225716290733
1.380191127309227
1.3400300061919468
1.2409620566900088
1.1242172564208277
1.0068761070587169
0.9093102377086117
0.8109628303905192
0.725075647644658
0.6422430251937845
1.391717770247261
1.4091361458138614
1.411708849915007
1.3931750350498338
1.3061839758734854
1.1848248689146172
1.0593964650453762
0.9544541035377339
0.8485842489421067
0.7562186489596205
0.6672496489377467
1.439413830956018
1.4408684533329474
1.4369518501323904
1.423390342584899
1.3740395152011733
1.3325235753524798
1.251533871923755
1.1178925160243947
1.0047734309797445
0.8904140048039474
0.7906823003569416
0.6947633599347813
1.4515488729399606
1.4645381733182135
1.4614366127703873
1.4343800310318748
1.3183226175988454
1.1780571577202565
1.0567408835594265
0.933554351146211
0.8260879468096539
0.7228932491989208
1.4867064782814232
1.4848717600450252
1.4802610956191873
1.4584585476130485
1.445898057062167
1.3974996257823316
1.333797729528029
1.2539851492341052
1.1231519611380059
0.9887370436104036
0.8712367361505473
0.7585506905753328
1.4977115375609564
1.4950063208876172
1.4845864350058355
1.4604935004910171
1.4270353423522517
1.3765826885207464
1.3251910003075922
1.1874150513033153
1.0425193806194042
0.9153060082971133
0.7930440126554161
0.8059391983958607
0.8025394329558071
0.8930061095337378
0.9038337911950323
0.8783424637813081
0.9796101695744486
0.9758481663926324
1.0579944122512133
1.0231478767636477
1.1530541713473645
1.156687129055102
1.105026675368828
1.2274587990557155
1.2052184393827865
1.2376418629604804
1.2585390624977704
1.2851441470454432
1.3048558742777028
1.251940955536068
1.329053439936811
1.3470961132408599
1.3255069780584194
1.3741211333834598
1.370859486777989
1.2990583016718922
1.3617850626610712
1.4033659265231453
1.4256862860222965
1.4131335330516281
1.3124394582396064
1.441499919814579
1.3857878768700411
1.437746545788636
1.319252637963064
0.7393072689918914
0.754944572141374
0.8018804796440467
0.8186074224029358
0.8286215361644967
0.89551217610185
0.9134841991965186
0.9236250644334012
0.9272579403657991
0.923940293299181
0.9913032519276461
1.009736968410233
1.0193258484422385
1.0217806806256697
1.015963349929184
0.9883826830600935
1.0573067394355877
1.07548242107385
1.0845830386125572
1.0862014328617153
1.0856324081287494
1.0830090547956952
1.078088472795776
1.063421401592297
1.0452412739144032
1.1192276416071665
1.1373310086656656
1.1450522573404298
1.144432850885018
1.1407275430720425
1.1346220130017688
1.1168109809217546
1.0967862077468271
1.055707988448261
1.0138846878231973
0.9299054570554559
0.8910188124854254
0.8349258692842001
1.189416468453532
1.2058371760283624
1.2117173486633965
1.211356146044165
1.2084235594934907
1.2019318967079524
1.1954208636984234
1.1736548369594857
1.1503761557660912
1.110104174939392
1.0560641352767939
1.018299523605016
0.9627226355287928
0.9180804378317857
0.8574263774271603
1.2280726805042297
1.2428919087894288
1.2474236417048787
1.2423188826131824
1.2358788476923983
1.2266058215704072
1.2023705024434115
1.176796666035113
1.1265087622459018
1.0753269171507618
1.0345093179687639
0.9750193269168759
0.9290273479350208
0.8635728596556617
1.268870693663739
1.2811654066283404
1.2833815620055256
1.2754544749384005
1.2564887955099775
1.2009251519327633
1.090932124148198
0.9826283718668283
0.8638256660249859
1.299628253111823
1.3038094968883398
1.2994235410034318
1.2847657202523475
1.271440166178167
1.2419725553622372
1.2103498978050222
1.1528852628388813
1.0941984192503933
1.0559605852579572
0.9803729721025605
0.9320023228909317
0.8569427866730076
1.3157223761588497
1.322534189859997
1.3191734853783308
1.3052075618699255
1.2917693506872898
1.2804903519415545
1.2472631977761357
1.2126614410196177
1.1462091821119436
1.0864655487505803
1.0331078222946564
0.9666900922807312
0.9087314622090151
0.8359825753572658
1.3221656489446212
1.3259940610424892
1.3203493218254454
1.3038386013102299
1.2905465076443308
1.2745451392316733
1.238439651333004
1.2035791843936772
1.136781589489557
1.0714600338026428
1.0303020799186648
0.9462674755405827
0.8883725700576652
0.8121412618305666
0.7163211190824414
0.7329413290452454
0.7757966914797502
0.793516510815166
0.8034740555591804
0.8644274575594137
0.8830888197333482
0.892894745339421
0.8870200026683318
0.9542223807940126
0.9736823284010165
0.980029694628415
0.9823020894606415
0.9722774256403252
1.0160664712588399
1.034509872287573
1.0398668408980185
1.0423993863474417
1.039141704666094
1.0284816626863644
1.0003779646670834
0.96613979803169
1.0732222596954113
1.0914352551141142
1.0961788243335546
1.0976792448842594
1.091829966580651
1.07936005963208
1.0464249885029846
1.0087057429667272
0.9281999355482854
0.8344383087982855
1.1372566941035436
1.153568268035683
1.1573969257238494
1.1573021948588498
1.148126607830221
1.1325357353300753
1.0997886716805234
1.0508111455459395
0.9609970029555487
0.856938550747388
1.1723118777086587
1.1865404484787383
1.1890503576009093
1.1881555901946783
1.1767108959446264
1.158895132132512
1.1169910597126074
1.0700846599696836
0.9733235118923373
1.2080464221113947
1.2198055042165525
1.2181619230011105
1.1831233058363178
1.0857359303716836
0.9809677880359673
0.863366379227528
1.2345548472502947
1.2379639144785257
1.2378186159381215
1.2335561440405438
1.2166175620967237
1.192992762769121
1.1436159270441195
1.0891392161000788
0.9787748558792962
0.8565014268202681
1.246226658543633
1.2516384760727146
1.2485831477197893
1.243536670524156
1.2226743104363844
1.1958288386274005
1.1376375188450447
1.0816779152977014
0.9933232739311534
0.9651810898733982
0.8355755194439706
1.2489461914347866
1.251526604893726
1.2473988155459508
1.2393731805512296
1.215125613431734
1.1873479510005984
1.1283480624085633
1.0668792046594775
0.9448525697708334
0.8117643945332235
