0.7930998600964271
0.8111849381604023
0.8017933957948655
0.7611278317576909
0.7125157026240148
0.6693536968753557
0.6239539036617239
0.5830964220939697
0.5242160360986884
0.43848291553686936
0.8739511791703508
0.9012311136589198
0.9098732265044751
0.911671218610152
0.8777490460973433
0.8229429881629823
0.7715424948346044
0.7166986460475969
0.6671580622961919
0.6179688539811795
0.5705165133350432
0.5312860675839737
0.45697207670951057
0.9585933918758666
0.970933947921379
0.9806118867596572
0.9911057626669695
0.9931621421384261
0.9801219703876518
0.9244873702036698
0.8662710333023024
0.8025811510223219
0.7446457077816823
0.6870391569651595
0.6314551493897816
0.585514605135993
0.4590880463625436
1.036648524361584
1.0595457608254228
1.064628786884596
1.0717937201483372
1.0734109557085387
1.0712585882612673
1.025904775185066
0.9628780709320193
0.8904717605602834
0.8237295011499608
0.7571542553214382
0.6928797035359078
0.6397663736454552
0.58606116362646
1.1461023424068943
1.1593964127079603
1.1691956709326157
1.1788384710816626
1.1803338524599323
1.1693598836291814
1.1095884184083022
1.0263284188048762
0.9460789587209542
0.8650919221914551
0.786698373974389
0.7219309143557193
0.6564952451275684
0.5991572881728431
1.2201638823158942
1.233377624802156
1.2431063435246898
1.2514446296626291
1.252674324902753
1.2522156039289492
1.2151023629535178
1.129258958268355
1.0396652136915951
0.9475002049074991
0.8578496848829189
0.7837471154300644
0.7089391578797757
0.6434311951751772
1.192021922051463
1.0977431750816544
0.9987625617672244
0.9019701670244524
0.8218951930499152
0.6703745237386284
1.3055610311007355
1.328933866921111
1.3341031712721645
1.3309512605199338
1.2612846044832429
1.163672687678126
1.0573076292894545
0.9523028830917143
0.8652707910717211
0.7774788713176051
0.7007422332292239
1.3540671152865762
1.3750918165127748
1.3788311225609697
1.34087001144802
1.2444352165215125
1.130125016426899
1.0149802128590235
0.9191228959918992
0.8224167770759565
0.7378972890970469
0.6563199600737989
1.3890827982913911
1.4073205542492426
1.4107166552199293
1.3934846068865943
1.309029733719264
1.1901441068430696
1.066921461754792
0.96367343333318
0.8594235350634637
0.7683478019955539
0.6805696314418289
1.4380312972858091
1.4401112674131222
1.4366659413162037
1.423837570521458
1.3760059859266727
1.3354398347964198
1.2559838636189913
1.1245899234195231
1.0131498495552822
0.9003587547860116
0.8018792179700882
0.7070790724691445
1.4496467985085446
1.4633659944619817
1.4611301776545829
1.4352580816295684
1.3217690443954522
1.183693419538105
1.0640441325867362
0.9423993643827713
0.8361552611828368
0.7339900353175611
1.4855445855262075
1.484157578344996
1.4798640783776267
1.4588662155709056
1.4466345358148822
1.3992477675821153
1.3366688869034558
1.257957401829147
1.1287823487971702
0.9958779974667371
0.8795543659200252
0.7678330437823936
1.4961759712930343
1.4938044459614344
1.4838481576091036
1.460369140393871
1.4275586778489189
1.3779036475278148
1.327218933394024
1.1910848992539187
1.047683566532755
0.92145601312377
0.8002807236873173
0.7975595287448751
0.7957085144437068
0.8850909024337956
0.8966717387643703
0.8733416665298682
0.9728106109587141
0.9706600640470502
1.0527090519591544
1.0204155126999093
1.148373722672692
1.1536343949688828
1.1045599158671546
1.2243859738185563
1.2044419722086717
1.233797969581271
1.2574518577022546
1.2821641402550232
1.303301055440185
1.253392510400764
1.3267703998131277
1.346179540871018
1.3263030234980702
1.3730722631865382
1.3711180657645428
1.301876119079947
1.3637189161297711
1.4018382413768746
1.4253645710744598
1.4139848045128405
1.3158707970665515
1.441541352511913
1.387533503363457
1.4376746893656025
1.3212920369031422
0.7319239661323684
0.7477952064338395
0.7949929596503279
0.812029418436371
0.8224216400028519
0.8896276910975335
0.9080239235883492
0.9186477868237114
0.9228797778516314
0.9202460781915555
0.9867422807357005
1.0057224563566394
1.0158881039376766
1.0190559660968903
1.014027400930938
0.9880054656436358
1.0538082187794409
1.072605740745117
1.0823636074084475
1.0844355161144088
1.0841523107331228
1.081934990151307
1.077452901270034
1.0636422037477464
1.0462587107962242
1.1168221617762522
1.135627510444834
1.1440313852665047
1.1442190210479566
1.140938496256646
1.135277715176197
1.118361830532631
1.0991151891264845
1.0593597977017493
1.0187124321308378
0.9368733551179249
0.8989353548650247
0.8441675466074011
1.1883259172546494
1.2054730232919018
1.2120852232050083
1.2121144472662109
1.2096042296839873
1.2036381943991623
1.1974906777857246
1.176639790017134
1.1541157288990338
1.1149528812492615
1.0622094081639488
1.0252915130177311
0.9708875374619294
0.927155889551835
0.8676858855774059
1.2277117006868836
1.243278633421619
1.2485195197312653
1.2442068037588645
1.238194879808401
1.2293842559818553
1.2060179900571046
1.1811869798746977
1.1321227395846063
1.0820376930343696
1.0420206271405394
0.9836495625395822
0.9384717238866783
0.8741232511425953
1.26920879442933
1.2822132263459878
1.2851329561743368
1.2779635003899792
1.2598268648430455
1.2057742058105203
1.0979156345278906
0.9914054741523368
0.8743015342263789
1.3006485813953972
1.3056876013670669
1.3017466825187183
1.2878013290173245
1.2749057795132095
1.2461929578042648
1.2152466960182384
1.158806963591992
1.1010520245821127
1.063406112670067
0.9888319272742471
0.9410704784861906
0.8669361199534721
1.3164460919435985
1.323792621645908
1.320977505279645
1.307619730256879
1.2946161967402132
1.2835561492741274
1.250980047875926
1.2169581213089071
1.1514492747811442
1.092467734676668
1.0397240181584924
0.9740454803533307
0.9166641358494196
0.8445153787081016
1.322470127757378
1.3267915278224163
1.3215747431324865
1.3055616270093278
1.2925597934240987
1.2768407996616717
1.2413193238784959
1.2068285632171802
1.1406994494479168
1.0763057837673804
1.0355660187313829
0.9523153014184058
0.8948664181842093
0.8192391373780995
0.7098280030004538
0.7267544063630236
0.7698729699304275
0.7879856368175621
0.7984676722038708
0.8596011788685166
0.8787916736896038
0.8892354115882195
0.8847714667584047
0.9507914019603171
0.9709311450422385
0.9777128331305598
0.980321490413115
0.9718530958526036
1.0137575907862963
1.0329294928998758
1.0386922972052095
1.0416663450811965
1.0392765085527453
1.0294265022596858
1.0026315083921609
0.9696140134842612
1.0720277929811626
1.0910585595720796
1.0962371224689431
1.0981943190689931
1.0932657637282222
1.0815960798364042
1.050014839182593
1.0134921526791965
0.9351495766732418
0.8436730590985272
1.1373825231451877
1.1545528658829516
1.1589143715083534
1.1591843468389118
1.1509770616664514
1.1361696354658921
1.1045655754014332
1.0569128160876908
0.9691434320130241
0.8671913593147007
1.1731539786512912
1.1882100655390353
1.1911692984523434
1.190759046628609
1.1802249137985652
1.1631813774684683
1.1225394824406154
1.0767537584665272
0.9819366621426968
1.2095714169233394
1.222122342825505
1.2213473524771878
1.187882911847427
1.0926845097200375
0.9897314151036958
0.8738375505420958
1.2367208114548742
1.2404442259348747
1.2407224455715589
1.2369062013078704
1.2207563393680556
1.1978222191123034
1.1494957224427003
1.09596682601809
0.9872238102546741
0.8664914811769034
1.2480131529434824
1.25402656885674
1.2513796273620057
1.2465768504594077
1.2263692851461259
1.200102074831164
1.1428661001127274
1.0876729326096097
1.0003576361391169
0.9725340624846217
0.8441074121334661
1.250314820673979
1.2533519162967015
1.2494955413721218
1.24173908551761
1.2180499679554444
1.1906300143211856
1.1322857271442268
1.071735686755237
0.9509050113901056
0.8188643148922298
