0.8187204750718021
0.8372051526234576
0.8269200555951616
0.7844225419512556
0.7337049547741904
0.6886736281993122
0.6412887040627183
0.5986270598299221
0.5370958809950163
0.44758166085468093
0.9023838809234409
0.9303352978934168
0.9391115786123155
0.9406972808280317
0.9050382236039779
0.8478068649736089
0.794170526275492
0.7369395575551579
0.6852338008727483
0.6338741945781745
0.5843744535201396
0.543488606391136
0.4658243398799116
0.989831140043536
1.0024838638629836
1.0123864731004786
1.0230580669576805
1.025124076752257
1.0110134395200163
0.9528084077268398
0.892039546271154
0.8255808503764401
0.7651327513002529
0.7050154807885558
0.647059436341602
0.5991913259117689
0.467232926929008
1.0704702480988724
1.0939065465833573
1.099081755832619
1.1063066400635688
1.1078508862638219
1.1054284609625826
1.0577601585331018
0.9919205002678326
0.9163617104641645
0.8467607999772261
0.7772957374838487
0.7103021303007642
0.6549830471743585
0.5989654922760203
1.1835000744056143
1.197112421389095
1.207105389759705
1.2168407140752235
1.2183141145051055
1.2063931608692424
1.143749394532043
1.0568258379405975
0.9731198355344561
0.8886692079992468
0.8070104036115128
0.7395876907272606
0.6714022558415801
0.6116820943132452
1.2599384363683186
1.2734541818824785
1.2833606581144366
1.2917412826372385
1.2929202885251447
1.2922696037557417
1.2530752968650647
1.1633511286842526
1.0698901355050838
0.973804373405289
0.8804442447070409
0.8033278160322478
0.7254250261076508
0.6572429852780529
1.228360891413842
1.1299894554498655
1.0268050912570612
0.9260201814625408
0.8427018004708968
0.6850061668784395
1.3479550286401132
1.371812627179512
1.3768447934372037
1.3733325553781306
1.3001725147088934
1.1982575338414376
1.0873755413938528
0.9780508809632429
0.8875078477208315
0.7961379606035222
0.7162783058592969
1.3980209976348088
1.41937873251533
1.4228855222289514
1.3827555769308975
1.2819555191264727
1.1627727156553662
1.042900424270959
0.9431910836758712
0.8425769373408932
0.7547123315897003
0.6699685972167658
1.4340861915695102
1.4525905017636673
1.4557428905221366
1.4373726609800475
1.3489589376726374
1.224973574405299
1.0966894916843362
0.989303893553662
0.8808651403714035
0.7862219326930674
0.6950537284646793
1.4841779315297532
1.4860424487467168
1.4822619445717826
1.4686647625103593
1.4185167030657486
1.3761392432627635
1.293267722580947
1.1564685216127777
1.0405677479922821
0.9232687528267856
0.8209580700712892
0.7225237469700443
1.4963908052934283
1.5102834717176485
1.5075001838786128
1.4801600395344132
1.3615785664159443
1.2177961910217252
1.0933591658798658
0.9668763012800587
0.8565044745609711
0.750461997722239
1.5330067963395053
1.5312861762975334
1.5266800441819446
1.504529553858571
1.4916946289057664
1.442160115629831
1.3768703449824227
1.2949551006052726
1.1606021195330114
1.0224294296999024
0.901608604114354
0.7856765771774374
1.5438202251386184
1.5411559052714854
1.5305716771626796
1.505918509621268
1.4716072980127852
1.4197987350475534
1.3670387146246898
1.2254203199033173
1.0763367603877658
0.9453809459481566
0.8195287698957021
0.8230338477234408
0.8206467087267005
0.9135389888473336
0.9252235923476305
0.9004946668400053
1.0040066019579845
1.0012539574129884
1.0862861443005747
1.0521000677032626
1.1853169861342463
1.1901654637765027
1.138564654809405
1.2635377678564337
1.2420770707400526
1.2737087623451981
1.2970926620587264
1.3235022152759306
1.3447834032776256
1.2920315296366671
1.369460005461844
1.3889563896702641
1.3677210940490903
1.416858438147849
1.4142791931728784
1.3415794977401996
1.4058348508230785
1.446800319469687
1.4705389080407258
1.458190731281975
1.3554934648869505
1.4868422211626113
1.430065037759501
1.482482922870974
1.360920089207607
0.7552010242236842
0.7714541597168324
0.8203120459759035
0.8377501619024706
0.8483272784250627
0.91797906392695
0.9367937213808364
0.9475809256887566
0.9517415982042444
0.9487912797117216
1.0181526415175135
1.037539738639259
1.0478205841216233
1.0508394577221503
1.045371135230223
1.0179664069912855
1.0872903040726296
1.1064678406578181
1.1163001058343824
1.118272141813838
1.1178749830920984
1.1154380792113399
1.1106496063039297
1.0960772286713238
1.0778367722080433
1.15221114042293
1.1713650826723405
1.1797875222840335
1.1796745799689807
1.176122844396765
1.1700983243348402
1.152293370603044
1.1321164087451612
1.0905488990372592
1.0481104869919013
0.9627686805132438
0.923208350139734
0.8662315013055153
1.22580940158671
1.2432345936159575
1.2497758764700861
1.2496457960678187
1.246891650119526
1.2404997838361358
1.2340025604401759
1.2120909733285326
1.1885054200731797
1.1475874792687533
1.0925540386246428
1.0540637473714252
0.9973930508769109
0.9519296208187128
0.8899801609998055
1.266304852856829
1.2820785980126355
1.2871947356084958
1.2824027430706457
1.2760072478370073
1.2667073814284375
1.2421788280872137
1.2162021955907896
1.1649715109480367
1.1127383054582076
1.0710484578822312
1.010358244111033
0.9633343524809437
0.8963881211371585
1.3089894599641776
1.3220438088994801
1.3247446675695578
1.3169832024376777
1.2978564253955134
1.2412832654812986
1.1288471853848485
1.0181430531439308
0.896250730485822
1.3410387005882867
1.34582548079226
1.3415320352357603
1.326763194560325
1.3132214245861296
1.2831756814538788
1.2506658262829777
1.192046874825791
1.1319674537005016
1.0927887616707055
1.0151982417355772
0.9655362693541785
0.8884899877179877
1.3572447822736453
1.3645292599172805
1.361297734299943
1.3471528537908428
1.3334724746885047
1.3219086938921003
1.2879008549004058
1.2524635225147733
1.1842395630027038
1.122878948478574
1.0680269460048624
0.9997539907847647
0.9401472786038461
0.86533572825588
1.3632950213088855
1.3674723269480138
1.3617860482776747
1.3449173428484862
1.3313160018540435
1.314913688855065
1.2778762291350665
1.242045382871864
1.1730874954081347
1.1061208913100145
1.0637721167293381
0.9772742489314117
0.9176601522031592
0.8391912350079759
0.7321863960155357
0.7495008390009716
0.7941369806012456
0.812655648883989
0.8232732376279537
0.8866797949136728
0.9062775904311654
0.9168205186548439
0.9117344762105379
0.9806725866789281
1.001207217658528
1.008048427886509
1.0106187677514435
1.0013218494157738
1.0455230184542244
1.0650440090703794
1.0708437583100903
1.0737499866664324
1.0709613185767703
1.0604914826924245
1.0323477471301836
0.9978035642764006
1.105499765215404
1.1248420913199964
1.1300221326923285
1.1318600216443682
1.1264239922955113
1.1140628715962382
1.0809241536169631
1.0427368477678065
0.9609962914048297
0.8657238000829144
1.1726959767444554
1.1900881132465646
1.1943755108905822
1.1945004004483086
1.1856359932395715
1.1700108930148054
1.1368879925369915
1.0871017539205807
0.9955997580911318
0.8894724704761741
1.2094253438238824
1.2246354513635938
1.2274944561864232
1.2268735743932522
1.2155879503864013
1.197649198293225
1.1551004659939839
1.1073206853237547
1.0085969443011344
1.246784518840589
1.2593692683519857
1.2581679675972837
1.2228419525709016
1.1234613822558253
1.0164213365752
0.8957743098630232
1.2744229373338518
1.2780473885877617
1.278189414285705
1.27402371267788
1.2569448070098865
1.232882904217066
1.1824532462018196
1.1267309249873612
1.0135441947176769
0.888033334278915
1.285964148373082
1.2918333963039403
1.2888486530348442
1.283749999767035
1.2625133566454707
1.2350858931797568
1.1753932033277457
1.1179395960029839
1.0271214217918365
0.9981987050039779
0.8649164754474241
1.2881883117461386
1.291008309505119
1.28685659940496
1.2786781884552867
1.25386405080618
1.2253334480541669
1.1644119506858983
1.1014108960327746
0.9758222236345412
0.8388057869239997
