0.8098457454967597
0.8281335885828589
0.8179851179859556
0.7759906528171956
0.7258854647982868
0.6814096490848859
0.6346222400541955
0.5925078418257604
0.5317815981514765
0.44328490240997503
0.8923087442008361
0.919949151368504
0.9286314244720344
0.9302142304234592
0.8950099414416968
0.8385015552953428
0.7855502028260536
0.7290651254582938
0.6780366462355639
0.6273591266714587
0.578471367043953
0.5380405447167024
0.4613631437075193
0.9785382428162366
0.9910469179672649
1.0008356297172727
1.0113925515508928
1.013438848552653
0.9995443955130574
0.9421075506378583
0.8821396897008527
0.8165692139684497
0.7569291626401706
0.6976231419832258
0.6404054528357993
0.5930958188403906
0.4628137858266964
1.0580434339191205
1.0812105415591007
1.0863286094280789
1.0934788212241258
1.0950172179951958
1.0926420935212673
1.0456435038804694
0.980699623901328
0.9061757075798466
0.8375032890071059
0.7690077306610383
0.7028926243153497
0.6482457229983931
0.5929797827611968
1.1694991221768225
1.1829510776521455
1.1928329092076748
1.2024765005848697
1.2039337177184763
1.1922343321123123
1.1305007004560035
1.0448053516804774
0.9622797641039703
0.8790223773574105
0.7985505485702877
0.7318965159290084
0.6646503272031543
0.6057291281610757
1.2448991988135496
1.2582617713327184
1.2680579750143754
1.276363424721268
1.2775393397845272
1.2769226779792024
1.2383568939572773
1.1499457173816088
1.0578295442261034
0.9631231115642676
0.8710429714195947
0.7949398827091234
0.7181242299823208
0.6508761996757424
1.21411165312303
1.1171760235380561
1.0154872548296612
0.9161007041680043
0.8338941418736187
0.6783917980828326
1.3318549260498056
1.3553906833615523
1.3604107393414586
1.3569892936377004
1.2849771190463917
1.1845954128230953
1.0753386202392679
0.9675498659623982
0.8782333750745416
0.7881621355890676
0.7094037440900555
1.3812551462393823
1.402406489431067
1.4059391991208225
1.3664990291957695
1.2672629888829194
1.1498554348347487
1.0316901035189392
0.9333536333409368
0.8341806444889207
0.74753686987213
0.6639583541512823
1.416934272275349
1.435274641102535
1.4384792888592839
1.4204602884773967
1.3334549104885651
1.211341550728401
1.084906958117415
0.9790138702047531
0.8721381510239564
0.77881618739073
0.6889097343534883
1.466594503831787
1.4685086452847393
1.4648354851873482
1.4514995284741963
1.402182453550957
1.3604699077615912
1.2788665903391645
1.1440621299270093
1.029793397150307
0.9141924239949953
0.8133150659737688
0.7162488863156395
1.4787400147383154
1.4925523605652176
1.4899276408166224
1.4631128717984536
1.3464272093456604
1.2047706085951706
1.0821045090673003
0.9574597013203434
0.8486437218256838
0.7440772760607807
1.515287836199333
1.5136832759854981
1.5091977324799402
1.4874784883336207
1.4748819903805592
1.4262011327077067
1.3618603245552945
1.2811803363618082
1.1487641629155019
1.0126026469716565
0.8934868744886776
0.7791800636323115
1.5263450725960193
1.5238032244902124
1.5134876928485614
1.489269547709104
1.4555528820929522
1.4045795728436785
1.3525992066631776
1.2130537948523188
1.066158529721581
0.9370687948791744
0.8129550227653246
0.8141210078832015
0.8117807346663027
0.9033527079757806
0.9149181735033718
0.8905184918807072
0.992577262701651
0.989900479245635
1.07373271664024
1.0400518324353347
1.171350896173014
1.1762092436282783
1.1253800249192434
1.248555916370204
1.2274969759742806
1.2585166351070625
1.2817664604084291
1.307703212294677
1.328805499316416
1.2769385067182846
1.3531320345405302
1.3724881255171897
1.3516548283802632
1.4000757975144922
1.3976594951339878
1.326166835639651
1.3896576321058247
1.4298269262196104
1.4534296460217146
1.4414151673108213
1.3404146765228413
1.4699287985725276
1.414248761279794
1.4661088462013259
1.3465482849629156
0.7470372379214909
0.7631179443369966
0.8112609993668822
0.8285105301144923
0.8389759682609531
0.9075869256429999
0.926192695756303
0.9368664170962436
0.9409957675271751
0.9381031195873013
1.0063904947502005
1.0255602018273158
1.0357371680404295
1.0387482299161968
1.0333800092740395
1.0063795643383122
1.0746012713839097
1.0935668502500715
1.1033070708774118
1.1052762504298574
1.1048980454795594
1.10251153144683
1.0978052267140157
1.0834598513792064
1.0654904668400575
1.1386823703717521
1.1576317855445226
1.1659854499487334
1.1659209867186089
1.1624409428066764
1.156527891492509
1.1389965644622266
1.1191252486169914
1.0781704299901824
1.0363509272805613
0.9522259775736094
0.9132422043352948
0.8569927210789516
1.2113993409951551
1.2286529117218234
1.235161175978283
1.2350649995483964
1.2323780655919714
1.2261119646917238
1.2197240403290897
1.1981641095628945
1.1749455579849402
1.1346402970526048
1.0804252013339941
1.0424991718695296
0.9866946753288386
0.9417529451775474
0.8807173864836304
1.2514665344461433
1.267101723711988
1.2722148784145255
1.2675555293295349
1.2612719185378627
1.2521427914499408
1.2280231133088728
1.2024444184835632
1.1519927137426327
1.100558681006393
1.0594581147183042
0.9995631468107792
0.9532104792078571
0.8872360743553532
1.2936723578023774
1.306755373521529
1.3094985050702241
1.3019377821557856
1.2831445166902975
1.2274549326469686
1.116731302383403
1.0075613395619731
0.8874312762383948
1.3256781936557143
1.330525787026383
1.3263521793989574
1.311872434074103
1.2985786319337074
1.2690105588643192
1.237199764915144
1.1792656644341746
1.1200176123224288
1.0814106031927202
1.0049609384755078
0.9560246844653254
0.8800805935983089
1.3420312761733655
1.3493429926750449
1.3462712229823444
1.3324208848370174
1.318963914534328
1.3076272946721172
1.274174930745851
1.2392277799970683
1.1720068111441602
1.1115777392524782
1.0575496824231507
0.9902539899238196
0.9315003671987339
0.8577391698865223
1.3483840334616422
1.3526339862787116
1.347146684598105
1.3306192949981888
1.3172458514369993
1.3011124454099376
1.2646271558514857
1.229340529588751
1.161458474747916
1.0954774672275036
1.053758801596711
0.968533913017923
0.9097285754865878
0.8323478379638394
0.7242874348543952
0.7414203793687374
0.7854012314575872
0.803720909648534
0.8142325825876746
0.876685352739254
0.8960693938238865
0.9065098467365112
0.9015321224641246
0.9694111092440955
0.989721841204777
0.9964972306973733
0.9990507065713381
0.989936418377838
1.0334106768441251
1.0527224763905747
1.058469509710442
1.0613617524952297
1.0586531619648774
1.0483578619124885
1.0206339478148
0.9865963041810542
1.0926323804400917
1.1117756233515212
1.1169165781077686
1.1187663949115179
1.1134481939609169
1.1012946235464869
1.0686634530945731
1.0310424204882025
0.950474638699514
0.8564909120800512
1.1590553570448412
1.1762884728110907
1.1805634713832074
1.180715283856963
1.1720373359421972
1.1566791301034454
1.1240713895382024
1.0750385172763222
0.9849222656463684
0.8802154183312284
1.1954247850894937
1.2105112038825898
1.2133719494749189
1.2128039193719609
1.20175947278903
1.1841172039221453
1.1422406776583782
1.0951838141725816
0.9978221537983311
1.2325062382425906
1.245025362271941
1.2439418862518132
1.2092649145268513
1.1114077246501484
1.005858748511287
0.8869598382788515
1.260061278506711
1.2636974796369405
1.2638724959785415
1.2598498705188208
1.2430909025476375
1.2194476165490322
1.1697821598567735
1.1148398832227835
1.0033245255654148
0.8796284467890149
1.2718267991192374
1.277746469416356
1.2748856007603444
1.2699075710600927
1.2490750466983556
1.2220496164172387
1.163256171820967
1.1066902114103085
1.0172161325811977
0.988713871481243
0.8573235268815173
1.2743855285256387
1.2773139085930725
1.273279851803068
1.2652725595451708
1.2408751399225335
1.2128049505575074
1.1528712551829654
1.0908135440768727
0.9670947593079985
0.8319653084048665
