0.8023907077920241
0.8205005073726144
0.810396165318236
0.7687469879981126
0.7190523948547227
0.6749858822652147
0.62861569451594
0.5868842040866716
0.5267428277408136
0.4391133027303599
0.8837433074305413
0.9111041003295577
0.9196921189406393
0.9212373400626132
0.8863217949672804
0.8303154543922769
0.7778508731383028
0.7218884010590457
0.6713454014865421
0.6211527125635585
0.5728000902579904
0.5327601841002593
0.4568331650666983
0.9688086699424977
0.981185189061333
0.9908683236037317
1.0013060630288797
1.003326918043091
0.9895190619095955
0.9326044219314221
0.8732065681641741
0.8082638523677151
0.7492106572509847
0.6904928747950048
0.6339064402650699
0.5870687855044654
0.4580934263835544
1.0471737318666674
1.0700803151875593
1.075138297945425
1.0821982847806262
1.083710393818206
1.0813421419571223
1.0347673567580629
0.9704585924474446
0.8966697128319179
0.8286952668526311
0.760907594164885
0.6955234570205491
0.6414382669189922
0.5867465560362928
1.1569225611713343
1.1702126004327982
1.179971561925837
1.1894849874707611
1.190920661941222
1.179293772681123
1.1181743517472265
1.0333610822895483
0.9517070677593313
0.8693305213115702
0.789693457558181
0.7238441764814629
0.657325007094233
0.5990437581398533
1.231080530652896
1.2442685199222367
1.253939473888471
1.2621208277772233
1.2632734993210735
1.2626463872069444
1.2244433886446726
1.136963085624317
1.0458426936185266
0.9521683633940817
0.8611644138984854
0.7859005954180761
0.7099408789030486
0.6434380025496059
1.2001461468771428
1.1042830865155224
1.0037212178328978
0.9055084057396878
0.8242238706386219
0.6705312395594164
1.3164713207494898
1.3396737272128605
1.3445949494181688
1.341184804643227
1.26990661171029
1.170646317967399
1.06262143497051
0.9561211067382983
0.8678249395005708
0.7787917702339913
0.7009454773838163
1.3648887219476769
1.3857309630227186
1.3891695950155716
1.3501233225939104
1.251970870331766
1.1360321282573016
1.0191860075777093
0.921996816917833
0.8239910977110582
0.7383745497618824
0.6557695194820695
1.3998134414407746
1.4178630158051724
1.4209648692862633
1.4031015352251122
1.3170593888296431
1.1963649567448995
1.0714824464748036
0.9668464733324397
0.8612487813383054
0.7690533539830707
0.6802126081695898
1.4484005526696158
1.4502400115465284
1.4465798655568751
1.433365640212214
1.3845863341717857
1.343356908806114
1.2627428771235973
1.1295825183888237
1.0166940753755729
0.9025001306806154
0.8028645500123952
0.7069699447592049
1.4600614144915285
1.4736186875663952
1.4709333220790448
1.4443833439030191
1.3290131691793265
1.1891723902209994
1.0680131290053139
0.9449041160728497
0.8374550517594639
0.7341792313288026
1.4955091058894279
1.4938627397113229
1.4893874061719148
1.4678853357587707
1.4554106221376886
1.4072614728423938
1.3437677438277533
1.2641160028820406
1.1333559174163086
0.9989136422949114
0.8813298320212555
0.7684580299792461
1.5058448533150932
1.5032808310699295
1.4930370300083322
1.46908938585908
1.435737201759884
1.3854411183173667
1.334092979658192
1.1963151141221358
1.0513076153418548
0.9238853890961098
0.8013903478178765
0.8066037984049625
0.8042481003202309
0.8946533707110107
0.9060876031604311
0.8818737772929374
0.9826652815743702
0.9799724750757646
1.0626314217690624
1.0292349763660122
1.1587008272472543
1.1634481698390786
1.1131114723149116
1.2346100402718743
1.2137108089346689
1.2442603415252702
1.2671223212427234
1.29256997368663
1.3133473960638533
1.2619677832868876
1.337080153144994
1.3561162468632224
1.335468585587504
1.383079232387627
1.3805992100466877
1.3098675880309132
1.3722313896824934
1.4117883102520246
1.4349411056359236
1.4229877997397866
1.3230855739317453
1.4506396518702778
1.395483833263038
1.4462769383789087
1.3281349464857142
0.7401125292238312
0.7560406704665946
0.8035050202086474
0.8205823846331692
0.8309389736998488
0.8985116279214197
0.916918758582206
0.9274718246365464
0.9315448208882682
0.9286659950786373
0.9958608422361321
1.0148092033846952
1.0248643581770684
1.0278207593502262
1.0224891145941768
0.9957412732342054
1.0629935134063093
1.0817278610710324
1.0913380311116057
1.09327190296047
1.0928867007446008
1.0905166299455873
1.0858504985336912
1.0716402910646714
1.0538500862791211
1.1259882356443953
1.1446914817902363
1.1529237651462356
1.1528307550987555
1.1493769953925643
1.1435169212192284
1.1261582180683871
1.1064931209884457
1.0659728530824988
1.0246036271355354
0.9414035488714831
0.9028775332755675
0.8472632116264134
1.1973525522731436
1.21436276648091
1.2207571592397897
1.2206439983694997
1.2179697443273247
1.2117584491247886
1.2054326518090863
1.1841009067269457
1.1611255810135273
1.12126893867962
1.0676643132172834
1.0301652191180881
0.975003426839067
0.9306127287401926
0.8702813836649176
1.236588468435973
1.2519848576083261
1.2569963246846776
1.2523526536633933
1.2461334342488424
1.2370865127380812
1.2132108905704828
1.1879289623921416
1.1380463977437216
1.087194512364209
1.0466414569436777
0.987429433343729
0.9416229569980107
0.8764049953505008
1.2779156977612054
1.2906506988843007
1.2933194680471694
1.2857871694448755
1.267193142119344
1.2121233125414852
1.1027608432358698
0.994889492914205
0.876205426313408
1.3089646574901317
1.3136694269268407
1.3095121829173104
1.295169688270211
1.2820038699019425
1.2527812401991305
1.2213584523558567
1.1641126214215036
1.1056054612246111
1.067448265311223
0.9919367759592432
0.9436224360828569
0.8686078452382762
1.3245103179469906
1.3316299508571317
1.3285308620192964
1.3147998801850662
1.3014976983594329
1.2903135255962217
1.257242185362705
1.2227232800051695
1.156355492224465
1.0966502393365778
1.0432886560622723
0.976850794943143
0.9188465868121719
0.8460216825413697
1.330268345529893
1.3343520970376943
1.3289035638583782
1.312546220854717
1.2993064834668127
1.2833225618465798
1.2472906391101477
1.2124445519477556
1.1454088607123079
1.0802681324806327
1.0390782032934178
0.9549422943252184
0.8969089459705627
0.820533037062506
0.7175536749290733
0.734522797161974
0.7778718224697088
0.7960074612561199
0.8064078464741622
0.8678983275549317
0.8870732064447246
0.8973934224124257
0.8924361196251211
0.9592499420817993
0.9793226664719349
0.9860136844070897
0.9885307244731858
0.9794766815271392
1.0222265939338162
1.041300935160611
1.046970939556345
1.0498182477607976
1.0471142598517287
1.0369117911658559
1.009462490195348
0.9757737471458113
1.0804305715932803
1.0993216169530733
1.1043881821935648
1.1062002412547
1.1009116302581299
1.0888736156217875
1.0565789265754622
1.019358503096329
0.9396732963190824
0.8467674913401798
1.1455926139965729
1.1625594978367444
1.166775526223228
1.166908774091294
1.1582994994851046
1.1430874263944115
1.1108326458113447
1.062345583194854
0.9732536822448767
0.8697858790727953
1.1811888396102705
1.196040127286105
1.1988409154015671
1.198253747083493
1.1872867832241099
1.1698363226487456
1.1284212497257138
1.0818899126104697
0.9857114375750408
1.2173521179858722
1.2296476128360967
1.2285176379325105
1.1941682630878483
1.0975102057750787
0.9932105447632029
0.8757406536220119
1.2441401406300443
1.2477263834243968
1.2478504377401551
1.2438150074977201
1.2272240691595184
1.2038556992064313
1.1547635554796019
1.1005014761785963
0.9903240866344886
0.8681623745436022
1.2551733996111534
1.2609285613327148
1.2580683512815032
1.2531490397169445
1.232513500373858
1.2057950589424318
1.1477361212272836
1.091836727417736
1.0034826161159502
0.9753344878201593
0.8456127544654317
1.2572495220380193
1.2600559434604246
1.2560147454254704
1.2480377911169902
1.2239049048772446
1.1961662566700555
1.1369554579384347
1.0756784169191014
0.9535266485931316
0.8201569755043534
