0.796115779402492
0.8136244785475869
0.8021919640103399
0.759732034202054
0.709353002698618
0.6647033814487024
0.6177505032820042
0.5754758035611548
0.5144619652175676
0.4251747930733917
0.8756389860486994
0.9021997917840828
0.910354502600219
0.9112616033196161
0.8753249004734259
0.8185862499559786
0.765580732363461
0.7090873941237623
0.6580667166761068
0.6073820847991658
0.5584250525865289
0.5178861077270327
0.44071132773551874
0.9586456303196468
0.9706623357405091
0.9800132521532298
0.9899549838586564
0.9918234639520676
0.9768029056024803
0.919068922957439
0.8591581608333109
0.7937567308785946
0.7343116968896307
0.6751995304380216
0.618121724760469
0.5708897572022308
0.4402444269070262
1.0350327720098498
1.0571565621355092
1.061988318922313
1.0685776539030676
1.0698114353876491
1.0670614184026341
1.0195016447196932
0.954685731958104
0.8805259325684617
0.8122680872956027
0.7442058004589699
0.6784801589923581
0.6241320570042307
0.5691088182345707
1.1419496281643309
1.1547792819413993
1.1641310706021775
1.1730619717884858
1.1743332467461105
1.1617973750713728
1.1000187638110304
1.0149527349040912
0.9332056769481921
0.8508058693540103
0.7710768013253998
0.70520619368438
0.6386282760852542
0.5802771228550166
1.214207874397422
1.2269282290721149
1.2361724600209634
1.2437924615884925
1.2447647700284548
1.2438355318228007
1.2048160625698052
1.1170833007456071
1.0260209682842034
0.9325252754711144
0.8416582788440404
0.7665805102536789
0.6907919785695972
0.6244059850967841
1.1795064902426824
1.0837693254240983
0.983514550126562
0.8855887254288742
0.8046258629638451
0.6514676771464732
1.2975239241313166
1.3197821811032184
1.3241174177954949
1.3203831148893235
1.2485478459296242
1.149474434946891
1.041900632950802
0.9358618619550663
0.8480469032510802
0.7595019098141078
0.6820875721134625
1.344999769249206
1.3649300921209369
1.3678361885934913
1.3281467422653197
1.2302037515540507
1.114757434215708
0.9987064783494081
0.902198027565936
0.8049026531486948
0.7199225278346781
0.637918032698308
1.379327312054464
1.396615372702471
1.3992108547942839
1.380946034939518
1.2949961869899422
1.1750207444097898
1.0509945731852566
0.9472069482987598
0.842500809828659
0.751108949923705
0.6630432128398137
1.4268699665376845
1.4283714005597496
1.4245347261400616
1.4111768936833844
1.3624548009643773
1.3214384856223123
1.2413647223846793
1.109275476733548
0.9974174003469854
0.884315191268371
0.7856632377109217
0.6907314833052567
1.439192875767529
1.4521214303968035
1.4491736688354786
1.4225160119571745
1.3079039091371853
1.1692698455637403
1.049326902029421
0.9275129204713762
0.8212102104627311
0.7190824031313402
1.4746749653099558
1.4729934125552928
1.4684340841425054
1.4469837355028505
1.4346245275530753
1.3868894222471262
1.3239269230783783
1.2450637202269361
1.11572925240218
0.9828451879994179
0.8667153682007758
0.7550914193931342
1.4862528144913312
1.4836748627808385
1.473499145123229
1.449780150936272
1.4167969607232238
1.3669990873928055
1.316240446721468
1.18007858904241
1.036819474322953
0.9110097476071802
0.7900001672388802
0.7995867523547008
0.7961176809229457
0.8856270549527674
0.8963111540662633
0.8709433934362035
0.9712025178482812
0.967405902388116
1.048654922653114
1.0140684663925983
1.142668985707222
1.1462388251330677
1.0950549373881362
1.2163090663405876
1.1942900696554777
1.2264489768294473
1.2471275983240226
1.2735364852758784
1.2930607976877404
1.2407646338071896
1.3171467335853266
1.3350600641749395
1.31376640453127
1.3619918305643637
1.358846479767635
1.2879373247872203
1.3503123363439775
1.3914707524736933
1.4137484536238314
1.4014578503200312
1.3020697127578171
1.4300821906254948
1.3752689040250108
1.4272172863341703
1.310340089605017
0.7334826302317982
0.748966443978721
0.7953299218638711
0.8118858438527486
0.8217874983476807
0.8878714104363225
0.9056524116199625
0.9156751060314167
0.9192507795637693
0.9159331166656691
0.9825716643290038
1.0008062350650508
1.0102838524892412
1.0126918694393834
1.006911427479109
0.9795682796904737
1.0478650439332005
1.0658441330861244
1.074841702154951
1.076437444401618
1.0758699093778596
1.0732664841648138
1.0683895285070228
1.0538593463874133
1.035854124141201
1.1091783977239935
1.1270934898248903
1.1347347224054045
1.1341212797770344
1.13045460536989
1.1244049853593796
1.106785424274903
1.086967051806377
1.0463141816156567
1.004924205743114
0.9218126263948048
0.8833244054434114
0.827804246101334
1.1788021837792304
1.1950717244344773
1.200909355268888
1.2005624906761825
1.1976714082995843
1.1912594050083043
1.1848416813154565
1.1633134303042083
1.1402854551805064
1.1004579074695746
1.0470028586288775
1.0096513417208126
0.9546736682175249
0.910509682160329
0.8505000893031255
1.2172513608038236
1.231954774309702
1.2364737500669447
1.231459333126731
1.225108265446982
1.215947811051417
1.1920116488306642
1.1667230901507566
1.1170013074125837
1.0664117504817814
1.026025738368948
0.9671946143830676
0.921703703878762
0.8569615976279027
1.2579845326145302
1.2702184426751726
1.2724784106423621
1.2646908932003007
1.2459909606507698
1.1910812577309886
1.0823862430190538
0.9754169659652819
0.857794698243005
1.2888608350453132
1.293112490145158
1.2888243818595415
1.2743902822296638
1.2612608863852115
1.232171252790027
1.2009277432733463
1.14415238037496
1.0861438225746265
1.0483554520635203
0.9735990667207685
0.9257671582229373
0.8515331344705163
1.3054720939076114
1.3122767653315068
1.3091455362133617
1.2954487676005106
1.2822132450575008
1.271096115008306
1.238311522177815
1.2041607024911944
1.1384929733512352
1.079432167671374
1.0266947141131635
0.9610125344526161
0.903702220535788
0.8317285800747418
1.312475813439699
1.3165090119175236
1.3110523902086557
1.2948588464983513
1.2817773345093433
1.2660079505308484
1.2303900181133929
1.1959448763895824
1.1299994560604245
1.0654064833516672
1.0247130558629751
0.9416215489130507
0.8843436265980344
0.8089021982355257
0.7106452284848849
0.727099764455554
0.7694337493789668
0.7869688529859002
0.7968077596736668
0.8570386171382439
0.8754999213915057
0.8851841919049022
0.8793109802684286
0.9458256885759011
0.9650710798442914
0.9713435317155721
0.9735847861129395
0.9636234688067963
1.0070167425932015
1.02526315418618
1.0305594689332287
1.0330603334700583
1.0298242959375699
1.0192632209718753
0.9914311366675765
0.9575271660582862
1.0636332055501363
1.0816602386458312
1.0863563080655432
1.0878352953262156
1.082055838958219
1.0697157630151926
1.037123769559768
0.9997965810326861
0.9201237579586145
0.8273213507426661
1.1271938543263822
1.1433756926681458
1.147166216761437
1.147084805386606
1.1380291827886098
1.1226191419017189
1.0902420337135845
1.041799846882065
0.9529639668151212
0.8500165723580229
1.1620970582758625
1.1762224243941237
1.1787318647260328
1.177867521685219
1.1665961212162892
1.1489904384323613
1.1075717916760972
1.0612170576450142
0.9655135482459734
1.197845333580982
1.2095553465107238
1.2080123509591836
1.1734367629645555
1.0772332793922474
0.9737694962060365
0.8573385982167152
1.224523611880694
1.2279631586221607
1.227856851080002
1.22369917141678
1.2070341327615186
1.1837125321121014
1.1349559233215099
1.081122717407241
0.9720118107277175
0.8510942662086212
1.2367684244166433
1.242285576417199
1.239334456180411
1.2344162177678872
1.2138982903101536
1.1874455066049554
1.129976517910843
1.0746732398445233
0.9873300130082252
0.9595109717827499
0.8313224434723614
1.240136107818044
1.2428917346005406
1.238907836036602
1.2310604020827678
1.2072173098929426
1.1798058011534052
1.121608862870758
1.060846373927337
0.9402110571734128
0.8085257531103545
