0.80015862112109
0.8182903506271537
0.8084249900984781
0.7670571194800556
0.7176765198992767
0.6738450959923817
0.627742041313763
0.5862531276688375
0.526450120481145
0.43937520486994286
0.8814239161360983
0.9087994800885318
0.9174192253767582
0.9190534882494201
0.884423507193097
0.8287390714623207
0.776557179562151
0.7208902931019954
0.6706142826015226
0.6206913683278366
0.572545881147578
0.5327418940525525
0.4573098659839809
0.9664118515214883
0.9787935837224115
0.9884892528316879
0.9989595656679378
1.0009943010914275
0.9874177057964639
0.930842885733428
0.8717462784606862
0.8071222650220663
0.7483559958243216
0.6899242598904645
0.6335628160792669
0.5869726970791191
0.4587823381218676
1.0446980528041876
1.0676287419180222
1.0727003130010238
1.0798015318141143
1.081346608847731
1.079041692827309
1.0327879910914934
0.9687978434206524
0.8953485496769135
0.8276791465707988
0.7601861015475999
0.6950496622264783
0.6412214835022284
0.5867995194383336
1.1543016743750565
1.16760299584489
1.1773805465472043
1.1869387193177434
1.1883900232044495
1.1769333989623114
1.116136858493101
1.031688916771908
0.9503620267575806
0.8683164669705347
0.7889335825460136
0.7233543685795201
0.6571129114862264
0.599082786643907
1.2283175129341175
1.2415160318843448
1.251205068635753
1.2594284587414282
1.2606009799544977
1.2600143705113582
1.2220628000972138
1.1349527487062512
1.0441747703729254
0.9508463410843252
0.8601116463555556
0.785126456927926
0.7094478253426095
0.6431987106555718
1.197895540122087
1.1023809095199153
1.0021734356315144
0.9042391438704936
0.8232386924919732
0.6700389402139437
1.313454975128662
1.3366859185513278
1.3416591393556938
1.338296704659211
1.2673541803496158
1.168444109908396
1.0607823388657847
0.9545709454528167
0.8665655884537473
0.7778236903901854
0.7002925631737862
1.3616566106653538
1.38251553145576
1.3859996876857528
1.3471574194941387
1.249352022536949
1.1336637673627756
1.0172338538190406
0.9203452284950716
0.8226393878269218
0.7372794140015029
0.6549516086122832
1.3963693103704151
1.4144219842005812
1.417557460284352
1.399791137791262
1.3140449941655596
1.1937221965169205
1.0691515895407664
0.9648255960928808
0.8595361931080939
0.7676013834068741
0.6790436983880296
1.4446775836116854
1.4465268665345408
1.4428894432506691
1.4297252557254576
1.3811034869704357
1.3399952032470153
1.2596192576368526
1.1267806685258945
1.0142121951884868
0.9003388795977795
0.8009715247166994
0.7053719365837234
1.4560158761793751
1.469466697400317
1.466871734703764
1.4403977176762708
1.3253844703069844
1.1858292860547661
1.0650010097804399
0.942232839444307
0.8350554799009876
0.7320898332066244
1.4908850889919276
1.4892624494435573
1.4847911021202573
1.4633238102989605
1.4508801378627718
1.4028402075536857
1.339524317748837
1.2600001451376555
1.129584697590961
0.9955053463305077
0.8782116763324701
0.7656735675397417
1.5006766636192754
1.4980871554212032
1.487817611928404
1.4638953624827957
1.4306123655591116
1.380359651758575
1.3291447057201404
1.1917133345982325
1.0470879895372927
0.9198506176349961
0.7978536820303105
0.8044676648798824
0.8022891443512304
0.8924298040934058
0.9039318499046373
0.8799825743955335
0.9804057515855
0.9778857924908145
1.060359240225831
1.0272626921006616
1.1562180755958775
1.1611095680579964
1.1110800229993736
1.2320194639341702
1.211344791409543
1.2414911725619717
1.2645337160600112
1.2896615941949108
1.3105050083302174
1.259427639253419
1.333955648079794
1.3530376380935953
1.3325294149493587
1.3797503321036055
1.3773355246804833
1.3068682140958991
1.3687787221690635
1.4078790155938012
1.4309796228539329
1.4190628535803256
1.3194745302480608
1.4461564074516056
1.3911053736304078
1.44118099033157
1.3232149816399779
0.7381715819569272
0.7541054665892564
0.8015166326145343
0.8186059621438638
0.8289921415494877
0.896454290372705
0.91488275972755
0.9254730886616059
0.9296032635410296
0.9267997190280821
0.993714746921924
1.0126925556070896
1.022790049616853
1.025811999751401
1.020564590416594
0.9940041160746266
1.0607502756243745
1.0795211199319694
1.0891781003841385
1.0911506190912326
1.090794719121883
1.0884627754804528
1.0838432998557694
1.0697315645977468
1.052040132308872
1.1236221298460098
1.1423559484013848
1.1506324800496992
1.1506070922108864
1.1471942342555401
1.1413733001206787
1.1241230668497755
1.104552830256528
1.0642059310713805
1.0230008406031588
0.9401049829918956
0.9016919639568781
0.846271098558329
1.1947490262876814
1.2117811435405557
1.2182148112711855
1.2181293276146432
1.2154747881739032
1.2093248470178024
1.203035270564449
1.1817987438547757
1.1589229994244272
1.1192127256760298
1.065795540640258
1.0284203719384337
0.9733775240018092
0.9291515833250567
0.869012742868231
1.233777939946579
1.2491888864855962
1.254230340280111
1.2496403702134158
1.243458723956133
1.234455267748378
1.2106813866668273
1.185484283905422
1.135769951464515
1.085072812201862
1.0445936279522996
0.9855801514430852
0.9399097295487422
0.8748816992884589
1.2746957415908136
1.2875030660538112
1.2901807037680446
1.2826978837638114
1.2641714304443143
1.2093109011386927
1.100182583365263
0.9925490458780531
0.8742887302818356
1.3054759267839593
1.31017814428017
1.3060345470610402
1.2917352753579396
1.2786057383913627
1.249460630445793
1.218107556848315
1.1610213939480591
1.1026487872358528
1.0646126604882693
0.9892968005409755
0.9411060779631922
0.8662883261941173
1.3206117175599212
1.3275077621181974
1.324390943065708
1.3106676916560747
1.2974175882363719
1.2861830713954412
1.2531703044710776
1.2187447392661963
1.1525411969531718
1.0929869413599713
1.039761386386739
0.9735007935743011
0.9156503104891345
0.8429271946844015
1.3256518862382587
1.3296771697872092
1.3241459168657022
1.307757272320951
1.2945372562676247
1.2785894165138056
1.2426193555344325
1.207746737753457
1.1409616247110725
1.0759960500583143
1.0349022128071164
0.9509910424347694
0.8931132860041617
0.8169445069934871
0.7157401299917803
0.7327219590422611
0.776020545658111
0.7941767833453582
0.8046217315252795
0.8659907295576468
0.8851966272226932
0.8955704532839771
0.8907661468339201
0.9572645446161281
0.9773765507212723
0.9841012155608974
0.9866477163170538
0.9777571040811337
1.0201574270835119
1.039271450847814
1.0449707333539224
1.0478542764515397
1.0452337538661347
1.0351200278485504
1.0078296380630127
0.974300845074011
1.0782380211194236
1.0971685191090603
1.1022637142062361
1.10411132100303
1.0989072459010945
1.0869539688203613
1.054822203899701
1.0177609750246572
0.9383761713273691
0.845775696433598
1.143168771510114
1.160182287215885
1.16441103817229
1.1645695525341526
1.1560358935477753
1.1409113705683875
1.1087913757107024
1.0604841754974481
0.9716301142197291
0.8685178574960914
1.1785606596516647
1.1934296788485856
1.196259194260577
1.1956923478215162
1.1848034549893294
1.1674238840383366
1.1261618624804386
1.079777598082258
0.9838652185880618
1.2143708919316034
1.2266861151997055
1.2255847407949785
1.1913796744083052
1.0949448223196725
0.9908745918279164
0.8738252572338839
1.2408418726359338
1.2444215800881295
1.2445479916888664
1.240524357418961
1.223976913951201
1.2004755032233458
1.1517002228804172
1.0975607969562031
0.9876895916586582
0.8658445020358899
1.2515170544371494
1.2569963772784853
1.2541254197323712
1.2491608636143599
1.2285390298605423
1.2018841879352227
1.1439585801159118
1.0881950232701874
1.0000648922025337
0.9719921021900066
0.8425206203808474
1.2528165233434296
1.255511174667687
1.251450137034586
1.2434755720821609
1.2193499432026362
1.1915533178372593
1.1325555963904903
1.071432871896762
0.9495847357433754
0.8165714093098032
