0.8037190253893497
0.8216869156904819
0.8110562876174374
0.7689366888484086
0.7187967203646097
0.6743239993876237
0.6275542500417179
0.5854610085507379
0.5247597523227865
0.4361869439421922
0.8848619108266874
0.9120508691121361
0.9205184985612926
0.9218382430132771
0.8863995855693058
0.8298828942329157
0.7769966318573059
0.7206050235852436
0.6696777702194988
0.6191026879640387
0.5702889831659133
0.5299135393934847
0.4532533327539495
0.9696567111685516
0.9819575507624655
0.9915628826601108
1.001866774256672
1.0038410402903521
0.9895311025915875
0.9320644062626706
0.8722158772258012
0.8068222277568157
0.7473705579765578
0.6882583370009339
0.631208199992134
0.5840354975710643
0.453949676463888
1.0477686904242562
1.070496474457965
1.075493585659593
1.0824150710573166
1.0838328524039695
1.081315099422083
1.034169479820941
0.9693826705569596
0.8951253069215809
0.8267425256030728
0.75854850127053
0.6927113045991394
0.6382977215203613
0.5832518225603411
1.157189289769146
1.1703761133315036
1.180033318065142
1.189376920866853
1.1907628719477414
1.1787507734419214
1.1171033620523294
1.0317991171975796
0.9497270981576472
0.8669608229899921
0.7868719346212983
0.7207136607001198
0.6538686186213231
0.5952868899026817
1.2311731709660905
1.2442590827365232
1.2538218538894015
1.2618420251231952
1.2629340186440197
1.2621956444224882
1.2235131198305713
1.1355175539968223
1.0439786434652218
0.9499208856050585
0.8584827325730433
0.7829290284022965
0.7066709968290498
0.6399376119304865
1.1988487832969668
1.1025571667944112
1.001616748017885
0.9029816861389629
0.8214201209912038
0.6671481708609412
1.3164405212885213
1.3394659032819336
1.3442044229964507
1.3406614139084856
1.2688302320448088
1.1691445270654475
1.0607477696948062
0.953838178175311
0.8652797577607066
0.7759838663014037
0.6979080688951782
1.3649983831533667
1.3856220750440589
1.3888813921005212
1.3494334029243078
1.250858770630823
1.1344345985886444
1.0173107595764355
0.9198774322774145
0.8216303554601523
0.7358095463972834
0.6530037331956278
1.400054398679283
1.4179370145353187
1.4208772845436142
1.402794136310115
1.3163507838678288
1.1953234329550109
1.070036451692642
0.9651691137504159
0.8593471018022961
0.7669544480181258
0.6779452680745334
1.448757884800655
1.45049517488626
1.4467600533558909
1.4334333126526468
1.3844312337180384
1.343066659420176
1.2622409988346937
1.1287151496210215
1.01560817662625
0.9012053182261942
0.8013862326866776
0.7053446295125827
1.460932581621488
1.4743342737829872
1.4715964819645924
1.444896936240564
1.3292075317084302
1.1890170080862115
1.0676510002058814
0.9443400014467109
0.8367295211257124
0.7333142209033418
1.4967407353752757
1.4953246379811984
1.490825376520237
1.4692550975934398
1.4567605423607781
1.4085029391708421
1.3448688606288337
1.2650445396452292
1.1340904869116069
0.9994557883311272
0.8817233658284274
0.7687122589070802
1.5082481155332004
1.5056905525784305
1.4954268777637507
1.4714680272940537
1.438091277886073
1.3876713022225382
1.336261282949253
1.1983103125005046
1.0531154390675452
0.9255471322419296
0.8028991090596832
0.8076789791121851
0.8049085835893801
0.8954830313735094
0.9066942964692627
0.8819561070436881
0.9831025365744577
0.9799958938181018
1.062628883215731
1.0286476535846638
1.1585913490390174
1.1629339186696532
1.1120523123308397
1.234206874885788
1.2128028624347076
1.2441840002486317
1.2663807642069398
1.2924285972797696
1.3128682763638417
1.26090715845829
1.3370286917152667
1.3557696849753127
1.3348004560461058
1.3830266762101877
1.3803150315494808
1.309167807333246
1.3720831471535755
1.4125981985317342
1.4356050326549439
1.4234971556021836
1.3232784267873476
1.4520051071813767
1.3967078419780268
1.4485924849075256
1.3302831905984656
0.7410425164654045
0.7568775880359462
0.8042175071854712
0.8211801053017453
0.8314158230179346
0.89886798793372
0.9171300274414161
0.9275373533891886
0.9314429225256493
0.9283980835198753
0.9958485331788115
1.0146253961354406
1.024515886680322
1.0272885563960994
1.0217699323752878
0.9946825263355642
1.0627563425801592
1.0813059417635995
1.0907401706126163
1.09256068228261
1.0921093130428396
1.0896420222580632
1.0848776185672837
1.070484885127352
1.052533096946155
1.1255948467216454
1.1441031352922697
1.1521643579346683
1.1518837234730936
1.1486260801284927
1.142382671296135
1.1248439522387863
1.105028293091931
1.0642637610470356
1.022688367765651
0.9391161177327291
0.9004016418941257
0.8445388418987071
1.1969125621756551
1.2137446191392296
1.219973410093013
1.2197780441383508
1.217013095456011
1.2106994067921912
1.2043038199715874
1.1828029249177492
1.159694016808877
1.1196498409483941
1.0658355641520971
1.0282002255772253
0.9727864526041174
0.9282617342817396
0.8677470116014171
1.2362395388019494
1.2514731248596258
1.256338119865118
1.2515420154446328
1.2452432721856237
1.2361132933839947
1.2121011557399166
1.1866883369498962
1.1366135187995012
1.0855859847105926
1.0448548914019289
0.9854819342651328
0.939556700619474
0.8741837118012187
1.2777928725037018
1.2904739699017342
1.293011058409836
1.2853638760741106
1.2666398118090598
1.2113526304524183
1.1016213219657267
0.993517857683664
0.8745957454103113
1.3092371884073353
1.31382741949161
1.309611740376038
1.2951753860227042
1.281956825254031
1.252632203363786
1.2211022156865907
1.1637201339863343
1.1050648613627665
1.066833632334605
0.9912083684901426
0.942800751894289
0.867665166393783
1.3256693433469726
1.3327791751286895
1.3296552505030232
1.3158790660601467
1.3025329667656995
1.2913000682799127
1.2581572225830675
1.2235825400893583
1.1571169724252583
1.097325955367864
1.0438922466001754
0.9773623479227926
0.9192813158171175
0.8463573218244925
1.3322750397538927
1.3364206011152457
1.3309567537444855
1.3145820338782643
1.3013413652964365
1.2853583643008675
1.2492950603261104
1.2144198485299154
1.1475404451958795
1.0820996071643791
1.0408569044569997
0.9566027738669243
0.8985269321756568
0.8220615097279955
0.7182855241304864
0.7351404351408998
0.7783756405222926
0.7963726519913695
0.8066151405678786
0.8680364749627938
0.8870341442715496
0.8971748107512665
0.8918639359334751
0.9590172248594305
0.978883742525168
0.9854541601064664
0.9878831288068172
0.9784584006565579
1.0217664904882755
1.0406314911577235
1.0461932744135476
1.0489288561430168
1.0460201828388072
1.0356401591351736
1.0079233728346089
0.9739982733754121
1.0798206813461368
1.0984924014850959
1.103450105934825
1.1051539455139003
1.0996611006517607
1.0874559609793064
1.054897613798964
1.0174601653012312
0.937392409744449
0.8440453631955606
1.1449491825731228
1.1617284049695147
1.1658085308291124
1.1658607399537133
1.1570591798182512
1.1416982267502749
1.10923997977432
1.0605315349589732
0.9710423054530365
0.8672533343468364
1.1806474734151313
1.1953208702703877
1.198040843876873
1.1973473911117531
1.1862236504585153
1.1686301416590992
1.1270081623418204
1.080293079334665
0.9837682119892261
1.2170946975957389
1.2292748516906846
1.2280007759436016
1.193398066707555
1.0963765981868805
0.9918408544913733
0.8741314903764059
1.2442460765582237
1.2478412622677229
1.2478604283628199
1.2437714204669643
1.2270772335835074
1.203600604252018
1.1543709221177163
1.099960648988912
0.9895952310308856
0.8672194088698428
1.2561883620390915
1.261922561878805
1.259029411120348
1.2540740795075134
1.23337974164648
1.2066221053474537
1.1484788691905061
1.0925006677788778
1.0040299747425823
0.9758412826223682
0.8459470893004575
1.2590830722242943
1.2619221644161915
1.257905372237212
1.2499519485057242
1.2258234323610346
1.1980784099122097
1.1390494861162892
1.0774877096283768
0.9551785878278691
0.8216824400102057
