0.7965237752441762
0.8143526214188873
0.8038935018695565
0.7622080027231706
0.7125584177222364
0.6685055706524009
0.6221619584413396
0.5804366735995606
0.5202332904085285
0.43228503150587466
0.8771740907044638
0.9041565482522484
0.9125718351242785
0.913918008074608
0.8788681822328677
0.822905952515501
0.7705171975171131
0.7146385523416502
0.6641577217318743
0.6140074098395132
0.565582517594291
0.5255090499799804
0.449351143965118
0.9614758935937315
0.9736869200564111
0.9832276311128556
0.9934703449502474
0.9954366660099915
0.9813421705060149
0.9244502294301377
0.865163956825732
0.8003639131510931
0.7414333710355037
0.6828199813960487
0.6262299335990784
0.5794182371005353
0.4501836881443249
1.0391912329125383
1.0617724853231412
1.0667422486050326
1.0736390250001941
1.0750647136995295
1.072600631195733
1.0259586665621496
0.961784222279244
0.888179844150671
0.8204152001924591
0.7527975378980276
0.6874951546398274
0.6335044607049001
0.5788643966819331
1.1481580553271151
1.1612687563680375
1.17088118166398
1.1801987942181653
1.18158836640097
1.1697771920588427
1.1087440338305716
1.0242167938681535
0.9428591426249934
0.8607905074246605
0.7813540933883244
0.7157157295269333
0.6493748747152457
0.5912110691420308
1.2219235864934992
1.2349467057860906
1.244473528481254
1.2524886597293738
1.2535930739233567
1.252896491223557
1.2146622502988504
1.127485172544563
1.0367421821913583
0.943473958301932
0.8527786397469149
0.7778191473747698
0.7021392616264998
0.6358492552326135
1.1905616539663084
1.095109614180845
0.9950141334699566
0.897177938487866
0.8162562826496749
0.6631320429448411
1.3070643925021566
1.3300281837059031
1.3348168971144645
1.3313561861554823
1.260280602360622
1.1614723687866624
1.0539803182396361
0.947932895687376
0.8600665180517753
0.7714463411401372
0.6939384712364557
1.3556251323006983
1.3762252354006128
1.3795645096558071
1.3406096599137678
1.242932706854724
1.1274814753502074
1.011295430941604
0.9146176048408569
0.8171094984724278
0.7319099172464228
0.64967648001134
1.3907425723544742
1.408626019251364
1.4116549864587864
1.3938491014231897
1.3082393725492532
1.1882050925684482
1.063941375570312
0.9598811649276945
0.8548489684082481
0.7631201822886841
0.6747226881905515
1.4396094474724712
1.441431924267927
1.4377872550497528
1.424647075279751
1.3761466724618048
1.3351517737816947
1.2550069428090669
1.1225419528474676
1.0102977256820445
0.8967399611398826
0.7976303197352425
0.7022417944168536
1.4519370834941252
1.4654037022543582
1.462838671473361
1.436486003210247
1.3218467237637452
1.1827725085650866
1.0623232909995082
0.9399197509996997
0.8330413222566864
0.730334475462317
1.4883921428723565
1.4868709018516257
1.482463439700271
1.461177158010285
1.4488222434366804
1.401013345312674
1.3379133236074054
1.2587205840289852
1.1287485931037116
0.9950886417226924
0.8781573690347259
0.7658861542888216
1.5001042009715089
1.497658286497617
1.487575256354497
1.4639024118042165
1.4308525090239517
1.3808755425600996
1.3298725501590267
1.1929576383098877
1.0487928422397794
0.9220845730758772
0.8002148558858948
0.8004876825859435
0.7978009501261952
0.8877540756130916
0.8989049265172282
0.8744625595431743
0.9748895482375818
0.9718852533320048
1.054062084279648
1.020479603766838
1.149654523588518
1.154075375018757
1.103728788651409
1.2251009806876665
1.2040240234596604
1.2351067207072386
1.2573914328304348
1.283291909213939
1.3037374652940583
1.2524049536535669
1.3279233165126825
1.3467043251779707
1.3260598783218378
1.3740154837638265
1.3714920340718764
1.3010929984165618
1.363858163377361
1.4039094825329923
1.4270183214790484
1.4151839821628276
1.3159419035402546
1.4439053110958504
1.3892627130124109
1.4411067000700502
1.3239115414444511
0.7344725994438578
0.7501778622589461
0.79725449234559
0.8140836414516689
0.8242492994854269
0.891380857944637
0.9095146712916928
0.9198612970042576
0.923762066376923
0.9207702089198141
0.9879219957734172
1.0065864886629583
1.0164333764848812
1.0192221490653428
1.0137876565699433
0.9869847486112142
1.054600534152624
1.073053679717081
1.0824617619081205
1.0842977661911515
1.08386769147643
1.0814439862695702
1.0767410160419715
1.062505038564022
1.0447311080475454
1.117296832813647
1.1357299547698778
1.143786241178404
1.143568922865086
1.1400774244781466
1.1341906959734616
1.116846319269493
1.0972229114874805
1.05683187734231
1.0156205378028005
0.9327540816033548
0.8943578308932212
0.8389453499261297
1.1885732514267986
1.2053658124106224
1.2116258350675904
1.2114667519485198
1.208763990501617
1.2025392243831823
1.1962197119470228
1.1749377581580194
1.152055310853759
1.112367084756225
1.059011950136156
1.0216893116507528
0.9667250120841479
0.9225556150301071
0.8625130671444746
1.2279628195302712
1.2431878593142818
1.2481034393522028
1.2434271093579385
1.2372158857118258
1.2281929917968186
1.2044279922881693
1.179248006398021
1.1296126361730348
1.0790112051090066
1.038615764511637
0.9797115282465557
0.9341427325845246
0.8692722789598817
1.2696957904921522
1.2824077999491703
1.2850252822213106
1.2775311996985241
1.2590385580597117
1.2043054336982713
1.0954574528941392
0.9881954472430325
0.8701619529515151
1.3013870991465004
1.3061029176680423
1.3019878572687618
1.2877513999341017
1.274675889344345
1.2456357370223061
1.214389948691471
1.1574839172740352
1.0992941921727688
1.0613792782482698
0.986295857090212
0.9382451529371771
0.8636517021831023
1.3182374367688343
1.325458440063668
1.3224757271887007
1.308920112718705
1.2957270356680297
1.2846116262055265
1.2517858234284511
1.2175025178276326
1.151568984926351
1.0922264494390077
1.039183229929144
0.9731374106112295
0.9154557811745176
0.8430335827581363
1.3252602122802262
1.3295431484126243
1.324247691970997
1.3081081540963875
1.295016622831371
1.279205661560127
1.2434583777549109
1.2088722067199875
1.1425151723468066
1.0775449872985219
1.036600679158037
0.9529239101692962
0.8952300816045634
0.8192546041711696
0.7119461838345755
0.7286646516900297
0.7716699711816096
0.7895289701826914
0.7997027658446121
0.8608484091388885
0.879715968984773
0.8898007171535484
0.884589276839754
0.9514355298013537
0.971185397839822
0.9777285631880384
0.9801567454222267
0.9708814714337036
1.0139853461198103
1.0327582744946642
1.0383048881014951
1.0410473146901518
1.038212694022557
1.0279558977322838
1.0005153340507036
0.9669016683523519
1.0719296709247008
1.0905335751159548
1.095488777527913
1.0972075898043698
1.091827553775733
1.07976381393259
1.0475248420406666
1.0104246558510492
0.9310405591871458
0.8384546098650114
1.137057366763563
1.1538107523794117
1.1579151213341021
1.1580036393276258
1.1493436787895388
1.1341623395300844
1.1020151451078832
1.0537364059446812
0.9649895987673576
0.8620216164712499
1.1728390740567949
1.1875171702586267
1.190268923584689
1.189637492148188
1.178687864351683
1.161283779906482
1.1200553607748451
1.0737437204797375
0.9780052919629563
1.20949628067641
1.2217178380255802
1.2205841960594466
1.1864314972690087
1.0902338427970018
0.9865242747284495
0.8696989536230258
1.2369140428569494
1.240560962401514
1.2406416530121291
1.2366531584660703
1.2201857617055418
1.1969573137090528
1.1481690231404496
1.0942072265277052
0.9846871551356194
0.8632066518333292
1.249284791158845
1.25515752733145
1.2523779211224506
1.2475134383439195
1.2270920819212976
1.200593855861393
1.1429541406812147
1.0874125095614264
0.9995991340804046
0.9716186825635401
0.8426229322117862
1.2526013036077306
1.2556058847933884
1.251706209184265
1.2438965615512654
1.2200468455178004
1.1925693528797328
1.1340408562463837
1.0729402403394335
0.951500559747321
0.8188752292196172
