4.2970896640118665
4.374150619111757
4.316897380098323
4.122894853099663
3.899272935380835
3.7065464706424724
3.510683687470689
3.340460906724615
3.106775687347745
2.793775916088008
4.99589132788059
5.1274919052415555
5.168622508550845
5.17427417460772
5.001468900768453
4.731695194849137
4.484879264775688
4.229619149094164
4.006254768980107
3.792080012293624
3.5937188866794734
3.4362484679488206
3.1547801178469452
5.724357669424806
5.789486549612753
5.8406178912391375
5.896234763103209
5.907282796850989
5.838791302161187
5.549186354016198
5.251420321304022
4.9343624642410076
4.654099405017486
4.384271843937386
4.133602416964335
3.9340119352646483
3.4233303683714005
6.46004166481723
6.592484309899493
6.622293247506651
6.664961570351389
6.674848201612243
6.665773753535363
6.419532356021487
6.0774161203396675
5.692621990299903
5.3466755627913525
5.011606544881852
4.69923576290454
4.44979631375127
4.206127838225422
7.593158416411404
7.680514751746849
7.7463087175383984
7.812696659714331
7.823881581768622
7.77007402218466
7.421225798733093
6.935857141137224
6.475803008235998
6.022947818258524
5.59776147775337
5.25673497982485
4.921947255817817
4.636264312777004
8.442277736444982
8.53545511458747
8.606045784271762
8.671437419715657
8.682692178434506
8.685604723951057
8.466862036518567
7.935026717035149
7.383540721418611
6.8277720184876145
6.301616517148937
5.878045768418058
5.461114985980717
5.104158957539332
8.570083326221184
7.965327117565036
7.341196925803522
6.745901289183102
6.265356454440757
5.385390753392424
9.520011105194948
9.709114562181204
9.761737773476975
9.749459729301037
9.297113322541877
8.642967304081912
7.938752854143117
7.2589271351085705
6.708012333276523
6.164021815139799
5.696784595419807
10.19347719349434
10.374847803159218
10.421770810799293
10.177132257242324
9.499375245276198
8.697957173981782
7.9057917730101535
7.259479135807971
6.619851880405651
6.069657807970239
5.547786075066175
10.716192895324316
10.880343399181049
10.92687825204074
10.820179952303565
10.208226347137392
9.337085455349051
8.44790838727816
7.716392120912443
6.9907827762544
6.366018177024096
5.772992671839106
11.405274954361632
11.438034928800716
11.419361229773394
11.33069229092724
10.97317298753053
10.662632181518156
10.053192328931376
9.056154018846119
8.224224926766624
7.396084154455262
6.682340289561986
6.004714520128666
11.742330270794888
11.879011943043935
11.884658406755424
11.69160988745882
10.785719717726364
9.685971459657416
8.74629210198795
7.8056120006873675
6.993919646967979
6.223541905606782
12.380755940627338
12.380515792012897
12.349541969132027
12.182257737986507
12.079924902783562
11.680478697158721
11.152716445225881
10.488113425699835
9.410111954928054
8.317324293885306
7.371974121066064
6.475582776001765
12.734993724928218
12.72234858787653
12.639912006543911
12.43335352609449
12.144268305680772
11.701992890994191
11.25040003266187
10.049955380392015
8.803843191107019
7.720440681017963
6.694102052888426
4.304078666513015
4.286982888707668
5.03936611778915
5.095328686286327
4.977735911768515
5.7924028013810025
5.784770058064775
6.553584305396188
6.3855814769332895
7.612480951885338
7.664814160085936
7.386867725145402
8.488033386763737
8.390000136824295
8.752877908491694
8.970000021863711
9.351378142583522
9.53639072773324
9.235167517791737
9.98671129944381
10.168172923851552
10.058343485871111
10.612090648832854
10.632086909154282
10.147265839698688
10.865433994299462
11.320859667987001
11.563082491446197
11.499794448500328
10.73206260709011
12.0057995119369
11.570918843301726
12.215837930623696
11.193722978512596
3.981838704582836
4.055310291842855
4.490931821052363
4.576245442256494
4.629251402803677
5.322322244863671
5.4255528757312215
5.488338199011796
5.517421957191574
5.508638999889562
6.270809862863286
6.39194884452383
6.46150336102822
6.491342977263131
6.473171645526535
6.341271307897803
6.992750632851026
7.124873760270927
7.2004050928287455
7.2221645286326455
7.225809934255569
7.219761254280105
7.19941049679722
7.127772374273959
7.032271233548766
7.733466209262
7.8788613683445226
7.952361060350179
7.973031092922449
7.959741147050838
7.931702010046945
7.839657910211928
7.726779841804928
7.491407871104333
7.247488959379068
6.761190938005788
6.539478635337678
6.222033136512489
8.66317436368135
8.810118107419077
8.882388622385749
8.894515838961786
8.888930344435119
8.85870626050733
8.82353415699265
8.698711404438779
8.556154493203044
8.304013528594849
7.96264176355088
7.724566175957959
7.374419105289824
7.097084001327547
6.721809912812619
9.230651245417976
9.37670807850914
9.439281067290018
9.432500037889596
9.40117364607096
9.347972553411152
9.196676797050571
9.031366465986649
8.698233185391878
8.35758786152484
8.084612147475156
7.690635732523736
7.386502336082852
6.958812159920392
9.892385544932013
10.027708477596406
10.077944965604198
10.046994216576405
9.930551678822448
9.54675846189562
8.762944318297956
7.9927856617627535
7.156124421564369
10.414218882377895
10.491633930051742
10.477174474411147
10.386903885251153
10.29408180208275
10.080938682958378
9.847514499486385
9.414809406182618
8.974025994071004
8.685848338990418
8.11929979419235
7.758902966114756
7.203214043278532
10.863329129842239
10.954796562898373
10.95185914994219
10.859363402483384
10.758591330841575
10.670973420281728
10.405672232465584
10.128759097996143
9.588526712932378
9.104037400341548
8.670466096480084
8.13663417948048
7.671277804777104
7.091488792255629
11.118759843677447
11.181293124272669
11.151833750434394
11.022740142325182
10.913586799279237
10.78097040381391
10.475330733821622
10.176385539804798
9.603094656131056
9.045392554238218
8.696447738985697
7.983078420777666
7.494519404897981
6.853372447707468
3.86660089035458
3.9473238765974363
4.355554350764945
4.449372406242776
4.505345435736592
5.150964919268469
5.263915088093892
5.329079618958921
5.323268793513142
6.051909678030221
6.1865902082745725
6.235869364331923
6.258191568717057
6.236701371307548
6.738006065539981
6.8785461276384465
6.925601756215695
6.9550797615186415
6.960162673775133
6.9156269917589634
6.776026410183502
6.595334682434214
7.433562146695093
7.587743685214531
7.634771423968299
7.661176077000857
7.6551789255900164
7.597123306866553
7.4213352613343435
7.207834309895072
6.747716611570547
6.2180139314983665
8.299457758511108
8.456936359320482
8.506693773794145
8.521284049241524
8.494784752929952
8.412646271439364
8.220097341875436
7.919249856953142
7.359743290852814
6.71749073392724
8.823016369159081
8.972488316758518
9.01381137998708
9.028848649754586
8.982259947541037
8.880813513144986
8.617228235845223
8.312406946103993
7.6756159833346835
9.42565413943602
9.563171444389864
9.595605075547601
9.38951146078827
8.716104618973235
7.977468404184853
7.15174968979318
9.894302435936781
9.944036995410993
9.963618834772815
9.951764249941187
9.850813999121685
9.689318212311106
9.329693655822387
8.927178137108879
8.104229068053087
7.198945138179331
10.269385849759677
10.35754605952254
10.353414819631384
10.324162844616087
10.174584785792844
9.970236289167925
9.507538227920184
9.058650019639085
8.348203094747104
8.122220485776609
7.087555742478507
10.469414956534946
10.52319337918854
10.501735889826282
10.445364440954785
10.253044393938184
10.02175701469992
9.522916234042608
9.001888910284263
7.969709811231751
6.849837539230733
