1.5332604007109651
1.5481136973562473
1.4828378240203293
1.3748081214335526
1.257820699473298
1.1586479146742807
1.0580795203127653
0.9704177223508014
0.8487304704899046
0.6801755554927011
1.7364754500932014
1.766644535292769
1.769764596322521
1.7507969762146396
1.6418714765807634
1.501306599786637
1.3776696088845926
1.2512052908069013
1.1408405848927303
1.0347281932166328
0.9355364285349501
0.8557577692760134
0.7090849281067944
1.9363221985898493
1.9514786425461812
1.961508625121596
1.9673998074747265
1.9666156776112893
1.8922276264712212
1.737101960095914
1.590509412212501
1.4380465999255105
1.304501714767963
1.1761701027338411
1.0564078531887253
0.9602744046532076
0.7066744111390917
2.1287702480581943
2.1550305073455256
2.1586925678190063
2.1582222688625454
2.151383496750354
2.131934661049572
1.9853416087295594
1.817639657677778
1.637321869742874
1.4780635677914802
1.324907304443772
1.182182550098504
1.0678573695341211
0.9553038487619965
2.4071593960563997
2.4238095864494893
2.433389745452853
2.4351916588548015
2.4321994676864795
2.3657577943036316
2.1839661818621847
1.9619731939535983
1.7597690806164494
1.56413075986915
1.3819809161656815
1.236528813122848
1.0938900798307634
0.9722727805684523
2.6018031131203574
2.6178289605285463
2.626278165463298
2.6252555963091977
2.620591836992782
2.606164574683012
2.4672824765475925
2.222281471997326
1.9863856361217045
1.755283387815769
1.5397866880447035
1.3680312537996255
1.2001174600382662
1.057418296287943
2.387844909447073
2.1321050263348544
1.8779965966871048
1.6404080524205202
1.4511833531033727
1.1099492055301787
2.8319236996545794
2.8528059439097833
2.8391451659128992
2.8133611837858514
2.5777382228986685
2.3025460084871856
2.021814749490571
1.7578291530094832
1.5476109850461968
1.3428804067148787
1.169699787497188
2.9647400091166265
2.9812722829628977
2.9613075878925246
2.80842140495812
2.519350712166163
2.2063681352078617
1.908058219872141
1.670162020516254
1.4389502140402612
1.2439764000694953
1.0619010471519774
3.0616056876855597
3.074268627138292
3.0541725960865214
2.971290679992366
2.7002496680626256
2.3635150570144643
2.0360318237197808
1.7739793576051277
1.5195789394400137
1.3055777083525737
1.106368668619697
3.1607892574038936
3.142183575298942
3.116399308727911
3.060196151742101
2.897299630593593
2.772582455283754
2.5417295529404833
2.1820310393444795
1.8919895423701938
1.6104844524057766
1.3742738348851387
1.1551763147054466
3.2308651748950967
3.232229506696295
3.1919174317887875
3.0848524187125186
2.726674185225864
2.336096308050781
2.016395010634917
1.7056187568195271
1.445392735592652
1.2048960979447272
3.2943334289782022
3.2695406409349634
3.2438141228163695
3.1573817886861506
3.112672686229435
2.9569591182197907
2.7656570869962938
2.536805261799128
2.17929740621632
1.8294567882367125
1.536904682213131
1.2677209600430674
3.322285732208819
3.297329588036337
3.2470169708863934
3.156418435376691
3.044507594817927
2.886537610099337
2.7327266159923154
2.3415488415670698
1.952601162175944
1.6269097259482381
1.3283401091732232
1.513840729328663
1.4723421972027428
1.7247453709283112
1.7237067047820032
1.634020196790777
1.918843512774781
1.8746934625289862
2.0962053992944534
1.9749542253401562
2.367405921842474
2.3342734459946017
2.1740944831765927
2.5482340391578666
2.4454988711798165
2.630900683199696
2.6017886249710465
2.7507831508457086
2.7537995617202617
2.5611997997100504
2.8735031961749815
2.873018307662233
2.7768874824295384
2.9694519123033865
2.9216392365902895
2.6848263970202533
2.870063384329438
3.1021165679143405
3.109014980612793
3.0363289679447534
2.713728330125011
3.134386498173739
2.93037452079289
3.1032422039672864
2.719504409770766
1.3878444918739885
1.4057308494252747
1.5293207220803322
1.5488926732258343
1.5566137961154218
1.7479743721833736
1.7693857553440817
1.7766652335128434
1.7706148002305253
1.7504524177400245
1.9799935976468614
2.002019583599612
2.007350443034069
1.996925884470829
1.969650352148789
1.8870602106319552
2.1448580730956794
2.1664846858636957
2.1697633561777194
2.1629321607758922
2.1556274057839553
2.141881108010217
2.1229319835771934
2.076450018783729
2.024753080415202
2.3034805287885685
2.3241370418302822
2.324428168265654
2.304957615833533
2.2876714477318774
2.2653954004586345
2.2101750040370716
2.1527960631791068
2.0430557706148673
1.935995771894824
1.7302481978311925
1.638151141616029
1.5080111586882128
2.486767703372669
2.503687186617387
2.4987225756536375
2.488600638442407
2.471598669718983
2.4451166473165813
2.422350774153025
2.3552038692838084
2.28830528382501
2.1785941089013674
2.037694966590995
1.942189811527385
1.8046655371911207
1.696984738919072
1.5536021884565314
2.588788821536699
2.601869631376515
2.5927435327987163
2.560976523197658
2.536048254868582
2.5041543991261954
2.429009774112772
2.355392301318255
2.217662420792542
2.083325507339899
1.9788388929271528
1.830382994917404
1.7179925473819715
1.5617683125222128
2.696364353697837
2.7038673432499003
2.6882662514633284
2.648079328327503
2.5816998403955043
2.415181322738408
2.117114944512094
1.8411846172129067
1.5513496317533162
2.7630771386012687
2.7442671130769987
2.7197079771081487
2.6630309431393147
2.618814464809535
2.5279335537954157
2.4359974609850643
2.2760125818206176
2.1191613457348546
2.0192505651483645
1.8265350293058882
1.706199811614777
1.5238187281005042
2.8143074122723455
2.8069679517606803
2.776057253262701
2.718861846491725
2.6721478725578036
2.635413847100469
2.532861012489116
2.432026716458529
2.2459197264593134
2.0854985611904633
1.944523748658508
1.7744715628786685
1.6294607332333166
1.4518210893576096
2.8225069780552614
2.807961841883905
2.771421430690527
2.706190702671176
2.660475134770538
2.608793723574369
2.4982447373778465
2.396016176025829
2.207775430916672
2.031372104286031
1.9225795966622297
1.7061589555943606
1.5609123686329094
1.3743960365448662
1.3304368829896307
1.3492152081955568
1.4632240638487977
1.4836798563666735
1.4891402941464293
1.6672970171537707
1.6892960153516008
1.6935314232685323
1.6566584421540194
1.8816228683014822
1.904452857647756
1.9076539213442785
1.9052526341149032
1.8565481347619808
2.033337823375258
2.0543491613320577
2.0566417188955888
2.052628792760181
2.028902066728578
1.9921160941623102
1.9128008966449686
1.824256831328835
2.177180404820574
2.1969540118353392
2.197181818574385
2.1906056716023246
2.1599380983971748
2.117971619464387
2.024704252851277
1.9258630811771136
1.7269779528904003
1.5070980373044176
2.340875852284461
2.3561180101345656
2.351788786278205
2.3427018080917086
2.3023127021583045
2.2516117490783434
2.157615027142439
2.027162134901459
1.8012892196916948
1.5526754515840098
2.430493065728036
2.4413852991581186
2.436055019223276
2.4224247743610454
2.374970414708681
2.317996520243623
2.198066489215569
2.0726828254558787
1.827035634430517
2.522074409890642
2.5263796505683715
2.498707234257916
2.377397782077525
2.1064458822969745
1.837887617042707
1.5504778175336529
2.575367391519705
2.571111893381147
2.5595939445314344
2.535865116162492
2.4730732976204273
2.3988402887297666
2.2565364045724294
2.10872759616207
1.8233642456123587
1.5229847707780444
2.610697873706581
2.5988015934899757
2.5760135990103104
2.5536261293724367
2.479198934555566
2.3957886520954075
2.227889132289259
2.075642323841841
1.8434260707318266
1.7715109325934837
1.451070730726461
2.6086190655609287
2.588446276281761
2.5640923154273225
2.530844219438735
2.447384861605789
2.3611081752703584
2.1901181574423787
2.022031753547296
1.7034353127870028
1.3737256033384242
