3.674336477495819
3.68496587487149
3.481088118541369
3.193736537321481
2.8862967372966204
2.6241925282459726
2.3569166550631215
2.1226468891585064
1.7962287494181182
1.3445614433483406
4.2666292891175726
4.3075337812702035
4.29800154754124
4.22680827817267
3.9191114394704156
3.5412828622403705
3.2097756610376713
2.8699742181377954
2.5724945028679604
2.2861637312550913
2.018791419817141
1.804469470188754
1.4139237705463323
4.846783443264404
4.87023977488265
4.882018899981128
4.876972976629599
4.869004169619883
4.6319701823244115
4.202353143377845
3.802902269686068
3.3883451836644958
3.024932452295813
2.6759398784750346
2.351208192447142
2.0918932720926797
1.4193680103719213
5.433101423311591
5.469513243091774
5.4697113405448174
5.449434962095931
5.420187383197124
5.354121134248832
4.928098821772255
4.461675839351185
3.964468853255277
3.5261654717448065
3.1056683299662136
2.715604363976167
2.4052441570835827
2.102273514782585
6.330535915205876
6.357044356450676
6.366455462408506
6.3472556488079315
6.332120596717208
6.1122239184965155
5.582071836384755
4.953649270639543
4.38571105286834
3.839044748217248
3.3334786453017675
2.9331819266088197
2.544586529919336
2.2177934020479517
7.0029105063623485
7.028043842919994
7.034268377695027
7.00867340697655
6.987761359699193
6.934202916415929
6.504390144275023
5.792634994660631
5.117992069277645
4.462109487607144
3.8554731775339137
3.376532834446073
2.913389191186226
2.5255131312604258
6.348745311055599
5.608168661271765
4.879355529868993
4.2040215829405785
3.671486294019907
2.728352488462198
7.867975132575211
7.887251189781764
7.822203919022164
7.732305010402155
7.010619513398187
6.201128951717556
5.385589377572267
4.6262923908272295
4.027894215637304
3.4517635935778648
2.9717322981311685
8.417021124099243
8.428648763163647
8.344574480155064
7.857168887715468
6.987637746960101
6.0627568849097235
5.191090953505713
4.503403762694524
3.842723608732906
3.2939356619346403
2.790138805847856
8.853972428249465
8.86080884008651
8.778719975430397
8.506958353590086
7.6746148607519915
6.664472681725525
5.694213155534654
4.926283758767797
4.189276949200668
3.5784687145659495
3.019314001872023
9.312576626958661
9.240537660449354
9.152410364359797
8.970642292533768
8.462044542602568
8.079038354062495
7.376484335175662
6.293512860395685
5.429824047292382
4.6008859439984695
3.9153075981133236
3.2895587309902696
9.766171037504733
9.750132070151516
9.61003283832976
9.266202625607306
8.152110264302628
6.956013951616595
5.987437930946918
5.055885667390072
4.286532716827886
3.586265894420119
10.25958080467171
10.177269826722917
10.093129203975973
9.816667839579797
9.67409587862159
9.183190114418057
8.582851778304006
7.868805080904811
6.760846341804307
5.686796946079974
4.79986202732498
3.9949705403501548
10.698714789796279
10.618969891865401
10.45861832728497
10.170570990558891
9.814241370002641
9.311340735700542
8.822090585586219
7.58301429818908
6.359746399904189
5.346422636440872
4.428537125536825
3.5991407169945724
3.458904455958128
4.199750193011206
4.167693620604343
3.9020190706184366
4.748688694515852
4.592642724128306
5.271542549538623
4.904170666069835
6.175403327276481
6.036167110990539
5.558313942100272
6.7891791142120494
6.449971195661847
7.172947930636248
6.997664868023118
7.619371770064163
7.575988319405186
6.967282786890349
8.13642971703029
8.087767253251288
7.7716560472889755
8.542498497855272
8.368431596991977
7.631529266360954
8.383376557217016
9.37227516473054
9.362799816141273
9.121147325046236
8.113144892640257
9.74711455140815
9.099313216462166
9.994899803685216
8.777581270191316
3.3169303879517087
3.3412699763720233
3.7103144445750473
3.737105684354612
3.738015385038683
4.343294021090145
4.372547248787267
4.370288636636887
4.335357426919443
4.26628363751668
5.054669975012622
5.08436368683605
5.07580577753667
5.026500046959747
4.935341387119783
4.689056660247317
5.593808030304782
5.62274631410926
5.606988180404489
5.574369381265419
5.546688513377199
5.499395468254316
5.438320293202506
5.2964016457186505
5.143829127299773
6.14761997603829
6.173893323493192
6.150831712756703
6.074269584157036
6.015944209690421
5.944912315647712
5.7767098939060775
5.605912562754738
5.286128013191228
4.978211992116604
4.392603594984668
4.132440301722394
3.766910379769403
6.850577201999491
6.869944981100148
6.833439789390458
6.794359331294032
6.735153804611242
6.648418860198434
6.576479965536354
6.370945833976242
6.170320677370927
5.846218616427656
5.4346312652874085
5.157784145126429
4.761323060283513
4.452960840217421
4.04508124033478
7.290259360910053
7.302303184190741
7.254930163152222
7.14455580133952
7.063904787912413
6.9629213506858685
6.732604226897657
6.510741622944477
6.100519151457225
5.704439101949407
5.398545792543288
4.96632982472158
4.6413123894130655
4.192854573976031
7.82736841568789
7.829674554143427
7.766553747928444
7.632778860652898
7.423485532928406
6.913369875355221
6.01891157654707
5.202560173939803
4.3557048184563865
8.219578676073313
8.145963474815359
8.064893211798095
7.884092282003363
7.746257116880224
7.465268547113054
7.1832597786852075
6.696504842471695
6.2226843915026695
5.922289484786815
5.346286362434468
4.989102884721435
4.450969137707256
8.737483585840456
8.711243804051282
8.612318000912186
8.43260775705885
8.28608595852963
8.171671833844172
7.852135928743529
7.539545439706507
6.9637468658132455
6.467658675903712
6.037443362602293
5.518146487306082
5.078668173425864
4.543786004061332
9.070153158860483
9.030383883120376
8.919513372353691
8.7178398701422
8.57521341155072
8.413920497685348
8.067107978916416
7.7461853795545474
7.155232748584723
6.603204733784117
6.262881172292166
5.590771004940073
5.14177711250031
4.568441499300456
3.1682329147221115
3.1923712401560635
3.5360255984136852
3.562424787771681
3.553851943331525
4.125008129121222
4.153152764050907
4.138908923379094
4.0089828484284995
4.7820184939197095
4.810641948405008
4.802588983831207
4.785234519423153
4.6181825413566315
5.277785850621063
5.302561994449788
5.294061601906366
5.269096769836286
5.182136674717689
5.065534622704935
4.829903356274777
4.574646379524639
5.782950726716086
5.804685122517732
5.79021570692545
5.758465173858833
5.651635105547422
5.519333487760534
5.240624199633748
4.953157391579012
4.384565445314824
3.7646824920583284
6.419586414805308
6.432534515182745
6.403954779622097
6.367918416037279
6.232541066322776
6.074369711388636
5.791420772446306
5.407158165754979
4.752535604720119
4.0426724388241215
6.8149939880796095
6.820304977420368
6.792802039225853
6.741357978493636
6.586116403788753
6.409372002664682
6.047400690623516
5.675584243673292
4.957243504356725
7.29431849563557
7.286718688583554
7.187268156385896
6.805604900058404
5.988332514658803
5.193041113579725
4.353146213492947
7.637804134291102
7.61798487553503
7.577631960594452
7.500209293583909
7.302178538159429
7.072546733387559
6.638217537992727
6.191295014065583
5.336619810341681
4.448369231161229
8.09041315321815
8.052431061182048
7.980998695314618
7.9116666928074615
7.6807635770710965
7.423180099010631
6.9053472868021535
6.435434369775523
5.727554237846904
5.508220023102319
4.541163472816306
8.376867087832665
8.323409998206285
8.251367527973295
8.151136743184516
7.894466170592921
7.62690622127693
7.094083079128025
6.57037019810676
5.580833696931406
4.565842160245439
