0.5198002401573919
0.5336961260115233
0.5337742041227752
0.5125190314126796
0.4863001110599327
0.4631335453720872
0.4391117553560188
0.41793272312250296
0.38838712429521266
0.3483519255059623
0.5682129946778004
0.5881693668186148
0.5952477198447237
0.5990584265980585
0.5830702316535479
0.5536614375077004
0.5257810798252728
0.4962478220210519
0.46995277733921914
0.44430308434189936
0.42014893122772384
0.400713017218861
0.36575735149680333
0.6196720939077677
0.6284854585308515
0.6355973659030656
0.6438563703302638
0.6456899088065571
0.6429768151527443
0.6137442282094433
0.5820256070878771
0.5473058337844213
0.5160102103299238
0.48528042118834985
0.4561452748325865
0.4325255248442202
0.3709093914426928
0.6657987959604176
0.6821979919897598
0.6860557796473641
0.692050253733743
0.6940871790329705
0.6942915280646573
0.6719051679944785
0.6376205911018049
0.5978004010024268
0.5612359343976077
0.5250663943688836
0.490542832509281
0.4624010008675713
0.434433275978905
0.7282095798396595
0.737377286393165
0.7443781818942866
0.7518933219683844
0.7533288163950936
0.7502769311869458
0.7186139863500215
0.6725507632390733
0.6278894770541315
0.5829484160640078
0.5396872753966976
0.504163108608614
0.4686148765852421
0.4377432360889933
0.7683290028862036
0.77725227458477
0.7840507149354018
0.790461449802842
0.7917221499386926
0.7923882456615063
0.7739774533727234
0.7265851467931017
0.6763805328670203
0.6246660930732029
0.5744563969397605
0.5330700095806141
0.4915094726433153
0.455259297644793
0.75841395452873
0.7054433683317776
0.6496250612490276
0.595045533128904
0.5499405460161287
0.4649444549669622
0.8114871839650976
0.8269084449699219
0.8311534848524598
0.8301658918702299
0.792473549167963
0.7375004610263972
0.6773093273061043
0.617695583215153
0.5682863439532122
0.5185605322055424
0.4750450490094473
0.8337532830095412
0.8471141994484396
0.8502474972486312
0.8298112380299809
0.775407314424172
0.7104075180175706
0.6447478977219818
0.5899729945643812
0.5347598007514648
0.4864029241528535
0.43963867461274875
0.8482823488369887
0.8593460495224537
0.8617216825497029
0.8523670218978467
0.8045393625796545
0.7367398615267758
0.666265723622453
0.6070663945176901
0.5472979617910921
0.49493706405488463
0.44431217846977195
0.8690408977953301
0.8701840223564078
0.8681970749350517
0.8608119337926508
0.8333522025496983
0.8101093910938204
0.7645823304604971
0.6892506492076115
0.6252365245383652
0.5603985918908677
0.5036064481170622
0.44874179106416
0.8672825366607985
0.8743948583136578
0.8723907073892851
0.8569240691244646
0.791229467527476
0.7118776060178038
0.6430841039660838
0.5731090702708267
0.5117891181210985
0.4526280607344093
0.8739269614418744
0.8721505377947176
0.8691615298685512
0.8560033640805669
0.8485810627563554
0.8207244300132003
0.7843703927088866
0.7389558122366275
0.6646379325308963
0.5882727792655099
0.5213705663021587
0.4567330236706458
0.8658098345098034
0.8633236953868124
0.8561200569314511
0.8412469287388653
0.8214171259006589
0.7921823319717729
0.7626873198733055
0.684198115164747
0.6019692756840226
0.5295622838449031
0.4599441905058271
0.5258032230549204
0.5296612194264884
0.5788433906439853
0.5890919398386338
0.5801116613087174
0.6333947301091014
0.6367325712481139
0.6822581411301064
0.6683116584829163
0.7331017128162474
0.7402832267887854
0.7153959936884132
0.7750861807430043
0.7673221985022985
0.7739408752419565
0.7932302158377333
0.7986892804917565
0.8134617480576881
0.7876957708455152
0.8185462672241971
0.8313501445902045
0.8212025420984862
0.8398878393832542
0.8394099583579313
0.8004089631611566
0.8264282625281185
0.8405328998768291
0.8526423682500991
0.8452296253752323
0.7880262037633131
0.847769030291081
0.8145826393504668
0.8297492362224023
0.7597655274668763
0.48318848687581656
0.49507700843157576
0.522588570610656
0.5352912853014185
0.543667612789499
0.5804915344976849
0.594075460842693
0.6026205888431029
0.6072643630796495
0.6076419437937249
0.6379210602578042
0.651700005537037
0.6598574250362046
0.6638574494505363
0.6627632040813781
0.6503045591169813
0.675872065683184
0.6893052351209541
0.697054977239415
0.6994801228376095
0.6999954144274041
0.6995657936004525
0.697819339474318
0.6911860832011714
0.6821900347280292
0.7097130791461869
0.722818199725856
0.7294126287515923
0.7311676589277053
0.7300388128279109
0.7274497366638227
0.7188309735369931
0.7085656602767566
0.6868155743147527
0.6642916056116783
0.6185722336162732
0.597403617745432
0.5667592908421047
0.7449674177128703
0.7563728120754933
0.7613660951334158
0.7619473257595054
0.761056539884121
0.7582230188677774
0.7550700986021188
0.7438270945395744
0.7314037552042915
0.7095301099129406
0.6798198504073479
0.6589406015421755
0.6282114606143593
0.6033861071916353
0.5696503557829197
0.7620799071680974
0.7719800242915064
0.7757585905171399
0.7739405388423427
0.7707909456945913
0.7660396379138977
0.7531013260836885
0.7391109574311198
0.7113494665174103
0.6828941262301848
0.6601069259817617
0.6268360404939618
0.6010391293614437
0.5642799739146743
0.7767872722532106
0.7843211833808956
0.7861092565824878
0.782056312137336
0.7716792644263123
0.7407377928697207
0.6789502263224967
0.61781837763546
0.5505003536259051
0.7858471367223332
0.7880724764972068
0.7854888388050209
0.7771212618220595
0.7695075747985816
0.7527676897540866
0.7348635230190071
0.7022720897911884
0.6689573050992352
0.6472581268060809
0.6042871378963312
0.5767649212675195
0.5340025337817297
0.7799947903842723
0.7824645907034142
0.779502675272499
0.7705827979754257
0.7625312065511285
0.7558244938656707
0.7364425805148898
0.716412040929863
0.6783016103364841
0.6442006278635903
0.6137363837045489
0.5758936705963648
0.5427417221828359
0.5011496862049353
0.7704461965172634
0.7703739341060446
0.7654466729598278
0.7544727256263041
0.7462219116445077
0.7364630776020721
0.7151179197357552
0.6947711294297829
0.6561709959007876
0.6188673545832366
0.5954317567271529
0.547387997031694
0.5143801577553757
0.47093816385694515
0.47075831297317017
0.4836541584714449
0.5084820833202279
0.5222236195656251
0.531194356362504
0.5636418044529948
0.5780808247776761
0.587045429255595
0.5885390940847529
0.6176896228889861
0.6326041802067196
0.6381974089946685
0.640813235084615
0.63972356459249
0.6533548070168983
0.6673014348407328
0.6719348937804452
0.674923420816643
0.6755582858725808
0.6713671777253968
0.6577432156024878
0.6400592664678282
0.6844689586942702
0.6979359550474353
0.7020705311752371
0.7042274260292779
0.7030865216459515
0.6975561466238918
0.6809247836406414
0.6609909958617302
0.6174758146510245
0.5664424826721606
0.716170261097289
0.7277227504569778
0.7311400969764361
0.7318671045933466
0.7282744308371787
0.7205227174864842
0.7032283008991481
0.676604732645467
0.6271523319286743
0.5693504801589122
0.7312239709122774
0.7408608026358543
0.7430161376126487
0.7432305886952648
0.7378772236668683
0.7284907856607081
0.7057045668984065
0.6797868650527248
0.625833541317246
0.742992375472689
0.7502425079769633
0.7498016501995003
0.7306123662796271
0.6760186383036396
0.6168925717401286
0.5502492959799921
0.7496106194297658
0.7513356179341708
0.7511905501353878
0.748621541789894
0.7388427956751045
0.7253636510969692
0.6972346029660039
0.6662306858519588
0.6034436170288574
0.5337774318998
0.741266577738777
0.7426516158316715
0.7400930354217894
0.7366728877202322
0.7237895106188393
0.7078141994574456
0.6739878418687761
0.6418273414765313
0.5911973434794806
0.5751742926092955
0.5009678125033226
0.7298185329740615
0.7285722535609215
0.724958509555319
0.7192217883871855
0.7038101212089453
0.6869738116760836
0.6522077583574001
0.6167641296231684
0.5467759089172709
0.4707908821402129
