0.7041732742822661
0.7118044042569959
0.6822142897365756
0.6325608883459773
0.5792797650914999
0.5346276963441328
0.48984593302523843
0.45125408064806083
0.3984124398060523
0.3267544372031764
0.7820208378215826
0.7964613253116491
0.798098385000712
0.7896230243634444
0.7400485555012746
0.6764814238542964
0.6211130974416085
0.5650081632862552
0.5165100865690934
0.4702859908015519
0.42743986245223675
0.3932289169923518
0.3309910379957058
0.8571664221657961
0.8641106593980055
0.8687048868842223
0.8713962156829825
0.871032529565629
0.837313874559126
0.7675826926822366
0.7023028891931179
0.6349788227981478
0.5764951741379074
0.5206901858529543
0.46895395969938464
0.4276270476453714
0.31945393814179973
0.9258823706775501
0.9372913089129568
0.9388117509778271
0.9383418059556544
0.935162972863069
0.9262199063831783
0.8605006174207454
0.7862338444842171
0.7070542417161766
0.6376518614210859
0.5713070660598605
0.5097922847145073
0.4606761041974286
0.4124622716920002
1.0186028970692131
1.025216969793116
1.0287896621154733
1.02869793377489
1.0271276296540943
0.9966204122812727
0.9163507111318715
0.8197185610205705
0.7324392088128376
0.6484513188252987
0.5705490030249838
0.5084537036984642
0.4476437428312003
0.3957662799314823
1.0776310907241686
1.083465935995166
1.0861073565040542
1.084254638131514
1.081798881193873
1.0748153369430984
1.0126365135181206
0.9064007052619573
0.8053750473234719
0.7070188322131689
0.6156474037791725
0.542935365899358
0.47192477909764224
0.4115245482396057
0.9599910515194612
0.8509503489413577
0.743431186168139
0.6433226572790507
0.5637319741201628
0.42032613862271434
1.139283094606098
1.144178905320422
1.1358943640244206
1.123503736351958
1.019980583118876
0.9030772483220525
0.7850878536407385
0.6747186408576816
0.5870306516252471
0.5017662698978478
0.4296330874776484
1.1690284132043465
1.1712272981773304
1.1594786514540254
1.0904741817914734
0.9676481438991061
0.8371252584952178
0.7136773817675787
0.6155732252096177
0.5204686027266646
0.4403439938372637
0.365459376282036
1.1868210756712299
1.1869903386778755
1.1747621560212629
1.13607609029727
1.0200506887481215
0.8803096300777786
0.7459455386694173
0.6389736056555799
0.5355002681037204
0.44864482408340733
0.3678423895850763
1.195703546008256
1.1843885090265653
1.1715925176852264
1.1457649223506814
1.0754165243394709
1.0232157664867425
0.9281133270792459
0.7818526319711807
0.6648286936641692
0.5518421974676175
0.457391806106219
0.3700019268423391
1.2028699817772266
1.1967431329494052
1.174443939954568
1.1258562889215449
0.9764320209331909
0.8188309276724877
0.6913796925340412
0.5683957903377905
0.4660234609343995
0.3718500958530082
1.185014773824117
1.170809196887086
1.1580736724755158
1.1187943587940146
1.0994837525895578
1.034547202349756
0.9568737208159103
0.8657021811414887
0.7251975311564733
0.5892734247220068
0.476627932246551
0.3737898246167481
1.1600832344305771
1.1461177455461302
1.1218555208452632
1.0818838050781399
1.034961087781085
0.9709526717359159
0.9099923192645953
0.7579117665718602
0.6093797927259721
0.48661801171167074
0.3753431554639665
0.695654445231622
0.6771916695357845
0.777052426474821
0.7769879595716215
0.7364039012855924
0.8492945792887249
0.8293707567313805
0.9104253056238171
0.8559417915168704
0.9995980356297773
0.9833230055309646
0.9122213663377591
1.0510622701654906
1.0037950625336822
1.0735547394929228
1.0541654675761718
1.1040076609351568
1.100230169075975
1.0136346892718497
1.1301069293036012
1.1236629148728634
1.078688177724088
1.1434717661525273
1.1179246053727916
1.0145448406583637
1.0659303916661214
1.1544437854696377
1.1458649933388851
1.1093597734656815
0.9721961298653763
1.1165479013047788
1.026131722524987
1.0655444500066968
0.9061643271721913
0.6355999933546121
0.6445827404899546
0.6906383758904673
0.7001721996310957
0.7041381218723113
0.7717067509135559
0.7815842357643077
0.7849696181537096
0.7823374324547794
0.7733912787017837
0.8516609631370972
0.8609892412104531
0.8629797480118607
0.8580430584136779
0.8457199108584631
0.8090982337270792
0.9037816569841666
0.9121991823103033
0.9127157334224045
0.9092575446658955
0.9058103388591396
0.8994788764481066
0.8909467659686859
0.8702835999671032
0.8475757120788933
0.9491744365270623
0.9561702348807121
0.9548640944451412
0.945136118512306
0.9371962771382887
0.9271318985598975
0.9026204412871162
0.8775955662671581
0.8301390680344745
0.7842644810552712
0.6965226861792037
0.657406202256889
0.6022184494164797
0.9935766328159641
0.9977750231167059
0.9931806532425614
0.987814143375295
0.9795696204608664
0.9673773138497936
0.9571641885125739
0.9275777775101234
0.8986874621097739
0.8518574927991812
0.7922696901604902
0.7520889843238866
0.6944943188033308
0.6494434813810762
0.5895475207488869
1.0125071013327516
1.0140565129235586
1.0072689309881877
0.9913619310188805
0.979804730764856
0.9654581996606594
0.9326822515767977
0.901105662488652
0.8429395761417535
0.7867961645765147
0.7433503816720277
0.6818658227289944
0.6354629155287896
0.5710546416883003
1.0243239794753023
1.0224149536150449
1.0120807654411044
0.9921948887941932
0.9621921084610735
0.8910062688087619
0.7676923125022297
0.6551732042257303
0.5378990770622427
1.0215626927243073
1.0074386835927995
0.9947528074403015
0.9684185387710819
0.9488936009756727
0.9100122370872541
0.8716132753816626
0.8059371239248753
0.742299748567676
0.7020822096561012
0.6248955460001777
0.5769370205570222
0.5044671980324192
1.0038408995617751
0.9938690460227689
0.9761356267131424
0.948736370355355
0.9279572382473215
0.912070235024361
0.8690795778070642
0.8277562382826368
0.7531457464742282
0.6895645986717795
0.6346398055641636
0.5684729304711889
0.5123918704176192
0.4438669253928066
0.9755747546468255
0.9621385999135116
0.9419315129379963
0.9113541684230866
0.8912924948974613
0.8692846539816592
0.8237211555520733
0.7826950320031862
0.7087194923234234
0.6405677939566409
0.5989357563850269
0.5167518672132254
0.46211640956153016
0.3925593770041753
0.6089670780987756
0.6184790332367927
0.6603538058847711
0.6703772706569957
0.6734697642075538
0.7354346619842475
0.7455638974071241
0.7476924590452818
0.731471007972443
0.808296921066826
0.8179121677112546
0.8190781005535293
0.8178410679997663
0.7959518060989244
0.8552885933367924
0.8632950233229993
0.8637521892093234
0.8615286910959785
0.850454372216079
0.8340088552686696
0.7991137777038222
0.7606074065510895
0.8950737569982278
0.9014456375300486
0.9006625051446276
0.8970026388726673
0.8824763001633268
0.8636906618324239
0.8228697565114045
0.7802825569445866
0.6952601327519536
0.6018746763956311
0.9322684188230583
0.9352365950144188
0.9316680238513468
0.9267642494592019
0.9075260798701055
0.8848616860248348
0.8440317089117739
0.7883945000275221
0.6932855323049366
0.5892290124126849
0.9468638161644307
0.9471099050223348
0.9429387676398763
0.9354447771174657
0.9130003496704805
0.8875913959466833
0.835961315565059
0.7830651904498832
0.6807338654267713
0.9532402467758445
0.9494436309789237
0.9333281813624948
0.8781392216265637
0.764204509882664
0.6541484270010852
0.5376478715892954
0.9460021665099159
0.941150109531971
0.9338381637219448
0.9213519526851522
0.8920355825448688
0.8595828796502747
0.7997895074849842
0.7390947347201986
0.623983176838974
0.50425132121978
0.9238581324539062
0.9112842214418231
0.898233802833306
0.8869517137481353
0.8528933644927851
0.8170144236479134
0.7479962852590633
0.6868525411076292
0.5957044420367171
0.5677327214139213
0.44370891966213766
0.8934130691565058
0.8768334935821579
0.8633182254151276
0.8469085007970896
0.8094528863166314
0.7731149612706671
0.7040871519736088
0.6382386660931342
0.5161576112656441
0.3924460729773447
