5.247456022358074
5.3244211292706085
5.219480417925626
4.9590335721229515
4.661301823693468
4.402528045343771
4.136008914289592
3.900514069138746
3.5697860427382264
3.106510403208711
6.164383807833721
6.303402307718133
6.341659803794244
6.3302666862914965
6.084315130660514
5.721340579013271
5.389199384440091
5.0422987746040135
4.734469936076854
4.434731426591516
4.151906271811151
3.9229109792602834
3.4991797913267266
7.117833723427796
7.188541981541807
7.242479582371513
7.297053465511442
7.306251932934816
7.180769531168238
6.783238720955808
6.380729839877518
5.949863326369111
5.564681994815497
5.188934917889559
4.834239120855991
4.547016481569689
3.7815043581036614
8.100570972650404
8.243854099096222
8.27432840587676
8.313279530531872
8.316451997531471
8.291852317226686
7.937635632370853
7.471199317912246
6.947534884854655
6.472965615619475
6.008339611069026
5.569361163739584
5.21385077233791
4.860485677497057
9.650386905108546
9.748319197866731
9.819729011952823
9.885398708898638
9.893842478539073
9.787162501897736
9.295958579571211
8.63114246341231
8.000424403697279
7.375346561196603
6.782888130514412
6.302879233028742
5.825990329036022
5.414539156510003
10.846473255423344
10.952488874641086
11.030168352593464
11.095358228113353
11.102954669091515
11.094674284276385
10.76483834614937
10.028374763306246
9.270969269091903
8.505175891553494
7.775400593702823
7.183559637881784
6.5958176708253555
6.0889035370314675
10.938076802387297
10.10561891565211
9.245858470763261
8.42182968017913
7.752756201952825
6.515719979681869
12.419718265978036
12.637194608464393
12.684292245867622
12.653168823126045
12.002330395188569
11.098338115868554
10.127803622792209
9.18805496302243
8.423433864154083
7.6642476598172795
7.010040742118397
13.443298349240166
13.65609936362803
13.69729846215726
13.329805007419361
12.386104750897836
11.279797470064088
10.185495691795584
9.29051240830336
8.401635597000443
7.6361915831068075
6.908587721422496
14.266122386243527
14.46441912661014
14.508894601680659
14.341910971311139
13.482754833503096
12.277566102549471
11.048741401744282
10.036596380353267
9.030303541609552
8.164178911035506
7.341671444413259
15.337083331981454
15.37031453931416
15.337437350032735
15.207039036453985
14.703738887422064
14.272019707766482
13.427400772337748
12.04778532543487
10.896412038492699
9.74884274262492
8.76140975527757
7.824861944177918
15.998091838085742
16.175593362228195
16.174781144303633
15.900844764423756
14.641464492117422
13.117121866859973
11.814809067240315
10.510401133319133
9.387673705827714
8.324251289684497
17.150275160982364
17.153053111595423
17.11113804287266
16.881545995477516
16.739175108081145
16.18782573754323
15.455251902964617
14.53293962187577
13.034775207639154
11.514951041605059
10.204367027292598
8.96463558672794
17.96620553149854
17.956535226934193
17.851445776306576
17.575015113671324
17.179185634356884
16.56824593335851
15.941195478238415
14.26920202323018
12.52799894109562
11.018610403849056
9.592157574311097
5.236165766263542
5.185133696822758
6.191160614355265
6.238410654857261
6.056773339334189
7.162830593179303
7.117258387933756
8.158154358909488
7.8973067048459304
9.636540142207382
9.659244472663076
9.254343436120177
10.850274384512055
10.669958901121136
11.315324813528452
11.51764317630784
12.18359898684856
12.383184135765765
11.923999014642556
13.15545013307201
13.358399820382468
13.176689367267304
14.096576256414904
14.095510289864349
13.40290636855163
14.559796135384774
15.420554919367047
15.736827071987939
15.639229414943813
14.56801544881269
16.631721867949143
16.03335854660888
17.259354003258718
15.857940933198671
4.856502943798336
4.933011432135885
5.510568499370266
5.600105036402503
5.651698475363142
6.595850994253383
6.705399528450868
6.767110501705431
6.787017255566435
6.760403808184515
7.863085876789447
7.99371627871972
8.062343192885226
8.079955555079247
8.03846250191845
7.840062253143753
8.853156481699525
8.997414300420921
9.072569668315035
9.087375049878952
9.084362790401421
9.066262130126388
9.029727089356276
8.919558203031091
8.781118331393067
9.897399130549987
10.05908227984321
10.132229993037921
10.13668382657748
10.108567566457685
10.061684681027367
9.923061864476827
9.760545181912823
9.429213646564406
9.090009870518005
8.415511296389617
8.107264078109663
7.665254058587539
11.259701761700462
11.427769125623884
11.501424773242316
11.506938034137196
11.488307483099284
11.436158929377257
11.381488553285726
11.19783665930725
10.994838056144136
10.64133114188129
10.166206954443945
9.835804909773184
9.350001389762788
8.964825370739723
8.443306624473609
12.130715691894729
12.301968704450847
12.365700659159005
12.337788098257024
12.286374659849828
12.20577900497713
11.987507009834488
11.753737398859082
11.287892847744171
10.814059520539972
10.435815497534941
9.889051860924038
9.467562259876779
8.873876264227448
13.205788315419047
13.371487826183309
13.423980718915166
13.368387998512052
13.19725027586507
12.655662387444792
11.565485022063026
10.498242153376692
9.337799750294046
14.084870420567556
14.178665281124086
14.153183249132553
14.0211372187284
13.890615490257089
13.591701594214113
13.265733074327041
12.664809250200065
12.053201775447066
11.653908841709613
10.868854107291671
10.36965075460515
9.599969509350922
15.028998987479019
15.161128639069828
15.161059560799877
15.03624148524512
14.897630609167804
14.777418517727561
14.411151453186877
14.02811200527575
13.279338787845306
12.606828163605009
12.00507395910243
11.263154964761483
10.618601600650113
9.814863208466255
15.67319219112463
15.779273172643963
15.753249836606525
15.587464221490066
15.441478441143325
15.26218157909868
14.843297817169619
14.431255334098756
13.636540055325094
12.86147248098451
12.374070105192807
11.382587065917692
10.702867844836097
9.812484953366864
4.708005265598527
4.791303829026166
5.334597942331172
5.432112908053035
5.483782356333933
6.370508098746724
6.48926070312373
6.5497283715519234
6.508758666937422
7.57229564989902
7.715713982723749
7.763574477068219
7.781819468805975
7.715574230860527
8.511197805304079
8.663166116364987
8.70968586185402
8.733748009975299
8.71679461048517
8.640213901457225
8.433279641588289
8.176917626128398
9.4917493736513
9.661454752377695
9.707953910454636
9.728385504444693
9.696067579719148
9.601214832378403
9.34332294362366
9.041533548376853
8.399140617059958
7.6604131919797585
10.763756235155
10.94200688017266
10.991212677049926
10.999583240750413
10.940420052310651
10.813862744273475
10.535673648782636
10.111699377290364
9.33165118259089
8.437940955244528
11.571533250815273
11.745193278180245
11.787454629252084
11.7948412120816
11.7115979308228
11.560119390931389
11.183841086455123
10.756101435015557
9.869841835578407
12.560831745641547
12.728041101507726
12.75386807423506
12.447464224391531
11.503451282698846
10.47794952536918
9.332001100240873
13.363411368242929
13.425123399383475
13.447209244346826
13.426207765561726
13.279350926828863
13.050736376041842
12.548945452888391
11.98932128490552
10.848221818649732
9.59409038105772
14.198641534803166
14.327172510649412
14.324351163892064
14.286276485864269
14.083016001819736
13.802431093323253
13.163457131367924
12.541568976116174
11.556027025044813
11.242183190998604
9.809034190159936
14.756778244018127
14.855613645701217
14.836904135118745
14.76847216151947
14.514892305499988
14.201837981045058
13.516563990597987
12.795822830376471
11.361962557413229
9.806855023509492
