1.007890107420719
1.0101649636936514
0.940278714842541
0.8477771196153886
0.7526128613272067
0.6743170578301912
0.5966674913963715
0.5303446271567879
0.4401325556352832
0.3184128990226961
1.0913438107782996
1.1014575534294564
1.096957945362787
1.0729452146306657
0.9775682204248847
0.8660212216074636
0.7716976165588484
0.6776530676937941
0.5973744052376229
0.5216499273447925
0.45197138904997863
0.3966886242279182
0.2968307182842207
1.1656998084686936
1.1709540897570916
1.1728976913422084
1.169169702915254
1.1661483063468288
1.0933477164133436
0.9712393851666479
0.862377439493152
0.752583352999687
0.6587569804556006
0.5704247587181883
0.48941153095196277
0.4253626369592751
0.26066910286045036
1.2289981398308647
1.2345170063090958
1.2332218312236318
1.224982417772993
1.2156028541606465
1.1955005900864173
1.0776511578773147
0.9555836570635402
0.829538383193739
0.7213073226503092
0.619547436103656
0.5265272426161065
0.45327720894705154
0.3823421427868667
1.3055840624521173
1.3085110972819443
1.3075275341835433
1.2981976703841134
1.2931325440605759
1.2317899343539822
1.0992426972492528
0.9495757700159719
0.818432751934379
0.6949338704924448
0.5825242955246889
0.4945594951688687
0.4099943418995674
0.33939048504528757
1.3469122285866761
1.3483363906930486
1.3455893336793368
1.333815440826099
1.3271496946480958
1.3118156383317363
1.2048964835152494
1.041830495003976
0.8933889989540432
0.7526544156843633
0.6247728578674099
0.525152385390041
0.42992910777468185
0.3509268566553307
1.0988183083364393
0.9403380297815537
0.7887442537902314
0.6509804113626746
0.5439095995606802
0.3577216149114563
1.3799087779832857
1.3710234037809466
1.3490996664334889
1.3253651178673818
1.1625423244768736
0.9941009627039383
0.830201378437116
0.6809446602416299
0.565241585677148
0.45546622286505317
0.36524386016015364
1.3877639422816093
1.3759142176577597
1.349001828655732
1.2372646559237288
1.0607916724024582
0.8822031720361184
0.7184270671405533
0.5916989421126009
0.4720192327387391
0.3741758080942009
0.28552080910213984
1.3862748183686717
1.3732865683113213
1.3465740702596583
1.2825949559269576
1.114934887314352
0.925532914508358
0.749671996631395
0.6136179052111188
0.4855697127506657
0.3813828093256611
0.28754856694540065
1.3588474483890316
1.3358694653349272
1.3139697334752038
1.273563482095342
1.1720874998508628
1.1003220742362463
0.9735246444832174
0.7845702501459153
0.6379931602149648
0.5004672538900966
0.38913843853452157
0.2895245908717266
1.3562280931807098
1.3364587301409552
1.2967580783348494
1.224055625653754
1.0220567199127693
0.8206364620495777
0.6631784711547553
0.5157217097175744
0.39694756597996866
0.29137729150934105
1.2940246580194825
1.2700240557295184
1.250185747145885
1.1935463912910826
1.1669018730867482
1.0804386196854832
0.9804769859628312
0.8664401929486888
0.6953648686228872
0.5350655478277782
0.40664775549082044
0.2934198881065513
1.2399575071487856
1.21785709785254
1.182473856490867
1.1279658360953575
1.0664037339543833
0.9852160890246736
0.9097076340307003
0.7264997283827938
0.5536844989801974
0.415690748423061
0.2949637135166195
0.9815078957334344
0.9333646520985373
1.0681383382675378
1.0558828540439738
0.9728123770815963
1.1321764991892789
1.083138646911703
1.1755018829847539
1.0720830553676628
1.259336553402004
1.2158085731787662
1.0944521721001845
1.2836967459160458
1.1947313350182276
1.312790478652039
1.2494509419139692
1.324514121296797
1.2988615197693816
1.1555936467448358
1.329331519990211
1.301164700053735
1.2244089156847615
1.3120436640706505
1.2628885918603006
1.1091714898287535
1.1621690903146629
1.2970267581877086
1.26642381525883
1.2068224160822318
1.017813541731947
1.198819342105471
1.0719948434111402
1.111550569172131
0.9060287143426653
0.8904005988162471
0.8977362902517495
0.9461323567557891
0.9531419119689392
0.9522694782676481
1.0220919118114087
1.0279795652363033
1.0250740368534619
1.0132604640949168
0.9925352882598569
1.088538078027167
1.0920900308568076
1.0863606480431145
1.0704143262694068
1.0446351461028003
0.9796044227693115
1.1258635609606413
1.1272571158067668
1.1186979781558335
1.1082935281486765
1.1002485529707582
1.0871293732787706
1.0710393446963564
1.0349761152721095
0.9975432594686942
1.152286737448757
1.1507087050577316
1.1398109242239944
1.117277428584015
1.1021974829505676
1.0843820572138436
1.0437087420149331
1.0042978291392672
0.9321556234334822
0.8644684936552307
0.7383740967722867
0.6830812171497
0.6063214478609832
1.1675351825578502
1.1621931407726989
1.1466110324726932
1.1350427537250016
1.1194803929271318
1.0984923185586652
1.0818522284147178
1.0357426771948628
0.9927116228606164
0.9251105928880108
0.8414387319140177
0.7860245881256981
0.7078847375352695
0.647531202249052
0.5687354431140048
1.1653046534022544
1.156331490004425
1.1385266942242374
1.1093108737971364
1.090214817696701
1.0677397014304073
1.0187834348705738
0.9733880692611774
0.8923629157080991
0.8160640836208699
0.7581842898559956
0.67734348693796
0.6173782865083663
0.5353976546645349
1.148494942203659
1.135594662322564
1.113638258066167
1.0803916655664785
1.0351793611403217
0.9356690055614717
0.7728427445597702
0.6299659006505138
0.4859958409764092
1.1167613424736833
1.0876625489864187
1.0668286521751704
1.027263968123585
0.9995554701303121
0.9462689547005543
0.8950877280354519
0.8102073288280028
0.7297343691370034
0.6797450568983502
0.5853530969212654
0.52775743134187
0.4422831776956215
1.0701783351315313
1.0491172585463708
1.0204319280259961
0.9806545892206825
0.9520751503967442
0.9308539194831004
0.8749836132587437
0.8224115792094774
0.7304008817110117
0.6535512285660261
0.5885503831695101
0.5111103079464017
0.4470445173329578
0.370385873350092
1.0166791577430712
0.9926520662543636
0.9623113110850857
0.9203696328534914
0.8943570478724757
0.8656411122077202
0.8085114297287765
0.7583383790876366
0.669752629754767
0.5901792248875263
0.542155050195624
0.4493132984469465
0.38875013257276764
0.3133561784634835
0.8429342976699652
0.850089995638734
0.893486680135135
0.9001348422194744
0.8963862905718896
0.9614807283735168
0.9665029274827565
0.960212741990836
0.9211553212172939
1.0192907802142799
1.0217002996249611
1.0172052207369258
1.0111819414668157
0.9641995560928531
1.0505001518680932
1.0502718701218507
1.045381284220724
1.0368668945668422
1.012231208601062
0.9821725878498125
0.9241973339991707
0.8637083036624426
1.0709826729972292
1.0675219174231914
1.0608335145816816
1.0504831174314544
1.021344122498495
0.9890480546672992
0.9243628515454249
0.8602955754859981
0.7371141959231402
0.6060007464400676
1.07909555109766
1.0708826157415725
1.0596262727915537
1.0489387277258506
1.0143343681839811
0.9781356788585365
0.9170829789544014
0.837542528484385
0.7067306771516007
0.5684527877842811
1.0731013468801853
1.061902988379278
1.05096222242746
1.0360002851205168
0.9982614678315354
0.9594783160712593
0.8853505898448454
0.812406922541026
0.6762926626307145
1.0516776102314993
1.0358816677612053
1.0055164404728258
0.9228051711456566
0.7695270056508083
0.6290463069051667
0.48578899612646465
1.0168097556903017
1.0057108267004338
0.9921999548027212
0.971838411202873
0.9284371303914282
0.8833281793538098
0.8043428256698909
0.7267578012734761
0.584555869737785
0.442111364827573
0.968059354948985
0.9435286235702383
0.9229293815208718
0.9063143636424619
0.8594043368981944
0.8123433739087127
0.7256510837140903
0.6511168582819338
0.5431882735895376
0.51048924173063
0.37026764967652276
0.9146821870334911
0.8868799201062186
0.8670245747250311
0.8442492790036299
0.7950787822543119
0.7494472972816592
0.6655724014537049
0.5881390154522129
0.4488306039256584
0.3132768706049569
