2.0992082622699044
2.131364064452332
2.0802007146660646
1.9640624408181213
1.834227406361366
1.7233197727960146
1.6108588124471372
1.513137069858384
1.3784607063529914
1.1953987527501326
2.4016423229243506
2.4580094483401154
2.4722560492375267
2.463982727842262
2.3535920769085807
2.1970615092774914
2.0566053760480374
1.9121939494991955
1.7860949593471902
1.665021378216974
1.5523599961615737
1.462344337117327
1.2989614656578055
2.708874034279808
2.736505184226766
2.757143389665463
2.7768066083550607
2.7796276852339186
2.718456325952392
2.547822910880328
2.379584103785175
2.202512708368508
2.0467229991104525
1.896771691250828
1.757006723524482
1.6451467669573883
1.3531659213953866
3.0096674930094602
3.062364883039774
3.0729230832425873
3.0847170730441418
3.0836104811956946
3.069821662165681
2.9159067065367767
2.722767176588896
2.5103261015565024
2.320963705107581
2.1379853006838263
1.9671306043938555
1.8302051108215127
1.6955333464050133
3.4545864736880185
3.4880169248306157
3.5113797940763067
3.5301387948674696
3.531263848265131
3.476267308931596
3.272102332045361
3.006957606938328
2.760549589204844
2.51969541558014
2.2939383078197197
2.112724693562518
1.9343061003472666
1.7812537509481767
3.772894323611993
3.8067531137539654
3.830021363338495
3.845901210404131
3.84578738055508
3.8372576083209973
3.6925390311770885
3.4003501985123568
3.108847690460076
2.818804363006137
2.5455591743408044
2.3259478832819496
2.1097046677519558
1.9241366343431157
3.648155713211144
3.3302524104296034
3.0080458195362763
2.7029819442834833
2.4575416688824663
2.00855583274358
4.157025970155856
4.215708033960945
4.2187062691960495
4.198151647305937
3.9298632593696423
3.5866681055141196
3.227122106529575
2.883789746025465
2.607061047440098
2.3346476850501645
2.1010781181743328
4.383630175731973
4.436044097840324
4.4321734901053
4.267835915449031
3.9088084971666457
3.5041109211789556
3.110752427140049
2.7925047936301475
2.4792617494702567
2.2109909589678445
1.9568428735522838
4.551409704050055
4.595894972204315
4.590845251678383
4.506407892626113
4.173977660304314
3.736411750346433
3.300437075572445
2.9458193305747487
2.5966874719962214
2.2980275703742943
2.0155485133703075
4.750172587699488
4.742398284936213
4.718673254811769
4.6571793709555696
4.458556940223122
4.298936694199186
3.995988077404067
3.51299327011353
3.1161841814959477
2.7250768923225612
2.390954896025567
2.0756539293224803
4.851666733668003
4.87880692717789
4.847262506831235
4.723866266776364
4.26092336985669
3.7330851852277847
3.291610985318861
2.8552469372932854
2.48289708051805
2.132475359917997
4.995464030533697
4.973971563558839
4.9465522631744605
4.843241472346237
4.787093026839583
4.583697143092621
4.327158105149482
4.013638456993166
3.515406475608326
3.018910111384334
2.5954507401457914
2.19842459980501
5.05254144202179
5.027825641808793
4.969064904386126
4.853931551961768
4.706392583804114
4.492513278813662
4.280697910307103
3.732219868879085
3.1758761219840523
2.7005701923118552
2.2564917932528905
2.091754520086658
2.0653987578763613
2.4089372719907898
2.425557930055949
2.3422186932287916
2.71955955431799
2.6929561447669217
3.017663186605231
2.900400067496182
3.4356704713664223
3.4292064202467465
3.257023189503879
3.750454638628671
3.6593143921473867
3.8549293856275013
3.8883302027771665
4.062279966599486
4.107691732378406
3.904169435217618
4.272966515979902
4.312935642622058
4.219096766784807
4.461531242298852
4.4299526391412885
4.149770401640402
4.416126253972001
4.668860404010917
4.720122137519988
4.648884670986813
4.240547496642268
4.794010176553209
4.54242603336219
4.772505623613909
4.260184756233403
1.9255911865075976
1.9580642092412726
2.1433312908518234
2.1799626129110683
2.2003969501616774
2.487391408203485
2.5295865463226614
2.552024721689915
2.557199412253821
2.5434566690510927
2.862673042424353
2.909136775237998
2.9314606058918775
2.93360823537873
2.9124081800175556
2.827266475770505
3.135728479010463
3.1839748300447126
3.2057710147364786
3.20723364275555
3.2036590545066934
3.19353188159391
3.1764398589238523
3.128740716026031
3.071567312267139
3.4038667704106125
3.4535768067984973
3.4720831958418206
3.464442577940836
3.449864382424868
3.4283016510523487
3.3691598591286787
3.303554263797517
3.173059607949216
3.042216573874542
2.785847508135844
2.669951908695682
2.504740091435625
3.7212749426805027
3.767035193848985
3.780116992556403
3.775768769268128
3.7625545798870026
3.7370421065483517
3.712955780191091
3.637042377662764
3.5572468418481566
3.422020796568118
3.244084235096352
3.121798695314256
2.9437847313845746
2.8033789711105785
2.614591234393354
3.902322125104464
3.9437219106331307
3.9506660305159564
3.9258099825144837
3.900680275258957
3.8655751772668614
3.7773855076576957
3.6871165154688006
3.5129439448399635
3.3394584585154368
3.202489197711809
3.0062845230652675
2.8561229329311173
2.645707330547156
4.097431727095326
4.130504656645153
4.128537270164857
4.09074117323047
4.015314002266705
3.8076062104496433
3.415411003445834
3.0418988517664927
2.642121354557589
4.232334027542009
4.231390500083362
4.208414062318059
4.144952863614773
4.091009285510815
3.976118795769212
3.8566066107943175
3.6430981517642853
3.4303185345490053
3.2931568540816705
3.0258205056383
2.85722442582688
2.5989374904530114
4.325202308278283
4.333647338676965
4.305783000206638
4.2391818332266515
4.180910775387447
4.133550784158841
3.9980050634095834
3.861981128516398
3.6056111587806265
3.380594531852221
3.1818908048960886
2.9393326739179217
2.72984789679021
2.4707809394142077
4.350096165281377
4.345308139201918
4.306104729849444
4.224860576231642
4.1652166491722635
4.096412480237894
3.945994868772662
3.8042881201429726
3.539688284241988
3.28775899533202
3.1316786202344487
2.8165750099144597
2.602992374606287
2.325600701743083
1.8601468735160815
1.8953630679490199
2.0672539477169725
2.106923575078792
2.1270832964263144
2.392857019119017
2.438140922473408
2.459554470788221
2.4374370753079764
2.7447100012155397
2.795367913960272
2.8107982530430236
2.81544867945428
2.7806453988113655
3.0003470922391844
3.050204228689036
3.0639277269810052
3.0691358439743808
3.0556068994097925
3.020989444537894
2.9348968822542427
2.8323448338879147
3.247688192865507
3.2987844857965904
3.3105829007992558
3.312751870471212
3.2909292511934294
3.248930188721595
3.143889339391121
3.025899483486548
2.780435971257797
2.5031751025298967
3.5365906748069005
3.583257580908074
3.591548699309126
3.588415269591661
3.5537152351244705
3.499009390917794
3.388355301267536
3.226935603288698
2.938141428248287
2.6129888521820708
3.698913453143751
3.7391388630744213
3.7440760730666485
3.7371030656162163
3.691798619581112
3.627487075616956
3.481311191424802
3.32206573989657
3.0006739579927686
3.8695685850354837
3.9000307042020443
3.8844128288047433
3.7472239084825345
3.3979758295722053
3.036386549672536
2.6406164007519415
3.982777395251783
3.9883580753923127
3.9824008528012027
3.9602223363572557
3.8890822573606405
3.7973064217992
3.611707936637572
3.413335079834571
3.020555544462
2.5975192850405273
4.048690420068328
4.051921117584917
4.030559114409831
4.005379708060806
3.9135051691968155
3.8046164329998335
3.576868931702509
3.3647807818102624
3.0372416397988924
2.934519242654721
2.469545190776966
4.055113559754501
4.042768017855334
4.015894134853938
3.9754302528522367
3.866784721716197
3.7497675234027894
3.5119794582680974
3.2730455090189805
2.812262831880081
2.3245403529110877
