2.4956117542247336
2.539939205417861
2.508316239948387
2.3979818928150536
2.2702222142136215
2.159747887551626
2.047109017355388
1.9488549920232976
1.8133766974739163
1.6304480997279598
2.915245627203953
2.991388923793717
3.0154333651808463
3.0194161868834515
2.921481401471133
2.7671610018053237
2.6254305079394356
2.4783754907565525
2.349250142497692
2.225048038367241
2.1096194322559527
2.0176761129136978
1.8523548745735923
3.354384671679162
3.3923677169015143
3.422241380571355
3.4549778059608762
3.4615648520850155
3.4241244324863023
3.258512395484886
3.0872747142504116
2.904306136803483
2.742027995513768
2.5853355781222063
2.439325276350493
2.322733765131873
2.0225100397833526
3.8021071710442027
3.8800291332536716
3.8977087897727967
3.923349166752799
3.9296359540722072
3.9252724448103677
3.7852097218193648
3.588301257811992
3.365866759319703
3.1651982439019317
2.970299390487163
2.7881118216726337
2.6422729832073784
2.499262489837305
4.499638714307123
4.551754607965146
4.591210727187891
4.631599630357397
4.63866320878162
4.610645141365441
4.410611545082853
4.129503260774211
3.8618860439793514
3.597705165720261
3.3490765247276935
3.1492702081194524
2.952661728863952
2.7846520536202615
5.029597696991452
5.085840826569081
5.12880096795378
5.169381503903897
5.1767444077436915
5.179857749534773
5.05691886268372
4.7490819027929465
4.427657582756165
4.102655854891112
3.7942534587079044
3.545539879830416
3.30024826866533
3.090019071088899
5.145549902323306
4.7927849020880835
4.427255763635826
4.077759854316904
3.795145020024815
3.2764790669569166
5.712855624127816
5.830053975909274
5.864962771627324
5.860236121783961
5.602105388700585
5.220460336347187
4.807358109678794
4.407455449989701
4.082808036401903
3.76169062049456
3.485671507190949
6.147400825904557
6.261414064230406
6.294467278923653
6.159114401538466
5.764607167746613
5.293730487665176
4.826570224322152
4.444667248399961
4.066070839630054
3.740170260489702
3.4310616004265664
6.489604942885705
6.59441006487269
6.627987092312618
6.572180294927104
6.218195494110435
5.706029615238821
5.1806010714964765
4.7473165131540425
4.316750412134823
3.9457265577091896
3.5935373516221967
6.946592591185001
6.971835964256875
6.964457424704912
6.916614271452294
6.711389494705767
6.529905596232955
6.171040517538393
5.580693034453812
5.086562649747888
4.593702952454069
4.168483325601142
3.764543694442708
7.180606491904416
7.272314815861123
7.285217437569766
7.179367674348187
6.650116823895008
5.998031440845347
5.438321120177735
4.876659496341656
4.3913600092481655
3.930337134542699
7.630904727930224
7.637759008640558
7.623453116928939
7.531776674265982
7.473317942574221
7.240663878492021
6.929041577487781
6.533854365905976
5.889715170369398
5.234405562563974
4.666447799461965
4.127394552705167
7.902950447397602
7.9022191013437135
7.860564178074006
7.744573532668082
7.576949912953305
7.316265719663408
7.0477269497824535
6.328898112184045
5.578548830307725
4.924484204843788
4.303819171635339
2.5001254968885775
2.491189720159865
2.941098492130955
2.973972238450065
2.9077914418136976
3.395461712579209
3.392800195332165
3.8598679346593494
3.765369283640505
4.51428413096986
4.548610155971545
4.390309943219829
5.062626025700049
5.011197230698865
5.234983107125027
5.373799306468585
5.615762383456544
5.732382626067056
5.564790668100692
6.0271971594411475
6.143860945081083
6.08712466332181
6.436619482966506
6.457600476586733
6.180897457987709
6.64508924509638
6.924987026399331
7.086683514194634
7.060646655404551
6.616692957932418
7.415461928517908
7.171880324853942
7.607017204291585
7.011547174603274
2.316122250219789
2.3582900104779134
2.62122619153707
2.6705011892972537
2.701229880086465
3.1238309088636833
3.1840820746930443
3.220986837196397
3.2384377636213975
3.2340103324101066
3.7042751913944008
3.775966299380453
3.817556314763612
3.8360263649185984
3.826620580526759
3.7515469168800744
4.151814406738192
4.230805777726269
4.276728330168742
4.290512050305311
4.293244160318125
4.2904887188279845
4.279356948398148
4.238853639810521
4.184064005862855
4.616949477260562
4.705145523156813
4.750607053486027
4.765187366868881
4.758432389402367
4.743055148322342
4.690939814600519
4.625976384777744
4.489590596979235
4.3475698236628775
4.063460278701145
3.9336165657413495
3.747516260640813
5.211049366092909
5.302019116683747
5.348452404960043
5.357375082704421
5.355881387086433
5.339907072012013
5.320354030168773
5.249298178011238
5.166956137059838
5.020247330482035
4.820566674320273
4.680941930945958
4.47512036478456
4.31196419660234
4.090836215664005
5.581088326809705
5.673177976885605
5.714796778846511
5.715093391956946
5.698524640540251
5.6688900293976925
5.582434593863115
5.486700055673379
5.292113449855662
5.0921158170790735
4.93146542349212
4.699131571382711
4.5195063055282745
4.266678761007961
6.022905351579746
6.110688296662069
6.146607260815691
6.133768603638493
6.069411642434198
5.847417876736727
5.386275171125724
4.930330289959748
4.433393060696951
6.380208072310041
6.436519575440971
6.43229255646126
6.384258538292844
6.331855892243269
6.208876388634836
6.072515715214687
5.817601725294662
5.556629207435486
5.3855086412503255
5.048427646491916
4.833696755654707
4.50227287685761
6.711206711946373
6.777236052786036
6.7844372630385035
6.737050699999773
6.680684051469588
6.630665567517275
6.476483413244044
6.3137679545098875
5.993356780567092
5.7044981747539545
5.445190698887937
5.125193192992687
4.846118956548697
4.497731502217299
6.917612486615171
6.967897792686409
6.9601908971671085
6.891588686096446
6.830055779721803
6.75389729453312
6.575181438675509
6.398353888062282
6.056617908886285
5.722251775908919
5.512254285461405
5.082571813512658
4.787583462934513
4.399958676954229
2.250437641269068
2.296789823899459
2.543802606851284
2.5980284855335607
2.630536467680964
3.025346648886656
3.091343367393955
3.129754892243569
3.127566598256661
3.57776533680662
3.657492740328276
3.686980677236096
3.700582120219866
3.69015125384238
4.003961278690448
4.0882406158272895
4.11676529099355
4.134998959545622
4.139738824186685
4.115031421596749
4.035153715305946
3.9306650784808643
4.442028986920036
4.535817717456109
4.564882389936003
4.5818519033397065
4.580898147025016
4.5485662554155155
4.447687191567613
4.323820349918538
4.055366118780726
3.745093234783545
4.99771588193671
5.095686799337538
5.1277426768224155
5.138093231601415
5.1261719004833015
5.080212667013985
4.969434700316012
4.794233466767805
4.466178936561777
4.0881916441145725
5.341033608285515
5.43576497761784
5.463138501232058
5.474850923307684
5.451869607225667
5.394902794190915
5.2426053684091904
5.064437802963928
4.6898858850900975
5.746637700302845
5.836676863233581
5.863395660061043
5.750373346942987
5.357197819868999
4.9207616286172255
4.430637653385661
6.071344209566146
6.105793464630875
6.121693155325614
6.1192799338737105
6.065740132468484
5.973881149653785
5.7643490033880616
5.527213409073727
5.038890936729543
4.499543209964793
6.355869451925547
6.421268763729185
6.425359375660747
6.411913513616049
6.330316109914396
6.213249932552892
5.941772253615127
5.675442538014042
5.251275763627477
5.1158672953421975
4.495147544302374
6.526523527686802
6.573329590903951
6.567271693879945
6.539415039258224
6.432656626819383
6.29891020086649
6.004733605399492
5.693938087057183
5.073739292613595
4.397576865519216
