0.6947632923481899
0.6943828048728201
0.6402331203760311
0.5720872867626084
0.5028568551579227
0.44629961198964696
0.390499399168775
0.34306353675687423
0.2788472650219334
0.19277979875712126
0.7446917125076239
0.749299858603048
0.7447097637217368
0.7256435172323926
0.6550248440631191
0.5743575783722386
0.5068006709392229
0.43986145803325116
0.3830314464373234
0.32968953456589073
0.28081156553598907
0.24218540940125013
0.17286622895220002
0.787367022761462
0.7899428808731334
0.7902634840951903
0.7860673561292945
0.7834575807028454
0.7283889500559919
0.6402403839867223
0.5627897537113218
0.48526725488001654
0.4194208823298342
0.35778246209352166
0.3015335678182866
0.2572840517796979
0.1446446116452967
0.8220958230759624
0.8235356917780128
0.821905798928947
0.814651056670812
0.8072149828160057
0.7919296340009816
0.7064993429063822
0.6200506808909556
0.5316685477549321
0.45635550620960424
0.3859806137443982
0.3220223635082622
0.2719519263540324
0.22376306841529298
0.8609264328868542
0.8615176959230462
0.8595442843148628
0.8512287386928631
0.8471753044013212
0.8016659156031279
0.7078069486413546
0.603757638786248
0.5135032132438166
0.42915329687849463
0.3529156946732526
0.2936804698328718
0.2371640285405001
0.19037425045498793
0.8788585636668489
0.8783497417566509
0.875093033248261
0.8651132149314001
0.8599370831231449
0.8483809126621609
0.7719409772264261
0.6589283524012302
0.55748725756701
0.46216621822196213
0.37631000460179165
0.3098503708468908
0.24692265422182016
0.1952287323971163
0.6929189947842861
0.5849824051891085
0.4827967064409254
0.3907369948587871
0.3198101882950913
0.19813369588171853
0.8882852884787121
0.8788140679710248
0.8617769210351105
0.8443896104059812
0.730829396211101
0.6164329598379559
0.5064863518947739
0.4073195228509007
0.3311453800375649
0.25957007229654633
0.20137648958940202
0.8853666864023789
0.8740899663704765
0.8536571139637427
0.7751063117611755
0.655377314704256
0.5362061852605364
0.42808019262191294
0.3452595950709619
0.2678534578457435
0.20533342101410845
0.1494444753689891
0.8779268452494323
0.8662389852706324
0.8461215918165139
0.8008868122246096
0.6869257350618065
0.5609141134510066
0.4453945874588031
0.35695609750940377
0.27467127213046916
0.20855043867172843
0.14983829685010353
0.8499029135324282
0.8328447997651927
0.81720452784849
0.7890600418180321
0.7201093929925951
0.6721444549005234
0.5882564172791513
0.46471999894497795
0.3700138023466727
0.2821794068858974
0.21202459711174754
0.1501802880857566
0.8446557659926973
0.8287884233178923
0.8001470335677953
0.7501527362849901
0.6158641402696327
0.4846981710958458
0.3835007268815984
0.2898939339391342
0.2155543095401946
0.15050321081581466
0.793451104747805
0.7763515534925344
0.7625296001419462
0.7240019516067085
0.706163949305621
0.6489744215572633
0.5836775103337348
0.5100250239368156
0.4007278392666707
0.2996943576306545
0.21993909918009524
0.15077322180436725
0.751827964731597
0.7363235377402099
0.7121752290564259
0.6760685217002836
0.6352079660998143
0.5825469023528772
0.5338720307420101
0.4173410119091077
0.3090647297306105
0.2239669847567982
0.15080487205793583
0.6734066331802613
0.6355318467535565
0.7251974530899292
0.714146417315523
0.6518577065957358
0.759565709695938
0.721641759717986
0.778811260447053
0.7028945549977116
0.8253251629072978
0.7914163219964994
0.7047765014523756
0.8304946127388526
0.7655502774587913
0.849070405863966
0.7984644164765361
0.8495645984833501
0.8278447107264016
0.7265650555523233
0.8451300556966214
0.8219476946853068
0.7672482180778818
0.8249369154121307
0.7888884517420499
0.6834780530668525
0.7141927881492011
0.8067847339805413
0.7819397368572265
0.7398992284489545
0.6133969336326232
0.7295447142804383
0.6440768091082915
0.6662253356112593
0.5318029233832178
0.6095216148169167
0.6133748439227309
0.642035349093366
0.6454298589662177
0.6434376194894529
0.6843564757350076
0.6866494856758081
0.6830342862423137
0.6732763559668393
0.6574689063368122
0.7184072799902709
0.7187819077551373
0.7130923956238943
0.7004065544589713
0.6811330054216833
0.6342625123324255
0.7351428653977258
0.7338956400416371
0.7261105576646933
0.7179088342801632
0.7117930170775305
0.7020357050495093
0.6902841895313407
0.6644324712997943
0.6379859683584508
0.7441549119694894
0.7406542868178897
0.7313682177742299
0.7142713812477184
0.7032634768960754
0.6904623165572606
0.6617139149857699
0.6342195770765815
0.5844292358636638
0.5381491272828376
0.45264760101081786
0.41537957033068507
0.3639339416144904
0.7432291053136428
0.7372034080146557
0.7247326282612525
0.716076827703281
0.7047267233728235
0.6897550549852568
0.6780508021510707
0.6460120269353888
0.616507356699223
0.570606242534198
0.5142884794987521
0.4772205521632977
0.4252564624345144
0.3853076358676924
0.33347100911782435
0.7347960153366694
0.726315660643593
0.7125210145338635
0.691347860545209
0.6778633874514521
0.6621831605026401
0.6286264518832002
0.5978412356171813
0.5434510164175047
0.4926643199157736
0.4544057571918755
0.4012366966109258
0.3620481740501691
0.30876819937675115
0.7152658247240422
0.7043200821474253
0.6878576534504838
0.6643130345966105
0.6331877222878861
0.5662967438517753
0.45899027688109206
0.3662469388380696
0.2739253067127951
0.6870294123328806
0.665337783556927
0.6506199363243048
0.6233869860794933
0.604657542065405
0.5690602712905948
0.5352103641466591
0.4796990849861568
0.427507098728736
0.395308184719859
0.33489158269460817
0.2983042332760269
0.24440251364239815
0.6497666563967983
0.6339187886050995
0.6136850382422981
0.5865474013890146
0.567235996686085
0.5532398914767135
0.5167095983900037
0.4826485533045
0.4234104942780484
0.3745313136048754
0.33340418061758376
0.2848729023613661
0.24493862119202459
0.19765711233525732
0.6097951935685787
0.592360770027329
0.5713458609322963
0.5435438225975745
0.5258290322006431
0.5073057714130362
0.4703214988168588
0.4382010523274827
0.3819762190929162
0.332035260067073
0.30203853792609864
0.2446275320881006
0.20755948830157825
0.16186685376842075
0.5748157262686231
0.5783659974088212
0.6038809477109586
0.6068253704117375
0.6025498351537469
0.6410223383399313
0.642492904080552
0.6362676393865292
0.606342406241314
0.6696457389786475
0.6689715714724658
0.6646266144228417
0.6596393181139516
0.6244536323449675
0.6825736256240867
0.6800119721279341
0.6755399872511518
0.6686559523480043
0.6501088965057736
0.6283541830547974
0.587345224181342
0.5452020716709478
0.6880743087940348
0.6831126637577566
0.6774219323264965
0.6693397043612238
0.6478560091730569
0.6248195802555795
0.5796731095917028
0.5356278695188679
0.45190363235897896
0.3637509102498208
0.6830757165158959
0.6748881242164819
0.6659675157725274
0.6579541642743142
0.6330235025144247
0.607715782317578
0.5657764472769301
0.5119918739848324
0.4245943060136061
0.33331550836281293
0.6726591031906582
0.6626097602060022
0.6541388988635588
0.6430629265418781
0.6163473701502559
0.5895716615499709
0.5393326612264696
0.49054452410220867
0.4006460371109022
0.6507258670539717
0.6377877114667929
0.6156308229066011
0.5587941273539588
0.4571113804211009
0.3657445931035892
0.273819159835817
0.6211189857935359
0.6126925010147204
0.6028290730369745
0.5884828208554944
0.5587391503536483
0.5284649217305615
0.47638311936776984
0.42585268475757654
0.33446709002425484
0.24431794146822955
0.5833313113077186
0.5651584474738148
0.5506993712387834
0.5393585779633286
0.5079047280417978
0.4769451464908116
0.42080285253408833
0.3732215192632172
0.30496582279773843
0.2845569354555717
0.19760393758508385
0.5441776043503034
0.5242942829911507
0.5106499931464132
0.4953197057799136
0.4628768011773483
0.4333249259175667
0.37973356646497014
0.33096857435802574
0.24439322166874133
0.16183540947581576
