1.0024387923838318
1.028698463409431
1.0272085755295908
0.984597957845159
0.9320139716192519
0.8852513286400415
0.8362254384005943
0.7923880563943243
0.7298269576479468
0.6402822878599778
1.0970799676379868
1.135029125504384
1.1483359921037521
1.1550464385702157
1.1226148634495796
1.063933180223207
1.0080784776843026
0.9484272323708305
0.8947210811575065
0.8416275590668262
0.7906400849375337
0.7487127525686265
0.6698303827993217
1.1978421131389794
1.2146718633426645
1.2282146801032177
1.243845768433202
1.2472776768363418
1.2407748975389645
1.1825534170876653
1.1193946816337994
1.0498455959522728
0.9865724948909982
0.9237557752456033
0.8632899298153902
0.8134077029815311
0.6764909460178569
1.2890652386173598
1.3204722523823256
1.3278310321079538
1.3391870665640115
1.3429538118909725
1.343066127122447
1.298390869163014
1.230475323845745
1.1512559757874952
1.0779939142992672
1.0048400153462156
0.9342128938172688
0.8758222801242828
0.8167777865944632
1.4143792078742081
1.4321349060369455
1.4456814787427117
1.4601775117204339
1.4629346426138718
1.4566889529385916
1.39440261158237
1.3035866448583233
1.2151017355438427
1.125413860834573
1.0384692627553072
0.9661578042137869
0.8930385901063176
0.8286432270326858
1.4968016550083976
1.5142767330871625
1.5276046559752852
1.540208853245235
1.5426849112378465
1.5440452032469747
1.5082596986656405
1.4154609675211196
1.3166444211955532
1.214325517587557
1.1141496570820248
1.0309722695646324
0.9467433803134657
0.8724588725809972
1.4821253968576384
1.378257400818801
1.2681897403114435
1.159892277210941
1.0697540500485203
0.8979211381268459
1.5884174001342273
1.6194137707059226
1.6283054286569563
1.626737111924782
1.5541752611248543
1.4469291731941312
1.328614951503675
1.2109543208199578
1.1127666445787094
1.0132840851544818
0.9255397382772187
1.6379602655347192
1.6654576769780463
1.6724248725458974
1.6344596444311976
1.5291290563516824
1.4020658010599027
1.2729502285875411
1.1646485328073188
1.0548424361350746
0.9580235565797968
0.8636750133186605
1.6721369226654454
1.6954411841601984
1.7014347885287346
1.684784335479452
1.5931660156970324
1.4611990213080215
1.3230454499718287
1.2063620065582394
1.0879191079269686
0.9835172427889468
0.8818851783006021
1.722008485775649
1.7256870839672696
1.7227010504581828
1.709464070494227
1.6575827281683853
1.6128338126378081
1.5245901824892647
1.377328793920099
1.251446269038717
1.1233648952700668
1.0104681879677253
0.9005422449701098
1.7243632486781102
1.7409494454620826
1.7395288386783962
1.7117112968117814
1.5863079637715864
1.4315497470668417
1.2965469897838484
1.158557240441208
1.0368992918413826
0.9188088167357613
1.7517630988688246
1.7502043073820883
1.7455077687654392
1.7221189491209024
1.7083961548207367
1.655690705110503
1.585732203393425
1.4975583513589694
1.3520713385187715
1.2016416744418654
1.068826898774141
0.9400960648156769
1.7479999359194198
1.7448686212441433
1.7332460123091837
1.7064867492794162
1.6693637268924708
1.6136254962141137
1.5566667689569702
1.4035675823424836
1.2416713805437125
1.098047591800264
0.9590378237190654
1.0132794819860365
1.0193354723168986
1.1168459464165679
1.1359226999273062
1.1169468463549832
1.2234180695405918
1.2287743456150007
1.3198574059362473
1.2914652481811812
1.4236769248799834
1.4372882687783244
1.3881539571653612
1.5102530120302353
1.4952471867474175
1.511040137641658
1.549743370537227
1.5637821824376972
1.5937675644967089
1.5447147528433405
1.6087156421973379
1.6355742072410986
1.617284457669211
1.657693182707923
1.6587645245283993
1.584824106679701
1.6434823594446077
1.6709461661762524
1.6991478541236598
1.6877035158074023
1.5794157960537474
1.7030362620167003
1.6427872672756003
1.682049022525637
1.550335505453454
0.931257611577706
0.9537295482851588
1.0078621611459153
1.0318904435912828
1.047574235987977
1.1213219213192236
1.1471046730107413
1.163161579909476
1.17161602261181
1.171771221267122
1.2354674438232065
1.2618158188411897
1.2772714761433188
1.2845909512279827
1.2820134769841898
1.2568641882347522
1.312362990286296
1.3382618670624986
1.3531337425940704
1.3576962295799249
1.3586005548889089
1.3576210250485945
1.3540601202921552
1.3408189549987923
1.3229535189471575
1.3826138439316888
1.4082397401621023
1.42112836647938
1.4246196794944144
1.4223276486791006
1.417243428918128
1.4003091417083093
1.380124042074451
1.3372658569351268
1.292773671422556
1.2021675770382827
1.1599487504059705
1.0987416059638466
1.458938955102025
1.4818232475592878
1.4921004487893539
1.4934583102082701
1.4919651616247331
1.4866328216711828
1.4806194129717574
1.4588516948981693
1.4346697166799285
1.3918905272074986
1.3335702605443238
1.2924767847984922
1.231677032775236
1.1825590933134016
1.1154981674737
1.4984942986889502
1.5189341456624645
1.527180660149142
1.5244127017546625
1.5185930478665668
1.5096084753545165
1.4847813691039278
1.4576979854837715
1.4036042676845633
1.3478800665454294
1.303107637640443
1.237522415064145
1.1865446153008072
1.1136385666905086
1.536524243192752
1.5529966262145989
1.5579072471876407
1.5512506296793804
1.532037440696919
1.4727491788621963
1.3523802561227802
1.2322999987629508
1.099132937157954
1.5637687107337295
1.570696573103092
1.5667677778223221
1.5518477439717606
1.537682834747873
1.5059073262969909
1.4714732239152957
1.4082836800952787
1.34325937861174
1.3007506329192806
1.2162319158707118
1.161883279921198
1.0772575968661249
1.5651288712622327
1.572794174985902
1.5694285640249068
1.5542080944016643
1.539562634164809
1.5270619874303852
1.4903922865558472
1.4519739286747029
1.3780711847893634
1.3113903932199218
1.2516076712241095
1.1769246788851735
1.1113497436663868
1.0287587969692449
1.5574058796509747
1.5608403575343697
1.5539886016983848
1.5350557775575773
1.5200422661359319
1.5019533098123123
1.461508706438475
1.422454144559467
1.347423930642768
1.2744287538933274
1.2283500758031203
1.1333971047782152
1.0676768959688363
0.9809716345478612
0.9068158511379161
0.9310984961716319
0.9801386514402347
1.0060350926340411
1.0226683652073145
1.0882524623766103
1.115551115239009
1.132229681047235
1.133791197232073
1.195830338248
1.2242400098567152
1.2347824153465634
1.2396351549563787
1.236445884340973
1.2682886754040972
1.295119890932772
1.303969865010366
1.3096632208079007
1.3104717177059724
1.3019365188124719
1.2747199954745618
1.2394195066442595
1.333257675421517
1.359618451556736
1.367614163027027
1.371804453342514
1.3694886550386856
1.3585636039015212
1.3257216346803526
1.2863011656242156
1.2000145860887355
1.0981184761366083
1.4026962943456063
1.4259654504188748
1.4329781311038883
1.4346310073637218
1.4279908077846637
1.413055749626304
1.3793514438867012
1.3271582480497026
1.2295556479247938
1.1148936699535856
1.4382545412872727
1.4582722628545257
1.4630178649225831
1.4639316882775726
1.4542407813098932
1.4363583595531793
1.3922270366657954
1.3415970420361683
1.2354808079669504
1.470561247533437
1.4866716843695897
1.4875186293461504
1.4520376622236906
1.3463239786942225
1.2303645129068177
1.0985986632354974
1.492935077586383
1.4976261657546333
1.4984013071385314
1.4945529505236703
1.4770498513531454
1.4517158520616298
1.3977390771756395
1.3375110090396092
1.2144236023594464
1.0767624832292142
1.4890686251349674
1.4952612255213997
1.4920366916991792
1.4864549827115108
1.46341915442744
1.4335457087104757
1.3687266403773635
1.3061947859814733
1.206952908284056
1.175307582576074
1.0283317646633026
1.4775164631032367
1.4791712156862877
1.4740156845707373
1.4645008601184124
1.436768653509481
1.405287908674428
1.3386005384253659
1.26965968950254
1.1319556072188472
0.9806017332896326
