7.485182187950341348e-02 8.387465605370451271e+00 4.163242554931505524e+00 1.470202013121199869e+01
7.784863474675812745e-02 7.058531953344684418e+00 6.289404709243622271e+00 1.547382814042044430e+01
7.912656986876093201e-02 8.672701539139490379e+00 4.343010671047337290e+00 1.428132421949393738e+01
7.742535025358081302e-02 8.070147445744858317e+00 4.559816634111426126e+00 1.465460243241289184e+01
8.269593474849214199e-02 6.662327742821854137e+00 6.811545455018724660e+00 1.519191965021878232e+01
7.852871425460107579e-02 6.845162036905215075e+00 4.749611478060463021e+00 1.488310136469641698e+01
7.028515989776354389e-02 9.200861333037840595e+00 4.608608062251295934e+00 1.522573246802703650e+01
7.743413825421099905e-02 7.017813852708280287e+00 5.270492937513090226e+00 1.522437395114965675e+01
7.915113271561033392e-02 7.159561039581767261e+00 4.551687672457314093e+00 1.470741547753667433e+01
7.104293983436001103e-02 9.815971615712813403e+00 6.012117032143532214e+00 1.546964213785885711e+01
7.524303274505382555e-02 7.821548622320574573e+00 6.528782814200186024e+00 1.562210622139536476e+01
7.077918101851347898e-02 9.575438560947615585e+00 5.566932037676934009e+00 1.545435670046035703e+01
6.968902089988208981e-02 9.880389864691528246e+00 6.230734409354322878e+00 1.564203476597661080e+01
8.161038539209036768e-02 6.013094505485335972e+00 6.711943753099467003e+00 1.554008696935535028e+01
6.982669046598041773e-02 1.018727092219337749e+01 6.020294073753749586e+00 1.557279588385966740e+01
7.735990183976257373e-02 6.488024496007246178e+00 5.155055796904874477e+00 1.541752184535751447e+01
7.367388730998364332e-02 8.597891726551319280e+00 4.454979728411247564e+00 1.487433520046835156e+01
7.245762362722123207e-02 8.547202685938461997e+00 5.331111284216243362e+00 1.533338320497441920e+01
7.378062700196309776e-02 7.544884129713533838e+00 5.371844766747958744e+00 1.551922312228765222e+01
7.548820446021542452e-02 8.893004276078086079e+00 5.523813937229133941e+00 1.493455956104117455e+01
7.615800449515490456e-02 7.867271411656661328e+00 5.536123929800025323e+00 1.517677573166028537e+01
8.048483886215077043e-02 5.764945989228602130e+00 5.423230962319946613e+00 1.541793181884064445e+01
7.162043564591602518e-02 8.113258147763598771e+00 4.810622266459631646e+00 1.545903123712991345e+01
7.123022922798120937e-02 1.100770306368865192e+01 5.547164694003293484e+00 1.498716435337068020e+01
8.221979098363114968e-02 5.276570145041757698e+00 6.613651983092947440e+00 1.588731738246368685e+01
7.595462986739909272e-02 7.597891767618496495e+00 5.154838615602570506e+00 1.515093013680002265e+01
6.434907369586607973e-02 1.714469871831839498e+01 1.240568638098780241e+01 1.654562744999401502e+01
8.112297734772593027e-02 7.162295825505083258e+00 5.481503814345525250e+00 1.482906926927348579e+01
7.925252516929047475e-02 6.954609730908555498e+00 6.549749902320203709e+00 1.543436311144544781e+01
7.248897848723440118e-02 9.895102398984851888e+00 4.853860667676252127e+00 1.493826706449004327e+01
8.163509950702874107e-02 6.584351402044095636e+00 5.638603566045192750e+00 1.501190763001165251e+01
7.228475280146852422e-02 8.668890708560514469e+00 5.888828132828251682e+00 1.555512414499752083e+01
7.577620483283142860e-02 7.366306373223155290e+00 7.343431107470850705e+00 1.589012732956655327e+01
8.201437073640537034e-02 6.241575643840239884e+00 4.844713796311244991e+00 1.486515201681919507e+01
8.071115206496146111e-02 6.115796567329208955e+00 7.537614047495667435e+00 1.583580095516011887e+01
7.666873886195346710e-02 8.161888308528764568e+00 5.934456859549793073e+00 1.515139251286516142e+01
6.917965156213000399e-02 9.821151277519682310e+00 5.670228070571100787e+00 1.559136818142787817e+01
8.062547029847288993e-02 6.280277315608643995e+00 4.967901217567214367e+00 1.503313552374825157e+01
7.531976407336886392e-02 7.460631423264015183e+00 5.285532959190625490e+00 1.532474450428055057e+01
7.801478935740820131e-02 7.577130071328030070e+00 5.498742785242515474e+00 1.504261247555819558e+01
7.301824616887758745e-02 7.597016367451601582e+00 6.071856656139200226e+00 1.582022128029398189e+01
7.125180884492747502e-02 9.260610537577155910e+00 5.063727342528005160e+00 1.529945193372957313e+01
7.795750954028533852e-02 7.909521161074494877e+00 4.828035261682173562e+00 1.473101555373728111e+01
7.539707044921488410e-02 8.384534964048812711e+00 5.049318042254443917e+00 1.494833508634525820e+01
7.266023718812007759e-02 9.105288406250515720e+00 5.025310878988809904e+00 1.510775732915460523e+01
7.672673861799182704e-02 8.414243229136774360e+00 6.731865185011026931e+00 1.528980505915005317e+01
6.922561850932763827e-02 9.463103221182327829e+00 5.697951801529077542e+00 1.565817668206045887e+01
7.948170046408033207e-02 7.532755093360033349e+00 4.395764630416322483e+00 1.452064795077865789e+01
7.454447367341945907e-02 8.474449568955510159e+00 5.384382148079572161e+00 1.516958475641284210e+01
7.294331272486177797e-02 1.071142238436385696e+01 5.492789363037136496e+00 1.490554655612440982e+01
7.030836735702479523e-02 9.553061875504829104e+00 4.531568105952048953e+00 1.515039332853692144e+01
7.651536576859535588e-02 8.229859751828650261e+00 4.569289934997769365e+00 1.467617504200195100e+01
8.063433720510183866e-02 7.388417170045151749e+00 6.473066254827788413e+00 1.499977946570043308e+01
7.333382882028512129e-02 9.334382870464638771e+00 7.026666460797643232e+00 1.558704784088030237e+01
8.896374328645959007e-02 5.519608268126404482e+00 5.104953279875433125e+00 1.458612970354800709e+01
7.758785362438119781e-02 5.925038832472935724e+00 6.870316506960442382e+00 1.617065509040030591e+01
7.099666989319970700e-02 9.855106885149689688e+00 4.543262080971795847e+00 1.502758843953638568e+01
7.179527629392638832e-02 1.053041156902504660e+01 4.750405039782037875e+00 1.490591116740212208e+01
7.602526556247603262e-02 7.080103867976118792e+00 5.661521522460080114e+00 1.545877948173669303e+01
7.320222790105394839e-02 9.835162293878143558e+00 6.565991094566047792e+00 1.539091079127736705e+01
8.403502788566180604e-02 5.454906921643178919e+00 5.997483767674133937e+00 1.539065317971744307e+01
7.083026409298781578e-02 1.006384218134330588e+01 5.139726287578645803e+00 1.513048389318009157e+01
7.284158552376601703e-02 1.021168431741599036e+01 4.347235858909399120e+00 1.466314426251222258e+01
8.393099799466531563e-02 6.007653369355095307e+00 5.799971580440853813e+00 1.498716590770028034e+01
7.562917926311935046e-02 9.067937503694381007e+00 6.351417955623381850e+00 1.513760235045774216e+01
7.436955728418685740e-02 1.052843961512656534e+01 4.358865768444907474e+00 1.434899887228125692e+01
7.264013223675153119e-02 1.168351248864621539e+01 8.523118691202530073e+00 1.555562168222475528e+01
7.805624543555539363e-02 7.065123206008280476e+00 4.635061569285305438e+00 1.486417172041066515e+01
7.723531125970486966e-02 7.162758196033990998e+00 6.978518674359242446e+00 1.568698004003368496e+01
7.430016742889108960e-02 7.426221287245196478e+00 5.174419741047844745e+00 1.541632038060333088e+01
7.424278901306141654e-02 7.960340687240527124e+00 5.965564379184691290e+00 1.542053397231342160e+01
6.801283556631004812e-02 1.065122205112513498e+01 5.600634929278202279e+00 1.561328409042004672e+01
7.906647792656454343e-02 5.963599863784546429e+00 6.057970461945931362e+00 1.572537250272208276e+01
7.526528078040918557e-02 7.794012716417872078e+00 5.331201942248867454e+00 1.526154064298426327e+01
7.214167078536226629e-02 9.207778707738855317e+00 4.978944247502786524e+00 1.518381379900623251e+01
7.481324718172627231e-02 9.667494641526383603e+00 5.911090970789207866e+00 1.498068467163270157e+01
8.885041949626734659e-02 4.879339148573004437e+00 5.076189479419937811e+00 1.487316002743311572e+01
7.485229837951254406e-02 9.827895796639484871e+00 3.974918268720467829e+00 1.432413985925484567e+01
7.913257737868215069e-02 7.000110715306346876e+00 7.533779769590329245e+00 1.560499296984884587e+01
7.998410766447018594e-02 6.806655222315280973e+00 8.823406315901033636e+00 1.581829441851373375e+01
6.453490108269653580e-02 1.241072442554484567e+01 1.317212595741289505e+01 1.731287030523785475e+01
8.103110823143321040e-02 5.779820429794680692e+00 6.221003466065187837e+00 1.564394477279425999e+01
8.065828946708152036e-02 6.567643765049242965e+00 5.316067954268699935e+00 1.507790216996348143e+01
7.393877990998531935e-02 8.444351646182365556e+00 4.765036180883353012e+00 1.504116627982310384e+01
7.318281955586239396e-02 8.382910805610139349e+00 6.806195923799682745e+00 1.580072510845240075e+01
7.562654030107308911e-02 7.131380446777084714e+00 5.364724380163885087e+00 1.544557230528175928e+01
7.757934790308160244e-02 5.356758675128832081e+00 5.600315525521294191e+00 1.612834134927738106e+01
7.898180244783785386e-02 7.537382226178238831e+00 4.769029236378765191e+00 1.469839975197283621e+01
8.774216423999692260e-02 4.918705069417380393e+00 5.855654715467459859e+00 1.519576492441399118e+01
7.825793517348826611e-02 7.697277982634344262e+00 5.187417006456468194e+00 1.487743274908535440e+01
7.716121954775706504e-02 7.892310139416221837e+00 6.260293564708985237e+00 1.517755668681797232e+01
7.804256192717061447e-02 7.151752580418314409e+00 6.777222180496347725e+00 1.545753558285677265e+01
7.167968589862132311e-02 1.091289154649093618e+01 6.475573540458031019e+00 1.528955435481057279e+01
7.792320104376143641e-02 7.519577865438126452e+00 5.097276436399535982e+00 1.490750646124756784e+01
8.231707589388469193e-02 6.202394653895165533e+00 7.585064046196652754e+00 1.561964736744553939e+01
7.080472623566341772e-02 1.024694771523392234e+01 5.037301981358096370e+00 1.513060244060070580e+01
7.059309994457017845e-02 9.336073520144243076e+00 4.852967322106060521e+00 1.525548670515721561e+01
7.738895529432032738e-02 7.978997446293450757e+00 5.425666058390643087e+00 1.491796824297894197e+01
8.022206514640943531e-02 6.248648503192893777e+00 6.464928450379518132e+00 1.551831739917753339e+01
7.058898601259203098e-02 1.098997841879819148e+01 5.260381717226432663e+00 1.511146981035894754e+01
