0.3362396793899849
0.3428756247475429
0.3356833489198398
0.3160053275728631
0.2932940534479423
0.2734220070894485
0.2527060790801693
0.2341969450813429
0.2076622853100723
0.16899173597917969
0.36073930408425287
0.3706520709123648
0.3733585972656352
0.37261356127065903
0.355577451098399
0.3304187908469493
0.3073208574187062
0.2829435602383261
0.2610942245242951
0.23952118416289894
0.21875040714722713
0.2015733451496673
0.16882757569518542
0.38615322079374353
0.3905070762147839
0.39379065792428497
0.3970176126113966
0.39750973718785304
0.3889582286738848
0.363463583087737
0.3377836526037219
0.3100853282813402
0.28511340731888074
0.2604329434380147
0.23668064098827957
0.2170554677415475
0.16259939889806713
0.408097075300438
0.41563309153798966
0.41715279133518446
0.4189033711060316
0.41886258978877866
0.41694745966573576
0.39545994376184496
0.36800143620854386
0.33712127152568705
0.3089667468129267
0.2810757872483893
0.25423638004914834
0.2320780233898211
0.20967981974232033
0.4365564815438102
0.4406627229588401
0.4434843974892506
0.44574596708328246
0.4458662326549044
0.4386664523766624
0.4123397597572114
0.37762535981078804
0.34474368876260375
0.3118680157200193
0.2801919727404521
0.2540847105411042
0.22774422781152198
0.2046494622470791
0.45392353079113956
0.4578251089478326
0.4603720587023847
0.46192421656404564
0.46181905390995054
0.4606945121431921
0.4429747111960826
0.40734724231243036
0.37129341790688297
0.3346801103342277
0.29927741441772615
0.270114495967863
0.24074370650511423
0.21504631674506533
0.42506001834343493
0.3874458927285333
0.34859577171054273
0.31088066795807606
0.2798061198232415
0.221224450884367
0.47157575067532687
0.47724132282614373
0.47708407700721334
0.47458144337881686
0.4442074445562171
0.4054869195533759
0.3642999744603853
0.3239147333909192
0.29064418715936957
0.2572223497754226
0.22804771372707278
0.4799879170906987
0.4845832842946874
0.48359896278147785
0.46552839649969024
0.4271439486178689
0.38337448908888255
0.33986779800077394
0.3038732943011701
0.2677299802740232
0.23626514928437561
0.2058472717980156
0.48498278500308056
0.48873805843913815
0.48747632896861215
0.4783040844297884
0.444069344488101
0.39884788186613435
0.35284423068836573
0.314591463940063
0.27621093284085546
0.24282665991170196
0.21058106614738809
0.49091525660447977
0.4896519698077441
0.48714596268586874
0.4808716018299433
0.461120949210461
0.44540310778823394
0.41548380347383435
0.3669879440853838
0.3262847028318988
0.28539441301175283
0.24986953603699458
0.2156687464439811
0.4895098515202165
0.49124775718493313
0.48749250264212735
0.4755161001923301
0.43174520283114654
0.3812158784542583
0.33809259341383274
0.2946242866915535
0.2568681910404325
0.22064890134386528
0.4881102436648442
0.4858063373952496
0.48314202539488676
0.4735870596363676
0.4684839415630157
0.4502454123104859
0.42705550437527634
0.3986645202068903
0.3527686553109934
0.30610605733531027
0.2655246400959831
0.22661932146697789
0.48154340656662037
0.47909713462206954
0.4738162126716269
0.46383248515904746
0.4510045852326026
0.4326763700517462
0.4143932280659775
0.3664478677399646
0.31683071699743115
0.27352884054147397
0.23213143974472755
0.336486944807689
0.33315309983280117
0.3633390021373963
0.3665799574493817
0.35382584685963203
0.3889399436527406
0.3853025290992982
0.4099730022749783
0.3934221756072624
0.4343510123262578
0.4330748768358384
0.4105650945759328
0.4510224933020046
0.4393107485525309
0.45172036449184194
0.45382557570652204
0.46157136524298653
0.46538065961125746
0.4416225341343879
0.46882140884731965
0.4717627286427957
0.4608526865408358
0.4755075622186095
0.471244233210232
0.44184745556222915
0.4573693764619275
0.47364035883346
0.47666665378106565
0.46912943459043954
0.4300107382171957
0.47016339061238455
0.44687201647516395
0.4574267555833851
0.41276232431674
0.3082167073121958
0.3142690796171794
0.3278401296653841
0.33406894070645315
0.33755611092762156
0.35555522733485295
0.36186391280951824
0.36508814071643775
0.36569604925351945
0.3635483504072062
0.38169070420108
0.38768695865255487
0.39039374113089276
0.39027485685804153
0.38701401144740794
0.37473770870304696
0.3981397120309964
0.40369313008649355
0.4059179089363561
0.40581041296964465
0.4051650359283466
0.40359093869116563
0.4011776171149261
0.39465062109766025
0.38692250550647733
0.4120902615308969
0.41718821512075704
0.41873886111184405
0.4171438843945229
0.4151532648829208
0.4122741353790119
0.4045533272661966
0.39628202706054144
0.3797830733768636
0.36330389216976255
0.3306129012367349
0.31551035511704867
0.29390963276835036
0.42558339493264835
0.42969680487338785
0.43020623995891466
0.42932679765424786
0.4274638267431106
0.4242922608834063
0.4214056583694054
0.4122743590313916
0.40294399520795016
0.3872263955334715
0.3665465897142286
0.35214361452852627
0.3311723919600259
0.3143584538408456
0.29160819828509343
0.43138001519673336
0.43460351920905416
0.43455869545474146
0.43112738934847994
0.4280470962871311
0.4239993857707349
0.41409529893320335
0.4040367323328323
0.38478118029977365
0.3655063858886924
0.3503115268738399
0.3282015004453622
0.31121718464635745
0.2870904539338777
0.4353206599176182
0.43736836774814913
0.4362555671106976
0.43175391267355767
0.4234934992148257
0.4017907366122721
0.36096498796707804
0.32157207221411327
0.27868675262873666
0.43644951745532434
0.4351397044864266
0.43244148589640913
0.4256075158796204
0.4201730129384369
0.40865898352491836
0.3967330900627483
0.3756258134899755
0.35436265274542866
0.34064565594385227
0.3136558597782348
0.2964546691019206
0.2698809625052297
0.4309555924419331
0.4306248253508708
0.4273577590884602
0.42064887662267436
0.4150825925714976
0.41060514959166133
0.3980064274258869
0.3852744926599342
0.36146449101039846
0.3404172974507728
0.32173581854170985
0.2985939178622898
0.27850940998917645
0.25329481143710453
0.4238038401676142
0.4223947596430175
0.4183544649757861
0.4108605536717845
0.4054494404688083
0.3992212723568725
0.3858069078690784
0.3732492550538222
0.3496309684711273
0.32710230465295426
0.31292310033216775
0.2842086634993062
0.2644769964665462
0.23864331173511213
0.2978270446752476
0.30420151018728103
0.3163194667411245
0.32284761561904424
0.3261699364809777
0.3422839387285212
0.3487262725085897
0.3516566131013806
0.34765248692852024
0.36641573988363946
0.372612920255353
0.3743341866171104
0.3746942026933213
0.3688820532307928
0.3815001075443167
0.3870005608216785
0.3882886744134546
0.38854172549842253
0.38608566681643325
0.3810320966540453
0.36901516467251033
0.3550013983011546
0.3939795537554127
0.398938747087539
0.39987762032425955
0.39963168473781896
0.3960403327239983
0.3903661594533614
0.37665389217312434
0.3615701768347681
0.33005038648154605
0.2937520126214516
0.40561956227291834
0.40942033349444346
0.4096790721609091
0.40891522210043574
0.4039537283468622
0.3971544605020371
0.3839021120607091
0.3648691537435481
0.3306309894852451
0.2914588008693992
0.4104383117991207
0.41328822485985
0.4131057540514633
0.41176223610384083
0.4059881081129173
0.3983965334923254
0.381809157723266
0.3638843558814112
0.32768714734315274
0.41292789866017504
0.4146002821453002
0.4117416865293828
0.3963954932079398
0.3594226430927842
0.32109072256613275
0.2785578850332763
0.4129647055129831
0.4128237937028423
0.4115918422858883
0.4089003516183313
0.4011652220829361
0.39163495425990236
0.37293370559317374
0.3529110369501122
0.31320945503437325
0.26976225351953226
0.4063618075475125
0.4053275185657574
0.40276812033136544
0.4001118196495988
0.3910755226322399
0.3805666572494209
0.35910176044415304
0.3391158393652639
0.30802362483585916
0.2981970430218678
0.2531927538917221
0.3985031246566921
0.39641341030946553
0.393599749397848
0.38959263282481127
0.3794814443461488
0.36888197346159673
0.3473992166402357
0.3259102951167843
0.2838547909450302
0.23855443748289892
