1.6393246949759357
1.6683060769213853
1.6412693883370642
1.557285162226339
1.4560838981733266
1.3640283498624994
1.2646306935201999
1.1724673244438097
1.0347318559856213
0.8212363476409734
1.9100113999521457
1.9583747223694679
1.972611199409116
1.9718486077687623
1.8957588070835307
1.7763166942870257
1.662288403526421
1.5378877084096183
1.4224724988651538
1.3048497358703588
1.1882887927608667
1.0893809808570045
0.8938541764147435
2.1959774097020195
2.219594211868969
2.237829164950507
2.2568213181743717
2.260248655198444
2.224348885637141
2.097229157112789
1.963208209123274
1.813835707925918
1.674655006322841
1.5329779480858368
1.3929995033685414
1.2746384386014773
0.932869536102395
2.4917958952657435
2.538508529213661
2.5486067962794694
2.5620775990601476
2.563930673551025
2.5571377964364124
2.4471859657503288
2.2963240153217184
2.1205163149498643
1.9549424657214638
1.7862486238783597
1.6199348304687533
1.479737672360647
1.3349389380943588
2.966112531724634
2.9969249080951736
3.0194510867759075
3.040801992877265
3.0438190106307004
3.013096975228734
2.8608143913696744
2.6474441209813233
2.437918401024776
2.2226037455348666
2.010458902586211
1.8322563005958354
1.6490258423246626
1.4860382623456745
3.342688225638054
3.3759052364434994
3.40040125569731
3.4214407605796624
3.4242434189496556
3.4225805581234634
3.3240594181865073
3.095093813103217
2.851798308703973
2.5972767947586424
2.3457086453181955
2.134656675603488
1.91823232401232
1.726306710426368
3.392358348163685
3.130138260127586
2.8501665407835537
2.5721537851966705
2.3388933042493747
1.888492282230582
3.861593171271542
3.9303293070289875
3.947112487567507
3.939423383776854
3.746915964077606
3.468298467516446
3.1590926832369437
2.849182053980943
2.5888131416600033
2.3224108588164745
2.0869354205097674
4.219513909526611
4.288172012441371
4.304842941229142
4.2020727510977745
3.919471449942456
3.57598992018427
3.2241855606267564
2.927393115361386
2.623798771162103
2.355863476418049
2.0947445304053693
4.523679980654307
4.5896058344094754
4.608575222619879
4.5660954244564
4.31629361082463
3.9498508823378566
3.5624373035615933
3.233266246730378
2.8962368079822856
2.5990255846550347
2.309788714295309
4.937213107005161
4.953891988375398
4.949072781215494
4.916077992906439
4.77494080005382
4.649038135123431
4.396593078141277
3.9704157668780553
3.6031576313516487
3.226039818654633
2.8935276698458385
2.570345035635114
5.236718468233929
5.303519438540347
5.316454533359143
5.249049351412241
4.888969612086752
4.427760936351979
4.0197266595238075
3.5981672996485243
3.2260965590815154
2.8647674790890085
5.786227659612024
5.7993491276455265
5.794547717951629
5.742190270706676
5.704996233628999
5.554182066092412
5.342700600126578
5.068954686493825
4.609346657166529
4.126826532544944
3.699271630104805
3.2840874535212836
6.272442900066532
6.284138881111616
6.270245437458997
6.207630018267004
6.104039919526847
5.934103606913395
5.7531683740896264
5.251024748344022
4.706337560163325
4.21934940391135
3.7456934235709785
1.6421013526415227
1.630369984031607
1.9254235781797946
1.9431852633861757
1.8872766204322904
2.217283382988844
2.205022181276044
2.5168962211341173
2.435191740096701
2.9675730744259057
2.9753825943274315
2.8486667383198703
3.3508623462554232
3.2963764469009873
3.506802804854254
3.5708691147381315
3.797420295134134
3.8603982389706326
3.7240832499695844
4.140981810797324
4.207291767308084
4.157060061873181
4.486468626388686
4.4930326924964
4.292579612383947
4.7315391012473835
5.068038723402548
5.1827275464078415
5.168796503800104
4.8662055995983975
5.654010656557603
5.504782881204128
6.1032868196752075
5.724921595507061
1.522689128704631
1.5486694839790371
1.7189913556194816
1.7483826246488452
1.7652819558012214
2.0450597640702126
2.0794985726293937
2.098433382213533
2.1038022447509817
2.0943688528090596
2.4300331445065444
2.469486637505329
2.4894663744498904
2.4932116771393793
2.4782288199265508
2.411376425805873
2.737594530712648
2.7801724638146132
2.8014070510594404
2.8046931522593734
2.802956569170742
2.796159665345421
2.7835416017658594
2.7467365444344276
2.700957632740967
3.072151825993559
3.119369741794098
3.1396975767573876
3.138764724172404
3.129022219754028
3.113303451463981
3.0675577831936804
3.0148063218443415
2.9064090564697413
2.7946689669421536
2.5678894276626765
2.4617218535556864
2.307168808491155
3.5327421562317793
3.5823281482034384
3.6030411243731475
3.603828608726314
3.597306673311593
3.580529387937309
3.563054204650132
3.504563350505094
3.440054549132297
3.3270844415243785
3.1734680521019523
3.0652467640999306
2.904258557997067
2.774354865230113
2.5960635954627134
3.8483613733908295
3.8997671107966254
3.918895029385027
3.9099091078257238
3.893911739153466
3.8686965318281334
3.8008927648746917
3.727766197346917
3.5808020529855678
3.4290823992302384
3.3068962521442287
3.127387154515808
2.98731976872273
2.786621679814128
4.273462675426987
4.325953139551369
4.343947177752557
4.329239105620478
4.278512429458335
4.113858519391577
3.7723991073761325
3.4284776418057
3.0431719305366207
4.651327730874166
4.687009546477236
4.68217023287379
4.646058241873301
4.608851381664553
4.520346918849962
4.421526723107941
4.237102743968692
4.045541091649152
3.918962856516539
3.6664511422778987
3.5033900512963263
3.2480748937618085
5.161167634138041
5.215389109807459
5.227521969173297
5.199781938794889
5.162926773934203
5.129709826742537
5.024612056878219
4.910762664651819
4.683110435189792
4.473627545691804
4.283851286381375
4.045170587675339
3.835387146430081
3.5693877317217075
5.587094611291867
5.640422428697858
5.650148922600906
5.616539853833972
5.579688204698998
5.531347619169799
5.4128126581477805
5.291633238145138
5.050665668398438
4.810125421266186
4.655359317081912
4.337291667317619
4.114976262975624
3.8192307769742575
1.478292355246431
1.5056964549620306
1.6663100654179985
1.6972456561393656
1.713157800933481
1.9777963149325857
2.013558317551839
2.030780642328305
2.013027314171589
2.3437097386618992
2.385238339776013
2.3982445734002296
2.402451391029947
2.37493859424426
2.6364223913347016
2.6795211633928324
2.6918388238420543
2.697109494009276
2.687758358315752
2.6601378994357994
2.588868390741389
2.5015434104024683
2.952773650807284
3.0004011756137112
3.01253669852212
3.0165376212662265
3.001859374438613
2.9688566785198702
2.8818010522596316
2.780875890601248
2.5633061988745496
2.30584524550921
3.3876914491443633
3.4380444479498955
3.450932499417231
3.4518998097067928
3.4297118800706246
3.3876089665868685
3.2965774763976006
3.1578161321945637
2.899049883492579
2.594566998080875
3.685462981567328
3.7358085108695813
3.7472596518296317
3.7482421535621584
3.7199783508440905
3.671049396291392
3.550397112201086
3.412198525010974
3.121833982218812
4.085763082589645
4.1375247806543785
4.145649133999593
4.051390543934314
3.7537764369939586
3.4223925338183707
3.0414388812169
4.440599706805137
4.46135694783968
4.470137648672544
4.466293987490747
4.424234827501961
4.3552383204863485
4.201258272234852
4.025720291177998
3.6600150650107497
3.246231071373934
4.919569138886028
4.971859981151526
4.978108917208857
4.971024320813822
4.917998791221548
4.837075785030491
4.644925420746862
4.451947451271767
4.139489931341584
4.038082591762298
3.5673734489786866
5.3161677488578905
5.369549110133556
5.374803007338194
5.363360832578407
5.3001269741478625
5.212337315168324
5.008625490627495
4.786804968016199
4.329751101149729
3.8170923599692768
