0.7175793195054339
0.7364082006123056
0.7353883617844503
0.7051084140880062
0.6679565700360199
0.6350932735820197
0.6008722393927606
0.5704724284222696
0.5275312170696101
0.4671711976219863
0.7757911422025515
0.8023104484805972
0.8115337049292369
0.816012235654704
0.7927249442967158
0.7512375036640341
0.7120008909119859
0.6703220304151944
0.632969326611507
0.5962702094140684
0.5612545564905665
0.5326084598143553
0.4792991084876895
0.8377000852870228
0.8491900195877974
0.8583961560037696
0.8689221924601922
0.8711878637068647
0.865570138852475
0.8242208687753025
0.7798520113316357
0.7312486899691716
0.6872354129495762
0.6437507690151886
0.6020593283490439
0.5677869324872875
0.47460749876684893
0.8915214609157243
0.9123232463595157
0.9171259434761062
0.9243700521415974
0.926619788219351
0.9261404284901988
0.8937079608694386
0.8459199582257435
0.7906046228412872
0.739688392791997
0.6890416044240494
0.6402938518213752
0.6000822447609732
0.5595474782479996
0.9617355461403495
0.9729699921121414
0.9814081596324494
0.9901100063773925
0.9916147125761812
0.9851408003191163
0.9404665108889778
0.8770352056006311
0.8156886583028766
0.7537999458136702
0.693836200058158
0.6441895438576608
0.594007539069191
0.5498868198780187
1.0047094454222498
1.015351056903035
1.0232626116920487
1.0301836743538269
1.0313455719299311
1.0313158042118415
1.003811691112289
0.9385633658140724
0.8701753148398164
0.7997719258324736
0.7311189703329343
0.6741715524665942
0.6165348562811196
0.5658091709392737
0.9744260047804825
0.902554840045567
0.8270527886756067
0.7530067971859031
0.6914995011734161
0.5744314515744523
1.0481383113369962
1.065219131222907
1.0686908117290486
1.0660703246359047
1.0124549696638114
0.938050974905603
0.8570936087167734
0.7769570761058607
0.710252866509002
0.6427226500615638
0.5833013742578074
1.0685563629071446
1.0826500374075902
1.0841718779534957
1.053562948924594
0.9797052812718442
0.8929211027613616
0.805418010791213
0.7322902435070706
0.6582439123435072
0.593147006201578
0.529777732758339
1.0804222361894498
1.0916129318693657
1.0922024966161739
1.0770657364859364
1.0114462018954802
0.9212279479174316
0.827962430832325
0.7495902141268895
0.6701994294777293
0.6004630071743935
0.5326899183936921
1.0963696167981685
1.0957112309891863
1.0918359122342738
1.0805787305704517
1.042459400141522
1.011170941853712
0.9509881145941087
0.8519389377655922
0.7678860578748455
0.6826248636597333
0.6078052463095757
0.5352451199591104
1.08999203556629
1.0957925946294513
1.090128736911185
1.067335171347024
0.9792949039000731
0.8754700901541995
0.7858479517796283
0.6946557610392742
0.6146856938742408
0.537325861412962
1.08613632511206
1.0819624534991368
1.0770010274303294
1.0578843873488366
1.0477406931687214
1.010270144290053
0.9624723645257439
0.9034941546422235
0.8073904099951275
0.7089636097871157
0.6225671925143023
0.5392447214037513
1.0677713664345085
1.0627994242038776
1.0519173886068625
1.0311861661234394
1.0044745137306061
0.9661033022600684
0.9278331567508922
0.8269471166016678
0.7218048236066301
0.629335903629336
0.540399988663328
0.7253458700585567
0.7297474157998997
0.7893724003171776
0.8025660283742232
0.7887481936033649
0.8544909086240827
0.8572970121520522
0.9104155259967337
0.8890354731931506
0.965734824319981
0.9723972706364065
0.9363872464506507
1.0095645097780714
0.9954897994855867
1.0056139070227206
1.0242014344733719
1.030371898204041
1.045519806392855
1.006626237220876
1.0478381220275266
1.0601001607340652
1.0431634467335977
1.0659304829125251
1.0615380008157693
1.0065426089243912
1.034303431901862
1.0570521869682261
1.0669474476620722
1.053659689034056
0.9755967058784458
1.050268774470195
1.0032398237450006
1.0181181769420495
0.9245685977385887
0.6665289881508565
0.6826707384474936
0.7147494142871013
0.7316715962809206
0.7426905748500104
0.7836659891016163
0.8012289277040505
0.8120231594196853
0.8175486753762914
0.8173257664196178
0.8493424446003747
0.8665104324948646
0.8763147861311319
0.8805048949881801
0.8779825260490174
0.8596230263884336
0.890864321499689
0.9070555936095898
0.9158931597741643
0.9182772887549169
0.9184608116817262
0.9172221049220226
0.9142735125385019
0.9043286582079856
0.8914654899319133
0.9260554152649823
0.9412207670567752
0.9482776863869588
0.9489249334636986
0.9466707132534623
0.9425220691711305
0.9297605747169594
0.9153215751658762
0.885128002255462
0.8541914690138733
0.7916338854071026
0.7625944501833419
0.7205814903304061
0.9597638212653634
0.9722259151163816
0.9766785617035829
0.9764907408462661
0.9743351537859393
0.9695868075239304
0.9648206546071241
0.9486062855373206
0.9312868868116237
0.9013131062928984
0.8609973313189817
0.8327432960992055
0.791448491536201
0.7577413018015063
0.7121292245356982
0.9739737445507617
0.9841337012841389
0.9868621763844744
0.9824596917712247
0.9773968051565703
0.970308408840246
0.9520033046920107
0.9326673754524026
0.8949946484067943
0.8567039186405049
0.8262099562456252
0.7816700303962555
0.7471681860621409
0.6979415008350908
0.98293515107912
0.9897248298389808
0.9896177840628237
0.9822312016283108
0.9668873497551719
0.9243092490459416
0.8418439117363351
0.7609337667660749
0.6718824478951333
0.9853374942184393
0.9847517331495196
0.9800036226785228
0.9671737269549542
0.9563793234492269
0.9333387872740815
0.9092352758814018
0.8660060192304885
0.8220942591156304
0.7936289250693922
0.7373480110492392
0.7013002346026719
0.6452473570707065
0.9688684778854382
0.9689239236095907
0.9626665481728851
0.9490764949236301
0.9376534303834928
0.9284105874719395
0.902295402863669
0.8757056539061774
0.825832589178393
0.7815170605189002
0.7421335049132636
0.6931316889788204
0.6503541765242029
0.5966459461620305
0.9494341579722457
0.9463133037221094
0.9376705809622673
0.9216890475390077
0.910161573859779
0.8968893729969876
0.8684859700644307
0.8418297946665807
0.7917957700021072
0.7438758990631301
0.7137393071081021
0.6523054098432202
0.610041239912883
0.5544644903911513
0.6490893142082031
0.6665466171989683
0.6950737152217586
0.7133074049696767
0.7250139206671213
0.7603866505670792
0.7789337675623699
0.7901095431646216
0.7905257570709651
0.8217241674451795
0.8401067085358899
0.8467426878884741
0.8496589118265426
0.8460188487162811
0.860278835235118
0.876922544582785
0.882151565098632
0.88524302740687
0.8845571065772126
0.8778023818515184
0.8580525256449162
0.8332078866280035
0.8920766089812018
0.9074459257019706
0.9118003644495355
0.9136037462597676
0.9102082292049649
0.9016805712275635
0.877862861123438
0.850139776457695
0.7903019842869071
0.7202023150525965
0.9213938136669354
0.9336591700141209
0.9365927317217817
0.9365842654252428
0.9297407101481929
0.9181265612481161
0.8937275054150576
0.8571525354420364
0.7901976964646203
0.7117817007122491
0.9331526274250307
0.9426700491309937
0.9440396905292374
0.9429610925128142
0.9338132703425062
0.9200207421623535
0.8883145031796893
0.8530504808102308
0.7805088484463879
0.9385509030192504
0.9446650883368732
0.9411600031133783
0.9124907119024371
0.8384729583458626
0.7598880822028293
0.671606345320631
0.9380330987999216
0.9386609267202778
0.9370401896538398
0.9321648199400236
0.9172676225202073
0.8983203239246395
0.8602646089752923
0.819014301784174
0.7364147488173893
0.6450061391221623
0.9189474607472122
0.9172265224775211
0.912155766133267
0.9066923468167626
0.8880250962066785
0.8660600162311733
0.8210443085735469
0.7789105663987652
0.7131443369253576
0.6923623907864299
0.5964598577330342
0.8975181003941325
0.8926390874399946
0.8863814246486372
0.8776692889095391
0.8559581307024029
0.8332484374565542
0.787483442650569
0.7416174263913794
0.6516699342999422
0.5543204460553022
