0.30692114251396596
0.31176602626685945
0.30140218625097864
0.2804851296146092
0.2571556032903393
0.2370754602850503
0.216428200891703
0.19822704363632213
0.17263925670850666
0.13687348460565038
0.325052384049676
0.3325171418479725
0.33397630559794395
0.3315560650463325
0.31244061079833696
0.28646293414591806
0.26317457266106264
0.23896933418742364
0.21756201255141902
0.19673620466657527
0.1770012717147651
0.16097534522230053
0.13149995907009804
0.34310151534774197
0.3463338150599735
0.34860172055111055
0.35036113375763794
0.3504200306327343
0.33879794821364523
0.31202632808034425
0.2861315318447583
0.2587127287850569
0.23434292177091304
0.21060247191296244
0.1880927799681078
0.16979902698155508
0.12125901773252969
0.3574980571002605
0.3625882038402379
0.3634022260211739
0.36373310989769897
0.36289169261822596
0.3599305416085336
0.33628584609307166
0.30845245393700343
0.2779538363306536
0.25059597183692867
0.2238869204597313
0.19855607081782198
0.1779712000178584
0.15752870329520233
0.3739636814366974
0.37653060991049125
0.3780098181847748
0.3783866466973274
0.3779705574236352
0.36806477095321183
0.3403914212483444
0.3060266415255165
0.274275488795012
0.24304103823200313
0.21339340220018066
0.1893261167606629
0.16546141927166097
0.14497228867855222
0.3820109493009344
0.38418845530335444
0.38527303721902395
0.3848658774885109
0.3841578189029261
0.3820021391150666
0.36178686066273524
0.3261051896598587
0.29135842541831225
0.25677732984026763
0.22388391826373624
0.19720707050647718
0.17080419114620415
0.14817775201555758
0.33783101721779013
0.3015557720874807
0.2649859343225878
0.23010786990491786
0.2018254683668823
0.14996801502130094
0.38733113896581817
0.3890166929822027
0.38653310482939457
0.38275729302080763
0.3502785378606596
0.3127718304626354
0.2740810836075115
0.23697186989008612
0.2068870891084144
0.177209273313476
0.15185607530183845
0.3875735836573196
0.3882170785090576
0.3846760008317399
0.3637635189037896
0.3259794604075468
0.28497570204768463
0.24519561113806143
0.21290524126483043
0.1811065352075275
0.1540089575291643
0.1284969218640419
0.3859287651881892
0.3858666626097605
0.38217532147443334
0.3706805304557058
0.33607379389209174
0.2936214768191796
0.2517507757428499
0.21767291906619785
0.18414458252691404
0.15564182004272317
0.12887997906408982
0.38090747745186826
0.377541828584244
0.3738682089644379
0.3663997094589663
0.34593647498356483
0.33068651807670807
0.30271914457560395
0.2587414145581865
0.22272518545680536
0.18731678256641832
0.157301815319243
0.129168561310856
0.37616067156969535
0.37418487323875194
0.36762194717711266
0.35386260031269295
0.31139569643478077
0.2656167902717381
0.2277079843277848
0.19040243122091619
0.15884799943739356
0.1293611002745751
0.3625292680295124
0.35847889544186
0.35491699914291813
0.344105356092603
0.3387869221381055
0.3208798852552504
0.29930127376369675
0.27387833439051407
0.23370162549996337
0.19407713724635614
0.16056365493039898
0.12945259290475644
0.3484696536931919
0.3446090487728533
0.3379431004460802
0.32721978636806687
0.31454086171958373
0.2973229905369758
0.2808655029472932
0.23904025814818974
0.19728261680675221
0.16195652885990872
0.1292189416721361
0.30518648533429177
0.2991347844001506
0.3250589168538512
0.32621797002309877
0.31091330192331357
0.342181685012935
0.3356502730680959
0.3540041049186422
0.3345857505753762
0.36843976818935154
0.3634693981349409
0.3389709043410987
0.3742381781454512
0.35890209881973834
0.3743810748402667
0.36855724865906736
0.37677755613701236
0.3756626908801697
0.34834581323700164
0.37622243094284846
0.3741635124407846
0.3603192553659423
0.3733456984010519
0.3655515668759695
0.3345157658752851
0.34334382968190275
0.3632542928603471
0.36010652708709323
0.34951178731342114
0.31027305841585273
0.34396390864572113
0.31874036314253307
0.32323208630973727
0.27992153716191875
0.2787314039120038
0.2834700917021488
0.2930825137528179
0.29778118196629566
0.29999931829150983
0.3119442885426521
0.3163857898136266
0.3180985365628911
0.3173836520953496
0.3141633807247779
0.3276232227158139
0.3313938901825066
0.3323704320866738
0.3307156802460999
0.3262818936943699
0.31278260807233893
0.3358520997264248
0.33888070389774827
0.33922055129119894
0.33813786549223174
0.33688493641101425
0.33465494394960754
0.3316670869374986
0.3243398729503351
0.3162517090176265
0.34107857106631384
0.3434039030427268
0.3429460821243597
0.3396193589472819
0.3369601246139572
0.33353213011724764
0.3251016493550408
0.31654573455085006
0.30011233788657904
0.28413110285723797
0.25309615654482115
0.23899308835078792
0.21897522765061192
0.34305585670628574
0.3442145959054642
0.3425135061946715
0.3407191527589575
0.33799822447407063
0.33406499971059106
0.33077923918691066
0.32105792894315904
0.31163104148756166
0.2962676889645013
0.2765482707387949
0.263111095610613
0.24373721148188413
0.2283556870147188
0.20780539627595013
0.3413589443797229
0.341492669441121
0.3392251620628972
0.33408915121836125
0.3303656787656641
0.32583083619812736
0.315487770662648
0.30549039792542565
0.2869751961775001
0.26892008558988284
0.2549089286801742
0.23480544760350786
0.2195463326546829
0.1981107996118224
0.33588688154593266
0.33480761178503937
0.33140511684023477
0.32525603155625477
0.3160638531111798
0.29440469306061
0.2564735774323339
0.22121932397106783
0.18383834638373595
0.3281936973313399
0.32360901193699804
0.3197407061416456
0.3117857660308542
0.30602120918583886
0.2945043091748864
0.28306735008833456
0.2635604169806821
0.2443949531772309
0.2322412345860479
0.20866111654390568
0.19386484534933468
0.1713228424862923
0.31457549568717924
0.3112425984489374
0.3059758967773704
0.29788857436647626
0.29193157493986754
0.28739104439931384
0.2751761166608908
0.2633141490543838
0.24193129136715708
0.22347897992583635
0.20750461572964374
0.18794827245139867
0.1712556809945019
0.15069447259484137
0.3008955147044351
0.2965800253044274
0.2906824610213175
0.2820975734951344
0.2764922021624472
0.27029611886920435
0.25762497835715614
0.24620510627113693
0.22547411784204194
0.20625421895222656
0.1943586630382415
0.17071094734298528
0.15478262544745233
0.13436986836088757
0.2679540376130091
0.27285589358980056
0.2812309510166702
0.2860453333459506
0.28787308946405094
0.2984736628793457
0.3028450148547791
0.30402653897392895
0.29786020509150635
0.31238584262646546
0.3160759281541828
0.31656028663510133
0.3161330507971612
0.30801978764476806
0.31940173801717586
0.32222847152991596
0.32234823809289087
0.32154518365727597
0.3175316173106264
0.3116038223206469
0.29889851680621343
0.28481082700667315
0.32343594025770456
0.325377913606307
0.3250570112452739
0.3237228423665932
0.3185561790581498
0.31203537066816395
0.29776412328794716
0.2828507010500841
0.252695145404266
0.21886836132349552
0.3239517333057376
0.32449910452566866
0.32319146627655027
0.3215243716303326
0.3149624583770226
0.30743357698660945
0.29389799726191884
0.27538006860589026
0.24337682481664974
0.20771238744655618
0.3215675484504155
0.3211556915789052
0.31959340090624255
0.3170626235802307
0.3097412852392757
0.3015482879322002
0.28494471538327015
0.2678382777678478
0.23448059163047627
0.31501328059664424
0.31337535572275244
0.3080392705771789
0.2908281300985439
0.2555078211032223
0.22093806050813694
0.1837707223248805
0.3066699687998628
0.3049580201245444
0.30254009417751615
0.29863312655283314
0.2896800645795724
0.2798426162371124
0.2619108993237763
0.2435364661039773
0.20841839880452576
0.17126644534960478
0.29265238228692353
0.28834670390502554
0.28434801742999344
0.28098179408180657
0.27103845504656054
0.26056575133803656
0.2406115804917519
0.22278398714029574
0.19603841856018178
0.18775928236813436
0.15065475903810552
0.2787746443304517
0.2736002740504244
0.2695960178312717
0.26477330502063706
0.25409408814914103
0.24382959470370727
0.22431473278570002
0.20567368250100837
0.17056268666948982
0.13435062015809313
