0.764402827536999
0.777861742960204
0.7563601723166707
0.7077858222089752
0.6530826911890549
0.6059380205868908
0.5575232267783826
0.5149729469817017
0.4554896662546759
0.37372791502425484
0.8121297371185394
0.8323320757333087
0.836998876730114
0.8327753313023293
0.789020401314007
0.7278814107522547
0.6728111892166844
0.6155084727784554
0.5648892442693354
0.5157778945223255
0.46941378927372823
0.4319837496183726
0.3639440186030751
0.8601974062144042
0.8689149076893996
0.8752313470582522
0.8807036486635731
0.8812139291141954
0.8559736215322595
0.7930270263105783
0.7314745297817667
0.666122530663032
0.6080110359055741
0.5514655099631913
0.49795528024169544
0.45460113259140694
0.34085753848649425
0.8990596657166577
0.9131706462139819
0.9156867589379648
0.9175637434768676
0.9161583996044925
0.9098274770111451
0.8547548423757431
0.7883995187635349
0.715294057641424
0.6495940616198473
0.5854430807810586
0.5246325497079346
0.4752821830447405
0.4264005591615795
0.9444835847989392
0.9516669673650535
0.9561027571287936
0.9582219239157002
0.9575637622655798
0.9354387527227793
0.869642238041188
0.786802555577842
0.7098918655196352
0.6341085187353442
0.5620973755503302
0.503614430126798
0.4456402904605954
0.3959175368819358
0.9676403585788665
0.9738487185206971
0.9773151547608716
0.9774170846192699
0.9760545922493133
0.9714022219674587
0.923909989954652
0.8377259786303758
0.7532110789451286
0.6688157540366757
0.5883787467880053
0.5230754256712422
0.4583560683038495
0.4028970961498957
0.8674328381573374
0.7790108081386798
0.6894963755038382
0.6039101624300733
0.5343829355295454
0.4067147887730267
0.9845619738255618
0.990408212770364
0.9854789636776927
0.976884309924937
0.8989192954430201
0.8073497806016957
0.7123477103024068
0.6210008461768213
0.5467644121609486
0.4734184252812236
0.4106957848051978
0.987328819485154
0.9904450190931097
0.9828240090657439
0.9329477591884312
0.8406494999005559
0.7397264006882981
0.6414403124871791
0.5614552693326977
0.482536785379666
0.4149142482638878
0.35167949477825067
0.9848309685053067
0.9859741951434748
0.9778238865510602
0.9505192174897429
0.8660725349806422
0.7614109002072658
0.6577137268705038
0.5731187116049968
0.489651809428866
0.4186012943761092
0.35176860407813504
0.9750826430223584
0.9674605745441339
0.9587966685810073
0.9408390310793652
0.8908686173326681
0.8534546003119227
0.7841939399689727
0.6750801714141131
0.5854548465040135
0.4970784946098951
0.4220056139720625
0.35162072831110575
0.963466180348296
0.9595669336329906
0.944186675433015
0.9107351027887748
0.8059524690611408
0.6921402701597108
0.5975923851390401
0.5043286931652073
0.42531395950318895
0.35132670396449894
0.9317716501294112
0.9221318827756567
0.9135228377240433
0.8870132524978589
0.8739932072909623
0.8297285236279796
0.7760375687423647
0.7124957841779437
0.61227221901796
0.5129913839601181
0.42887642725617137
0.35065192185971467
0.8976151960505425
0.888153359383677
0.8719701424310651
0.8455068475417404
0.8140438117528157
0.7711729814231255
0.7300936488626223
0.6254018201464975
0.5206070359196411
0.43183719864462616
0.3495625253832316
0.7622658646947835
0.7506477668937496
0.8145562307593719
0.8193107989346211
0.7851464151740969
0.8611375072100966
0.8479863134088161
0.8947830311042595
0.8504161196075919
0.9333265590210973
0.923719616074475
0.8660027991109751
0.9516037897385491
0.9165280267529943
0.9510484403179406
0.9409202960787495
0.9591970711518261
0.9587589379402649
0.8939629776690422
0.9598460470417722
0.9567701114298462
0.92412796965449
0.9552655074459889
0.9373990325071203
0.8620770569478216
0.8842313528051187
0.931130737897939
0.924989076680415
0.899614724707144
0.8030797191863186
0.8861866657072079
0.8242707856909948
0.8353491837014612
0.7276930084217486
0.6969061394333953
0.7096577682896551
0.7350579176304768
0.747834620997397
0.7544170052614911
0.7858770782367969
0.7981651116662211
0.8035852316351496
0.8030507906637525
0.7962990276941241
0.8290902586546369
0.8398036885649428
0.8434380099666348
0.8405994468211478
0.8308351427082574
0.7993918326968592
0.8525461683408218
0.8614116395910739
0.8634961283464733
0.8614102690536543
0.8588941661588402
0.8539376457110058
0.8471205153352563
0.8299844572948711
0.8107904031177525
0.8683822674607902
0.875539164925377
0.8755318192501832
0.8684303387207424
0.8623774535149275
0.8543913502062656
0.8344140690601227
0.8139074160918086
0.7742167819536612
0.7354120452654267
0.6597588705510803
0.6253067281185202
0.5763392607826531
0.8765606053673644
0.880695147769317
0.8775151268558912
0.8735558390605187
0.8673176554656872
0.8580817785891595
0.8502541381059058
0.8269068563351801
0.8040474384414739
0.7666069229800239
0.7182859472594832
0.6852677355919499
0.6376239319479134
0.5997188641730232
0.5490196384343957
0.8741981589838576
0.8756811540209406
0.8709672400557693
0.8591685216974294
0.8502152659089419
0.8393351908007857
0.8142661398491039
0.7898086257289584
0.7444314292804004
0.6999748815989102
0.6654386210500353
0.6156803444229566
0.5778714169175392
0.5247535797680868
0.862564192352366
0.8608402832971015
0.8531773530426832
0.8385793146879366
0.816254363396266
0.7631862518778492
0.669362945187742
0.5817974078015696
0.4886250532275509
0.8451107099980386
0.8346214193810035
0.8252795267351182
0.8061315411640372
0.7919358450852494
0.7636004089724293
0.7353320912237395
0.6869300206536724
0.6392452522071518
0.6089482738616236
0.5501251601908529
0.5131592184096124
0.45675307998851183
0.8122434186397843
0.8044216965603733
0.7916138606953126
0.7719340836148266
0.757226939888905
0.7460064482243315
0.7157065053274141
0.6861556441624829
0.6327749145937919
0.5866436300074884
0.5466641832954031
0.4976167972800685
0.45574199078388145
0.40420991202243345
0.7787080197628314
0.7683915650299352
0.7539942500533806
0.7327778093909174
0.7188675906869774
0.7034501721759293
0.6718353942044426
0.6433682324118251
0.5913711362291121
0.5431490204175772
0.5131328178244707
0.4538288083821266
0.4138029039837955
0.3624542297560635
0.67151097721104
0.6848514255985346
0.7070072289768726
0.720270019660182
0.7261817175498723
0.7537907410318327
0.7660966341275475
0.7704893496915771
0.7577181118579882
0.7925117452258464
0.8032380788222521
0.8053295952994078
0.804892069788964
0.7871754139766803
0.8128746105564539
0.8214128464057764
0.8224449481698327
0.8211920313020781
0.8125156574916415
0.7988456869341444
0.7687704067593811
0.7349952078472305
0.8256137071258403
0.8319465455444077
0.8318631287321341
0.8292264186909
0.8175216010758819
0.8023027787793453
0.7681598864606725
0.732101418722189
0.658716869796847
0.5760598641606586
0.8299643975242423
0.8326904678049519
0.8301779973421676
0.826493833503957
0.8112370972711255
0.7932450032906125
0.7604977574970089
0.715268074591075
0.6366896883896502
0.5487776389051925
0.8257234117945732
0.8259925166062729
0.822576405068387
0.8168262377956891
0.7994991849899011
0.7796706513700238
0.7392041559746364
0.697184516304321
0.6148405891184544
0.8111995454731021
0.8081321453183404
0.795698944704707
0.7540035565033265
0.666880324407021
0.5810743451962103
0.48845173499230204
0.7919299721026098
0.7880769703387952
0.7823995271503025
0.7730217367429032
0.7512434036315009
0.7270707084159569
0.6827040593296018
0.6370467205883781
0.5495051049663011
0.4566101129450185
0.757685205595747
0.7475821557605049
0.7379061817062018
0.729656346822185
0.705155464347631
0.6791485098800053
0.6294099045051958
0.5848783959636772
0.5179059437156165
0.49714054164891086
0.4041119366675784
0.7236791840189257
0.711157098623733
0.7013269636582405
0.6894092879953131
0.6628687740573914
0.6372478815748006
0.5884433617721455
0.5416873968202127
0.45346077946022584
0.36238804230609994
