1.239028517656672
1.274138651678991
1.2805014755711626
1.2347408059332723
1.1766441095972688
1.124874897604781
1.070745393318005
1.0226330653114972
0.9546993552104956
0.8597545191605797
1.3548146797725806
1.4045895534748385
1.4229478853853215
1.4347167567183672
1.4025196621627747
1.337776286928179
1.2754151286323567
1.208789850944317
1.148973521934273
1.0901172388485838
1.034075701905003
0.9883586181574374
0.9037764722807833
1.479085826238169
1.5009790032342676
1.5188448873600084
1.5401115635768492
1.5450207330210972
1.54447049251966
1.4810538275488752
1.4102271067874852
1.3318638741847622
1.2606178250698234
1.1901021649596062
1.1225291390544123
1.0671042729370044
0.9174575701330971
1.5907804774668846
1.6318509078986738
1.641735679910829
1.657630022802008
1.6636009432703438
1.6658516274912822
1.6193559426669752
1.543169873311098
1.4533318665227164
1.3700582996194266
1.287026420277543
1.2070215869861671
1.1411124808645257
1.0747763376406936
1.7427773338509125
1.7657309058945108
1.7835390789207115
1.803360805616142
1.807411286462155
1.8049731373740587
1.7362853965430907
1.632701257382268
1.5310419891461906
1.427865431552634
1.3276791986395704
1.2446766095442825
1.1607327416759723
1.0869010322703367
1.8413332799907172
1.8637915521515216
1.8812333147537073
1.898463073067674
1.902220857609434
1.905221066390943
1.8678501358106898
1.7620779203848251
1.6479377045377217
1.5292552649365736
1.4130668639846393
1.3164475606504773
1.2185319877559344
1.1321782692963631
1.8381563046209033
1.717923148962362
1.5898728904293573
1.4635925628026183
1.3583685417622577
1.1573690791162334
1.948683322019549
1.9884954059422049
2.0011362453776806
2.0006941259383257
1.9194519324406007
1.795065493587211
1.6570744995222317
1.5191914355338083
1.4040252430324456
1.2870739469173362
1.1837685907207955
2.0051835667555995
2.040060176452382
2.0500772754758385
2.0084013295333842
1.8861797461363308
1.7373821139508092
1.5855968111091152
1.4579924722646822
1.3282488568483724
1.2136155601068295
1.1016457385384255
2.042864149979569
2.0720693250849758
2.0804587919783364
2.062409690230198
1.9561081259779685
1.8012430687432737
1.6384181996145775
1.5005114574139555
1.3601819875966399
1.2361593897062713
1.1151022138245243
2.098918715449885
2.1038769647539612
2.1008207012715214
2.0857252199027005
2.025161074421376
1.9727221151360759
1.8687343248717028
1.6948439530705448
1.5457757165382475
1.3936076558338744
1.2591670738497298
1.1280997045550358
2.0957226145781935
2.115644035891872
2.114205702291839
2.081592304749491
1.9332967398058158
1.7503935590430182
1.590262273891731
1.4260704571422866
1.280978752982671
1.1394202775749314
2.11992179357317
2.11768710272406
2.111963662489593
2.0838224850047142
2.0674512132622027
2.004702646808946
1.9216316053606837
1.8168746966150737
1.6440245961851627
1.464920341698322
1.3066427102397302
1.1523166488554246
2.105982635076878
2.1015347700755163
2.0869253704867425
2.054291231607181
2.009714897292642
1.9430383867647354
1.8751424014511755
1.6928425537645346
1.5000121230306385
1.329001729437173
1.162485406697972
1.2565154272855776
1.270625297443872
1.3837268151910123
1.4108424624019211
1.395402383127811
1.5166993150630677
1.5294799539143298
1.6370161630323221
1.6107062390679072
1.7590011247882893
1.7808732648239123
1.7285272533447993
1.863748935112076
1.8518356639921583
1.858721304309476
1.9131032292124612
1.9209037858388427
1.9605941614829017
1.9079195997141634
1.9715803635958127
2.0065450502011273
1.9876484588674839
2.027994800009605
2.0311961672410743
1.946102480500796
2.0084028057901375
2.032862676507159
2.0665820941378996
2.0533099715344654
1.9255631017945418
2.0621189816703547
1.9897494474979753
2.0263156189954517
1.8679645598610426
1.1559126026916253
1.1855640554170424
1.2512180758533098
1.2829440988475167
1.3043720907698557
1.3917576978630035
1.4257879227773436
1.4477914316077736
1.4606915165131364
1.463511966167495
1.531958237762354
1.5666409785934474
1.5878847326770233
1.5994773599377805
1.599020142985514
1.573224572307381
1.6252577512521467
1.65923013910324
1.679684802184828
1.6867815056821442
1.688819680864482
1.6888843581206696
1.6859027516196157
1.6722954263695247
1.652818165311979
1.7092213353706052
1.7426311285966083
1.7603496636442444
1.766827467352859
1.7653188769442587
1.7603461694500884
1.7421341315883143
1.7196178650633505
1.6709060232513577
1.6198192059924332
1.5150461157774981
1.4661941778718235
1.3950973745876278
1.798138273327304
1.8275936553853078
1.8416938879317415
1.844226568667752
1.8433785253663229
1.838087799638281
1.8315984642148249
1.8072410100945073
1.7796109954521238
1.730226018742096
1.662401140184231
1.6144236673778665
1.5433715598673985
1.4858270779201503
1.4071364697159923
1.8424874691114133
1.8685041921947554
1.8797342028847626
1.8778110618306696
1.8715658965175648
1.8615675860484031
1.8332040323731935
1.8018891870791687
1.7389577906433116
1.6735055362873554
1.6209452846725991
1.5438180740673886
1.483763774009948
1.3976914632782338
1.8825035249312334
1.9029157483584893
1.909558407652183
1.9023924544961743
1.8802533137488195
1.8109165043969422
1.6690864917872366
1.5269839857043868
1.3690358198400157
1.9095812287041398
1.9181081736944599
1.9137576967237142
1.896060219733905
1.8793312498313648
1.8418208632705078
1.8011395881197012
1.726295998997567
1.6491753345030673
1.5987032397425178
1.4982928636080646
1.4336638935565074
1.33277064798886
1.9008113962397353
1.9093294663129377
1.9046895113070457
1.8859595346975588
1.8682472424112764
1.8532494631752428
1.8093472171781675
1.7634759913864115
1.6753145782391468
1.5958904811961687
1.524576792118844
1.4355442878264264
1.3572672276974456
1.2585056961481207
1.8831039375252348
1.885572992113389
1.876145890203728
1.8524637029297524
1.834091887473259
1.8120573488511948
1.7633200375959157
1.7164107491418055
1.6267334540410963
1.5394506963015893
1.4843947895540264
1.3709207282527682
1.292590125111226
1.1888090338372672
1.1284145571473247
1.160688989507439
1.2199217144075736
1.2543682263991751
1.2776154276075093
1.3542021611933157
1.390537584641446
1.4139483699875586
1.421349852242237
1.486581069565838
1.524299285928789
1.5389364112911885
1.5461469228592737
1.547666183703897
1.5746348734127136
1.610126101655623
1.62233283697791
1.630712438736237
1.6345694611815036
1.6266522372178434
1.59728617877144
1.5578427114244306
1.6522198525444534
1.6867642715762845
1.6978858682561964
1.704311577338914
1.704080900157908
1.6929690680565614
1.6566091073529192
1.6117881370235385
1.5123645431204207
1.394317647722832
1.7327841532069437
1.762931384746189
1.7726628495913261
1.775508337331363
1.769574291112572
1.7532151778624316
1.714899417048337
1.6545556459300617
1.5407718473949408
1.406394676554943
1.7722651835452343
1.797859348126734
1.8043769111467307
1.8063374324296253
1.796267207931262
1.77607542926994
1.725010912559268
1.6659035312371087
1.5413489896871697
1.8052651275349447
1.8253050504745025
1.82713375013103
1.7862280783932871
1.6618853012262012
1.5246913325515097
1.368407125369229
1.8264787522208747
1.8320226297296744
1.8330105406489992
1.828483074852603
1.807838972154607
1.7779018864672507
1.7139234852786707
1.6424497020639135
1.4961923287874954
1.3322024582928145
1.8115765286883734
1.8177696486055976
1.81340359655686
1.8063850134651287
1.778295057975606
1.7422744292009595
1.6646415869497162
1.5899884618991107
1.4714648228637588
1.4337331861178195
1.2580389351226853
1.7890258488350956
1.788964119468937
1.7818804240015462
1.7696527354818172
1.7354159706365664
1.6971231888696645
1.6168632611474516
1.5341786036464224
1.3693621847576276
1.1884242078936784
