0.5480997261880967
0.5639407637622598
0.5677135983824337
0.5483446925206884
0.5236160760677154
0.5016499095428668
0.47880697698018765
0.45863288429654026
0.4304698782527035
0.3920754753800568
0.5964266984817123
0.6185646526170177
0.626801497423315
0.6322933018481358
0.618897853166854
0.5912889929361451
0.5647091398924003
0.5364086236173249
0.51111627794668
0.4863910364585028
0.46301978759979284
0.44412682306267737
0.40979280059538703
0.64835240321698
0.6579817963640033
0.6658591937439337
0.6752668883078303
0.6774492859642981
0.6776937006361422
0.6506337962453125
0.6203497212025259
0.5869129656408046
0.5566118587678578
0.5267445375672399
0.4983075840292985
0.47511491018360713
0.4135857588484495
0.6942120657197919
0.7120858613200232
0.7163944936935935
0.7233363468043559
0.7259699603830264
0.7269954675356604
0.7071380522562971
0.6744691398067416
0.6359982668767877
0.6004259512029012
0.5650550548772898
0.5311421430595195
0.5033044098058462
0.47543803368680243
0.755222773161974
0.7649966053889731
0.7725812393561137
0.7809823278893654
0.7826872944495447
0.7814246572742118
0.751760318429195
0.7071700134709723
0.6635452884285203
0.6193700537644448
0.5765784754227256
0.5412013675385021
0.5055326797495774
0.47426950123680434
0.7935523434927025
0.8029497943514656
0.8102179355264134
0.8173023158507242
0.8188152463074677
0.8199087808211434
0.8033062457443172
0.7575743418405793
0.7084606278591263
0.6575422070919132
0.6077643073349208
0.5664425539289953
0.5246429447970395
0.4878625873627525
0.786844580947725
0.7350228838205115
0.6800293961174286
0.6258895748531587
0.5808290019763439
0.4949683166864953
0.833574350745539
0.8496255800930829
0.8543639777456848
0.8537720923129193
0.8177604668708466
0.7640220442676375
0.7046617730487372
0.6455853310311015
0.5962293836216361
0.5461947674508337
0.5020658950170775
0.8534107538649649
0.8670454404054135
0.8704042366666437
0.8510771304618271
0.7978962400020256
0.7338663707305868
0.6687685075695091
0.6141184544585857
0.5586306681837585
0.5096771422483105
0.4618995607618718
0.8657441503603223
0.8768436273304772
0.8793468215544837
0.8703641602813652
0.8235904905498843
0.7568225474869855
0.6870128994478367
0.6280220063730174
0.5680520748934198
0.5148142353011326
0.46356862612287564
0.8837274618169698
0.8848268584155468
0.8828692397481023
0.8756109928847086
0.8485796923407252
0.8257456725021848
0.7808523591309052
0.7063165475139621
0.6426200558623296
0.5777303903168575
0.5205122500995492
0.46479531345707265
0.879478590876947
0.886159310248829
0.8839111858444574
0.8684833607169316
0.8036108377780626
0.7251694615423815
0.6568336930117084
0.5870026187861159
0.5254215787627002
0.4655726529551312
0.8819549059200296
0.8798677749727002
0.8767579300627274
0.863430356380057
0.8561161707963535
0.8283770904865679
0.7924259669209848
0.7475333610847066
0.6739122413459594
0.5979568809269344
0.5309479506788898
0.46599809018076954
0.870335701974473
0.8673591642469064
0.8599484277626668
0.8449318396723052
0.8250843788275483
0.7960381139832474
0.7668952428632473
0.6892687440691273
0.6077587192725266
0.5356518633269969
0.465935414769395
0.5562989556370412
0.5633249647852577
0.6095262977114472
0.6217749548419281
0.6157598303265295
0.6651505305775626
0.6711393808443182
0.7144928629114866
0.7033891220161417
0.7619686152333648
0.7711728287850983
0.7484142148882094
0.8023589202134038
0.7965439061001746
0.7982736705616207
0.8198481548528695
0.8214169394956159
0.8370693320245571
0.8129798232427101
0.8387615941863049
0.8520178461991927
0.8425554162503853
0.8579076676214872
0.8576480307149389
0.8195426092261696
0.8418591306475024
0.853583815625497
0.8648991038719619
0.857237858735169
0.8005448679092174
0.8560454297201772
0.8225696993773511
0.8341731950407942
0.7641895139270867
0.5118408486991604
0.5251903352780835
0.5521381588669722
0.5663176546611991
0.5759644523656189
0.6106724019962372
0.6256881645516167
0.6354375059044374
0.641203244376375
0.6426681915330041
0.6677218450928911
0.6827448199696226
0.6919524511115925
0.6970041990502414
0.6968585812180279
0.6858545761221359
0.7046212844417823
0.7190904858793322
0.7277568583433703
0.7307444654141941
0.7315823267396865
0.7315502883760743
0.7302403605812459
0.7243108409903553
0.7159003531203525
0.7367538013548129
0.7506732248600076
0.757953969470464
0.7604011231801746
0.7596265665658816
0.757363886623151
0.7492535752640179
0.7395415666411042
0.7184862110450666
0.6964942650497697
0.6514760796309098
0.6305252172246233
0.6000869757640036
0.768982673704702
0.7808098920011044
0.7861757589655044
0.7869688222411328
0.7863096312925215
0.7837251929937201
0.7807663728388461
0.7699310714681138
0.7578423664106378
0.7364531663443288
0.7071524479144398
0.6865009561207301
0.6561518998369841
0.6313205826489291
0.5975936515949815
0.7837214415669173
0.7937849103516899
0.7977365602016775
0.7961475778305348
0.7931312614715919
0.7885416710211445
0.7759156860603859
0.7621439627891406
0.7347980711442639
0.706680320970812
0.6840460168743142
0.650954295400236
0.6251987730308222
0.5883716777556122
0.7950260539831904
0.802358567202008
0.8040732976760291
0.8000347992735829
0.7897405939858255
0.759116199266832
0.697849187170705
0.6369233497380057
0.5694528688234434
0.8010007239355589
0.8028261302850526
0.800095937776202
0.7916358220983893
0.7840188196417424
0.7673373812322907
0.7495555290937862
0.7171820333254607
0.684036899768685
0.6624473326606886
0.6195750008613837
0.5919937173681175
0.5490635646791087
0.7911060957299714
0.792767565495425
0.7892816199722927
0.7800296873336037
0.7718513103333782
0.7650843395168916
0.7456751354733515
0.7256753569631322
0.6877370059471001
0.6538114991095578
0.6234570466095625
0.5856606632965455
0.5524548027630283
0.5107720644835978
0.7782954471190575
0.7773347097252208
0.7717590131671307
0.7603275966451182
0.7519109076555118
0.7420182890478617
0.7205957114285466
0.7002796078745728
0.661858050679315
0.6247384618060654
0.6013956235382226
0.5535500523245745
0.5205318373701999
0.4770038688873088
0.5000007943598739
0.5145634716777343
0.5386648685060705
0.5540927350622424
0.564626246749581
0.5945170599561093
0.6105296000523979
0.6209936601211595
0.6246445552720971
0.6482083081203821
0.6645477154742283
0.6709005223941612
0.6740369338981691
0.6748273533078083
0.6828668309533034
0.6979692993441382
0.703131285501121
0.7066767710026461
0.7082136887423792
0.7047423554313429
0.692056574215475
0.6750892573910409
0.7122808901307643
0.7266180117134247
0.7311846460261678
0.7337410200892092
0.7332301796936985
0.7283293038021561
0.712481669688637
0.6931273467566698
0.650356423973381
0.59976324839098
0.7409592389494306
0.7529550902729447
0.756623354119059
0.7575454524250642
0.7543661403979153
0.7469527973696726
0.7301466448167105
0.7039364390407425
0.6550935540641798
0.5972949365449837
0.7536547709465339
0.7634110194703104
0.7656484269934748
0.7659756295654265
0.7608596546322213
0.7516460267155224
0.7292234643627388
0.7036154736294762
0.6499688070458711
0.7620166903016298
0.7690241582882349
0.768437580200986
0.7492769938570333
0.6950143093513466
0.6360341965191971
0.5692145008388168
0.7654954092969348
0.7670208629104229
0.7666896461921258
0.7639431493270427
0.7539757119286014
0.740456154979591
0.7123734128301179
0.681444795560908
0.618781243686881
0.54885541684635
0.7531588707183783
0.7536815048645925
0.7507177495897204
0.7470623331320795
0.733802256937881
0.71762635943694
0.6837269758680131
0.6516197466287936
0.6010242329956955
0.585007898414452
0.5106121825495743
0.7386008673819029
0.7362851919568405
0.7322058678084615
0.7260743097739326
0.7101822246686654
0.6931330684235861
0.6582539015696874
0.6228607865332648
0.553013194233233
0.47688115189652763
