1.5157923145598273
1.5585843846064251
1.570068539027118
1.5179664494507688
1.4497213727463918
1.3874071318127372
1.3209821608976442
1.2606122087746876
1.172768275704912
1.0430397756935306
1.713627540957065
1.7774127838535327
1.8017026643976344
1.818974825627094
1.7845083317173034
1.707897313764919
1.632082432017605
1.549506787681658
1.4739531218455735
1.3981053346757821
1.3243181273851934
1.2628568171259174
1.144815363741056
1.9275862526459933
1.9570342903211826
1.981361006673438
2.01104444427762
2.018173789579406
2.025643161736036
1.9514120447736005
1.8646163028198592
1.7665568292094305
1.6757802302071203
1.5843348988387418
1.495197276093645
1.4208425331946843
1.2121050888832865
2.136152582615998
2.1951272408468596
2.209752007841013
2.2342529618335987
2.244272917439465
2.2507900565233387
2.200607054338047
2.1071258451544286
1.9936421905122528
1.8864584911896884
1.7778306929706662
1.6716759078918086
1.5830073637694453
1.492344746529978
2.4492810509407703
2.48546864673295
2.5142547043802135
2.548058495428155
2.5557199989353157
2.565671821770017
2.485726148255173
2.353934803564552
2.2209476419855516
2.0836871892984874
1.9487096116886855
1.8357056190014025
1.7200341054356236
1.6171880378801098
2.679056592805742
2.7171257030339775
2.7478900419737005
2.7811464443680283
2.7895015241313215
2.7991278792357392
2.766734156547891
2.6340970167515927
2.483302666960002
2.323164119593192
2.1643119813218528
2.0309731558735495
1.8943878750932
1.7728342625910305
2.8080780128308422
2.6488260667450785
2.474581311980205
2.300214194404755
2.1535181047330205
1.8693091915403386
2.968318463556205
3.047654663023173
3.080780309244722
3.0894723484891315
3.0032227107161393
2.8392324638246733
2.6496524867472093
2.457211367468048
2.294649757947454
2.1278851198909976
1.9793707073246876
3.1499748203797022
3.2266169146493175
3.260623304466985
3.2327110228887816
3.076280340375098
2.8706177865382676
2.6555268507028846
2.4724158749156566
2.284229182367693
2.116557260650407
1.951811105849089
3.292734389113754
3.3630982854730838
3.3970770781124555
3.3963388891812243
3.2692750115231104
3.055430370560494
2.8221824729627785
2.6215537142275926
2.4148434851062626
2.230555252664221
2.0495261260249027
3.5102925946503167
3.5378232189291894
3.545922129980233
3.5397563657775284
3.4735996361073775
3.405327199075746
3.2611740697226588
3.009725178810695
2.7894267254905096
2.56139437898151
2.357883963899868
2.1580117881152274
3.5840186849771785
3.6491259614394957
3.6791480290376413
3.660099318603442
3.4700528653869753
3.2045972869816866
2.9644374740637374
2.7138656643251866
2.4898021606085003
2.2697719481476457
3.8079953910988564
3.8270758773914917
3.831827831206975
3.8155122591001644
3.7991689125251744
3.7222333719111655
3.6074151265727417
3.45363262530648
3.1905288109276446
2.9108979488624716
2.65964200614569
2.4128112782189093
3.939142335030065
3.954146668136025
3.95601313352477
3.9297881483855606
3.878593580875461
3.7890980038573128
3.690939766463612
3.412141775453222
3.105184876323916
2.826729870711998
2.552778176849789
1.5385602477214884
1.5583031125467846
1.7529935830870724
1.7892271407354092
1.775574490573645
1.9828845285336338
2.00603254337055
2.211479190055089
2.188694582309855
2.4852455824480195
2.530483692191723
2.474202692478067
2.7352712807437443
2.7417645941100193
2.7681437302707628
2.888858482707228
2.9365370692867483
3.0229481650502827
2.983684397592834
3.1084491101406817
3.194251141424096
3.1960350315455903
3.302102924111849
3.3391833133016697
3.2504794782474558
3.4408486105605878
3.473403887485402
3.5837284311835345
3.6025877726286666
3.453560613167376
3.7473412970132287
3.68889825207759
3.864195055964058
3.673120699355021
1.4201634522808413
1.4559872074840097
1.575745337489566
1.615799403126524
1.6432407176254242
1.822565564150186
1.8686834846040727
1.899448789923152
1.9185697495845158
1.9247034819613624
2.0956633178491413
2.1472069435786074
2.180202522823255
2.2004913398882757
2.2044176433288514
2.1768248699279495
2.2990495773207456
2.3534734102655004
2.388701749691636
2.4025908611094455
2.407811937996671
2.411214477042204
2.4101780991578985
2.396917141744698
2.3743650473309197
2.5050183596571687
2.5637653720055873
2.5981432152065707
2.6168352537207467
2.618871896153049
2.6159940386311016
2.5976680768897378
2.5712145318021853
2.5100104297102925
2.4431694185977015
2.3030263696160915
2.2366581086497157
2.1394622781989177
2.763365209918699
2.8225062772708385
2.8572986646760556
2.867500167170781
2.8731324555035918
2.872367676806921
2.8673469097064443
2.841933676177658
2.8086277465073226
2.745093639064096
2.654231102913273
2.588681558071259
2.490000775211864
2.409660368525387
2.2987034138942444
2.923170377156931
2.9823480680622776
3.0156320071856926
3.0284127668928535
3.0265029556246033
3.018508092727412
2.987799636084627
2.9494115982908493
2.8664431464770432
2.7771829884509014
2.703630674133985
2.5945610480097128
2.508657947310242
2.384756787659232
3.1154357810477453
3.1721946359987943
3.203625442630054
3.2119012012876595
3.1954646890719114
3.11260011242832
2.916888628876501
2.7113054278786577
2.477562385238332
3.2844356546731364
3.3317500052856013
3.339708762661499
3.332479397759736
3.3167680062180582
3.2734752344249016
3.2209037392485
3.117311811050098
3.0064376923262937
2.9322717914091396
2.7825056751214996
2.6850145599079713
2.5314047417968335
3.432108837106365
3.4818392968056804
3.5035474356588256
3.5003461801332767
3.4856650815488996
3.4701733368775027
3.416952285325631
3.3557017328617795
3.229104016999811
3.110095408587512
3.000628557583532
2.8624526610249243
2.73945643519936
2.582706313142201
3.5441492763082088
3.5883380791400836
3.604987748722316
3.595720915128162
3.579416887974004
3.5557885319321842
3.4944569016623044
3.4294498147323678
3.2969729338257614
3.162138332509605
3.0753157662666473
2.893792758314135
2.766301323837579
2.595634839007153
1.3885653026754645
1.4275853483076026
1.5389952179521191
1.5825751379446595
1.6124067563363724
1.7769794121842166
1.8265538005707045
1.8595303755514252
1.8739093446439483
2.0385299365086045
2.0950341290054624
2.1179695998775263
2.129997102939087
2.1406116323368956
2.233927236171123
2.2914601172433753
2.3126107758608447
2.3282388002301615
2.340660093806898
2.3351878842859914
2.3020166371472457
2.2529133001468997
2.4296378038609006
2.49149319177065
2.5130565408688845
2.5278329805849213
2.5374652751626976
2.5288438632030994
2.4870701118371166
2.43016919085155
2.2986039169461
2.1381449214404777
2.6739750557715034
2.7369135034371426
2.7611722292580168
2.771753098550566
2.777262282353078
2.7630077563787983
2.718324915421257
2.6403367085453997
2.4852768027632806
2.297307783587473
2.8248856799967754
2.8855441456141455
2.9059600426556624
2.919019462093697
2.9206856775690633
2.902131225824438
2.840870785010528
2.762842215465338
2.589751097304216
3.0045908861759885
3.0635526198577883
3.0922090545124106
3.0636078566520943
2.902052708199887
2.706379283426463
2.476130991513998
3.162255370123666
3.18712448043658
3.202815111010767
3.211487759322718
3.202218469038755
3.1715720882769034
3.090467910918967
2.9915005124108944
2.777593610421872
2.52997635567003
3.2958106704379384
3.346193867355686
3.3605001172342353
3.362614384110224
3.3451176109424745
3.305529880288677
3.2030048601824053
3.095230074727777
2.9160648555270847
2.8575624692971857
2.5813089138193765
3.3946161415679774
3.4400000361723984
3.4501980032098984
3.4497815523279023
3.423281283810859
3.3793273640920973
3.2703707423647965
3.1473725869641163
2.8890184071459455
2.5942846674908626
