0.7751086409412403
0.7915044926346485
0.7774879208578662
0.733809692245987
0.6830340213065453
0.6387197145075162
0.5928471371032513
0.5523488623679632
0.4957162254458841
0.4194584347557114
0.8393638082936346
0.8637987026774387
0.8708101898193236
0.8701438591512831
0.8321829427845646
0.7749179894361751
0.72232697848168
0.667107507693345
0.6180808950901796
0.5703687930514806
0.5255121191288067
0.48960949179555113
0.4264472171763795
0.9052120379286529
0.9159943524390243
0.9242173535110513
0.9325170000705127
0.9338979267928557
0.915487759085923
0.8567040818158592
0.7972532577243104
0.7333472992789568
0.6761649132507735
0.6203098227375784
0.5675831806973359
0.5251294038954959
0.41846053075349104
0.9621940957266704
0.9810438071612998
0.9849280925641751
0.9896363819858982
0.98984060236534
0.9857180160502111
0.9357812008338906
0.8712436650445573
0.7988078574939314
0.7331618494920615
0.6687421525962165
0.6077198378042399
0.5583860140567637
0.5100087082839766
1.0353463946661943
1.0455789236997746
1.0526797347213392
1.0585071955833147
1.0589047893653647
1.0421203137339619
0.9789555715741908
0.8957111028519311
0.8172093605962919
0.7392772485745235
0.6650692151716575
0.6048534214895407
0.5454172123224702
0.4949225942015441
1.078945633662202
1.088444075914198
1.0948174414434362
1.098754756245317
1.0985462680569853
1.0957817064519682
1.0525631752375777
0.9657917600372703
0.878410448808147
0.7901906748774299
0.7058484999321958
0.6370558638170711
0.5691123344428756
0.511153520170684
1.0071009340047214
0.9151262597160306
0.820700299119795
0.7298676526130047
0.6558906302361603
0.5200992221668136
1.1210980863072075
1.1344609335158609
1.1336625306955612
1.127188947057693
1.0512999780742096
0.9556767661652132
0.8545286094126813
0.7564627963188157
0.6764453154167095
0.5971879405357167
0.5294225912896537
1.1392335258630282
1.1495449439623637
1.1462208192208054
1.0998161582060109
1.0036702594425944
0.8951692253376071
0.7883005930317056
0.7007972462999345
0.6140740257015364
0.5399162310693457
0.4702724315106514
1.1484406419848294
1.1560491154367156
1.1519818826609274
1.127600721829583
1.0405776985595172
0.9275034965724266
0.8136796726589082
0.7200402270875861
0.6271911629226926
0.547811352347366
0.47330029788830386
1.1566707998621957
1.152170849114998
1.1450345896135203
1.128184255123148
1.0770860767665504
1.0370304662265446
0.9618974323519414
0.8408249309672096
0.7404979688487436
0.6409309474947573
0.5558300424726613
0.4760431682599975
1.1494199820286575
1.1512156510338794
1.1395086551317826
1.107002037700686
0.9944932314090318
0.8675949312009918
0.7606838316167945
0.6542789197580705
0.563410521205744
0.4783572519394717
1.1339686017654278
1.1262797196223564
1.1184479955411835
1.0922938504567437
1.078489606268956
1.0308579555440478
0.9714465312916919
0.8996688765532693
0.7850903863597475
0.670273183333542
0.5721928975795778
0.4806161112550643
1.1071805962342725
1.0990944774068607
1.0835482348879677
1.056046534856514
1.0221270119099244
0.9744467769365547
0.9277721937217839
0.8072455969220157
0.6846902316654905
0.5798240602013337
0.4821389700333882
0.7770695966602305
0.771521670346824
0.8469339354674601
0.8557450317460364
0.8279880044047104
0.9136344542016571
0.9066634545035529
0.9687758499484463
0.9308048753780082
1.0307514667551458
1.0283845396385063
0.974624462053447
1.0721214468849811
1.0436234483845759
1.0733893827525811
1.078010696577428
1.096199380495908
1.104792096453032
1.0450530256604438
1.1112739740045998
1.1169995989223793
1.088568718279652
1.1231887793799529
1.1107035234975036
1.0353242003931438
1.0682820617713518
1.1106896405341258
1.1140910943870401
1.0921334026930785
0.990545933690037
1.0864286217117378
1.0232447109038811
1.0419139872125955
0.924304027504629
0.7112753707049158
0.7260268506178295
0.7619849275158062
0.77735595647644
0.7862564858668228
0.8338216859413329
0.849577733881408
0.8579403152454829
0.8601009315974638
0.8556788141564821
0.9011752676483277
0.9162330003490163
0.9232836481249396
0.9235930045367889
0.9162934673494038
0.887690769804539
0.942816471421219
0.9567173497766656
0.9624791614933231
0.9624214763622392
0.9609873001212871
0.9573503829074369
0.9516555410020817
0.9360954875482116
0.917618024406268
0.9770094109804646
0.9895855558266172
0.9934234093971203
0.9896157868865726
0.9847554017754627
0.9777612370455031
0.9590091322483446
0.9389236796344514
0.8989398285049425
0.8590980234412767
0.7804072324806628
0.7444328168510485
0.6930353356135904
1.0075987431939037
1.0172489783657426
1.0180910345406116
1.0157136268293752
1.0109098330646007
1.002872609985765
0.9956115157086635
0.9728902946388318
0.9497786676433126
0.9110137511783527
0.8601489066519292
0.8250873495666385
0.7740740201503228
0.7334215834806753
0.6787647180141398
1.0185849433407712
1.0256268642220006
1.0246530081186807
1.0153946701516727
1.0074480098810692
0.9971051811935341
0.9721265245586571
0.9469185542578461
0.8990001008243556
0.8513999082019982
0.8139464520161201
0.7599335261451005
0.718600774815124
0.6603763495102745
1.0220784179731401
1.025597307264954
1.0214478669789055
1.0089790799477065
0.9873695542650868
0.9319987796986057
0.8300445089049512
0.7330238092260658
0.6288564023389165
1.017483145453632
1.011670066792435
1.003766579240386
0.9854066138618992
0.9709993846952988
0.9412455785249749
0.910886797154988
0.8576735220988946
0.8046301598435918
0.7706006681744066
0.7042142059156082
0.6622117533312706
0.5979905777436917
0.993365762256869
0.9896273418900188
0.9790429562790252
0.9600503857461578
0.9449773084531071
0.9331149050630406
0.9002982901011838
0.8676709797544088
0.8075336921105508
0.7549473459351018
0.7088541760544279
0.6522180331148782
0.6034884803597436
0.5433359337938988
0.9658714419879088
0.958848319671812
0.9458964501336096
0.9244681049634734
0.9097810691230351
0.8931494481991069
0.8582106267473156
0.8260368418046262
0.7665170864463214
0.7104834344321261
0.6756561124380327
0.6057029429953545
0.5583650085893885
0.4973782057586457
0.6878687270896972
0.7035195814400497
0.7356637183904966
0.7518883729149939
0.7605941423546047
0.8028909896714786
0.8191075846916079
0.8269308821867482
0.8189324365667288
0.8648817244899942
0.8805662199133943
0.8851209028818654
0.8862754369904803
0.8734180537652867
0.9028404214599216
0.9166374749480722
0.9199952147028991
0.9208164081990251
0.9152026617496873
0.903375614554245
0.874857990268182
0.8414806903390567
0.9330059661941364
0.9452351711623103
0.9475383311851484
0.9469778767037756
0.9383071360352617
0.9245551255866435
0.8913572371751332
0.8549070526396291
0.7790550356753528
0.6926594515397259
0.9585339582686271
0.9672948135730974
0.9675979434294021
0.9654923176269972
0.9528812806837416
0.9358923306417287
0.9030745691366155
0.8561674660328297
0.7728042775472239
0.6784208110179252
0.9667412079154996
0.9726880162637255
0.9717377657792309
0.9679127166052491
0.9528223893734039
0.9335668743552834
0.8920154993741853
0.8476176052515706
0.7587557242642988
0.9663626494622803
0.9686481141451495
0.9598903816127927
0.9195597695623168
0.8265585625674224
0.7319663367422017
0.6285858730995226
0.958721303295967
0.9570833395462557
0.9531563022489555
0.9451677812678366
0.9242061802304544
0.899383514280982
0.8516853481860792
0.8014526690434214
0.7032745764826971
0.5977561855274944
0.9319743082202833
0.9259875234236725
0.9177767854043707
0.9100082099512816
0.8852170120262247
0.8575421612945177
0.8025658056536268
0.7522750868785787
0.6754253926688234
0.651450916250741
0.5431588121788924
0.9028352115735744
0.893473393368386
0.8844909676168463
0.8727774293707774
0.845023015262507
0.8170357225141018
0.7620673316067937
0.7081848538513974
0.6050774258874303
0.4972444967353944
