3.432832289172829
3.4885862243947092
3.4229670039506437
3.2428235309608926
3.027740496668201
2.8326926936265626
2.622652487738338
2.428352383089347
2.139023001288736
1.6935978065991144
4.014667565285748
4.109601459375147
4.136110353691535
4.129912132509623
3.963704527017182
3.7091336045998196
3.467303623396486
3.204260436351736
2.9607554129578
2.713262474179403
2.4685982575497634
2.261629473736411
1.8547297083950411
4.629272756912364
4.676052567652557
4.711804825922063
4.747909186159978
4.753972648251344
4.669729068714102
4.3971804096280245
4.1124295576477605
3.796205999627724
3.502204010687806
3.2036655587881504
2.9093227318954886
2.6611069544435826
1.9490372840240273
5.271293465480469
5.363656388426542
5.383183496110972
5.4079716160725475
5.409779488741267
5.392601309443509
5.153620715422122
4.832063067716537
4.459190472188843
4.108840583804883
3.7526972667172522
3.4022012964921324
3.1074284892015545
2.8039216120921022
6.312937759586503
6.374606632823624
6.419222563198742
6.459946443293937
6.465033198369673
6.392710828519103
6.0646442209939995
5.610139243565415
5.165226738449531
4.708981028153725
4.260063319439766
3.8836367143190484
3.49756598756273
3.1545663630234038
7.1515500771002785
7.218440663487124
7.267188644254107
7.307530016622971
7.312067953618934
7.306169076681804
7.089497291066827
6.599222031443057
6.08082183584795
5.539674678670496
5.005391884067705
4.5577918903339905
4.099773546091677
3.6938545592325664
7.2617768805420395
6.7016381365247515
6.1049948303808215
5.5130972575971535
5.017073631595275
4.061255088258145
8.32555357037173
8.464623312934787
8.495757045547641
8.47653264413332
8.058363563121596
7.461201061550775
6.800366428717258
6.138588336701312
5.583139310631372
5.0157702534341055
4.51421294647686
9.148044981392253
9.288274901663911
9.319336644812473
9.092482947915434
8.483678183275067
7.746565283399735
6.992495530622093
6.356665645497187
5.707177666077101
5.133654499072724
4.575174815543765
9.855753132698364
9.99177560760842
10.028495004317177
9.932877295387065
9.391854799780058
8.602681214627216
7.769393576981982
7.061598381495677
6.337775497692297
5.698882214681142
5.077417443261228
10.81229867992424
10.8454649214628
10.832781215149321
10.760179191889744
10.453066610146204
10.180609888840571
9.634755392301468
8.714380548100674
7.921305940406337
7.107754592004826
6.389492288486328
5.691432801755724
11.548774043094566
11.68913229098133
11.714865512690597
11.56639605963111
10.783855288715264
9.783532575495185
8.898359363356763
7.984569285008335
7.1766942666479325
6.391884144559161
12.86612762409417
12.89387225043071
12.883023531463014
12.76817985340967
12.68663203184705
12.35784364689557
11.896563495184003
11.29926265287878
10.296184359899303
9.243618823063628
8.308914225085793
7.400551897685954
14.075524307641926
14.10104260653687
14.07104517948015
13.934559915440145
13.707566703354376
13.335321351531395
12.938399535366248
11.83607748280294
10.640293426568634
9.568358753988946
8.52442764213217
3.4330571660333207
3.4007950663098585
4.039748265778342
4.071407622493004
3.946413524374945
4.663989880950209
4.6301871981851015
5.309939665795476
5.129002332221291
6.307375971066761
6.314744934474239
6.039540402907092
7.157036795830471
7.031934716180501
7.529376831038316
7.648814732592522
8.185887685375318
8.31077367258932
8.010448171876627
8.977677250105428
9.111035676307674
8.99741755738966
9.769299160206392
9.777717008930404
9.341444273253837
10.360201440520397
11.184107727463882
11.426955055367564
11.393491937268829
10.734723032750082
12.5768188395904
12.250213373548394
13.705052086062251
12.876102948648889
3.1873994270905066
3.2381826733940704
3.6064146425717096
3.6639740561214102
3.695986304539455
4.308146961980492
4.375821412011503
4.411727259468769
4.419497931971003
4.396583796962322
5.1467423468612585
5.224692682173873
5.262588216725869
5.26656763284241
5.231690202213799
5.08629679263471
5.825355573078286
5.910025878335582
5.950472079801518
5.954884308668027
5.949850919061584
5.9337546357879445
5.905412821933158
5.825008470767268
5.726346104404103
6.5732718860517085
6.667787179069617
6.706625701222458
6.700680004255394
6.678276208759249
6.643392839119601
6.54390596020798
6.430287095380764
6.198282803391416
5.959970534610637
5.477423975175893
5.251848186740639
4.923691602420135
7.620014422850978
7.72048827249811
7.7605792549113355
7.760502515201651
7.744785194802938
7.707090127369881
7.668730616806249
7.541596379827718
7.402564664206314
7.160323334172547
6.8316134756075915
6.6002518647473725
6.2563559266489355
5.979008079110827
5.598646367512834
8.349503166951603
8.454705190242962
8.491998359802611
8.46957064993136
8.433693426469967
8.37867785980576
8.23170260372908
8.074000867994839
7.757889666611915
7.432187548086405
7.170073308659205
6.78519847653108
6.485052074569593
6.055275449258754
9.349189152066542
9.458327124512596
9.493989197661099
9.459588968465374
9.348761514544735
8.991713320167868
8.254863298805523
7.5135035946687285
6.683978235828734
10.244346165978502
10.318418779038996
10.306963986470487
10.227053400323523
10.146072198124054
9.953586169419296
9.739206192427009
9.339299549615598
8.924207764881263
8.650077170357665
8.103261056701315
7.75073747599048
7.197678448434725
11.502911074922746
11.620114231925802
11.645697284200478
11.584915905911664
11.504455456542189
11.431898616933928
11.202300079782356
10.953860747374854
10.456951376324659
9.999370698563421
9.585714496136818
9.065230282665766
8.60657458109057
8.024851180517945
12.569216900170861
12.687122873871042
12.709273308414271
12.636034122200844
12.555500118932903
12.449833523940637
12.18976009086979
11.924070458618626
11.394826234275923
10.867383897843759
10.527922316041657
9.828029860621516
9.338415266215982
8.686551115298474
3.0928476883368092
3.1462035933626504
3.494246159303104
3.5545693318549056
3.5838760381004806
4.164915470017427
4.234919178775404
4.266565719585346
4.223023886765369
4.962785075296139
5.044523565737124
5.068989621146739
5.075888729918389
5.011409895060703
5.609445590641591
5.694731577519449
5.718147530001196
5.726794145411282
5.703138148173684
5.642006179872333
5.488243367144288
5.301642986273293
6.317945053590092
6.412973374119922
6.436062421768674
6.442183181745208
6.407341886625614
6.334738993732153
6.147109876941337
5.931285269763083
5.467890227924427
4.920937220207993
7.30872740496829
7.410570264576507
7.435104391509771
7.435436672225437
7.384665612049063
7.292449883624248
7.096253803355935
6.798729134710574
6.245404490182854
5.595496228202581
7.998927464953224
8.101741123430784
8.124086707826493
8.123780488593539
8.06065391988594
7.954071983212918
7.693565533671654
7.396449884828404
6.7734310338502395
8.943351690058682
9.050593566497156
9.065207501452589
8.858284020608364
8.215026788252429
7.5004657634618095
6.680256853787521
9.78748788950972
9.830800920302645
9.84858336333633
9.839283618462105
9.746640108522993
9.596397061202074
9.262007440489038
8.881427807804057
8.089342218753773
7.1936805061347355
10.974677591481733
11.087985095733652
11.101352849318694
11.085690433442036
10.969531773717113
10.792931820298142
10.373418295557567
9.951893659035811
9.27098569391644
9.049665516112817
8.020414092915113
11.973618183313029
12.091616300295383
12.103767853674638
12.079236243563232
11.940946249453113
11.74885087282338
11.301799913527685
10.815700879952539
9.81126873933151
8.68178074827555
