0.5158939262658813
0.5268164665159827
0.5179518815643317
0.489454898528811
0.45618780435412665
0.4270097252967904
0.3965771640430288
0.369402841532581
0.3305329689480484
0.27426582521193543
0.556150636441946
0.5723137755880605
0.5770381493894279
0.5768426713041306
0.5525625245014514
0.5155499962049775
0.48137843171876804
0.4452499622109014
0.4128609929050426
0.3808992185886518
0.35017728495477746
0.3248300832876236
0.2767580874011371
0.5980607899788867
0.6051719246625028
0.6106231887238509
0.6162169997062904
0.617178978563631
0.605953707241437
0.5684746852050097
0.5302806365240909
0.4889457444867799
0.45164010840926916
0.41476478416616586
0.37930540864280554
0.3500471903890999
0.2692677571339075
0.6346050899789536
0.647127884700369
0.6497538373633125
0.6530681178610135
0.6533906761928152
0.6510131685233412
0.6197795097983944
0.5788081097696581
0.5324505015060139
0.49010096549094784
0.4481160271111755
0.4077182079958142
0.3743841828532541
0.3407305107255774
0.6825041494852987
0.6893703719223239
0.6942175482673915
0.6984419025887438
0.6988543387261121
0.6891876768627934
0.6499884309467665
0.5975474813777268
0.5476574783813883
0.4976877487139743
0.44950357385503487
0.4097794015844784
0.3697064563344333
0.33457941248440454
0.7121286961260392
0.7186368622050816
0.723145173750678
0.7262644873102415
0.7263799373484524
0.7250324559843714
0.6991393753231062
0.645229732021393
0.5902480496855407
0.5342589801331679
0.48004746925423347
0.43535501384370634
0.39033078382207476
0.35091977709015215
0.673600829966255
0.616103174793919
0.5565031131766545
0.4985379416073352
0.4507274737569718
0.3605309358091084
0.7427036945536516
0.7526480061998571
0.753185096804661
0.7497963438542966
0.704227583832342
0.6449270068944205
0.5814604713329896
0.5192517055022964
0.46786071087455333
0.41618711079790094
0.3710606051285189
0.7575736215875009
0.7657921678565054
0.7650452389207633
0.7382624287927975
0.6794461547535959
0.6119440184995607
0.5444759885896051
0.4886513842791166
0.4325327059252925
0.3835901839478542
0.33631874545649126
0.7666582269643547
0.7732521851286562
0.7721871067613715
0.7587322480349249
0.706351989103911
0.6363799581205978
0.5649347617893209
0.5054469791464841
0.4456359766211086
0.3935301101078595
0.3433074590582447
0.7780019879514197
0.7765708031672036
0.7729774307273258
0.7636003517690402
0.7333753844602339
0.7091046480189266
0.6627886890733816
0.5871531301321665
0.5236419033000917
0.4597411534418816
0.40412037489255836
0.3505439100146748
0.776016631937169
0.7794476829070001
0.7742731540591905
0.756085837962678
0.688283514601402
0.6094185271882732
0.5419688361431614
0.4738530847267636
0.41460441840188916
0.357729587333788
0.7753963140885616
0.7720825717466766
0.7681613174173181
0.7534876658517101
0.7456321594162729
0.7172930244872884
0.6810414473113044
0.6366013688257874
0.5645730316935891
0.49124276164407377
0.42744084160399853
0.3662112281181862
0.7655525876315188
0.7619159924878934
0.7538592072432364
0.7383859102175215
0.7184039782187708
0.6896589702955657
0.6609819236497784
0.5855573664785801
0.507414647802723
0.4391270802162941
0.37380948175938417
0.5173901912429331
0.514023836619512
0.5614366261123349
0.5674312412783514
0.5498184836127611
0.6041375742098171
0.6002068805916659
0.6400147968244773
0.6165530747251976
0.6806038662363638
0.6802587894522107
0.6471598302721018
0.7096359964204171
0.6932914640555882
0.7105300073976093
0.716572239224159
0.7276419188606876
0.7350944623692124
0.7000850805323156
0.7405959482466643
0.7465821508012901
0.7307695771857017
0.753026073742887
0.7474199816423398
0.7027851839116172
0.7273583211959703
0.7509343311529108
0.7569340751258148
0.7458530666623397
0.6855021850913765
0.7476884155023452
0.7118963175284622
0.7281619472802136
0.6583826033232533
0.4741560702242931
0.48395258001671987
0.5064159065482924
0.5165909974048869
0.5225270427446299
0.5524287193892481
0.5628707131011103
0.5684978758917154
0.5701208787430228
0.567484338312572
0.5963669352463137
0.6064472012614539
0.6113492625822564
0.6119147549511802
0.6075729027137083
0.5897339095054515
0.6243633419884336
0.6338177726878328
0.6380246887871283
0.6383129243984402
0.6375800673462304
0.6354924457709932
0.6320930836652446
0.6225533993877034
0.611138014308329
0.6484194938282802
0.6572290040647271
0.6603636233035113
0.6586519635480518
0.6558508350721848
0.6517238691536574
0.6403200345896942
0.6279228388728013
0.6029701651745175
0.5779027991806005
0.527965498223509
0.5049299769390418
0.4718109392228872
0.6721577564539577
0.6793979117764369
0.6809107392849877
0.679873776037904
0.6773165107711163
0.6727418622479184
0.6684790618210377
0.6547827365342047
0.6406321660308281
0.6166173448080081
0.5848051107084972
0.5627222463687624
0.5304032933023055
0.5044668512137392
0.4693456773323321
0.6827172145448219
0.6885511484099931
0.689132355288573
0.6843832152220666
0.6798662413673571
0.6738256726627111
0.6588526289281927
0.6434449130194735
0.6139309607578552
0.5841027886345249
0.5605645918435994
0.5263564711872627
0.5000252090752174
0.4625859001567349
0.6904690831437619
0.6943858066311974
0.6932331975253753
0.6867142857317432
0.6742537641298394
0.640898708824337
0.5776142946812519
0.5162690003982059
0.44938711783168417
0.6935446736189085
0.6921925358187212
0.6881930642247616
0.6780435751124559
0.6696480208277913
0.6518946771548638
0.6334110933488842
0.600563831925991
0.5673957493922049
0.5459568766951226
0.5037583920751121
0.47683186062467736
0.4351896264415025
0.685543496687858
0.6854670261924869
0.6807222406588226
0.6704979748865294
0.6618875866375695
0.6549335249556675
0.6353558477333784
0.6154641078576545
0.5781681784516461
0.5451527788646854
0.5157889112015712
0.47942123743256937
0.44782580097922137
0.4082739357654817
0.6746376295565429
0.6727851003616556
0.6666934477753779
0.6550952576349895
0.6466600994569618
0.6369054331929597
0.6159232580145093
0.5961988360854323
0.5590654544805469
0.5235760357651561
0.5012916039184606
0.45595868116124183
0.42484450885520825
0.38408206323600497
0.45889657243448784
0.4692826316341948
0.4893953949852773
0.5001359932701169
0.5059712001819664
0.5326452384351671
0.5434101324142129
0.5487423587721846
0.5439603036917375
0.5733814360157549
0.5839188016890947
0.5870973459984472
0.5880205377511644
0.5804170532654798
0.5991956378085957
0.6086659753268125
0.6111205687560574
0.6119558563655144
0.6088879993094504
0.6017276688311856
0.5839815350749542
0.5629323359366181
0.6208506587440087
0.6295692110005292
0.6314543008559949
0.6315071197806179
0.6266909101873283
0.6184417118926707
0.597945466488551
0.5751136885372314
0.5270570720719154
0.47155513900198587
0.641543720917917
0.6484031500601858
0.6493130485900643
0.6484461402214801
0.6414243648934863
0.6313292160913149
0.6112685290013109
0.5821019233967963
0.5295280291895591
0.46910325674245473
0.6504625839157386
0.6557645690047583
0.6558873397642069
0.6541785516456983
0.6457982006151907
0.6343759003884095
0.6091453669938446
0.5814881004837685
0.5255254336370048
0.655811749347358
0.6591841635492907
0.6553877141673249
0.6323197198139784
0.575131523803997
0.5154932573779458
0.449179277395414
0.6569668668274571
0.6571383019980377
0.6555570954797492
0.6515619281949964
0.6398743050894828
0.6252273491396414
0.596241017896851
0.5650644017055962
0.5030415095190924
0.43499900423670956
0.6471319158561648
0.6459853160863008
0.6422104333551224
0.6381865638430309
0.6242715453262636
0.607936914849162
0.5743931429553317
0.5430749441267778
0.49419871002490506
0.4787892250251056
0.4081121788623006
0.6350095099367798
0.6320602126911252
0.6277457835135484
0.6215627871195041
0.6058462463639286
0.5892493248652297
0.555519555956251
0.5216856808900613
0.45540038001043
0.3839432487295058
