0.26293393503324164
0.2691586945925295
0.26670597969169735
0.25391441063415876
0.23867041910807493
0.2252569024860948
0.21128594108678161
0.19884367056849503
0.18115385135782303
0.15587097230860042
0.28268436789003093
0.29156334187688276
0.2944127170411394
0.29513348936041034
0.2846590922086387
0.2676724641042459
0.2518336494514943
0.2350582209585605
0.22002568483196258
0.20522370671459547
0.19102966331261173
0.17935452839819385
0.15729236739801658
0.3034675823284649
0.30730823868130946
0.31031794071675356
0.3135818324719279
0.31421638250611245
0.3101937498441174
0.2930930501634235
0.27530742697301264
0.2559659522982014
0.23847872293170208
0.22120225199406113
0.2045928813596585
0.19089775420861457
0.15324410722733356
0.32127774137788345
0.32806308463570805
0.32955291609464377
0.3316109716658489
0.3320483144206536
0.3312811429204652
0.31731789255604653
0.2981993776398115
0.27638659475059085
0.2563850663435127
0.23653280205578736
0.21740652928450077
0.20161215870036872
0.18565551088331012
0.34408558446130744
0.3477134699445352
0.35034239837608067
0.3528086457614622
0.35313237215707416
0.3492619614440732
0.3310600048614328
0.3062484964564591
0.2824953958704342
0.25863512849529735
0.23555782635749623
0.21647872799140896
0.1971931062546171
0.1802474208472602
0.3576856510344966
0.36107259672728304
0.3634790403865657
0.3652939692145875
0.3654636485283505
0.3650004338237126
0.3531535771073116
0.3276018307295359
0.3013304764059229
0.27446339654285345
0.24835326882007835
0.22675146051143466
0.20492642366469643
0.18575795164408526
0.3400959172174003
0.3125715850554439
0.28391020500346975
0.25592544083224733
0.23275662206928943
0.18882459078383468
0.37095745379273015
0.37603520792732514
0.3764826352448767
0.3749745394097296
0.3533750297870101
0.3249353859990104
0.29435710323418873
0.2642597938390039
0.23930841510955417
0.2141251937258828
0.19204637268189215
0.37682100832577964
0.38087442636254376
0.38058124359960893
0.36779414371201136
0.339498795271615
0.30687333193891425
0.27422383244672105
0.24705931443781987
0.2196832094720862
0.1957053871489909
0.17244094435701154
0.37993370325935755
0.3830557387382178
0.38248579020312445
0.3759526609367136
0.3506381825182234
0.31680404602442325
0.2821654249077748
0.253198152405021
0.2240084653859857
0.19848095640128186
0.17376133552529036
0.3835893319257776
0.3827472527001932
0.3809434372858063
0.37631258629516917
0.36156384444466294
0.34974906846240367
0.3272741172647212
0.29063014223903394
0.25972160874247263
0.22854713980616498
0.20130880115546249
0.1750068024981144
0.38103995156596276
0.382324151505739
0.3794802559800612
0.3703855598811573
0.33727150386160143
0.2989732527487859
0.26615152877123394
0.23296574801992234
0.20399704529288332
0.17609748723924512
0.37763546038880424
0.3757068346980829
0.3736342863608391
0.3661991373257991
0.3622979103373841
0.3482754644808152
0.33057278733677586
0.3089441463773818
0.2739249091479859
0.23824775124172023
0.2071112456255479
0.17717395448552722
0.3700482336343577
0.3679331428814821
0.363631532811315
0.3557365691948468
0.34579805224338434
0.33162809713271
0.31762468521169657
0.28093678199268685
0.24299515056476761
0.20980620279432216
0.1780215426517791
0.26473362027081865
0.2646749955110438
0.2864393425374977
0.2903115382069652
0.28324438605213004
0.3078903738979282
0.30725850161336965
0.32571551558631195
0.31567755036992196
0.3440187435286735
0.34479481786803495
0.3296410909920133
0.35738836101880994
0.35025905223163
0.3564237347169057
0.3603125709769847
0.3638661268418358
0.36782131551012043
0.3513620122698633
0.3687499822051852
0.3717445273090809
0.3641980060346628
0.37336676594467266
0.3705788128159981
0.34895198113271336
0.35875382952871754
0.3692258032000739
0.37145186908887695
0.36566443256977915
0.3360026975699111
0.3639445813992581
0.3458551531319091
0.3512234190479297
0.31650224754432943
0.2429658165908181
0.24841387789974897
0.25919954750361757
0.2648425546824788
0.26833562165407127
0.2820598162817776
0.28781187925443535
0.29112401155858686
0.2924723068357922
0.2917074406258645
0.30340122730604213
0.3088940456382761
0.3117746489468352
0.31254788077780205
0.3108871144470545
0.3029168882815003
0.316582692312172
0.32166706786919674
0.3241252117156712
0.32453195353593695
0.3243209220013148
0.3234947651088878
0.32203775754717484
0.31772132757193106
0.31243914439124904
0.32745056858029464
0.3321048477472937
0.333927287955646
0.3333848804277987
0.3321919296416958
0.33031443007339417
0.3250204231460186
0.31918567860889707
0.30734203151397876
0.29537954927592475
0.27142936923421945
0.2603420351305397
0.24436901904725586
0.3373438502334354
0.34102668791493
0.34189268556380825
0.3414614411784311
0.3402926582441859
0.3381530712652785
0.3361461993996519
0.329611331710476
0.32283397612741704
0.3112985645039244
0.2959665928671997
0.2852890444894296
0.269670883700024
0.25708895163443307
0.24002536440678424
0.3410933163937947
0.3439343282075079
0.34422991190386815
0.34194544377600644
0.3397681118523665
0.33686086110081204
0.329635887172138
0.3221815366506655
0.30786934888946105
0.29346022817620887
0.28204874764687515
0.2654339531460563
0.2526138239192005
0.23436321572651286
0.3427230143993275
0.3444108063182234
0.34370272401033297
0.3403995403638207
0.3342573398802168
0.31797569057079444
0.2871801002030757
0.25730572905923743
0.2246241911383786
0.3420826750318542
0.34104102843314016
0.3389567005503923
0.3337893790699012
0.3296107459684671
0.32085472815208926
0.31180323164894286
0.29575986383848146
0.2795720543708212
0.26911211057225604
0.2485293336911037
0.23537612209695388
0.2150173879135635
0.33517976952165385
0.33454539680029877
0.33180345664370214
0.32641763660510853
0.3220512249014065
0.31856610040525607
0.3088269435964984
0.29900456941076753
0.2807293000806768
0.26459932914502315
0.2502892935812936
0.23255095367500456
0.21711693098743676
0.19777932079507218
0.32729158914478085
0.3256424569449111
0.3221198464451076
0.31599222646748915
0.3116648035202286
0.306742770353973
0.2962671744854482
0.28651269695143716
0.26831635751518484
0.25099906080856255
0.240139322545817
0.2180424642212921
0.20290246280567276
0.1830498772622025
0.23589683793456578
0.2417339596163027
0.25128567924481077
0.257305532690769
0.26089436354062506
0.27280866576636614
0.278806132593314
0.28210195187803006
0.2808375710406598
0.2925813079094964
0.2983774367444593
0.3002833286065998
0.30097764167236185
0.2981789968957399
0.30468281117757284
0.30983094701509384
0.31127605361125676
0.3119371054538485
0.3108609037804563
0.3077108639064492
0.29951978801182544
0.2896254539900289
0.3143701497886926
0.3189861832572986
0.32010182728181347
0.32030121729437105
0.3182679149446189
0.31448722451902245
0.3048512894750621
0.29399684461663655
0.2709792038559684
0.24424250384859125
0.32275376589365196
0.32624078292500996
0.32677054135719624
0.3264127403795833
0.3231274995456249
0.31832182138515014
0.30870768404842625
0.29465997909880964
0.2692498935441101
0.23990979400609674
0.3256812061889348
0.32823151055826993
0.3282843883324495
0.32745792074695734
0.32339744140571597
0.31785430111028523
0.30559320105172594
0.2922208683108404
0.2650434917872376
0.3261053072248377
0.32747871555505315
0.3254241092592019
0.3139354716064751
0.28603717041759097
0.25695405850052594
0.22453233010562293
0.3245132045082925
0.32438816267533505
0.3234423089302168
0.3213070091401275
0.3153541900694584
0.3080750186586746
0.2938054501234612
0.278527292024762
0.24821503953328958
0.21493689446016173
0.31674528529391704
0.3154800016272285
0.31329463993179185
0.3111136193583054
0.3039386332896612
0.2957056684559903
0.2790962798633811
0.26371210115488747
0.239810122071092
0.2322905744690547
0.19771672388659595
0.3082934028554947
0.3059954679384626
0.3035042480871503
0.3001365881272168
0.291964735567634
0.28357062061415267
0.2668408207296628
0.25022756439039767
0.21782593313215812
0.1830007941221108
