0.48365820370122387
0.49724721554404805
0.49937036186946876
0.4813964177392946
0.4588857242194807
0.4390192513251729
0.4185278766064661
0.4005894094255845
0.37587623651211555
0.34331114514858996
0.524938183287062
0.5439400652745915
0.5508577635281687
0.5551276960912219
0.5421498578051089
0.516880200718693
0.4928161752524988
0.46737527612663093
0.44482265292938883
0.42295301520301004
0.4025225740302988
0.38620512031209175
0.3573904590553476
0.5690614324118172
0.5773035018208608
0.5839846860651703
0.5918797647333489
0.5936677714852403
0.5925621555720163
0.567533219664594
0.5400492449445699
0.5099468552723394
0.4828702119872658
0.4563640683709416
0.43136502840751645
0.4111803125015615
0.3592606583624454
0.6076416993931706
0.6227580097250109
0.6263477303026239
0.6320155760995434
0.6340445169580147
0.6345171369970392
0.6155671539197971
0.5857875701755019
0.5510988677364329
0.5192588502836258
0.4877988267226679
0.45787059535124547
0.43350426051053237
0.40936475335367223
0.6582093605336697
0.6663934649711472
0.672670659148868
0.6794421323257631
0.6807499003018916
0.6783583357328188
0.6507604256163937
0.6104212989388108
0.5713104678169668
0.5319197379185926
0.4940225539095913
0.4628884678069446
0.431734835854325
0.40468323152214936
0.6893163507137907
0.6970876719579637
0.7030146148654796
0.708551092627569
0.7096460220492281
0.7101704512594004
0.6938901567388995
0.652216304132993
0.6080944872479612
0.5626581571383497
0.5185218161485259
0.4820810703458157
0.4454558128971482
0.413474584634632
0.6763954841841062
0.6297687019665487
0.5806927141203665
0.5326664298743647
0.49290602850687476
0.41786472014711123
0.7208247994761146
0.7336372705566072
0.7368770582964645
0.7357253988771444
0.7018732477926651
0.6533861093605057
0.6003844133358643
0.5479664549356521
0.5044252591944338
0.4605119319961443
0.422040319430746
0.7357432195927526
0.7463408240132873
0.7482148988912057
0.7292198694659388
0.6809104709778031
0.6236828513250211
0.565945260456409
0.51773455838847
0.46904711095258933
0.4263663475455067
0.3849759232020768
0.7444402091846993
0.7528632567819806
0.7539740502762116
0.7446808289686067
0.7017402733502359
0.6419695412789197
0.5800775363536872
0.5280549396466627
0.4754713341492706
0.4293795150992
0.3847148568881048
0.7563600664285253
0.7565026013725693
0.7541808982470974
0.7469810264507438
0.7219655571945237
0.7012784300872353
0.6610908528976481
0.5949940426617697
0.5388856510022513
0.4820509933429876
0.43225591033579047
0.3840788633470095
0.7517335328847393
0.7561650609973731
0.7528528985896081
0.7379389364503087
0.6791900019931764
0.6095891323513991
0.5494776053725025
0.4883713910842923
0.43487006539302586
0.3832178092829263
0.7494752953832569
0.7468178438060055
0.7435648469586252
0.7309258612680313
0.7240160090000451
0.6988450739470136
0.6666909097646202
0.6269247443396168
0.5621899296157382
0.49588025034570204
0.43780927529147257
0.3819205715113793
0.7365891023541894
0.7332394274507902
0.725919440945428
0.7118882839747621
0.6938335062508851
0.6678522851786177
0.6419492762897797
0.5736926260562818
0.5026978657510099
0.4403279855580578
0.3805195481655757
0.49025575791345066
0.4955134491838826
0.5357013084266348
0.5459094886145395
0.5394066541187499
0.5826758726351033
0.5868482468314417
0.6236483772905117
0.6123187880315604
0.6628348136245625
0.6695114576643032
0.6479144894839934
0.6950876745308888
0.6881001590540792
0.6914604649565211
0.7074114977912604
0.7095255488341738
0.7214858633173512
0.6978225225536602
0.7222991777525704
0.7320485072701436
0.7220213215528184
0.7358540467730104
0.7339671638438038
0.6983549276777017
0.7163606579518631
0.7294185234115045
0.7369660976866806
0.7285833829136517
0.6766670735928786
0.725537703129545
0.6940821330056112
0.7030872791888144
0.6397709156548772
0.450843255519563
0.46237226853443847
0.48522922884275604
0.49742382870056295
0.5056127736144829
0.5347154246818576
0.5474998201387208
0.555680333405661
0.5603622808628078
0.5611948868090423
0.5822260821312022
0.5948554860158116
0.6024422454277263
0.6063345257678657
0.6056749060517798
0.5951467667192141
0.6123990493331579
0.6244059592144074
0.6313966259397663
0.6336401117206911
0.6341513933107467
0.6338051184707251
0.6323581013610546
0.6266122715571918
0.6187870042093577
0.6380726482276525
0.6494458843347398
0.6551339128821099
0.656559151391554
0.6555230213524517
0.6532074456654238
0.6455735447441826
0.6365090039944465
0.6173517077169459
0.5975466269517659
0.5573282348740473
0.5387052012769654
0.5117556268786949
0.6628011550973022
0.6721790200124308
0.6760284630652011
0.6763218219758631
0.6753218403319295
0.6725876571227406
0.6696868622287255
0.6595162477534413
0.6484218494567897
0.6289627175425928
0.6027751427257152
0.5843389540062743
0.5572547027373459
0.5354067014337439
0.5056301554200525
0.6732743491159157
0.681007809045159
0.6835663519707045
0.6812914493567048
0.6782376388547638
0.6738013386315702
0.6620713159224765
0.649474952088354
0.6248313073660405
0.5996675487519828
0.5795809939641886
0.5502719295863084
0.5275324553159744
0.49514398381589403
0.6799989461339092
0.6852517730108054
0.6857394043166535
0.6812746683626012
0.6714080643846921
0.6434113717732681
0.5887013393224482
0.5348828805334539
0.475717135295585
0.6820639213232794
0.6822480696431286
0.6792645926012129
0.6709485398518842
0.6638276761848142
0.6485685794722758
0.632524033680849
0.6036261225325508
0.5742632213458565
0.555192294176987
0.5175659028257528
0.4934248099151793
0.45600263436664606
0.6705175222350646
0.6707164819146285
0.6666328605792041
0.6575364009830951
0.6499255419378479
0.6437120413784485
0.6261306457959359
0.6082352522159855
0.5746249011266354
0.544795652698953
0.518221672277184
0.485265544031978
0.45646295900786815
0.4204081358353605
0.6568430935697849
0.6547229172329609
0.6488908035686246
0.638025816344677
0.6302063095365182
0.6211994774868095
0.6019629872884444
0.5839050883301484
0.5500639020762839
0.5176058285497158
0.49726930978203004
0.45580946468429984
0.4273625117835507
0.39004233957495793
0.43999350053442365
0.45256163212899725
0.4729256916130552
0.48615479231969255
0.49505744203703084
0.5200106101029736
0.533643169774143
0.5423322321440869
0.5447152425109867
0.5645552285487758
0.5782513081674732
0.5834561445161752
0.5859496160162331
0.5856360550923462
0.5927705867988095
0.6052260362959948
0.6093643835308634
0.6121087792368889
0.6127965127263656
0.6092228058286998
0.5973636757099071
0.5819196428890281
0.616029743954434
0.6276687779498048
0.631218103902806
0.6330370000478862
0.6319125789465162
0.626966048467331
0.6122555572764122
0.5946969841082023
0.5563861826164876
0.5114853745898738
0.6376426585481221
0.6470545031071457
0.6496468594100826
0.6500463979906168
0.646380219747156
0.6392500732564155
0.6236691849736119
0.6000866948676766
0.5563775783966881
0.5053854060340205
0.6463766287963507
0.6537269562108844
0.6551228181067199
0.654845438399869
0.6494557037832428
0.6407031924766168
0.6201925976517146
0.5971292732575424
0.5494641957789785
0.6505684903704659
0.6554034964843327
0.6536853918661938
0.635277088457377
0.5863849646081756
0.5341664853654291
0.47552914845318595
0.6505771061164315
0.651197691819305
0.6503303530944772
0.6472700389260168
0.6375875517053361
0.6250737196995275
0.5997154759534651
0.5721709261692327
0.5169364697904272
0.45584219695291783
0.6370000787202629
0.6360156168194081
0.6327023406720168
0.6290536525401044
0.6165205282392973
0.6017572586289847
0.5714263935428356
0.5430646501777686
0.4987210159439459
0.4847630608591853
0.42029058221691895
0.6219695419932358
0.6185977176213295
0.614329599863148
0.6083891090639173
0.59364090654963
0.5782304792558914
0.547235701116081
0.5161393319485026
0.4554082966582038
0.38995671472998067
