0.8928984659453073
0.9158680098918004
0.9132257502745567
0.8744761596126609
0.8272714353187821
0.7855897959709051
0.7422170920905883
0.7036915258098335
0.6492705575656011
0.5726582403843872
0.9623939441191922
0.9946634743211125
1.0057085580704372
1.0105810412780427
0.9802739255086872
0.9275488563742911
0.877876930581726
0.8251708460203612
0.7779663697045891
0.7315987607559942
0.6873296246790348
0.6510851500287305
0.5835323680609125
1.0361447019784105
1.0500615267855007
1.0611559458395579
1.0736970692303567
1.0763386637401937
1.0677809643336933
1.0150433290436371
0.9589377866434973
0.8976099325911412
0.842117964539421
0.7873205689079616
0.7347606144244021
0.6915290053438493
0.5737711363782324
1.099610228332275
1.1245461297420554
1.130234320838985
1.1386411221436137
1.1410729714457648
1.1399434510816786
1.0980172928765946
1.0375747272100397
0.9679090410154587
0.903871451663068
0.8402132819871903
0.778938006220913
0.7283762204983935
0.6773841666543113
1.1813169887218162
1.1946431539961926
1.2045092073364858
1.214521468990594
1.2161356689094418
1.2065755299095862
1.1496576237897058
1.0698698003795137
0.992950126072096
0.915479350361151
0.8404417964114999
0.7783217321554979
0.7155289347075053
0.6603260088100533
1.230377574391897
1.2428828664945253
1.2520365576933483
1.2597053609573885
1.2608385155179798
1.2602744503160221
1.2243725196022013
1.1421794410425465
1.0566019414241865
0.9687117982872738
0.883078525746605
0.8120635682634124
0.7402397582577896
0.6770459621473506
1.184235551951945
1.0943597160822232
1.0002420955991262
0.9080579725942001
0.8315355830922567
0.6860113840977486
1.278648450920304
1.2980495203362679
1.3011988507781231
1.2972429895441373
1.228716445785151
1.1356900985133385
1.0349232083636413
0.935360098645459
0.8525652477867353
0.7688061871942432
0.6951769932471347
1.3003282770955626
1.315992174271361
1.3165981150626027
1.2766725588117382
1.18411644748146
1.0762407599906534
0.967775862592147
0.8772538379527424
0.7856891046167176
0.705292303163333
0.6270996535996968
1.3121162351090057
1.3242940615388894
1.3237689345346366
1.3035785171253733
1.2209479148617413
1.1088542379242938
0.9934362209358562
0.8966252499887802
0.7986806669190896
0.7127746759506804
0.6293842794147979
1.3270429365429333
1.3252041308641078
1.319747183544388
1.3050364000800392
1.2568385099562953
1.217982443496159
1.14309953334273
1.0207257314523566
0.9170979849324518
0.8121663032704425
0.7202446756734072
0.6312279838235224
1.3178567139710398
1.3233650619773754
1.314915101726851
1.2854768206431373
1.175638096127767
1.0474600380631345
0.9371707730181815
0.825227408575394
0.7272334081795485
0.6325869727132242
1.3079090895743866
1.3018913224764679
1.295253870923487
1.2708793019718316
1.2579026087958207
1.2111465239595798
1.1519563267554955
1.079306133130043
0.9613682700412524
0.8407588795911326
0.7352015886683742
0.6336007647969109
1.2822384422744055
1.2753708403295774
1.261175905122356
1.2349245214883584
1.2015593677534468
1.1540224172723461
1.106903546308349
0.983163278743341
0.8546723858341571
0.7420057610042813
0.6338542118531334
0.9018644515155091
0.906235766711207
0.9783354094159001
0.993986427708955
0.9753757554046125
1.0555117539625327
1.0576271058898072
1.1207098454746238
1.092316535751415
1.1846582765455296
1.191102024445126
1.1447183909138632
1.2339601651521226
1.2143306073311408
1.2287507915604596
1.2479291525890004
1.2560961610965156
1.2725424742436844
1.2217384432199165
1.2742467556633426
1.287070804177537
1.2642527547233033
1.2923977070511254
1.285072092843642
1.2151290978242575
1.247179048498463
1.2780157056435306
1.2874219139948158
1.2693091595718933
1.1712921007055375
1.2627143519443917
1.2029021446399941
1.2196222652988862
1.1031124618606838
0.8285770804860123
0.8483462539723877
0.8862903464283199
0.9068919330658793
0.9201760047070527
0.9680001777315905
0.9891761911548316
1.0020022631362053
1.0082864721407585
1.007457797713611
1.044779591989423
1.0652076271365412
1.0766298475906033
1.0810774015077995
1.0772667887199652
1.0534390935885714
1.092499019320239
1.111547861851097
1.1215899314137234
1.124052269261977
1.1239828297653436
1.1220558930033333
1.1180273681154516
1.105061924715158
1.0886134816345694
1.132114249010384
1.1497173155562372
1.157467939418753
1.1573303618693518
1.1541256034879885
1.1485929676552529
1.1321211037037864
1.1137411748457025
1.075666003984504
1.036857126107967
0.958638534070531
0.9223682851440158
0.8699524691876358
1.1686232768622564
1.182743940990144
1.1871186250000567
1.186389629881501
1.183212615360941
1.176818240311351
1.1705994431562083
1.14984149030612
1.1279496450591553
1.0903377857405498
1.0399927025884832
1.0047936892266165
0.953197693494848
0.9115375625360912
0.8549208491966492
1.1828589063451713
1.1939818830994415
1.1962544113908449
1.1899147029809256
1.183090699623735
1.1739062117326222
1.1506175706300226
1.12628156247558
1.0791913971057046
1.0315315809067407
0.9936723662650312
0.9384321982812593
0.8957041518765756
0.834803677030986
1.1898145449811912
1.196739227420534
1.1954311507420095
1.1853042344810527
1.165528648459087
1.1120087949798734
1.0095600269341374
0.9095851915555012
0.7998092281621282
1.1889293989140655
1.1865694968418807
1.180047518975712
1.1633435473166231
1.149625332521972
1.120656543714191
1.0905940492983184
1.0370026872600928
0.9827484807249959
0.9476525371760763
0.8783844228778758
0.8340837360815962
0.7652547645289994
1.1652690092918645
1.1639177338821414
1.155156461357626
1.1374159844980756
1.1229530530574652
1.1113257881349972
1.0787386521194906
1.0457611056599045
0.9842439811607616
0.9297738763194031
0.8814908633056179
0.821465321663206
0.769164203988757
0.7035799220101794
1.1385880425263752
1.133373970471933
1.1217652533684843
1.1012775570490976
1.0867485758335393
1.0701450527872922
1.0348687836582897
1.001967048318296
0.9404792338832978
0.8818110881246614
0.8450538555920599
0.7700206180023911
0.7185002058141146
0.650952130188008
0.8064550805789958
0.827799819505452
0.8613841781891417
0.8835377147377217
0.8975687481676072
0.9386318767906635
0.9609258054326884
0.9741091383228757
0.9734599063415296
1.0100755330524585
1.0318629373019967
1.0395487129839711
1.0427909621604805
1.0369086377356573
1.0541494687660917
1.0736346417583285
1.0795669289245566
1.0828736657981692
1.0811445530772987
1.0721019469231723
1.0467528868760139
1.0153119843617286
1.0896290384569272
1.107320592501407
1.1121045797064524
1.1137647022431305
1.108712098820036
1.0973503478351938
1.0669545011400794
1.0320089576685432
0.9570521010622779
0.8695037018318262
1.1208501775086397
1.1345099362889253
1.1373396376639424
1.136834007556764
1.127314810583471
1.112256270790694
1.0813115880781288
1.0354311172604258
0.9517226476083471
0.8545142104882221
1.1321597110795547
1.142480304957424
1.1433584098696974
1.1413589374035127
1.1290035997933998
1.1112770751352417
1.0712881367458562
1.0272227804780893
0.937071589459743
1.1348455238358879
1.140798265530736
1.1350872931936407
1.0980801625464909
1.0056146337783234
0.9083713141468102
0.7994926859970836
1.1305005228934681
1.1305021809739422
1.1278433761976918
1.1211291796702234
1.1017828412639679
1.0778025516979133
1.0302992909599284
0.9791672888634873
0.8773098395152148
0.7649812493033011
1.1038653269100909
1.1001775482623533
1.0931504351453845
1.085967117417542
1.0621193847907557
1.034556071279183
0.9787096786777768
0.9267764929104395
0.8460553128573338
0.8205920661763919
0.7033733824082421
1.0749781255303439
1.0674798331957125
1.0591208294281025
1.0478449092315656
1.020386826389671
0.992070082285259
0.9355347054238655
0.8792384155074501
0.7693088419959088
0.6507958636683493
