0.25670909645950835
0.26021329566942203
0.2500746823911485
0.2315444978460158
0.21114551676981666
0.19367110512202607
0.17574331479135505
0.15994970668613212
0.13772384633254883
0.10637481830244734
0.26950472819004484
0.2750217872982821
0.27582910625918916
0.2731525855949604
0.2560134873780164
0.2334193218050199
0.21332465672523854
0.19250807541078302
0.17412567084891267
0.15625066223180603
0.13928246821445292
0.12545694945899333
0.09978369836563343
0.2820762250717507
0.28444524329402304
0.2860287755028957
0.2870292941318461
0.2869307120255989
0.27597316146181755
0.2526901326178374
0.23048198790932795
0.20708897328384332
0.18634516703460077
0.1661605585642937
0.1470220865058333
0.13141330786600383
0.08958998453106677
0.2916278047660049
0.2951491391620029
0.29560845426354093
0.2954311262021382
0.29446027541238173
0.29161102723828125
0.2708441326005559
0.24707376746481996
0.22122958217356167
0.1981268616850489
0.175617700322639
0.15427459849448877
0.13691622796757194
0.11964763156129517
0.30172205949144376
0.3034228323918699
0.30426771964595856
0.3040268743312525
0.30351678016271066
0.2943687289392553
0.2706524462582569
0.2417653649881213
0.2152258456004849
0.18921535947555995
0.16456476966429562
0.14456118338017807
0.12473180657495138
0.1076742581886492
0.3058377715197734
0.30719596300334107
0.3076903249194997
0.3068010207480988
0.30603533198260124
0.3039523493166199
0.2863225408760427
0.25635817978278086
0.2275244890523887
0.19895324653684662
0.17184360239859725
0.1498890599696415
0.12817707881226476
0.10956577210100485
0.26486728208771976
0.23485426718687472
0.20476937857946595
0.17616547852258285
0.15301676999828134
0.11063039385644693
0.3071625901072637
0.307550997895008
0.30491536839499556
0.3014553722531636
0.27387218539614916
0.24290319897312931
0.21120480910241402
0.18093466696437585
0.15645026595833225
0.13233821472478824
0.11175922844278972
0.30551273802493617
0.305118064685001
0.3015825060898469
0.28357118724500885
0.2523634298695968
0.2189223546916101
0.1866505122084344
0.16053079131302547
0.13487834363700985
0.11305137608710733
0.09251274112160723
0.3027574654575317
0.3018833646636859
0.29827134558726254
0.2882637696658608
0.2595716340904154
0.2250313580187016
0.19120320025511867
0.16377749249570128
0.1368676328199404
0.11402787677896162
0.09261352191789333
0.2964208990821435
0.29321646315070105
0.2899528397726541
0.28356141631627085
0.2665643075695399
0.2541011136036039
0.23143198695102538
0.19603296887697766
0.16719221119257838
0.13890718499528878
0.11499577039064021
0.09259804713143459
0.29201078447605616
0.2896673067540718
0.2837666164215749
0.27212135712807345
0.2375176567990927
0.20078366460985636
0.1705494210060148
0.14089671200392553
0.11588312836947721
0.09252935075781911
0.27878366983170366
0.2751691944018456
0.2720969646372112
0.26302642984758096
0.25866090927297847
0.24411998472067972
0.22674900027103323
0.2064659008811879
0.17454815332886903
0.143219473191401
0.1168127284451931
0.09231965085594229
0.2662241350918299
0.2628383065381238
0.25721711993297164
0.24846311775362193
0.23808443872340418
0.22430724988934378
0.2111588382136552
0.17804329145182807
0.14515792006953426
0.11746862970918265
0.09188735036497749
0.2544700201082603
0.24821740967183012
0.26857962587055456
0.26882508482717576
0.2547839004452126
0.2800115349903571
0.2734605317852172
0.286918051470425
0.2695082802378411
0.2960692945081315
0.290794611188925
0.2695565043942866
0.2979611938081079
0.2841116025359717
0.29802268008001165
0.2910735998008334
0.29820331598289956
0.29605845163401817
0.27241642993948106
0.2960325139036531
0.29315760010145453
0.28098750975072845
0.2916425554408575
0.28442981173346393
0.2584185689992512
0.2646508731374313
0.2819631163465517
0.27819079673507935
0.2689183848768426
0.23670164926740508
0.2634909569159566
0.24256860701182706
0.24549592197957262
0.21048604432613238
0.2323211159371284
0.23591720934367
0.24248803151309425
0.2459671060482287
0.24740967699028385
0.25530584292006986
0.2584481116433391
0.25938834654453324
0.2583316061026449
0.2552185569075428
0.2651442431559885
0.2676358500869653
0.2679204621746564
0.2660306829772527
0.26190422371420835
0.25007364748045957
0.2696577056255511
0.2714845460192923
0.2711917597878195
0.26992453771633074
0.2687586750649791
0.2666818435964726
0.2639958876338501
0.25759171325248065
0.25065145790558324
0.2717125656139047
0.2728974394507384
0.27196425234789473
0.2687206481783404
0.26629309488675784
0.2632686085925463
0.2559776377299974
0.24874078254026727
0.23495073429246402
0.22164461278163167
0.195953515483356
0.18430519981576257
0.1678106971804194
0.2706259578326721
0.27086458633411975
0.2689096389417337
0.2671843983296022
0.2647132485840542
0.26124572151728176
0.25840782301794496
0.2501623851632713
0.24227678976740472
0.22954602792751128
0.21332192047349835
0.20230502500024278
0.1864826525575153
0.17393805251177447
0.1572039785633213
0.26763082566342283
0.2670341568047837
0.26464613953978383
0.25999921573623597
0.2567632163561209
0.2528431244400423
0.24420288225586204
0.2359010442504459
0.22070579471624405
0.20596416504072873
0.1945764641585032
0.17827182589697543
0.16593231273441095
0.1486037772947819
0.2613019177621422
0.2597611706526544
0.25644235261550247
0.2510703958414839
0.2432946129986651
0.22543240213255908
0.19466918397880661
0.16630926365843843
0.13636010621917188
0.25341248165573027
0.24902226030747854
0.24561728097548302
0.23887492227575055
0.23407188751195124
0.22461410610463853
0.21530015689341223
0.1995570804092512
0.18417206526884666
0.17444198170298933
0.1556206809813773
0.14383328742579354
0.12591645819507005
0.24107168065055476
0.2378242531236965
0.23318968283311167
0.2263625376235271
0.22144151164871165
0.21772170445695
0.20782362957178505
0.19825987546255758
0.18119009124239874
0.16650920580615575
0.153866280782783
0.13840481102733715
0.12522711215917026
0.10907668915436572
0.2289721433112106
0.22502446154055192
0.21995265625186394
0.2128153093776657
0.20823180688948315
0.20320740234981305
0.1929990592901592
0.18390174398378933
0.16749272596767842
0.15228356137455337
0.14289001623988581
0.12433936201892595
0.11184795236805486
0.09587253347284058
0.22287557035457073
0.22654942669360936
0.23218741955884822
0.23570363953763565
0.23672123376921855
0.24372691541551017
0.246752152446233
0.2471633238271221
0.24114977667890194
0.252234023295291
0.2545656173168963
0.25458798900769
0.2539765642663678
0.2463729187982103
0.25581941772381855
0.25741798113815306
0.2571731941994826
0.25618564399537197
0.2523530593827603
0.24708551956519792
0.2361493806704485
0.2242195576633626
0.25700697241495757
0.2578297425571172
0.2572038101404348
0.25578961081446455
0.2510044016962438
0.2453235631882338
0.23318192248330924
0.22068581001112544
0.1956571852708085
0.1677332526283987
0.2548839081160001
0.25453934638957754
0.2530677762682859
0.2514569958581924
0.2456011389375957
0.2391464098413342
0.22778810744116607
0.21246211403524923
0.18622142786683935
0.15713811461878446
0.25142414434558713
0.250342716896253
0.24873406460174585
0.24632142925913336
0.23995690860360558
0.23299054601018748
0.2192168636755287
0.2051767645912825
0.17803938977878553
0.2443812006152948
0.24230227543420382
0.23739591617128913
0.22282454489165238
0.19397619150413353
0.16611141643477179
0.13631406783693983
0.2360424826912212
0.23434066759699984
0.23210666908223435
0.2286904796325134
0.22111524438220176
0.2129718083968707
0.19837604468733847
0.18356620645862615
0.15545240582794692
0.12587886787702376
0.22351286696592593
0.21948690455588335
0.21598101752004611
0.21311634469326332
0.20488946841492978
0.19631254319579886
0.18026132608444428
0.16602529579183398
0.14483523326626527
0.13827697407897607
0.1090513412932412
0.2114046988738165
0.2067424952006757
0.2033124083100451
0.19927766812887535
0.1905118303092258
0.18223129459257142
0.16668993955465894
0.15188540999088837
0.12424155696893195
0.0958556481851671
