3.4928223443009445
3.5790131478647216
3.5834523470862156
3.4506632583291967
3.2799383184447524
3.122558618633536
2.952293473084722
2.7945513197189555
2.559144955534217
2.1950601810610295
4.039465351880441
4.173820630575171
4.222953559119856
4.252268377695555
4.1528527713891
3.956334119925153
3.7621557324896453
3.5485017513036174
3.3497728297334515
3.1469209452678446
2.9457017847836995
2.7747484585029136
2.4358316007164005
4.628622375581526
4.692672054382653
4.744985949982779
4.8072936796976675
4.821719513952711
4.816948091321539
4.619204824784799
4.393391176544121
4.137026524419889
3.8965815233995733
3.6508745047277347
3.407375206220512
3.2008357573381128
2.5994952734126695
5.22794294659554
5.358986575256676
5.39082720456234
5.442624046418488
5.461914278550048
5.470934744062155
5.324704031667619
5.076403382243638
4.776122718521186
4.48979522849225
4.19615938738605
3.9052034552490054
3.6587495796660194
3.403047806699649
6.172075474982003
6.256675874618153
6.323191767317449
6.39900014358582
6.415417590149247
6.4216968359615505
6.196749864388124
5.839945876111217
5.479127344463357
5.103754382244696
4.730830852447482
4.415321115067096
4.0887547865532365
3.795236263309125
6.9048218214673724
6.9965929941464315
7.069962668824982
7.147404069705847
7.165764653390166
7.185138353581041
7.079299877754558
6.711609476354404
6.296741655796118
5.854118377911529
5.411632598359903
5.037108083086295
4.64999192063624
4.302681264394699
7.274462490001758
6.8320920285616715
6.346886735515326
5.858372406795435
5.444381199538217
4.6333930933964504
7.885838358342956
8.08615966193911
8.166226671947287
8.183334561561097
7.928551791106279
7.4675544036307215
6.934974484466083
6.391749702591879
5.930119363300322
5.453313606051309
5.0263982944606855
8.54269123371444
8.743011161295824
8.82911270501611
8.737512823601733
8.290462829570835
7.705902538706538
7.092588859403979
6.567965559983745
6.025690244516126
5.540594247453624
5.061942230514145
9.086474634141263
9.276931716755174
9.367141050461761
9.358527784410994
8.990430368698348
8.376633298083767
7.705599795090802
7.126062793366744
6.525918243555041
5.9892175921955735
5.4602183935052055
9.8819476774798
9.958948382654228
9.980519519720362
9.96147999876511
9.76932217937038
9.571574845023637
9.15358998343508
8.422845376311829
7.780179924755681
7.111935739312409
6.5141143632130625
5.925443841881099
10.303295583505198
10.495106567195498
10.585930701486966
10.532981698975165
9.979435832884157
9.200308582475284
8.492427803778346
7.750170274078015
7.085293510376367
6.4309897818727935
11.268644970096556
11.332845388052847
11.350679697105816
11.310788625882623
11.264111703223781
11.041607351469638
10.702972752011805
10.24624834352147
9.46000279495432
8.619912005290615
7.863487003574862
7.119002307684254
12.001134436189385
12.057317092511433
12.075013595648802
12.009595931652411
11.864348787011721
11.601089646384818
11.307707209065814
10.465303944336199
9.529697136930617
8.678490665748614
7.83918613385037
3.531999401665688
3.558132031362974
4.115058355594973
4.1863801740122835
4.1330855278011995
4.737620691020099
4.772387069758382
5.379175551970096
5.296936771079548
6.244008974419811
6.3361504853145085
6.1687741239453
7.0248552053606845
7.016658674687901
7.231500621137233
7.5139310912498924
7.795011980431868
8.008990815874467
7.877346183239656
8.424101619192633
8.645969043231934
8.638452210419088
9.104291303419393
9.20021872185033
8.938299566465854
9.675794907323507
9.979490997274885
10.305552668905838
10.363702605295348
9.930693725341088
11.096995791221136
10.938976152319263
11.79936667523198
11.25006338365174
3.2724213969265583
3.3453885469974427
3.6860345454620753
3.769247893442795
3.8244766093264237
4.366607594150502
4.465418435465015
4.5294085258697505
4.565768184372576
4.571294303226434
5.157993647482229
5.272831843670682
5.343777158974799
5.383092838259136
5.382802783913892
5.297401503352325
5.778306193278677
5.903290657497166
5.981510577440078
6.0098944090191395
6.019173409822102
6.02260140944255
6.014487029061959
5.971359545313081
5.905623378457761
6.4388793059738125
6.578739052588122
6.6574402875955805
6.695403551778728
6.695222611810929
6.682612077171955
6.62574137472205
6.548577325340641
6.375884350800809
6.189304154228471
5.799542464011074
5.614427381863186
5.34256180556908
7.322511295480152
7.470398260092934
7.555168627075621
7.578195730675278
7.588453084069119
7.580715703073602
7.56335431363766
7.486692995522573
7.389852783937185
7.208401739128431
6.950760093878246
6.7652625657836
6.485541558504467
6.25761207009384
5.942005370044936
7.908464582965168
8.062630553501258
8.146368609766329
8.174379389853494
8.165504758177326
8.139502304258265
8.047815916560278
7.936493890785775
7.697822483619672
7.441853404709107
7.231580029920162
6.918907075535377
6.672370547329209
6.316071664245922
8.66852238319217
8.825416801125357
8.910164908039182
8.929914560153382
8.879515277342305
8.636565125254537
8.068061973683097
7.470636213484262
6.788274728234864
9.353176930671353
9.490405032085514
9.513657265322344
9.491784428098127
9.446600632604227
9.320002385012973
9.165905232232843
8.862421603890754
8.537205213736202
8.319096919848283
7.878341237762536
7.590970337607671
7.136635426775072
10.13662622834866
10.29601847066662
10.369169614187943
10.367286065654378
10.326979166726385
10.283240547693135
10.1283056928837
9.948387780973183
9.572082311810945
9.216375604015242
8.888847774975742
8.47323260414878
8.103443164021545
7.631005070357277
10.778713446327325
10.9334210933045
10.999966280991677
10.986474547624212
10.943516280148868
10.877808555934099
10.69947049061035
10.506515654762214
10.108453477187764
9.700388440766888
9.435494466764952
8.882625398064057
8.492822068688616
7.969725991136184
3.1958550072818066
3.274762473276918
3.595370407702095
3.685291681071429
3.7437388555965545
4.251130686987407
4.356766365539344
4.423344477347971
4.43823180943444
5.00949760034271
5.134371214079665
5.1831156469524355
5.207379229589878
5.21216822847616
5.6053694528658005
5.736526018442135
5.783129592065052
5.815547943700872
5.834863536107557
5.810640724387561
5.71161254054767
5.573309893414036
6.2346948740224635
6.381038124097213
6.429892808030485
6.461604386446348
6.474893891065155
6.442476541483889
6.318509753294682
6.156841752978995
5.788534518055975
5.339299463329269
7.074662463750251
7.2314490710062
7.289329170054623
7.312878776383768
7.317269579503486
7.270372078572326
7.138329126359233
6.914419039796241
6.473209609030005
5.938372528005314
7.631138078370887
7.788406820599078
7.839860545449563
7.87069346723246
7.866466601948386
7.808729635806696
7.628692717201161
7.403108241294365
6.90591846960697
8.349856163873664
8.512055045816771
8.588483236028917
8.49832225304381
8.026123040903068
7.4566848193522945
6.784211752497216
8.99646142403276
9.068131580889625
9.113536006004521
9.139265439363841
9.111753428772651
9.021580679771557
8.783741959828678
8.49333840635156
7.863856514926678
7.132400256577275
9.729086666620322
9.891778074512143
9.940442938222175
9.950774297760189
9.903934424372533
9.792647221451004
9.490753855672645
9.169885115928116
8.634059541680715
8.457811909278336
7.626546851964823
10.322435541133782
10.48374064803969
10.525718147605895
10.534511874921876
10.468257709087629
10.343234264346579
10.021320489333592
9.65175318194752
8.86670279387541
7.965145278059023
