0.29701649212318887
0.3011603247140889
0.28976334298383427
0.26862679356074626
0.24533122066664012
0.22537680287580303
0.20489502994181474
0.1868595225907364
0.1614602445396791
0.12567540217726744
0.31154027468834883
0.31798567791790155
0.3189753745473596
0.3159939295645834
0.29647242844828947
0.2706569341449922
0.24768551345692488
0.22387088916021147
0.202839719122034
0.18238014894533433
0.16295085573033702
0.14711345950067875
0.11769908356689442
0.3258436572061374
0.32859595451216544
0.3304443054085279
0.3316432065652715
0.331545006346162
0.3191071977933997
0.29250296439975976
0.26710036891713795
0.2403189604691481
0.21655671488403952
0.19342964090094267
0.17146801320702368
0.15356875363710576
0.10551871051483679
0.3366315079409378
0.3407176438558653
0.3412524775946266
0.34108638318236056
0.3399931944398689
0.33675281925868344
0.3130276163378657
0.2858234644433672
0.256224832366153
0.22974306125869348
0.20393780330392017
0.17944248374400482
0.15950618467275696
0.1396563280405487
0.3478965994958936
0.34985129181395397
0.3508253126693069
0.35056017592226735
0.3499781322378175
0.3395208724255869
0.31236348919582374
0.2792712446927302
0.24884273181001967
0.21900622944901546
0.1906995378450009
0.16771230907261203
0.1449071989518833
0.1252784997226423
0.3523447522383488
0.35388992731382135
0.35445411693840906
0.3534447184503402
0.35254799281750276
0.3501633701620607
0.3299536174266536
0.2956129054928785
0.26255148776122905
0.22977516062626951
0.19864963879631345
0.17342593779171844
0.1484592891789518
0.1270484114293776
0.30512755194598506
0.27071358020243963
0.23620864759367355
0.2033688805462292
0.1767723592873579
0.12804521853052178
0.35336460185844276
0.35389965510152505
0.35081828450037394
0.34683774513370785
0.3151834092063039
0.2796731202225851
0.24331565337403754
0.20857717143957136
0.18046513243741835
0.15275626369973544
0.1291050153713221
0.3513434268833191
0.3508061873950392
0.3467015027377802
0.32599001917263376
0.29019467264796517
0.2518422609841824
0.21482139569040487
0.18485995920229384
0.15538815959302163
0.13032299005663103
0.10672083694892051
0.3479607193866933
0.34687155080797777
0.34266932613018714
0.3311228328019797
0.29819409574429456
0.2585892600225248
0.21979626539302968
0.1883347897505523
0.15744725511376023
0.1312451120353498
0.10662637289688125
0.3403487205390644
0.33661767754345195
0.3328423211736783
0.325475595999972
0.3059421280738248
0.291647529129837
0.265651329259602
0.22507893833330314
0.19200287938555444
0.15956977736507888
0.13215155931488648
0.1064611421003327
0.3351492920927714
0.33236760476746313
0.32549956055411017
0.31207958400317937
0.27236131936476154
0.23025992703292325
0.19561518887643858
0.16163389175403067
0.13295501285598196
0.10623406701272492
0.31956478857510057
0.3153702497713441
0.31180531318551763
0.3013527861751109
0.2963203855971207
0.27962387636759156
0.2597003694785417
0.236470090622135
0.19991504213298533
0.164038493918056
0.13382610149554605
0.10583651842937662
0.3048811059964807
0.30090377591701
0.2944498130070731
0.28426397748778576
0.27242720492247047
0.2565830593439701
0.24155871439372978
0.20365251583544614
0.1660259401597108
0.13436330050906156
0.10514636560502172
0.29458107847159953
0.28761578813583377
0.310615469837912
0.31100250080508346
0.2950534851065406
0.3236133684224371
0.3162143694791219
0.3313614916714755
0.311493043600351
0.3414488970080175
0.3354286157659268
0.3111094811229672
0.3433195630720507
0.32742986690735976
0.34323919547109394
0.33519449230674
0.3432520554566236
0.3406944786522155
0.3135291038929443
0.34048079657636093
0.3370809564078182
0.32305915834165805
0.335151541954518
0.32677922916341107
0.29689122252327127
0.30378315951645835
0.3237224368531307
0.3192265117932087
0.30847009483104937
0.2714456208560797
0.3019838528997177
0.27788564764059276
0.28103312517021056
0.2408106843195788
0.2690644721216673
0.27328419447128244
0.28067342425884295
0.2847472709669643
0.28647202326571264
0.295224947132585
0.2988915083667311
0.30001256359160056
0.29885569669399975
0.29532930727455825
0.3062700460997434
0.3091553255063923
0.3095112239282983
0.30736734620647654
0.3026636382653312
0.28912541990883056
0.31121144973095816
0.31331509711484196
0.3129896087127082
0.3115465820774097
0.31021180452261565
0.30783622436177116
0.3047584040898293
0.2974159854085499
0.2894628247319088
0.3133184208190902
0.3146552635251444
0.3135672586448517
0.3098139063195731
0.3070453905908268
0.3035717786257897
0.29520780368601546
0.28690127417917477
0.2710813685422566
0.25581502189533645
0.22633659029895833
0.2129597205207044
0.19401675350799538
0.31169404383855465
0.31191737561160526
0.30963204771299246
0.3076337534528967
0.30478665237425867
0.3007871882661974
0.297526916136125
0.2880450236660663
0.2789896923914291
0.26437557452276855
0.2457575933840744
0.2331080978614191
0.21495322412983572
0.20054636718682123
0.1813345208682029
0.30800591745645917
0.3072492605997448
0.30442609520138014
0.29912279650989654
0.2953428928718931
0.29083444185376406
0.28089381567929655
0.2713689063264466
0.253914034361467
0.23699568611449034
0.22392728105658083
0.20521206043159493
0.19104548485284684
0.1711518177520013
0.30041686991419797
0.29855282132720334
0.29467859053155304
0.28844822981497836
0.27947008909043547
0.2589578876270066
0.22365103548256723
0.19111475222259433
0.15675400630147657
0.2910518232906071
0.28589289481891295
0.28195259736752104
0.2741812907031774
0.2686280833517537
0.25775345737044475
0.24704698173932654
0.22904947024938505
0.21133579482862308
0.2001864080100518
0.17859860201574718
0.1650935359405676
0.14454678621639852
0.27662438545786244
0.27276116338294504
0.2672968183974564
0.25944881268887604
0.2537618808761055
0.24948530808984526
0.23812951583352304
0.2271250314625154
0.2075474832449495
0.19072790068081466
0.17624765018357597
0.15853597134051567
0.14347273079150757
0.12498400868743012
0.2624476141108117
0.2578015402971358
0.2519047494125714
0.24365473199339202
0.2383653575419201
0.2325816664844811
0.2208629283364209
0.21041582935323372
0.1916037501426471
0.1742008852004628
0.16345476805446166
0.14220872749585317
0.12794990937268375
0.10970612284110737
0.25826969643189623
0.26259066670701664
0.2689001074201167
0.2730250087923129
0.2742784280243082
0.28198779346613867
0.28552312372273375
0.2860539327730371
0.27925322583539947
0.2915078255475565
0.2942097226716827
0.2942545462009969
0.2935664560011759
0.2848906043339132
0.29539250385014093
0.2972309711315099
0.296947960002134
0.29581959531865326
0.29142299538258204
0.28538458688713536
0.2728438568483156
0.2591654909075718
0.2964932348123983
0.29738672863987997
0.29667486769299906
0.2950402682334939
0.28953699109864145
0.28300673218928435
0.2690673961771875
0.2547245124068665
0.2260004797151004
0.19392933834370862
0.2936843107841655
0.2932243438701423
0.2914967323138215
0.2896324536605944
0.28286811982872445
0.2754397274156088
0.26238506083739227
0.244785679356867
0.2146592273677158
0.1812609691037391
0.2894353634680311
0.28817758550755795
0.28624801977274245
0.2834505399855733
0.2760767360483315
0.268079639842929
0.2522347261577143
0.23610959049332883
0.2049520074779414
0.28105064118222656
0.2785523882621693
0.27281940788374204
0.2560253897963937
0.2228761835916216
0.19089532824439218
0.15670373260496556
0.27117088759545355
0.26916333380887
0.2665588871520333
0.26258298536653274
0.25382920918296953
0.24443933578895422
0.22773040459602492
0.210658823901566
0.17841351440608186
0.14450631450526177
0.2565041507516062
0.2517538735375832
0.24766585466116564
0.24434229036536415
0.234837564599704
0.2249687557508192
0.20652631123721665
0.1901955107670804
0.1659071161122018
0.15839760449611992
0.12495758420124276
0.24236363950095732
0.23688795425309667
0.23288888692068455
0.22820872124429592
0.21810165998869413
0.20857067040134775
0.1907238444305149
0.1737670881189541
0.14210459955871504
0.10968931053539879
