0.3552146286828292
0.36044779975935953
0.34716306750050463
0.32175844182504193
0.293485434605888
0.26908869852227113
0.2438919828444207
0.2215599337025454
0.18986378302427828
0.14462513431366245
0.37718029872137515
0.3854956532681985
0.386938147547277
0.38364585985883665
0.36026243097706334
0.3288320054344778
0.3006607971726857
0.27128371902299386
0.24524127651016064
0.2197552980625208
0.19547157596884004
0.17561367682035695
0.13850614762786004
0.3989351247609396
0.40258535511244514
0.4051032873907482
0.40692638292020467
0.40691646630076944
0.3924115226594297
0.36001295910987346
0.3287665040379796
0.29564556342402665
0.2661478192021484
0.23730023773998504
0.20985283193061158
0.1874436555445238
0.12706123124174148
0.41661711719989747
0.42235801836482484
0.4232279934320545
0.4234334982471831
0.422308561705895
0.4186159921061685
0.38993367213602775
0.3564046481722148
0.31967478202467636
0.28669799911805066
0.25441576133721416
0.22373771933136025
0.19872936398505447
0.17379174795750232
0.4374473276805881
0.44041788162378476
0.44208858539886287
0.44240698235752396
0.4418715047048963
0.4297983668562616
0.39649994774939074
0.3552664062928977
0.31714174202526585
0.27959049553046117
0.24393009194250878
0.21494596675134567
0.18612820240550051
0.16129909819049784
0.44826105043952097
0.45082286346661293
0.45208198192560956
0.45157563217609903
0.4506884704289216
0.44808520576977634
0.4238206309346311
0.3810577758487887
0.33944029913191176
0.29797881422618455
0.2585347023484472
0.22652774481005616
0.19479008705238038
0.1674749486632908
0.39630408771726333
0.35288993225221765
0.309087440130281
0.2673166593584556
0.23344004086112158
0.17114211240378507
0.4565496965346204
0.45869907657490516
0.45581783633269185
0.4513416739416009
0.4126231563649279
0.3678214810621522
0.32149198500636683
0.2770962053245755
0.24109748878197187
0.2055206365115687
0.17506923070096125
0.45831702797440205
0.45934759575366646
0.4553691792642618
0.43058636290196767
0.38554558570595765
0.3365051604836981
0.28894141135717843
0.2503153895031476
0.21221525378617273
0.1796867989285137
0.14899306534169915
0.457676305333606
0.4579464267728339
0.4537983114774895
0.4403449725674645
0.3992500622448008
0.3485288484670808
0.29847333170674173
0.25770601277650784
0.21753018532964608
0.1832987190893178
0.15108139956394856
0.45369751842295186
0.44994652849268996
0.44573373721053805
0.43701507578552723
0.41283479332842565
0.39473090894844776
0.3613166069943899
0.3087334150589527
0.2656418330857966
0.2231763591627157
0.18708865787585552
0.1531482177037143
0.4492457005930124
0.4474318721969404
0.4400982194298969
0.42405987008975493
0.37364431407853516
0.3189369400316013
0.27354351639872976
0.2287491846651421
0.19073436047201134
0.15515748655808784
0.43584310726034386
0.43136984043246135
0.427323030506481
0.4147413083018875
0.4085729487612877
0.38742212114152774
0.3617398172839362
0.33126034004204613
0.2831868467767645
0.2355246164971915
0.1950804047961111
0.15738182874898488
0.4213308238223299
0.4170764410545812
0.40950941047843187
0.3970623779537447
0.3821576974724897
0.36173933733195623
0.3420907566813008
0.29196422728968774
0.24165635300417734
0.19890426269908226
0.15914622451703403
0.3525904991205909
0.34455002286644865
0.37658242918659784
0.3774530150796892
0.3584952633628942
0.39713890745242725
0.3887450671713893
0.4116673632007815
0.3879429063624665
0.4305868287957292
0.42435704550075165
0.39481738564297125
0.4388159432142065
0.4203722542025027
0.43995201616907714
0.43302786711510066
0.4439224196024508
0.4427635021069129
0.410276501791538
0.4447406650077798
0.4426429440924693
0.42636963306844533
0.4429454655672958
0.4340222586043968
0.39731483225749537
0.40958835770085494
0.43345383149364797
0.43065966040880965
0.41857006117868306
0.37220746358846934
0.41397783453897435
0.3846536638839115
0.39184978779650886
0.3408255782895038
0.32174140999354284
0.326957380906336
0.33882532907216323
0.3440090982613244
0.34630811665254163
0.36159563367794634
0.36652459104178736
0.368261421129802
0.36712948075018464
0.36303078275954553
0.3810497900499295
0.38528320609191374
0.38622746275545816
0.3840386638115973
0.3785663827098657
0.36216819341551804
0.3917440026924596
0.3952731696924306
0.39546366884698414
0.3940100037764416
0.39253949161179047
0.38981648525124823
0.38619179012553784
0.37733897773014424
0.3675927350884128
0.39916477658598853
0.4018933994484381
0.4012998838269072
0.3973146402958902
0.39409009774730075
0.3899759705853727
0.37986527716041885
0.36961182022004524
0.34991566992959944
0.3307594395898021
0.29356059687490366
0.27665800142876673
0.252655115247247
0.4034299853688684
0.4049385234026585
0.4030144129184734
0.4009038231811097
0.39770575910465394
0.39304722856302016
0.3891363215818466
0.37757567581315565
0.3663327373234276
0.34799291252072767
0.32442219462583755
0.3083580669997482
0.2851731832265924
0.26678122720373326
0.2421817878705624
0.4028587179270763
0.40325989071807905
0.4007387001205765
0.3947676940930922
0.3903976295970038
0.385038882948352
0.3727696686782266
0.36087790527513475
0.33881569427668107
0.31727013447332175
0.3005167225299996
0.2764901441493997
0.2582269938731405
0.23259086872730814
0.3983801008466224
0.3974926915633164
0.3937382104396998
0.3866274517903034
0.3758834594491012
0.3502414553181656
0.3050290662790267
0.2629093081894675
0.2181251720098854
0.3912118494648792
0.3862775092836986
0.3819045379001875
0.3727166752963827
0.3659269281950364
0.35235942413796556
0.33879638140691687
0.3155655440899586
0.2926900469795672
0.2781642540834383
0.24992751103223604
0.2321818072958463
0.20511032190583667
0.3774610525317129
0.3740653003428622
0.36821811235324325
0.35903573864057337
0.3521096441395075
0.34679567587307814
0.3323982704183734
0.31834702590919844
0.29286039902721017
0.27082669893114364
0.2516171162303151
0.22805168606569032
0.2080103510772706
0.1832278683332591
0.363116574589103
0.35871734315088677
0.3522157926442604
0.34240979586682274
0.3359070696907219
0.3286793679835262
0.31372789253146666
0.3002171325715701
0.27540041829186396
0.2523425783540076
0.2380208264976377
0.20946911840150634
0.1901800625720407
0.1653451057785179
0.3087962125808472
0.3141394460679695
0.32458997180222454
0.329843912715507
0.33158221317318415
0.34540408133216216
0.350205447449136
0.3512384483061598
0.34333332209824324
0.3627461546081363
0.36684155591530887
0.36726803652555423
0.36664755952059724
0.35657745740514385
0.3719941185440743
0.37518394711530395
0.3752442792532314
0.37420256809928987
0.36924717431039644
0.3620839622471244
0.34677014915144944
0.3298186991818433
0.3779797328575257
0.3802810737339449
0.37985012247500405
0.3782366697122618
0.3720256461059568
0.36420517631110716
0.34709599645480677
0.3292189579833662
0.29307560973666663
0.2525246525302837
0.3805079450524216
0.38131303066188754
0.37983475154796925
0.37788345983229704
0.3701503726454259
0.3612103142042025
0.34509188332715734
0.322985344091938
0.28472522947380285
0.24206401558257973
0.3790970765648409
0.37888728098600855
0.3771566634520104
0.37424796253406134
0.36567875759478224
0.3560009091808795
0.33629025318664046
0.3159158361596364
0.27607735442860193
0.37338444450150077
0.37179342497530793
0.36582824177276524
0.3457245520923935
0.30378859092352145
0.2625394324398467
0.218032442113844
0.3653825982714396
0.36359944221932744
0.36090016727335067
0.35652118661570115
0.34618294821557927
0.3346461593045436
0.31342061054760595
0.29155984887446473
0.24959761216655024
0.20502903730262284
0.3510070337801972
0.34660901487251067
0.34220458142564425
0.33839882338513516
0.3269346995712593
0.31469567837901546
0.29107430092129016
0.2698687710475373
0.23779127995803734
0.22777784080121172
0.18316412832009743
0.3364576589945708
0.3310871810060143
0.3266773845801653
0.3212523123265501
0.3089300105691995
0.2969574949778489
0.2737839184112574
0.2515068269617089
0.20923968754622618
0.16529440014452548
