1.0486809478228056
1.0765613013759954
1.076312044256567
1.0330014777661678
0.979530011291109
0.9321563939404736
0.8828749059034237
0.8392413184997515
0.7779928479946024
0.6938369048988281
1.1498612794823162
1.190178648845451
1.2044594203954508
1.2120816226439528
1.1794407228447132
1.1194768102051171
1.0625177252479263
1.0020234603101015
0.9480002287262227
0.8951137527621852
0.8450686381101982
0.8045875510957634
0.7310343901446724
1.2574344144101943
1.2753420149715915
1.2897932181113523
1.3065780185891416
1.3103061181536333
1.3047710327975428
1.2451923039412816
1.180432673032907
1.10939521581459
1.0452025961422644
0.9820020604577719
0.9218421717303763
0.8729002585856716
0.7438616462290668
1.3548122009799037
1.3883530938532307
1.3962548347182993
1.4085551932932157
1.4127510270880466
1.413243652721995
1.3677469673323823
1.2978093572917373
1.2163983269651422
1.1414845613968272
1.067200434020158
0.9961243108672228
0.9380218841735065
0.8800751373381228
1.4882489704164392
1.507209854217993
1.521726555305682
1.5373841960345056
1.540410058060619
1.5346821380244409
1.4703550303588198
1.3762931495362667
1.2849059744985016
1.1927258609345701
1.1038397587699522
1.0307506511826074
0.9574350256835892
0.893610391636507
1.5755401770960507
1.5941740473843393
1.6084247916273917
1.6220351555060266
1.6247684326353193
1.6263979595383031
1.589570584258355
1.4929955506979364
1.3903158031970855
1.284296194433132
1.1812198061884356
1.0961475134127052
1.0105767832842725
0.9358113098877187
1.5622562612188569
1.4539358795433737
1.339511999245953
1.2274738497309738
1.1347778955304344
0.9597346367460287
1.6716199376497693
1.7045589717273735
1.7141303022885013
1.7126039596660532
1.6367542749733806
1.524495128054638
1.4010165895355329
1.278726188831202
1.1771447921100462
1.0748424259856586
0.9851767917104379
1.7227606381281362
1.7518297319583307
1.7591784188654727
1.7192250859234803
1.608490505194649
1.4752857672784785
1.3404282848399085
1.2277572738017584
1.1141104350779025
1.014428162322566
0.9179577677163545
1.7574371236196917
1.7822702763865956
1.7880289585853912
1.7702826469171185
1.6735086508364303
1.5346804894786734
1.3898767334429987
1.2680200175223575
1.144904307345164
1.036883392812057
0.9323662712006613
1.8075902312202745
1.8111409812794723
1.807816435263566
1.7935725995002725
1.7384134522439643
1.6910867689517097
1.5979504680850598
1.4430587484277246
1.3111257533286376
1.1774616128372386
1.0601533663919815
0.9467314909564415
1.8078237289678827
1.8246237479186014
1.822436339072265
1.792346559529324
1.658834949484623
1.495763213204007
1.353838181361776
1.2093937720231098
1.0825283827510406
0.9600127360962127
1.8314929906464474
1.8291801798840084
1.8238060007427759
1.798241197815778
1.783442945458714
1.727060014461887
1.6527279789169615
1.5593457810736988
1.4058502722830284
1.2479400345644789
1.1089826052676581
0.974989639048765
1.8223133463470418
1.8184757751957192
1.80502845084263
1.7757836144994095
1.7357932779431382
1.6762017018497344
1.6156496815727643
1.4536372361407595
1.283189515251905
1.1326608031561454
0.9876888630987353
1.0606009461980959
1.0680320241659875
1.1712848062765635
1.1919216795791487
1.1734558744628243
1.2853291432643505
1.2920825065912709
1.3886805114651617
1.3604073804871453
1.4988255902617094
1.5141222328955029
1.4637274183322262
1.5906051084201676
1.5757845431454145
1.5905451480721318
1.6324482647142953
1.6457277648436457
1.6777472404244167
1.6267581418735695
1.6919390108570636
1.7203134833510534
1.7011203716569636
1.7419865942107016
1.74291529574236
1.6647518746137955
1.7236616220435625
1.7516758700493968
1.780252960237059
1.7673072390091213
1.6519330792177322
1.7790937346624327
1.7137382486105968
1.7506893814757007
1.6092068464459257
0.9747224105151923
0.998572411245728
1.0565541236250091
1.0821476152859026
1.0989929032649117
1.1778404592370288
1.205415182088893
1.2227597635515544
1.2321631698880513
1.2328804585692814
1.2997072254985582
1.3279716009428242
1.3447371994116775
1.353011797358396
1.3508717608420848
1.3255193631130788
1.3814963206906374
1.4093070662219114
1.4254583665569465
1.4305770364143005
1.4317226439242554
1.4309688882167564
1.4274991450630887
1.4141006145517705
1.3958037601548112
1.4557472341171365
1.4832173248070175
1.4972104241250477
1.5012732138301792
1.499147535055744
1.4940265023844452
1.4766641067761372
1.4558244836516816
1.4114745741561519
1.3654073400126654
1.2717557687769956
1.2283156015318255
1.1653996132931714
1.5354373030713546
1.559771138197865
1.5708502849990722
1.5724048020077432
1.5709934450733105
1.5655052338647988
1.559256756630014
1.5366604315828716
1.511457296363274
1.4668617782697975
1.4060971155553492
1.3633446805139182
1.3002570858589957
1.2492979304492817
1.1799594047713335
1.5757978739777416
1.5974074667004614
1.6061804275872218
1.603347246976344
1.5972797231728626
1.5878811650294788
1.561862405477832
1.5334882380887778
1.4768504276808097
1.4185827517112266
1.3718541479040962
1.3035289403335308
1.2505017167852421
1.1748777518006386
1.6132529261420405
1.6304021631992862
1.635382906865303
1.6281786902933293
1.6077793833349987
1.5452217604226142
1.4187657157576437
1.2930914540276277
1.154366362064707
1.6389131429570771
1.6455905589485125
1.6411697343056864
1.6250739493379152
1.6099518021436676
1.5762079372943931
1.5398106694541023
1.4731356908242998
1.4047350349747956
1.3600705142586325
1.2715234082266464
1.2147636244026119
1.1264630840986867
1.634990669230851
1.642300407955363
1.6378774319849516
1.6210488672474745
1.605169059626922
1.5917735941467133
1.5525997864482328
1.511791145445739
1.4336016275135224
1.3633296565442727
1.300416141010222
1.2220932261782211
1.153491994872527
1.0672176327861023
1.6221886128429708
1.6244387106016303
1.6160844020414276
1.5951231907998724
1.5787249153220777
1.5591913850624348
1.5159155593054607
1.4743138820776471
1.394921796298024
1.3178384259119744
1.2693029459228278
1.1697266956798513
1.1010712620037155
1.0105650671857453
0.9495193080121639
0.975366292732704
1.0279093959380243
1.0555750127209025
1.0735739006779146
1.1435522639128501
1.1728555145724509
1.1910311872419335
1.193914055486147
1.2584494250775031
1.289045126154701
1.3005408178837905
1.305935967466878
1.303848628889583
1.3355200768385043
1.3644151870131405
1.3740747381107603
1.3804149099841951
1.381902628884396
1.3734973974030191
1.345807897832913
1.3096970306587743
1.4041173453791778
1.4324053068476004
1.4411727717587088
1.4458756874547818
1.4439985343125015
1.4329698631444232
1.399233176705553
1.3585414137597533
1.2694698215133462
1.164737041090877
1.4763682102214613
1.5012549243894402
1.5088180267049875
1.510673393960927
1.5040635771065005
1.4886314104389387
1.4536229802847254
1.3994524541392435
1.2980192240191617
1.179322304587999
1.5124662312742905
1.5336718601712243
1.5387463941451252
1.539784090646191
1.5297194779205892
1.5110391837594397
1.4648918175850065
1.4119835748685985
1.3013891498214136
1.543803665166367
1.5605204303615703
1.561180165223959
1.5235834252917302
1.4124613376497137
1.2910854794642201
1.1538162705088926
1.5642064940805298
1.5688609563960523
1.569395320054539
1.5650789308644122
1.5462263990924285
1.5193140318139071
1.4622253779038417
1.3988045729983503
1.2696705266536343
1.125961043512434
1.5549277118273361
1.5603149782550403
1.5563052578849774
1.5500214649628188
1.524932880595033
1.4929336032910558
1.42408503251055
1.358063233823761
1.2536611904239905
1.2204733316326721
1.0667980457750306
1.5379207314395058
1.5381400089284647
1.531863882274311
1.5211226084445697
1.4908521663094525
1.4569802112742438
1.3860400065089946
1.3130862394008735
1.168315207618211
1.0102132931254841
