1.4418103501129658
1.479842592056183
1.4819380331494016
1.4247741902095645
1.3523064916631107
1.286593207248744
1.2166016154810122
1.1529143142432892
1.059942646561345
0.9214346568662359
1.6226426044114928
1.6797369330909862
1.7004802839168893
1.7127581016342857
1.670778533446556
1.5890920128892443
1.5096105542741831
1.4234005304013357
1.3445281016202957
1.2652969596289232
1.1880185493010675
1.1234318038696172
0.9985759793118365
1.8166730246778824
1.8429832181346242
1.864425337592344
1.889840285118385
1.8956790467842528
1.8930234999377367
1.8122275671879633
1.7214365488820293
1.6197268524109782
1.525825287245269
1.4312494049074982
1.3389335627654317
1.2617620135883663
1.0436253894800833
2.0046044738513755
2.0564685783789862
2.068994620471463
2.0892074445552513
2.09670465700885
2.0997544590138384
2.040541404646623
1.9423929410118348
1.825300585804621
1.715271558513815
1.6039521151860825
1.4951467874713356
1.4041729301156913
1.310998322320326
2.28475667171575
2.31637443817322
2.3410865450545937
2.3690329521460116
2.3749787225900842
2.3752833877118134
2.28778941935817
2.1520329272889747
2.016793304567957
1.8778344639704043
1.7414160760502968
1.6272715532934623
1.5104147138193664
1.40653448343479
2.488938267336232
2.5219381336764055
2.5480785276245177
2.575114646173708
2.5814101456140466
2.587607229832364
2.5448150191200227
2.4068651667834735
2.2541631642664535
2.093264560824103
1.9341831564240688
1.8008782157540626
1.664443471387958
1.5431879846038061
2.565563865365045
2.404402295467441
2.229980759485441
2.0562600940322158
1.9104402628558514
1.6285932732260768
2.7447474712397164
2.8118204592049176
2.83730709676821
2.8414879932925046
2.7440728552376394
2.577750765299219
2.388649097146614
2.197877258250882
2.0372467088338855
1.8727973742951103
1.726722496824686
2.9047539503949937
2.9691067342774926
2.9946901064239797
2.9549391880620908
2.794447106784051
2.589800476610156
2.377723534595002
2.197971076080573
2.013741696663682
1.8501329380130997
1.689712336021764
3.0302817956361396
3.0891737562756147
3.114795873186207
3.1052656782421892
2.971734926880027
2.7588886450876573
2.529727390516351
2.333709384598695
2.1324223323220144
1.9536504322740067
1.7784870954880727
3.218108234471566
3.238745717737759
3.2427654015304728
3.2318832794102517
3.1605203499489876
3.0912742512203013
2.9481178307546334
2.7017763001103288
2.4874964907850927
2.2666147055944226
2.0703207339277565
1.8781330606684172
3.2862235135233644
3.340036513396729
3.3607007906739503
3.334359315685411
3.1414697753735568
2.881729922782366
2.6490152477898627
2.4074323506449153
2.192416805776921
1.9820087072452386
3.479781982643271
3.493283545314504
3.494880753839058
3.473252933004414
3.4554909254513895
3.3770508257617444
3.2634478802693607
3.1136093619417857
2.8595433179604757
2.591257942984149
2.351463139987052
2.1168348041304395
3.595928050664761
3.606338935437934
3.603482506136353
3.573946669615629
3.521378505059335
3.4326286370111716
3.336886519180803
3.0680674359760443
2.774610745149609
2.5100085926533713
2.2508296984392353
1.459152946752247
1.4708556096705359
1.654659204940264
1.6848464956029119
1.6624493904012576
1.8609804975909783
1.874794437023599
2.063314220542895
2.0295722300576795
2.3100016010842617
2.3429668015426817
2.2772740870961745
2.52908953552428
2.52205348251969
2.5623227692403736
2.657104052652487
2.7102676432699595
2.7808721178364606
2.726390217886777
2.8613780979543337
2.9312080754839434
2.921727629787085
3.02851890707031
3.053484820240951
2.95480633259646
3.130976101245445
3.1829650689347755
3.274244968866145
3.282377351676513
3.1266518911987395
3.4148109176748567
3.3469917142370385
3.5145622134746186
3.3208327663884254
1.3451676526138943
1.3773830868007924
1.4863693112462188
1.5220814567736602
1.5457964672144529
1.7086271207595292
1.7492371126870423
1.7753709268826778
1.7902118719456006
1.7925770020115366
1.9523279672595728
1.9970784872965377
2.024558803915959
2.0396220753899788
2.0391908237595437
2.0056962849421693
2.132521220412332
2.1792855262326625
2.2081689884359945
2.2185039144366496
2.221762914181679
2.2226898857482653
2.2193439624434292
2.2024752697546495
2.177357163973791
2.313990793407743
2.3639482099949465
2.3916513773244583
2.404204486474699
2.403633239686856
2.3984165255948025
2.3763875354606983
2.347543003247431
2.2835629236681037
2.2151941044022148
2.073594100341361
2.0068698473467874
1.909463052298284
2.5404266518713032
2.5901560794791965
2.617505829106775
2.6244286903994594
2.62683912868555
2.622929596385737
2.616037651709577
2.587019422731634
2.5516465398531674
2.48630215337106
2.394605375732992
2.3290262867285625
2.230838211435562
2.151119072301776
2.0414054251646463
2.679980999128899
2.7292340754216644
2.755013533722432
2.7614392968676427
2.7568142075094437
2.746454567299174
2.7124841158303923
2.6723425815297652
2.588093660080131
2.498808468348732
2.4259477605476714
2.318251730424239
2.23379975859758
2.1122660186127447
2.847639516764628
2.894424313731262
2.9180667077172875
2.9201262216639914
2.899057310573938
2.812288765411316
2.6175909789707172
2.416366528318105
2.1891012370557132
2.993528449785157
3.029991995273973
3.033742221139192
3.0215393499129006
3.0038715957717
2.9584211667501092
2.9051420695491417
2.8024548837623167
2.693793435508656
2.6215586974311726
2.476362897831707
2.3821338947299324
2.2340768581676396
3.124142111007174
3.164382804931884
3.179205164125363
3.1707871707607302
3.153945798040778
3.1374568551383666
3.0831550926896814
3.022260623551087
2.8984620208726684
2.7832332226733434
2.678018749358264
2.5452878337872336
2.427704403492843
2.278275683102092
3.2228999979679656
3.258320028266759
3.268845791444802
3.2551799095801264
3.2373899948716987
3.2128894749604897
3.151464600944778
3.087690104634756
2.9593068620824527
2.8299161902350276
2.7467566036505993
2.5739196004410627
2.452881014521193
2.2913577970574126
1.312087899421353
1.3469412618398628
1.4480844559656416
1.4866746474955803
1.5119370198743922
1.6615526197713628
1.7048497334476689
1.7322380657888865
1.7387288246786117
1.8940006274641517
1.9426220116741866
1.961521456374351
1.9708821501240168
1.9726004011244251
2.066335543432512
2.1153360209989924
2.132591814398638
2.1445550694246327
2.1512439499777196
2.1417580838539023
2.1039896336764503
2.0519932607662796
2.238011918383788
2.290139851191942
2.3074365138283226
2.3183590398767047
2.321845272756658
2.309238414207724
2.262903503919593
2.203530239495125
2.0696569493441155
1.9083017434304004
2.451246106201327
2.5035362117840196
2.522399377623373
2.5296895392061556
2.5287386439469164
2.510619667963759
2.462306763707438
2.382202934036036
2.2266532704442588
2.0401808605268994
2.5824879804931267
2.6324502108528036
2.648106866619618
2.656822154403668
2.6521546012114663
2.629928778906921
2.565227414402795
2.486037231367232
2.3139998106957544
2.7384776734766985
2.7865018876976784
2.806237088330185
2.7684258124789283
2.604399228716061
2.412016893280868
2.187848356731076
2.8739070215484537
2.8935610176469706
2.904955709377714
2.909304293990708
2.8945426481189815
2.8610023827070346
2.7785125008331573
2.680513703715347
2.4720242226190985
2.232825313200965
2.991801544538917
3.0320303816802743
3.0413763288811833
3.0407836935013064
3.018160988224919
2.977316540203476
2.8751532873138603
2.76999027700268
2.5971406852778633
2.5409558940219137
2.277046021472966
3.078881257891377
3.1147614075215304
3.120946502649496
3.1174373308469328
3.087472981205122
3.0426862502240937
2.935479053078916
2.8167206995408876
2.569672208833093
2.2901628455138296
