2.059360887546463
2.0997612994956176
2.086081012708924
2.0013688406815024
1.895445405888574
1.7977054071055574
1.6913247398468396
1.5918769894915439
1.4418466815304822
1.205084563026928
2.434112721857349
2.500381141765332
2.5228458294891047
2.5313019959950407
2.4602232010004026
2.3354095233742482
2.213252582239861
2.0784456670977236
1.9521165907908757
1.822181040840165
1.6922828830915764
1.5808441144763827
1.3569362779798715
2.837719878253777
2.870354682535165
2.896466219803503
2.9263365183110257
2.932581924213228
2.9123895701830604
2.7819496094934433
2.637669126612028
2.474143354432343
2.3199014461618437
2.161245807593077
2.002946693244427
1.867496981450523
1.4669682149275332
3.2657918510098787
3.3332391639455747
3.349091317804521
3.3733893387370437
3.3808004177241693
3.380483648665315
3.2750365943232964
3.1128931267906608
2.9187982743083847
2.7331473526117245
2.541730001931652
2.350954313903682
2.1880807884085662
2.0177816648745797
3.9727415451904395
4.018491353344381
4.053709817539889
4.091813050974587
4.099345182190999
4.086930660687082
3.9300790052498495
3.693211679796023
3.454626489243001
3.2056735812367174
2.9572693090756235
2.745681774882211
2.5252218859603084
2.326264336355525
4.552258090999079
4.603332899885814
4.643318191693871
4.6833575324634005
4.69181709764637
4.698679456889273
4.611861571997415
4.360311464510485
4.080993996852466
3.78293255859569
3.4840378352568453
3.2295201157167686
2.9648641188516875
2.7266111377948588
4.807681971538749
4.505950465478557
4.175792394232465
3.8426503774743788
3.5587428443405065
2.9985996174598166
5.376135441892764
5.491393868648692
5.533082672056
5.537258392611172
5.345870080495131
5.025954133954632
4.658875803970289
4.284095920982565
3.963970617792745
3.6315495804859133
3.3330677167055227
5.961348905058114
6.080277678365969
6.126767066081465
6.04475031164612
5.725788498401821
5.315724088144671
4.885949296999612
4.516706955661115
4.133014339110594
3.788933812516543
3.448118186465444
6.469147901523707
6.585913729251448
6.637208303154492
6.618173379754618
6.346983764739112
5.909377390286402
5.432612739869216
5.019200635005339
4.589038510693468
4.203391031949738
3.821857234164945
7.18260106316378
7.228533986958889
7.2382203762170745
7.218035783315844
7.0720433851505735
6.927204312104975
6.624028668286371
6.096294826164442
5.630706713291455
5.144163215743647
4.707926848997751
4.276748288098465
7.696659834423408
7.823091844054368
7.878884175018309
7.831188846697811
7.418134133919419
6.845386492488933
6.3234785447513335
5.774084680072379
5.280605128560693
4.79312009023928
8.68860957153324
8.73239383597483
8.742881960792483
8.708417399945137
8.671637039106713
8.502551202461333
8.247091648566327
7.903998774694331
7.311093505482461
6.674679196381565
6.100117180372572
5.532305000328478
9.581521270771653
9.622595516944003
9.634397964760565
9.583490781081585
9.471530001139088
9.269411770021398
9.044042679042281
8.394234703072694
7.6686172573887115
7.006384767930164
6.350433867392982
2.071829478957851
2.0727625651990316
2.4648132163454193
2.4959948646984547
2.449595469538623
2.883190358314549
2.8879097851731625
3.3289242025840537
3.2594392860863364
3.9994842032429845
4.037080991103072
3.913779464219539
4.602528207756194
4.5742668957352715
4.84175590961369
4.985795739430341
5.309521789838825
5.428279141340281
5.313823893004598
5.8753114416108865
6.003427144021915
5.980953449405484
6.463947204318078
6.513704217169908
6.312511962244624
7.008419108946457
7.4664807144281236
7.682710661132822
7.712546889582368
7.3838387872601405
8.5549466031154
8.427369922719208
9.423167196146476
8.999777933300907
1.9314498869440864
1.9665607219173016
2.2059535986352445
2.246585133952118
2.2722154259323992
2.6739442370781
2.723415822423331
2.753783533172918
2.7682280182690198
2.764984927828058
3.24531110038873
3.304735058707285
3.3392780150144667
3.3546309035914654
3.3468912012306125
3.2829949180861036
3.7162942593703376
3.782592419373491
3.821623708117683
3.8336160523348757
3.836153137679438
3.834066067023738
3.8248081284890856
3.790802436263934
3.74386292124252
4.242897760510351
4.319479073504338
4.359665333336372
4.374162834502764
4.36941698283721
4.357016675220016
4.313348264088623
4.257894961560557
4.138329088216065
4.011062235713499
3.74698121243534
3.621702243927049
3.4374616297366183
4.991711618558328
5.076234859865475
5.121948757164832
5.132351723905076
5.133914649511066
5.123194934538055
5.10807938877765
5.049705541477641
4.979695205973497
4.851691520085432
4.672126827298531
4.5434464418237495
4.349779476887156
4.191684005180223
3.9724911235684943
5.520474337802577
5.611978822638151
5.657968101992554
5.667442927830243
5.656967334122233
5.634904901659782
5.565270060199768
5.484293641841713
5.3139028725177555
5.132894000400374
4.9849209305293005
4.7645417167625945
4.590648700385314
4.339045106546129
6.252028625848443
6.350011551695257
6.399232763746445
6.404374451368285
6.361337266936756
6.17974480582536
5.768354047676205
5.337539227433381
4.843997179284371
6.923146670318916
7.009552664047565
7.021192687955524
6.998418076517026
6.9627789675804665
6.866472320211748
6.751596432822227
6.528095581695002
6.2889521163060484
6.128596656226191
5.804696793133303
5.5930312906727035
5.2579104006558275
7.8479422179097025
7.96017976462206
8.009372764097256
8.003555119607581
7.9709815211437425
7.9370957934211335
7.818769120933532
7.681963578703596
7.3967780920843405
7.1272444239686585
6.87934065740955
6.563627339506092
6.282861570859088
5.923009246322554
8.64372140622999
8.759902389563027
8.809199260637245
8.798102520195075
8.764540768614408
8.713524453693998
8.575373006018639
8.425998751533005
8.117648321695494
7.80156049400439
7.59524204207973
7.165675474166478
6.861609090923135
6.452367745337399
1.884504487273897
1.9221518525658887
2.149724144184791
2.193327271138514
2.219341850531739
2.6009060737096212
2.6534236177472206
2.683736914067208
2.6788507404256645
3.149566071761353
3.21350141348411
3.2368612740571048
3.2473656389016
3.23466895287499
3.602430598257115
3.671448350425704
3.694528542791854
3.708898017366405
3.7112894300561305
3.6885479247162327
3.616533855240365
3.5215967291784502
4.10595329684195
4.185479779767636
4.210168283781822
4.224370823130876
4.222812613841295
4.194225366732231
4.103911762077893
3.99159569013238
3.7403914465959116
3.4355138307086697
4.821320781314605
4.910494138601398
4.940816915623006
4.951297503200132
4.943633045894788
4.904882128734939
4.807810834437694
4.649370233046263
4.342060632084169
3.9702199476712416
5.326063146741051
5.418695559550802
5.447055213886515
5.461590623177579
5.448295731537412
5.401853741323861
5.269275099638111
5.107872149953217
4.756149965131692
6.023375402996256
6.1238758683961905
6.16581921275178
6.086741696330605
5.740078946608653
5.328116133921658
4.841247978000364
6.662214027324755
6.707780796405706
6.735639354797551
6.749127340968691
6.721545645953116
6.651057162351555
6.473193971572349
6.258294356691409
5.794542343304219
5.254930834418073
7.540412214769539
7.654677942069805
7.687128522916036
7.692784761991883
7.653603205520679
7.567147861355829
7.33665436284699
7.092791459611188
6.686221978618549
6.5521399773730575
5.919666376645927
8.290589861558866
8.412591795108879
8.44382041415679
8.44970739961992
8.397309363837161
8.30001093557045
8.050183284421474
7.763772585750443
7.153216302410059
6.448751026266793
