0.3847426867153128
0.39521596305098405
0.3963926516759538
0.38154543366248955
0.36265533642128894
0.3455748279934143
0.32744904863420543
0.31103299187824024
0.2872090888940066
0.252054305046036
0.4293912433685648
0.4448534564239193
0.4505284576139176
0.45404729666931487
0.44342242868986786
0.4222804561604457
0.4017174650268636
0.37946985384346604
0.359192356876531
0.3389003134448846
0.3191837085351397
0.30276508554756876
0.27120048010055336
0.4773756028019099
0.48441221685453983
0.4901606860936918
0.4970101759108233
0.4985961011850735
0.4983844919053281
0.4776536484218198
0.45427613732526206
0.42812345011119673
0.4040490090354589
0.3798763854561945
0.3563549260831236
0.33674592495819033
0.2816102107250858
0.5230538597088049
0.5367778356517009
0.5401038339575833
0.5455010098845162
0.5475472977029925
0.5484566116772013
0.5334857629639362
0.5083464454587524
0.478353526570638
0.4502394221654088
0.4218612809148124
0.39419121710586974
0.3711033291016849
0.34751285500592033
0.5898184864140004
0.5980113139762562
0.604425874770888
0.6117100913823401
0.6132691048308709
0.6135546098475697
0.5913519429184788
0.5568031033452486
0.5224306791291653
0.48717358575305997
0.45261678643640174
0.4237399582216086
0.3942226614753205
0.3680181756320914
0.6373385746698387
0.6457768351817439
0.6524608063908707
0.6593721336365915
0.6609869805672651
0.6625933459474155
0.6517972638212437
0.6168432642199843
0.5781986867118174
0.5375385650551779
0.4973860898064306
0.46376997215832283
0.42940459856333846
0.3988654565118202
0.653717772199713
0.6130350102077969
0.5690711886629376
0.5253310841330818
0.48864258477202455
0.417795294363819
0.6953330300302868
0.7120745539489427
0.7183900263768886
0.719390389265964
0.6946793181622949
0.6527920561237043
0.6052670237572926
0.557374154690272
0.517072997515577
0.475847058482374
0.4392195277597465
0.7305799745558799
0.7463800198801732
0.7525415886543537
0.7421967754644766
0.7018160070643945
0.6505554932798467
0.5975131701928993
0.5525842726108535
0.506571024108265
0.46569141709842754
0.42558409015978
0.7575658191803152
0.7717963047243049
0.7778322211368079
0.7750372411488695
0.7413176353614767
0.6881138597088093
0.6309740327213931
0.582139436707234
0.532032579367676
0.48750917282206857
0.44385822874326897
0.7983804374305512
0.8030995116315285
0.8038482507207714
0.8008258345028096
0.7826439247211563
0.7652779600796882
0.7295783172250476
0.6683452955177808
0.6151607549054331
0.5603817793630682
0.5116912352408854
0.4639869052491397
0.8101404983196072
0.8225890863540753
0.8269241312713027
0.8197065870589936
0.7712845540237461
0.7068804993008427
0.6493372824794789
0.5896696015161064
0.5365637074410986
0.4845697537047348
0.8487616339787888
0.8514562733160672
0.8514663264138781
0.8454044064147949
0.840909570532696
0.8210101575320421
0.7927061902389636
0.755678061552019
0.6931226238760863
0.6272439061800833
0.5683244178544945
0.5106895118505713
0.8686055938954158
0.8704586025419209
0.8690065969347438
0.860964576489902
0.8475096107907205
0.8253313355438703
0.8016554223295494
0.7356415738404379
0.6639078291042795
0.5992941573510291
0.5360153496623369
0.3897318740050259
0.3933922721605852
0.43826430101312397
0.44657702743272154
0.44119297281858183
0.489491814070634
0.4935559106933578
0.5389040694172444
0.530610461035684
0.5965023053262408
0.6052178096174711
0.5886401321586044
0.6476768798282662
0.6459986133130955
0.6529202127765484
0.6768825185711479
0.686596465959578
0.704191830235342
0.6902516855516893
0.719647064920063
0.7367093869970414
0.7339700800449798
0.7566315510254111
0.7623254140326954
0.7371704727091691
0.7754798289470805
0.7850205951982532
0.8061476451689773
0.8072326625544114
0.7677420106627735
0.8320412781011598
0.8139235927343675
0.8471532030834599
0.7979452949873623
0.35901350726510983
0.3678603476655332
0.3944078154875676
0.404126714181709
0.4106339231580767
0.44928234066111833
0.46018288991331546
0.4672391340519628
0.47132970802655966
0.47215640249172075
0.5082183127454376
0.5200211883372537
0.5273091158335177
0.5313930705681087
0.5314452355618219
0.5230666045156169
0.5508639403317328
0.563002499215068
0.5705643060882413
0.573299820339364
0.5741827349336676
0.5744773772321708
0.5736868223143878
0.5694711807190417
0.5631348528212284
0.5928967330907582
0.6056652470326898
0.6127731491280193
0.6160151264618519
0.6159093383604416
0.6146133064250635
0.6090534339220153
0.601776761844387
0.5856018807582277
0.5683361957182858
0.5325647009430794
0.5157223865328261
0.4911407640669474
0.643849352498702
0.6562792856975274
0.6630567249031883
0.6647619881498057
0.6653366581783491
0.6643140844095582
0.6625663925352253
0.6552050794855043
0.6462876922456416
0.6298331402096446
0.6067761846819482
0.5902984318373006
0.565656169546704
0.5456443930993999
0.518118899092748
0.674247176400232
0.6863190386762738
0.6925757446311862
0.6939981886947465
0.6927514605727098
0.6900941990018882
0.6814749006323213
0.6713528964723005
0.6502002315460679
0.6278339419878805
0.6095959091638641
0.5826626103062618
0.5615566354795137
0.5311784243144606
0.7094499567157668
0.7205742426782731
0.7260535053931572
0.7262348938429609
0.7206923207840978
0.6987818882689396
0.650156785429855
0.6000637659868637
0.5435831350389413
0.739516492375581
0.7477588218575698
0.7483466796680824
0.7449054224065836
0.7403115669528556
0.7287760659877608
0.7154083375895106
0.6898057695831372
0.6628006885422639
0.6448996862175711
0.6089233749872519
0.585587478895937
0.5489889439557138
0.7625892848495872
0.7714245754454981
0.7742513546970953
0.7714429614124354
0.7669529835337613
0.7626826440634997
0.7489339602789526
0.7336835141724932
0.7029867467410482
0.6745440756930791
0.6486380421612302
0.615994239892396
0.5871075304335178
0.5503725136838117
0.7789624561601631
0.7863360578119006
0.7878804717600412
0.7836368526453059
0.7788792187299107
0.7725332058624239
0.7570021713589442
0.7411084725612954
0.7095595855066555
0.6776252707909955
0.6572671043440858
0.6149681944228321
0.5853946430706819
0.5459472569478714
0.3503173504806129
0.3599072216998641
0.3844037593312516
0.39492417536410623
0.4019051955802766
0.43709073344861765
0.4487204714384826
0.4561724232277212
0.45830290097339027
0.4932447587623478
0.5060819066241407
0.5111097889257256
0.5136211661580843
0.5144303496023402
0.5339801133587072
0.5467335427763224
0.5512409227405024
0.5543994433537438
0.5562601192235573
0.5539553557816451
0.5444480800196462
0.5312898752814065
0.5736317136682725
0.5869617776601774
0.5914089960446433
0.5942256015189499
0.595166759390422
0.5920256885444602
0.5803445856500067
0.5653687792100002
0.5315636170475659
0.4908456962568192
0.621408706172924
0.6344606292831124
0.6391461924244973
0.6409815660469507
0.6406235269297403
0.6360269598606823
0.6238356977382622
0.6036788355614697
0.5646125950980376
0.5178141737912145
0.6498531570934593
0.6620725270457063
0.6658535153955015
0.6679225488782637
0.6665610459745707
0.6608740640398516
0.6445568516932174
0.6246853793365126
0.5816167824940726
0.6822722301394966
0.6936837903311354
0.6981010003442317
0.6881251420382704
0.6469619913811809
0.5990141747303795
0.543282293679309
0.7098987937760746
0.7144556963083382
0.7168857368937488
0.7176001631524225
0.7134531086787919
0.7048324925382297
0.6840808892156286
0.6596323375251131
0.6078932262817299
0.5486937207009738
0.7300787422892787
0.7387734031621993
0.7404958118274738
0.7399623256670996
0.7336841451743491
0.7231571566381242
0.6975445397881982
0.6714617140598625
0.6288116871822584
0.6149927651945105
0.5500910354071675
0.743847222325278
0.7511400718464449
0.7519593554018956
0.7504907086933605
0.7422570352785679
0.730767082426458
0.7041000409568892
0.6746147961651363
0.6140079825423229
0.5456805721304766
