0.9429883471269209
0.9687793194619344
0.9707167446110284
0.9336987715073388
0.8876761665890636
0.8470631706320921
0.8049657220307983
0.7679218966433536
0.7163814785909501
0.6469064201797226
1.027752216821238
1.0643763512247748
1.0775375217792154
1.0851121527340946
1.057797240194278
1.0062481867609625
0.9572550126114225
0.9053521494242022
0.8591750087879305
0.8141759417119915
0.7718870190926751
0.7378647394961131
0.6767402705725001
1.1180995625234795
1.134154115915234
1.1471524074657875
1.1623591517327903
1.165773453005084
1.1622062186654807
1.111112455716613
1.055331755250827
0.9941901306820442
0.9391044237126344
0.8850166483952212
0.8337856527462078
0.7922254543698196
0.6836986478604645
1.1983151780169283
1.2280491763774188
1.2350817787184538
1.246103048626139
1.2499554104248074
1.250624939074364
1.2117905893886227
1.1514943657722376
1.0813107637705064
1.016825846184062
0.9529958170028965
0.8921253481664486
0.8424282695250933
0.7929941549069083
1.3055909188782504
1.3220105283759527
1.3345874549000658
1.3481450370486359
1.3507550084162687
1.3458253819562986
1.290201677539974
1.2089605797935148
1.130064170409721
1.0506348978946887
0.9741167707645805
0.9111983275087097
0.84813459577759
0.7932616445304913
1.3734531127947742
1.3892990124636093
1.401383682041458
1.4127896458428335
1.4150534254647331
1.4162850699033893
1.3839141215889252
1.3002685218334764
1.2115421397481123
1.1201028648577462
1.031241963750092
0.9578630012518558
0.8840587725218598
0.8195532015531727
1.3536747463361758
1.2600402477167856
1.161342272738007
1.0647622840816895
0.9847685116440694
0.8336791005019618
1.4449422312716023
1.4718764050304
1.4791611993865414
1.4773182717149158
1.4104649431374725
1.313260551339167
1.2067467040211834
1.1013476069316483
1.0137980501557906
0.9254912670857536
0.848090681563134
1.4807280978274275
1.5037062421084764
1.5086404627241656
1.472152676174002
1.3757902361613434
1.2608746548052594
1.1447585222037522
1.0477820673663
0.9498227929712856
0.8639084097323221
0.7806289220095777
1.5032775191102687
1.5220465809874664
1.5256597235333753
1.508515236720278
1.4235174251669453
1.3036322601075403
1.17907518479493
1.0743614936022365
0.9684376927836793
0.8755324174076792
0.7855158665815843
1.5353295525391835
1.5367352873137017
1.5328636980776216
1.5193838846161867
1.4703001801441216
1.4289375568530849
1.3487763579947734
1.2155362697796464
1.102401497804007
0.9876984223555524
0.8871046647110352
0.7897491698552003
1.529474086604989
1.5408311989587256
1.5362488876208473
1.5080630239477497
1.391371653020907
1.25126062321996
1.129792669246691
1.006234474531597
0.8978488290432044
0.7931134257311356
1.5349347609450135
1.5310269942468389
1.5253199572806944
1.5013766293489987
1.4879056121184302
1.4383388686238694
1.3739102076746839
1.2937807516893065
1.162786208713508
1.0282184692679812
0.9100831541250727
0.796196783878064
1.5158373724059742
1.510483351805828
1.4971701562121935
1.4701714640655725
1.4347285707061679
1.3828667357107842
1.330775275798434
1.1925289951383726
1.047923812762429
0.9206032709540585
0.7981203632531988
0.9547781266383998
0.9632272557751642
1.0478519783514877
1.067066393668141
1.0524341559284498
1.1438573064979995
1.1509476236644438
1.229042305884016
1.205341502521602
1.314757987414208
1.328039838086407
1.2844748123553842
1.3856808919347308
1.3721470290258642
1.3813213884614768
1.4152500362103764
1.4223499796019257
1.4480216590320556
1.402098362588492
1.4538590306188144
1.475679996301724
1.4571606616754307
1.4877655362654674
1.4860518167690537
1.4163755737352928
1.458388416481914
1.4830690922395482
1.5023790354488602
1.4880411514406222
1.385913965103447
1.4881200453885828
1.427941580843892
1.4508194904054066
1.3258992540138017
0.8776589768765037
0.8996373210311183
0.9473301467395515
0.970713862484714
0.9862774197986358
1.048908567887935
1.0737371699844522
1.089484623349853
1.0982711797520348
1.0994011910962256
1.1484516941740885
1.1733842780475003
1.1882654679472067
1.1957539314268488
1.1941528557021077
1.1725719546673303
1.2132778034998783
1.2373830994718436
1.2513602294941775
1.2558170595697178
1.2568212904640734
1.256146201338788
1.2531827405343696
1.2415971258117156
1.2258061897804442
1.2701413331746647
1.293391952323336
1.3051136354897723
1.3082689243858159
1.306313855689727
1.3017581238583127
1.2865586402750642
1.2684338087568914
1.230013711197792
1.1902090634062465
1.109327736218372
1.071830056721776
1.0176086167478235
1.3277782616807654
1.3476537369722699
1.3562247764424302
1.357153070511518
1.3554719186982815
1.3503638577340054
1.3447539067322551
1.3247331936304736
1.3026974130519982
1.2638273521229915
1.2113525629236865
1.1743525974709081
1.1199948914389053
1.0760323910379637
1.0161999636680017
1.3545704392485935
1.3714628888850855
1.3777631768857421
1.3741751459716138
1.3684449456668561
1.3599104520991026
1.3368330287058185
1.3119586890668915
1.2627319735194285
1.212382256375972
1.171994609740981
1.1131169897012783
1.0674089669586546
1.002239201430374
1.375774684868175
1.3882104003461413
1.3906897008043084
1.3829573520776803
1.3641514199833904
1.3090946213713177
1.199489907724355
1.0912788456450386
0.9720612652333948
1.3872708146668762
1.390001492875109
1.3849352509653492
1.3695299213363006
1.355795449209643
1.325844710442508
1.2939906547873292
1.23623414258206
1.1772660725918376
1.1389390521883516
1.0629083785939717
1.0142300087577234
0.9385764850511057
1.3717364080990386
1.3746092286144809
1.3683260038226477
1.3517045869963302
1.3370622202273557
1.3249796263838474
1.2903559509172458
1.2547781718130808
1.187265974402577
1.127034629011587
1.0732711815422527
1.0064615260259173
0.9479589838952088
0.8746143774137125
1.3504142723065562
1.3487796346683163
1.3389411714239223
1.3186452772966006
1.3036903268715214
1.2861242865072193
1.2480291194702047
1.211913991723172
1.143685867460105
1.077896509889547
1.0366329003914019
0.9521083845390469
0.893951460919641
0.8175219699332944
0.8557292312679565
0.8796169833028101
0.9224513615545584
0.9477948362927979
0.9645714633235393
1.0192023026624164
1.0456370831487678
1.062253422990704
1.0658807203784306
1.112778403652159
1.139798675540369
1.1500133728701454
1.1548489235171349
1.1536200394832592
1.1735884769488507
1.1986362405443989
1.2069739776424564
1.2124359078493034
1.213785965284902
1.206546444360194
1.1826274258050704
1.1514830188869372
1.2256478279939398
1.249521782529686
1.256875366205542
1.2607134686820596
1.2587376639900716
1.248984289343822
1.219611923881175
1.1843838572213354
1.1073951876336154
1.0170513329933613
1.2770424823699345
1.2970971694529518
1.302949240994464
1.3041401169848634
1.297527353007223
1.2836743840059095
1.252821912495924
1.2057447508303665
1.1181527329546757
1.01568066084306
1.3002369204377093
1.3166260370357643
1.3201428550805443
1.320260226202205
1.3103912260135449
1.293528980347877
1.2529571153473875
1.2070084105986008
1.1113904481939043
1.3162930039855694
1.3281153680715287
1.326481891880647
1.291702897947996
1.1944809273677885
1.089707177370893
0.9716393340565571
1.323443601195289
1.325961649028071
1.3251995892550175
1.3201207465730107
1.3021007559568467
1.2778200332744363
1.2276866232318533
1.1726563801510637
1.0614947109062896
0.9382044696742394
1.3036168146620373
1.304503955962899
1.2992062308993686
1.2926967812699746
1.2690827406236422
1.240336656800415
1.1800677990172568
1.1230950655304692
1.0335855401848262
1.0052834283625944
0.8743233929759882
1.2792429724673218
1.2753380573759756
1.2681874553741292
1.2573834917394224
1.2292413540186637
1.1990089117840432
1.1371646007582423
1.0744605704708854
0.9511276218780975
0.8172941173710855
