0.9794299475242132
0.9984607776923787
0.9748744928720019
0.9143872057142296
0.8448522414637829
0.784239293765927
0.7214121702164782
0.665828674175066
0.5880888987884633
0.48476785501376946
1.055857778036121
1.0844912382547949
1.0918355218440345
1.0882355475992862
1.0339244879984562
0.95529391046453
0.8835501851744361
0.8082597455899232
0.7413487314792596
0.6762444526537246
0.6151221440664103
0.5664760672760377
0.48311111435451787
1.1327246411821696
1.1452799129544284
1.1546014284127073
1.163258797403821
1.1643836139292927
1.1345010190648244
1.0530218815323904
0.9719700604720447
0.8851604359300873
0.8074998959960182
0.7316978140170813
0.6602485982503431
0.603014388799449
0.4645835649158808
1.1974984668635964
1.2186126726654796
1.2226224152772183
1.2265334475599123
1.225443620856776
1.2180916547070197
1.1469446639222158
1.0587938140584972
0.9606733630533723
0.8719285210315785
0.7849733522064274
0.7027517484043067
0.6365855241598792
0.5722323264226267
1.2772036689727866
1.2883099279528158
1.2955386007564247
1.3001196673819468
1.2997143291332962
1.272241585249174
1.184334286845068
1.071655548170012
0.9661502838364715
0.8617944211902915
0.7627774977696675
0.6825638485013487
0.6041282648800936
0.5384744661086289
1.3215015159030483
1.3313862367643672
1.3373617338380623
1.3392466826855227
1.3378730761049602
1.3323662529227902
1.2694328585538934
1.1513613603403523
1.0342772249816068
0.9167801689317155
0.8047134282185964
0.7139879310914504
0.6248940007774388
0.5499248207149912
1.198135717736777
1.0749727652833063
0.9495803696527721
0.8295189187016132
0.7322414037244481
0.5560127599604394
1.359518810216107
1.3707371283333374
1.3656372843339142
1.3546486986070645
1.2479824809295725
1.1197799129591188
0.9858418589783836
0.8567739832685646
0.7520658163708004
0.6491108101067489
0.5622315630113854
1.371852184141103
1.379056253624587
1.3702040037159025
1.3023497713842125
1.1726240311364833
1.029281436736938
0.8893179303097235
0.7754922307485105
0.6635813306873619
0.5691327358215754
0.48232529655376316
1.3746041677950431
1.3786954750916511
1.3689077205436335
1.3319650727890442
1.2131207253253176
1.0637533426125694
0.9152109314082096
0.7939932734570897
0.6748163868937573
0.5742983128563831
0.48194474883869876
1.3693687215919643
1.3598356393457756
1.3482158352191347
1.3234266702016884
1.2529659844015901
1.1995222692353176
1.1001559343837684
0.9428772805240199
0.8136681041788244
0.6865739707917297
0.579523181715637
0.481289297953168
1.356092562312695
1.3525384852459201
1.33219441415141
1.2853409146606551
1.1349518757426815
0.9701666116772526
0.833089917701706
0.6980876650586448
0.5845180570108405
0.48051600428806035
1.3184888534740895
1.305439752578635
1.2934724980044658
1.2560902485144838
1.2371208515521956
1.173371165435023
1.0955385833883735
1.002827377591888
0.8566406950358423
0.7119642220650905
0.5904717509139432
0.4793725920486316
1.2737515077663497
1.260666420325754
1.2377364529969466
1.1996596045392223
1.1541791032666355
1.0917057314105445
1.0314101692307733
0.8780480548241602
0.7245666556009771
0.5954776547378129
0.4780340397638365
0.9790992774220016
0.9673857948186281
1.0618927916174075
1.070229393626205
1.0287170757373176
1.137922795744414
1.123587794878447
1.1972264527552712
1.1408979933969432
1.2653632208259362
1.25558601656005
1.179138819518158
1.3038484076750223
1.258761186902278
1.3058474140266343
1.2980425368798296
1.3250739452517122
1.3280713709807643
1.2406812309266155
1.3338055524364956
1.3329560597470902
1.2892578010711402
1.3352820078820797
1.3123751379571456
1.2071337055850886
1.24296793081604
1.3085461885596554
1.3031696357741218
1.2685132567467594
1.1305917056830765
1.2533557723327735
1.1650455498931926
1.1841230593033663
1.0277343685311933
0.8948208615187406
0.912280083702661
0.9544523271173253
0.9723521182428511
0.9820496494129642
1.0367520200632967
1.0545740984714689
1.0630800878602882
1.0635756374007308
1.0556213377660273
1.1105742903289608
1.126801675927036
1.1331134825971838
1.1306517876664584
1.118583872552867
1.0773758150979444
1.1535075571921962
1.167775322715296
1.1719815324245832
1.169951575749012
1.1669824354797136
1.1608126124539513
1.1519949408675063
1.1293670767281023
1.1035839078074365
1.1858279919033388
1.1977799407076581
1.1992813641052997
1.1908775782757015
1.1830427829952697
1.1724873942274021
1.1455807133108407
1.1176063109696859
1.0630165840908476
1.0092881464537318
0.9040534675835423
0.8561605256562752
0.7879743255508204
1.2093156761624333
1.2170736748713187
1.214217163577627
1.2093141124668538
1.2012220773602629
1.1888655347359813
1.1782304718701524
1.1461510978762712
1.1143800391657643
1.0619633495848313
0.9940379631607485
0.9475150673905117
0.8801862762521845
0.8267023833512619
0.7551743393286362
1.2128535567427947
1.2169187117116476
1.2116841055082674
1.1960582588601931
1.184083755379493
1.1691074889939506
1.1341874079329684
1.0998774038249532
1.0356658584523415
0.9725850763955909
0.923318775907696
0.8525790468491276
0.7987589849972758
0.7233017794771616
1.2039484499991868
1.203391819505277
1.1938265937820483
1.1739927915391462
1.142989443208648
1.0676008376746644
0.9332213232368121
0.8074564768378597
0.6739835554505974
1.1851168191912238
1.1717984119818527
1.159141560117962
1.1321315047898102
1.1121841570198012
1.071700683428952
1.0311936991212522
0.9613483298198625
0.8924801602916673
0.8486758692765958
0.7636893297551473
0.7103570058259804
0.6293332361516539
1.1429236646405345
1.1331014959264583
1.1155717381305468
1.0878385989102137
1.0668095147800907
1.0506532520248335
1.0068161637536364
0.9639839674724052
0.8862796524053961
0.8192228347844756
0.7608342725206633
0.6896750820345702
0.6290240657023841
0.5550110287016472
1.098289818433191
1.084572712644034
1.0644113428028448
1.0339017814104559
1.0137918655680849
0.9914715307890751
0.9454870546502969
0.9038619538260569
0.8278599670413821
0.7573410259858795
0.713816665921194
0.6272999771863368
0.5695604375940138
0.4961713248642911
0.8631584309625113
0.8814785320638215
0.9188583448326458
0.9375186544695702
0.9464701444764345
0.9950203744398711
1.0130108707153356
1.020254877037422
1.005248875087601
1.0618092617432886
1.0782681778797598
1.0820942980057429
1.0821553900598
1.0601727065822126
1.0999240299844861
1.1135630972175896
1.1158977502629837
1.1149864248594343
1.1043943826087141
1.0864833641238232
1.0461203013068066
1.0001793059324036
1.1271293259910768
1.138072014176468
1.1388480391545774
1.136012977698456
1.1211667086290442
1.1007359751354995
1.0541881877285881
1.0044503070542854
0.9025223895405391
0.7875605234525508
1.1442720107792086
1.150224643175604
1.1477374682103707
1.1431884902256484
1.1230055529082599
1.0984021652357165
1.0529080929750476
0.989551670240896
0.8787899886631868
0.7548099357024015
1.144476946805363
1.1467325634386505
1.1429529451004468
1.1355873744876064
1.112165222996222
1.084737438640032
1.0278374100017795
0.968398568162869
0.8513127477893192
1.1309624218919327
1.1282733416356872
1.1119975128702255
1.0537420403231448
0.9294612132380691
0.8063567882043963
0.6737188373553445
1.1086047017230178
1.1037515435943925
1.0963299985039558
1.0835271913214286
1.0529744234971026
1.0186517070301955
0.9549229579678723
0.8891322115210714
0.7627427523309902
0.6291148978161736
1.0638480111138906
1.0506902002049978
1.037310178854989
1.025694566169171
0.9906977217589473
0.9532781182512524
0.8811447115594901
0.8165235900050396
0.719041471265218
0.6889474454174546
0.5548627154197758
1.0180039883367318
1.0008008770181203
0.9869375526618009
0.9699851566988895
0.9317548388402693
0.8946345305178995
0.8234008265124085
0.7551061662333386
0.6267416631706357
0.4960731847872824
