0.48577838864678496
0.4953263630184684
0.4847641338883352
0.4561019525000718
0.42297683659961793
0.3939815464340729
0.36371568639420643
0.3366587920976018
0.29787228415966915
0.2414776493037311
0.52528621268127
0.5397946864965044
0.5437568872730617
0.5426766319943538
0.5177402478115802
0.4808481360754664
0.44694997133877823
0.41115880617051753
0.37906189989039396
0.347371758753165
0.3168915329042857
0.2917259783583263
0.24390356690185822
0.5661745791241015
0.5726356192962494
0.577519691889491
0.5823358787808763
0.583083295117309
0.5706293506106005
0.5330950021766456
0.4952314198969075
0.4543760943525027
0.4175249956024699
0.3811103243448821
0.34610453283567394
0.3172295009856684
0.23750339504498488
0.60239250594701
0.6137571729499285
0.6160726776546919
0.6187942370861458
0.6187947623104694
0.6160575418068538
0.584405876373933
0.543758471546344
0.49800608235227445
0.45627024058608145
0.4149301575946967
0.3751962942333096
0.3424553061710932
0.30940161935342536
0.6508783016694044
0.6572387408620759
0.6616517086044164
0.6653052404175605
0.665564625621811
0.6552711484352706
0.6161940892821699
0.5644524216011448
0.5153848797899324
0.4663159309708221
0.41909212863490825
0.38023173407955757
0.34108915601169626
0.30684492758081694
0.6818534046544749
0.6879562597949708
0.6921180078074337
0.6948369314857096
0.69483055244205
0.6933082078202408
0.6672931055331123
0.6140587891083791
0.5600351899806125
0.5051034794729257
0.45204262719267446
0.40839720385421185
0.3645594664809715
0.32617740298915254
0.644019157680801
0.5875289515175516
0.5290680469675484
0.472357435165883
0.4256929386404546
0.3379154460651663
0.7153693357367736
0.7248834373623088
0.725251512667677
0.7218143268882208
0.6767983084794795
0.6185455486115639
0.5563029329535497
0.4954347215160877
0.44529604552153573
0.3949564991839637
0.3511056528459792
0.7329120378240653
0.7409980788927872
0.7402821352157376
0.7139872632403546
0.6562723381473766
0.5899959735352274
0.5240525886938961
0.46953702620848076
0.41484872593632066
0.36728211922688025
0.3214814749540156
0.7446301878041802
0.7513341340604841
0.7504532600670921
0.737442462465315
0.6862061069698812
0.6176176760354453
0.547665663635542
0.4895191087487658
0.4311965060323524
0.3805016445384993
0.3317890137835616
0.759752373003928
0.7586352756067654
0.7552766665230777
0.7462999190660625
0.7169233106016107
0.6931994311026234
0.6477259773427566
0.5737630230831677
0.5116550488994989
0.44923046271445194
0.39503335437320997
0.3430459773356264
0.7613198363960512
0.7654057208541608
0.7609695050486938
0.7436792772129414
0.6776161189569795
0.6004070655316571
0.5343487892525325
0.46771807069821797
0.40985554217945236
0.3544208299426671
0.7674132585977081
0.7647412706133703
0.7612016460286211
0.7474794281966093
0.7399976833413728
0.7125587949805612
0.6772413216575235
0.6337096164955467
0.5630994803083795
0.49116611687596967
0.42863563083641765
0.3688369823457029
0.7641101891086813
0.7612001840367402
0.7540841961582156
0.7395171680818656
0.7203835451229361
0.6925531392665569
0.6645287223601687
0.5906219059661362
0.5137585186243144
0.4466810554218589
0.38254072937377404
0.4860613354447771
0.48110413289579246
0.5290994583069216
0.533847433248663
0.5151753119545576
0.5704393140901385
0.5652206114367434
0.6056345048868731
0.5813566647067797
0.6480907278392618
0.6467312541045345
0.6134931710272753
0.678448974597881
0.6616530040951241
0.6817074610080492
0.6866279324675455
0.7004462975117832
0.7074441167137672
0.6727461597898314
0.716150302700369
0.7221973723275013
0.706584514053016
0.7313887659362043
0.7261732393844361
0.6826416876536217
0.7108489414723498
0.7361904388096182
0.7433254522623949
0.733240253844054
0.6747582512574483
0.740782621525779
0.7069282824899736
0.7286920146197737
0.6617368003377926
0.44514744836366277
0.4538582153376451
0.47624680929771585
0.48531818885542954
0.4903906716578816
0.5211339604500805
0.5304970663409141
0.5353099084366297
0.5362663416666474
0.5331370296380561
0.5648783008059298
0.5740070497988531
0.5782044338198986
0.5781989501444552
0.573484910857645
0.5553894652491721
0.5935291153477504
0.602175247091253
0.6058022701787291
0.6057959720489259
0.6049191651122049
0.6026829466931837
0.5991620116132168
0.5895252508517904
0.5781268916210337
0.6190215561204608
0.6272180470187471
0.6299366298884516
0.627927625412928
0.6250668741155675
0.6208813005713335
0.6095075475792474
0.5972213220518917
0.5726049681976845
0.5479440311696424
0.4989607389123309
0.47639259662405486
0.4440019357027764
0.6458004467400672
0.6527449031484905
0.6541240242799801
0.6530516070586754
0.6504946828887995
0.645949391638124
0.6417367865307216
0.6282500450288411
0.6143388135681578
0.590766606471658
0.5595825749191932
0.5379610152626848
0.5063350921824155
0.4810003713895871
0.4467300930983917
0.6590753519188098
0.6648730042527318
0.6654925084985108
0.6608914516380955
0.6564908465731892
0.6505788246467719
0.6358912934507776
0.620864537404498
0.5918881490795431
0.5627838207073304
0.5397567367605187
0.5063350378405844
0.4806228759213767
0.4441214576483045
0.6711784140837552
0.6754188916197196
0.6745931874605599
0.6684499622848233
0.6564693205916652
0.6240428381433126
0.5622078414627317
0.5022981982955971
0.43704030291024015
0.6786514780911952
0.6780396849356045
0.6744120906659976
0.6648984470831982
0.6567917324035613
0.639642102911838
0.6216874720212513
0.5896377001996708
0.5572519546831771
0.5363122810318457
0.49507729899975406
0.468798614841397
0.4281727840522555
0.6774412601967836
0.6784110952142404
0.6745637658599515
0.6652478392929558
0.6571551041902173
0.6505502473100145
0.6316808655515203
0.6124277945392667
0.5760912146725822
0.5438186020675381
0.515096501311853
0.4795160939553264
0.4485802632649664
0.40990883005620066
0.6726110620433841
0.6721117204644165
0.6671324280768053
0.6566781026590711
0.6487636800298533
0.6395615318469068
0.6194069591253742
0.6003052488884654
0.5641294146657119
0.5294026922717163
0.5075229930711724
0.46312205896679987
0.43257754595721387
0.39258337960494766
0.4300377439867627
0.43920691045529636
0.45940015171677023
0.46890706100698587
0.47372344447963577
0.5015701905822152
0.5111522408578617
0.5155332620724438
0.5097164146379229
0.5421824778176293
0.5516502470707355
0.5543388922944337
0.5549605183084195
0.5465765705324624
0.568685651364761
0.5772938520894979
0.5794030211034559
0.5799326514468
0.5764830855827678
0.5691504849106352
0.5514154060128835
0.530567195079849
0.5918267735600824
0.5998840674701877
0.6016231810763029
0.601301998677052
0.5963706097593281
0.5880840223262053
0.567763538764265
0.5452569962287075
0.4980854504022361
0.4437552644973704
0.6156256732622485
0.6222119648783117
0.6230277696632885
0.6221297221911616
0.6151733850445837
0.6052282300330564
0.5855242417999722
0.5569300533789936
0.5054738695977413
0.4464903992338455
0.6272762447426643
0.6325906873102486
0.6327687875076272
0.6311346223373732
0.6229612348629213
0.6118724162507697
0.587135290150557
0.5601814780812834
0.5055036571795962
0.6370255862552177
0.6407784855215676
0.6374779531589584
0.6152834039551576
0.5596827065588971
0.5015021810704207
0.43682403278290594
0.6425935282878128
0.6431201517148517
0.641939509820903
0.6383045691391005
0.6273190940686627
0.6132805341984963
0.5851764848853915
0.554833163398116
0.4943241329264574
0.42796869873924
0.6395077905249845
0.6395930194237274
0.6364985152174766
0.6328981359398081
0.6199941570283681
0.6044594683680323
0.5720630174000645
0.5415839990258347
0.49389510807266807
0.4788227260957161
0.40972557070975946
0.6333576211763307
0.6320131873895365
0.6284641773090125
0.6230515668329066
0.6085080818038622
0.5927538814399997
0.5602335381123925
0.5273021502144213
0.4624842194746237
0.3924174706495135
