0.6868781638349141
0.7042130689398078
0.7011060214364406
0.670193571959292
0.63252711598559
0.5991284253207266
0.5641461004554585
0.5328695090102991
0.4882000745945792
0.4240891950104662
0.7496084554720613
0.774744262786624
0.7833088162579226
0.7869546103891085
0.7627194170573897
0.7206793163415468
0.6809311321197148
0.6385684162094651
0.6004566639953387
0.5627745958413778
0.5265915073821199
0.4968010651475618
0.44064111862200583
0.816113856572006
0.8272422029871156
0.8361251422394621
0.8461910040134719
0.8483301079040302
0.8417654606946786
0.7998205004003147
0.7549637480819578
0.7057533250661542
0.6610506701610287
0.6167024645641435
0.574011441392726
0.5387822695168742
0.44191505520697244
0.8759332595944523
0.8964907581664693
0.9012244841334663
0.9083290084004887
0.9104736199246628
0.9098907499159465
0.8770056575902647
0.8287665154690628
0.7728872511775262
0.7213230815532574
0.6699090083685084
0.6202937220030766
0.579283088080422
0.5378100808245901
0.9574524010508206
0.9690082712950331
0.9777179636552333
0.9867704903724512
0.9883820209674461
0.9823108063393338
0.9375827278865844
0.8736544403903156
0.8116916521957737
0.7490325234077367
0.6882705805629497
0.6379526907898614
0.5870081985891601
0.5421763890287131
1.0105354994219984
1.0218349852437103
1.0303273037439604
1.0380325462011326
1.0393630577217983
1.0397662216708665
1.0130983745231426
0.9476485730063688
0.8786224069958342
0.8073600126417513
0.7378256626991778
0.6801155455443296
0.6217378465103496
0.5703195883689163
0.9917408009329681
0.9192567382625887
0.8427999706972885
0.7677458412146505
0.7053802106788288
0.5867206812214535
1.0688695928594285
1.0884441589499165
1.0933917082970557
1.0915868298908789
1.039396958904455
0.9645543098473105
0.8825222842612086
0.8011820296081246
0.7334369445821731
0.6648984423615837
0.6045562680729772
1.0999367123534916
1.117128355970155
1.1206690110061952
1.0924908532953457
1.0188006462319712
0.9308457703419426
0.8418253217437727
0.7673338266959955
0.6919394217832397
0.6256010805082993
0.5610631759726656
1.1210494206330446
1.1355022130086234
1.1384142127106942
1.125559608411014
1.0610823522906614
0.9697809921694187
0.8747054584129579
0.794631939101826
0.7135088425033342
0.6421700442153827
0.5728515057809808
1.1512596723388222
1.1527970166618104
1.1501663868706564
1.1403199385613794
1.1036318429732999
1.0725078453755732
1.011552905856848
0.910373507777369
0.8241778070461777
0.7366735436101377
0.6597350108308613
0.5851006833238046
1.152050647685704
1.1619564535941462
1.1596777376880751
1.1394178950061495
1.052098898497311
0.9460457215165727
0.8537871887252574
0.759723520075892
0.6770171786665188
0.5969104990278368
1.1667133817254585
1.1649001449609264
1.161230230679642
1.1443663788680172
1.1346960674051145
1.0980783161499819
1.0499038874459248
0.9895340019344102
0.890298999573612
0.7880123857114024
0.6979642215915144
0.6108975454744866
1.1619630081831587
1.1592036674063084
1.150595024188159
1.131684517094242
1.1059124954725883
1.067526031144252
1.0285353970091378
0.9242227910739387
0.814354284399296
0.7173192357347336
0.6234050065668884
0.6932627946976379
0.6957418921119259
0.7618812375091275
0.7739586499503259
0.7588798351171003
0.8317694585240216
0.8336528693128711
0.89423221099999
0.872348700311032
0.9619917292712269
0.969295051764671
0.933403110020954
1.017137991613904
1.0044086966780394
1.0178090181034516
1.040501742852134
1.051285465995915
1.0696003716064033
1.0331111280751255
1.0793154261801092
1.0955086251953587
1.081086170466889
1.109342867851965
1.1082918361867065
1.0555650057158323
1.094308229259558
1.116047589838509
1.1329378439133402
1.1235442373444224
1.047720037655068
1.1324822294823327
1.089577455075202
1.1155793543331356
1.024378930073527
0.636783149520675
0.6517295840900408
0.6874506914826374
0.7033485369896552
0.713539612557181
0.7619960056256841
0.7789179322449244
0.7892211316439075
0.7942842927803456
0.7936593112853159
0.8363175379484064
0.8534402488267236
0.8632057318395421
0.8673439279631636
0.8647467067386454
0.8461401467295494
0.8859272040316252
0.9026199532837897
0.9118643670025188
0.9144189070628999
0.914704955285921
0.9135926762260838
0.9107080143122822
0.900856928942501
0.8879722430111071
0.9308098907574726
0.9471673289985041
0.9550208809440592
0.9564230006034747
0.9543949033230527
0.9504701881962104
0.9380796864092873
0.923648420048866
0.8933943499287267
0.8622206494035357
0.7990424394315151
0.769668717270201
0.7271455717211511
0.9788815980828306
0.9932997706082003
0.999269804717274
0.9997028687660386
0.9981542115558871
0.9939701763494483
0.9894914201081872
0.9738288668246391
0.95672297552331
0.9267544843334907
0.8861622355430766
0.8576534817156657
0.8155701214787012
0.7816172201649912
0.7353414988390881
1.0033052153767599
1.0159765216939076
1.0205884475206348
1.0177186745157958
1.0132771942824923
1.0066905314711152
0.9889838228048227
0.969949121490619
0.932260869925227
0.8936447479599328
0.8627257204956564
0.8175042023437149
0.7824309274172541
0.7323158682605808
1.0261052481220139
1.036089915953394
1.038384658380851
1.032890439737864
1.0189338863137722
0.9773376046611477
0.8941816395874952
0.8117486580683566
0.7206262028624432
1.0417178288771682
1.0450040125500801
1.0417379649884777
1.030746285798626
1.0206799402353979
0.9984285056735643
0.9745080674251747
0.9309535634053807
0.8863185092624685
0.8571788862731997
0.799453228065844
0.7623771438278144
0.7047332713754217
1.0402497678482054
1.0443165484290062
1.0411150093329629
1.029936353859718
1.0195125741130835
1.0107906237305464
0.9853455444451122
0.958876546941714
0.9082528220617104
0.8627426867638901
0.8220532964460178
0.7712818923021992
0.7267852595228937
0.6708466408282792
1.0330294548509247
1.0343098068896615
1.0288315052795012
1.0152406667543115
1.0047100420751214
0.9921177210266474
0.964248261549267
0.9374678043041327
0.8863179577059452
0.8366958183872856
0.8054121178311642
0.7411266393577626
0.6967149860487913
0.6381959311230269
0.6193406924255098
0.6354383436644018
0.6677282504979972
0.6848007159363496
0.6954853703923287
0.7385866147252341
0.7564213094818533
0.7669820247554581
0.7665529805181613
0.8084341729491151
0.8267953723856276
0.8334089785489059
0.8363039433085082
0.8324659397403876
0.8550061739052517
0.8722040254394434
0.8776917719618142
0.8809756573313494
0.8805855635245614
0.8739488399008187
0.8542145238231289
0.8292248628235562
0.896334483806552
0.9130539774965482
0.9179095125030178
0.9201870880823213
0.9175641027101415
0.9093128678580826
0.8857343041836871
0.8579344759752744
0.7976227450428708
0.7267369001326585
0.9398000599858173
0.9542980140053988
0.958340314408121
0.958967485694684
0.9533715054047633
0.9424116554458349
0.9184669467304307
0.8819342729343221
0.8141774202728784
0.7349469149434068
0.9615781228641637
0.9738726846359577
0.9764564220295175
0.9764468173112401
0.9687879855223323
0.9558540735714144
0.9247618680898045
0.8895123447583695
0.8161674601824753
0.980586170977573
0.990200850722716
0.9895403055761463
0.9636964235432535
0.8902099696261901
0.8104852332919996
0.7202795848471895
0.9930011293988938
0.9955439337240315
0.9955038221298421
0.9922595543461447
0.9794322877239592
0.9615216707251286
0.9240373307280045
0.8825564686742027
0.7982753297617408
0.7044127524122002
0.988180093810566
0.9911473185487994
0.9882899079829623
0.9841008458388153
0.9676394604019671
0.946794531087968
0.9021402336765804
0.8593512592545918
0.7917464639999926
0.7702313346300185
0.6705710262004366
0.9785335676193297
0.9785232726993306
0.9744877993022631
0.967539452516987
0.9480342064458928
0.9262315139412294
0.8805361950879145
0.8335874941088651
0.7401916228233015
0.6379575864931806
