1.7141706484248598
1.7597825986880282
1.759736423825423
1.6894291489558098
1.6027462811786188
1.5262125092621974
1.447068639516303
1.3776163944910615
1.2817658464401427
1.1567253440053737
1.8889364023196253
1.9555067992549184
1.9791693543295528
1.9920090553352074
1.939078384031557
1.8413398578088152
1.7488378820028392
1.6510419308927906
1.5643375949255038
1.480398404258794
1.4022292904980338
1.3404677661466746
1.2340617612649727
2.0743413537201962
2.104135166117247
2.128217253589686
2.1562668942307863
2.1625371940286273
2.1543791797231298
2.0571078485301615
1.9513393414232447
1.8357990340272485
1.7320433731951885
1.6308326391292356
1.5358559202774973
1.460044076510107
1.2728351117657113
2.2436580630500704
2.299977680833779
2.3132961211881695
2.3341404019147918
2.341351424653254
2.342597324776086
2.2685218611553446
2.1538230127991267
2.0206548314206367
1.8987318954140244
1.778752985789093
1.6653784616325122
1.5740600254835442
1.485039826350161
2.4776592850925807
2.5098658412679997
2.534607992627928
2.5614623956912337
2.5667250479053987
2.55858920960016
2.45290647647633
2.297891339658569
2.1477145238726663
1.9971247139171342
1.8532228837938847
1.7361911636068832
1.6207948419873814
1.5222759170235611
2.6322048058308023
2.664064749213254
2.6885634978062596
2.7122586426623005
2.7171298266023647
2.72036988679354
2.6605707461359187
2.5008285589195003
2.330981047457379
2.1564037500811164
1.9878975665673375
1.8500181443886563
1.713251995272416
1.595519625056078
2.6213708495627497
2.441628131127326
2.2523680521539515
2.0682076866569656
1.9169626644479834
1.6365085963670676
2.803788492913646
2.8609368352576285
2.878251054257457
2.876378225969606
2.7512261509187623
2.564360849544133
2.3591482660741683
2.1569696905728595
1.990195525238249
1.8238103343701282
1.6795965125598877
2.895944196160221
2.946773726483383
2.9604438640474076
2.895243109001999
2.7103949164684558
2.4878853356956294
2.263505334470083
2.077105498328063
1.8905557220487124
1.7284160680757716
1.573512837833106
2.958988398008059
3.001856641672475
3.0135362432883954
2.98500637885829
2.8233859057818917
2.590653940810819
2.3485951821096793
2.145874139775175
1.94243434295909
1.7653285481385756
1.5958515012734067
3.0497696221718726
3.0568697034824885
3.051702752026934
3.0283289834164897
2.9361306256911255
2.8566055197714117
2.6999446931999316
2.4398229312182815
2.21913356586209
1.9968424809751348
1.8030433970926885
1.6170706720194086
3.0523301663018216
3.0822154839845344
3.07975211046124
3.0298334601706878
2.804881129800588
2.5299093866000635
2.291336685051976
2.0497368522865203
1.8387688185149271
1.6367200414601795
3.0973612838880396
3.0940472632403946
3.0852543756617608
3.04250242818895
3.017567671571228
2.9221805629863655
2.7963453208134608
2.63815599557701
2.378804594698373
2.113014552119306
1.880352409167899
1.6576059154294227
3.083725046036344
3.0772292973492545
3.055181444608786
3.00565932517504
2.9378425486906465
2.8364536150444883
2.733601239267294
2.458643706275689
2.1703844301681943
1.916983460347016
1.6745251866014763
1.7337203959541931
1.7461799093813977
1.9244735168204212
1.9587560897836584
1.929193449946066
2.121239799084326
2.1332917789582866
2.3015389273989304
2.256235383930226
2.496648180469417
2.523911665009927
2.4417110836314624
2.6596916617810673
2.637173203989246
2.66228796707557
2.7365961861347783
2.7606216613431376
2.8169106632989154
2.734148310551918
2.84430253293249
2.8945519784159113
2.864233599918718
2.934560211276156
2.9380463635436582
2.808346427156823
2.9107634760844463
2.9562101521805304
3.007146848557332
2.9867374896644168
2.792999594794795
3.0088611209329863
2.899246175859042
2.962472452690777
2.7225343712700347
1.593288320123515
1.6323514119448987
1.7334710249406584
1.7757115126767202
1.8035983517277963
1.9430028243110646
1.9890250184462985
2.0181467574575853
2.03415754455788
2.035794658317756
2.1557200954589226
2.203503085971769
2.232063172061757
2.246595276374428
2.2437481339124847
2.202879795931089
2.29984383631896
2.3473270033269236
2.3752098290895542
2.384295732440374
2.386737420063635
2.3857798727271984
2.3804044501936765
2.358868279246477
2.3290625684887454
2.4318108378263665
2.4791626406578278
2.503690986082789
2.511596733753089
2.5085269760606255
2.5004589178886474
2.4723365990808897
2.4382204857012053
2.3653207481035383
2.289483123398711
2.1356569227926494
2.064594753548132
1.9619049916628235
2.574865144107411
2.6173569902821545
2.6372977149835513
2.640500325611452
2.6387558912997866
2.6301827515039484
2.620085851250982
2.5831712994425544
2.5416124759868994
2.4678195708550095
2.3672054179719333
2.296496229525178
2.1923152823606076
2.108470965881997
1.9947541765358132
2.648314606549946
2.686367611653898
2.702386923924098
2.698821726949303
2.689202765542177
2.673929637105786
2.631051509407493
2.5840457231814566
2.4899282738357864
2.393141053136529
2.3154514943177538
2.202253758447915
2.1145755977274256
1.9900239589341566
2.7174226808087156
2.748014484996723
2.7577307418710326
2.7466637312448174
2.7132690387635616
2.6091331134271516
2.397838811259339
2.18834713693915
1.9584222240467923
2.7653901236121246
2.7783232433647402
2.7715623168037244
2.7452530137681994
2.720131801645023
2.6637565852304794
2.6028313953676028
2.4909101867362926
2.376255074646804
2.301414911482701
2.1534090173929585
2.0586474547224243
1.9118936480073616
2.761838565685175
2.7754037092419495
2.7687806620508875
2.7410365549095377
2.7144975336430153
2.691994489970078
2.6260042926811247
2.5572492758797956
2.4253453358313197
2.3069653533557233
2.2009898525460936
2.069591636957747
1.9546441266921901
1.8107018129206152
2.7416557403937176
2.7464416548249626
2.732827516273958
2.697551683983628
2.6700041996968857
2.6370526130063543
2.56384732839269
2.493471079277234
2.359076150877285
2.228702088567868
2.147143688927903
1.97919582279712
1.8639402535950402
1.7127053061851825
1.5521141457341052
1.5945014283878818
1.6865191139014621
1.7322559911029813
1.7621271216016068
1.886503032646161
1.935549554052453
1.9661831332686441
1.9721226863316117
2.087349220927884
2.1392681941800293
2.158973089261787
2.1683122872732077
2.166460764464972
2.2234404258417917
2.272921974324133
2.2897048023372317
2.300757974487431
2.304450980766752
2.2913400433980313
2.246552633721279
2.1876626189741226
2.345703540670923
2.394668508067912
2.4100703167027135
2.4186630910194435
2.41681190861518
2.3993496737324835
2.344476479870752
2.27777775961174
2.131748387990777
1.9607671782072633
2.4759541625673873
2.5196171696744747
2.533314488046606
2.5370491396138504
2.527424732345315
2.5025549538099514
2.445145962827128
2.355599677116749
2.1884672572647235
1.9936541380039245
2.541841975918413
2.5794166812008554
2.5888697234126696
2.591466803703504
2.5759157384077773
2.545519539352015
2.4693865146675558
2.3817952358891663
2.1985656562645652
2.6003451481403133
2.6303726966450474
2.6331497827359156
2.5719062414589424
2.3869787435855714
2.184886195805887
1.9574709702808566
2.6391117133910815
2.6478077568555456
2.6494726007070386
2.642893757924868
2.612144996899532
2.567541114038519
2.4721209524760748
2.366038225752324
2.1502152721445693
1.9110279492871571
2.6259809193885597
2.636506188129266
2.630353493647074
2.6201470339777275
2.5784093192108037
2.524819676417392
2.40898861699603
2.297919364825274
2.1224410409065806
2.066814040574609
1.8099850012132117
2.5984594098334703
2.5996239071616847
2.589506780911796
2.571677122218854
2.5208373796431625
2.4637482488625047
2.3438688189404697
2.2205798386353046
1.9767946107229883
1.7121122062601901
