1.3748062879965943
1.403441325881042
1.3766681517462396
1.2967410150043384
1.2033524288651327
1.1211221829219518
1.0350644128943756
0.9580323474035894
0.8479854987925846
0.6921137741667855
1.4953184501137409
1.5384410125076058
1.5505959467438917
1.548612132304158
1.478445407268992
1.3728842038382927
1.2753635061223134
1.1720682171014798
1.0793231657048772
0.9878427374055969
0.9003558583045549
0.8289030047765608
0.6977500072245498
1.6184094765795516
1.6375712417650692
1.652119144687001
1.6666226878335821
1.6689601695933964
1.6339279982493267
1.525220525596554
1.4149495620282937
1.2956309211719181
1.187882103847211
1.0814695150131324
0.9796244744443878
0.8963318894991696
0.6766311025921791
1.7261487790021157
1.7597409988625854
1.7665916522155647
1.774688246063324
1.7747405455726715
1.7667738777012816
1.673817924012056
1.5540464364415143
1.418972882424243
1.2956536707739759
1.173551977334707
1.0566030667763389
0.9608897784901954
0.8654323011254831
1.8664280291155089
1.8848771051983617
1.897609941230671
1.9078204448108647
1.9083877747588462
1.876518515860652
1.7589193998552644
1.6037739083184204
1.456763709022041
1.309882527716626
1.1689093877655115
1.053494253826657
0.938292438792103
0.8390556519239362
1.9518355637057634
1.9690641166998872
1.9805601167438147
1.9874463535104157
1.9869413628074122
1.9816208324529916
1.900843286797118
1.7390778907891817
1.5756702733575532
1.4098679754483205
1.2501668061138025
1.1193900020751475
0.9888961576380056
0.8763995109068549
1.8195482039404063
1.6476503975951724
1.470389526809778
1.2989826280616878
1.1585645823905322
0.8977815163902609
2.036926778661868
2.0616126810503634
2.0599991019183963
2.047858105413764
1.9063297460430135
1.7276895300053896
1.5380080165504533
1.3532884788821333
1.2018126051151647
1.05080656014887
0.9207125165177955
2.0759059507301525
2.0951872996686154
2.08933674100703
2.0026866353271817
1.823224215184588
1.6201488483120334
1.4189554776686766
1.2536988045247122
1.0890418194783071
0.9473372232770496
0.813203099074509
2.097548311906971
2.112090375561912
2.1048322422484014
2.059663541135643
1.8974139264021759
1.6856727399240672
1.4717928067971306
1.2951897697000114
1.1192299822074707
0.9679650549453396
0.8249592094298113
2.118870568877724
2.110939045056073
2.0978224336229374
2.0666700491184957
1.9716313400473844
1.8968029876114718
1.755886988949903
1.5287980615198442
1.339784209342851
1.1513271278752524
0.98948338218618
0.8367600555182323
2.11030374517212
2.11460587629306
2.0936338682197038
2.0336419613191166
1.823704884689796
1.5854920499377188
1.384157752497875
1.182962767425429
1.0103226033433528
0.8475305257359805
2.0902230027151303
2.0766217155943556
2.0625528980631875
2.013913011639051
1.9887087651349666
1.8998983072844855
1.788814015088537
1.6541012405460345
1.4384043994954934
1.2213528216833982
1.035250526008354
0.8602286662861969
2.04789481304526
2.033538648773983
2.0053247075241925
1.954618242724854
1.8916104957548698
1.8025921548801425
1.715038651125963
1.488236627916317
1.2565484200959784
1.057352411498625
0.8707487917522932
1.3775509086402953
1.366104733204922
1.5080088711065327
1.5229376503929422
1.4709748760796522
1.6322942808630327
1.6181117873768671
1.7362184160263878
1.6648910069216694
1.8571567265048907
1.8515340781516851
1.751049232744777
1.938280599315751
1.88447305012879
1.9448668046207995
1.9521294471181307
1.9908947052927082
2.0064455853112717
1.894773884025
2.023989894522616
2.034696395866956
1.981738646521316
2.0509217091972234
2.028017414688936
1.8875551846747904
1.9550010848356125
2.037390456941825
2.045404399800599
2.0053747400757627
1.8161624096682172
2.001942079967216
1.8853053962601525
1.9270681990022362
1.708224582469314
1.2605785291162315
1.2863234024966728
1.3544413182989576
1.3813492362106756
1.3966722974194714
1.4885913997279516
1.5162991066172644
1.5307041580161111
1.5338150125092138
1.5249586233377528
1.6160913010878055
1.6427157716712617
1.654808692667042
1.6545412923861582
1.640324425086228
1.5864527456586255
1.6962564639497046
1.7209746487415631
1.7309934538815979
1.7301743088817376
1.7273494281320023
1.7203059303014236
1.7094230790355165
1.6800570831813806
1.6455702107204089
1.763573554017819
1.7860747844151397
1.792627252201002
1.7849423489433285
1.7756697476118053
1.7624298336913669
1.7271395427617033
1.689434990883124
1.6144355098089929
1.539627974023432
1.3915222033391645
1.3235294854062312
1.2260882455009177
1.8265733756149753
1.8443735322942496
1.8453425196891928
1.8407534950223372
1.8316987257572437
1.8165004457106044
1.802815990365229
1.7602413371045482
1.7169206861842938
1.6442011183801604
1.5486890660780248
1.4827382607861856
1.3865660556973471
1.3097724250079261
1.206227700567768
1.851505442572652
1.8645480884350965
1.8626465239457273
1.8453024292520932
1.8304297533086553
1.8110520467404805
1.7642743855901706
1.7170099637092358
1.6272021144353117
1.5377669604085251
1.4672934642379882
1.3654759680507613
1.2873913317782495
1.1771077196493667
1.8644690848868173
1.8714389017508342
1.8639453864599451
1.840774033128221
1.8005788864790786
1.6970706942094445
1.505592094955208
1.3227784829316758
1.1255285703374809
1.86175058894636
1.8516599444395405
1.8370823802262373
1.8032239479446193
1.7764136811123032
1.7208986302025657
1.6640295843150008
1.564185865738534
1.464460280695823
1.4003548873573333
1.2750406391416915
1.1956485397005876
1.0737354200158167
1.825233993199028
1.8192158774382294
1.8002847332512972
1.7655448069391557
1.7375902864654418
1.7155668295666888
1.6543214047267645
1.5932875425625337
1.4803161607556459
1.3814303960193148
1.2942111341769609
1.1870336814888949
1.0945916799836783
0.9801524082776027
1.780194525267263
1.7686185634340295
1.7455049798376945
1.7063970434147382
1.6791272706600198
1.648327083498873
1.5832044861359196
1.522791569407906
1.4110656446115173
1.305078891787085
1.2388048505756142
1.1065231248233283
1.0165126050450393
0.8999249087330945
1.2183070188174985
1.245479607736872
1.3066545161209253
1.3349001685301658
1.3495741922493112
1.4320400694147497
1.4603724648614125
1.4734801887227755
1.456978628308909
1.5492846749529756
1.5768275900207147
1.5845365555776005
1.5861789565443285
1.560714122063531
1.6224007011872064
1.6467274780880272
1.6524260993976325
1.6533822429653948
1.6421071941967582
1.6194918656158332
1.5656739817150793
1.502833853887583
1.6819904585489402
1.703686308960241
1.7075350683153827
1.706079963141093
1.6892531643527464
1.6631458577043452
1.6005691685465024
1.5319682071010543
1.3890537031568082
1.2254032923251037
1.7351846860838842
1.7510165260707926
1.751244091798788
1.7470948710797778
1.7232176613016015
1.6912223179650872
1.6295051161526946
1.5413162871369603
1.3842126034691917
1.2055890255176256
1.7547611335857964
1.765713780695728
1.7638651790696471
1.7566242625375117
1.7282646434158497
1.692092449528396
1.6141531532491753
1.530692540565263
1.3632663966686687
1.760264180662049
1.7648080207030492
1.7487667647725442
1.6734991207494512
1.4989728426226345
1.3207570104467505
1.1250052646869646
1.7514529401455692
1.7489106392721234
1.7418774379942736
1.7272229294091126
1.6883941635085953
1.6420463206355922
1.5527026839031564
1.4583422235358028
1.2732120200658685
1.0732704259253776
1.7095183547825343
1.6997190110649054
1.6849521166723251
1.6707989440762547
1.625014406509855
1.5735414708797244
1.4705699436758894
1.3761500718898163
1.2308957057017211
1.1854894372412033
0.9797819855516101
1.66134388587258
1.6456467579896235
1.6294700484092128
1.6082417775464763
1.5571550910128684
1.5049889913887389
1.402149921142899
1.300425419846065
1.105217598422646
0.8996282364347105
