0.9666115927383748
0.9953159985119153
1.0046810341196104
0.9724565450220665
0.930135658594306
0.8918106932761782
0.8513111092775303
0.8148833037910777
0.7625660754152762
0.6868208142889178
1.0667158487833375
1.1076677627048415
1.1233289228083374
1.1347637320293666
1.1141386986272948
1.0672341512676689
1.0211410255331728
0.9712533375393967
0.9259733412437952
0.8808959591413138
0.8374008928099277
0.8014115934540474
0.7330001306884906
1.175151928805451
1.19337700882335
1.2084307285149551
1.2267972307825654
1.2312031122838558
1.2361240066922146
1.1911432674159157
1.1388929007938733
1.0801670003826471
1.0262074126861784
0.9722130634646315
0.9198922745596876
0.8764604060288568
0.7555475269658737
1.2753527936236275
1.3104658616462392
1.3191373254462908
1.3335930586858873
1.33952038913528
1.343159396621122
1.3126562230115977
1.2568145279728657
1.1894902571924693
1.1263457040863034
1.0627033099336922
1.0008109932899762
0.9492764620638722
0.8967948382724772
1.4167718964594125
1.436975977495281
1.4529662210818388
1.4715650253225527
1.4756758352424757
1.4795081910891141
1.4314883010225556
1.3542450427398358
1.2770263792256036
1.1977528526745438
1.1200800884942599
1.0551667785615872
0.9888923383105549
0.9299814207831386
1.5130059062267553
1.533328985959301
1.5495564175038832
1.5666370242950975
1.570783703570641
1.5752119606452533
1.5532814784418232
1.4755763096148804
1.3888885508071895
1.2974854420981885
1.2071380277100536
1.1314161516929768
1.0540037466291245
0.9850890676879913
1.5479902386822684
1.4568546059784604
1.3581063269352185
1.259716443155076
1.1770612113451153
1.0171883374049864
1.6243263253576234
1.6631140044463917
1.6780229291275273
1.6807713453044912
1.6263629588385589
1.5326544229953278
1.4260484570825218
1.3184326002645939
1.227705425224443
1.134811957410938
1.0520436427855544
1.6878195955135158
1.7232722524971704
1.7370394410407717
1.713883712651915
1.6234680753797666
1.508673868141565
1.38973862956071
1.2888002507304124
1.1853035390392304
1.0930669326378062
1.002253166183962
1.7336879544519135
1.7646156842422829
1.7773651062628475
1.7703347911150709
1.6942790281079043
1.5752217601844571
1.4473635740749542
1.3379193094326216
1.2254899692467671
1.1252741178845844
1.0266646771548278
1.8048318072842637
1.8141325405423985
1.815057514045427
1.8073911571121921
1.765610558467763
1.72648348596994
1.6466109469962762
1.5098303202193923
1.3910226404459431
1.2685571217214466
1.1593575870026176
1.0519973747364795
1.8128006544868767
1.8374196744947198
1.844281732384242
1.8257989190488462
1.7158847843716805
1.5722253455852546
1.444055614083204
1.3113482908015988
1.1927831305812064
1.0763507712578415
1.8657036154228392
1.8691078134839751
1.867681192591839
1.8513434434675813
1.8403000065870276
1.7944782842427405
1.7307731407900162
1.648227439350541
1.5095302368906007
1.3637132207655196
1.2331914875675367
1.105119397601591
1.8781735315758405
1.8793790398172088
1.872990431884869
1.8520525743509566
1.820067684206042
1.7694352548350312
1.7163869345042495
1.5701767391182877
1.412381851329119
1.2702629142256263
1.130858139358265
0.9824893161688748
0.9969510679134547
1.0923558990400692
1.1158674062090317
1.1084756700382006
1.209520851223641
1.2240696708411636
1.3197229461064757
1.305578456635079
1.4355951948295025
1.4595545959114287
1.424983961045899
1.540253658254595
1.539679860755459
1.53983071170413
1.5983422315914098
1.6050646608528136
1.6461518333851743
1.6162859949930466
1.6635416566651153
1.7017644212213758
1.6955418200482906
1.7308305476552568
1.7424745311264156
1.6852217742071118
1.7502753127166948
1.758967101492781
1.800578954034764
1.7996405376736497
1.7085169849766153
1.8260396150155902
1.7801513308012584
1.8248808454176735
1.7092063410308824
0.9050292360504939
0.9289917852749446
0.9869723636175567
1.0129847778137988
1.030923124014508
1.1109513003673799
1.139535658515996
1.1585624066544573
1.1704798054165366
1.1744808752891167
1.239420794668524
1.2695353280158932
1.2887040943968746
1.3003407487170973
1.3023181091493294
1.2856358642638088
1.3286987239654053
1.3590448567774658
1.3783287403286142
1.385781942254342
1.3884567822073197
1.3899361535383168
1.388935844199068
1.3805520779015412
1.367033992177735
1.4129959143906201
1.4439579248275327
1.461600642916629
1.4704024512345315
1.4707708457401496
1.4683889859217476
1.456664044493046
1.440819014419546
1.4049882681886523
1.3664630599529932
1.2861904069042602
1.2483735656102581
1.1929158122686745
1.509144296039768
1.5379937822008496
1.5538214186609627
1.5579526714387633
1.5595199749667972
1.5575456645886763
1.553825095916348
1.5375807654903382
1.5177627148058623
1.481002180696559
1.4293376099852624
1.392360908497648
1.3370508800677565
1.2920288077763171
1.2300583473029112
1.5623234713256438
1.589275944542108
1.6032604822704053
1.6063518639138001
1.603509197103123
1.5975536197964317
1.5782019582121039
1.5554348124840014
1.5079862960714772
1.457826123564206
1.4168965484308254
1.3564290406109725
1.308995237398748
1.2406813857178531
1.618286725080112
1.6416220128395183
1.6527200122663186
1.65211664321646
1.6388789766911525
1.5890287548934086
1.4798089135331263
1.367508651765045
1.2409314795135367
1.6634917491748504
1.6789085161810078
1.6790181394632477
1.669854778201255
1.6589977475902513
1.6321497621391459
1.6017922556113506
1.5441371697605362
1.4835847898350774
1.443536073320959
1.3631420491409552
1.310978255226548
1.2292019391011333
1.6818578155010975
1.6967612681501438
1.699648314135401
1.690357096529744
1.6790092250957545
1.668652982185074
1.636602535792233
1.601721289469554
1.5327035956298178
1.469258233047494
1.4116534205048334
1.3392026926940968
1.275000960462144
1.1934506737033754
1.6891170124688086
1.6997025972522521
1.6987556378852529
1.6856013531051284
1.673311758403035
1.6577689532842277
1.621480427995147
1.585237853717112
1.5140993892408283
1.4435134340913678
1.3986657520599257
1.3051116488935166
1.2398721044617713
1.1529257782627236
0.8851253422704907
0.9112743562488916
0.9641664342217763
0.9924988947345507
1.0121466806082242
1.0832895159261204
1.113965006156775
1.1344820644934326
1.1438257884976841
1.2055659190476855
1.2385190365704002
1.2518224090961438
1.2587416739860724
1.2644781349977388
1.2907052863772972
1.3226709828156586
1.3342295163342182
1.342678319713163
1.348844074628619
1.344985545044155
1.324914087559382
1.2960351753007473
1.369791740709155
1.4022335349890294
1.4132754313871547
1.4205365785695507
1.424059596510472
1.4179169129883147
1.3926335233985998
1.3594857006426322
1.2838342979096593
1.1922207718426363
1.4590089096274306
1.4892469832749682
1.500272179438777
1.5046434256662067
1.5044137894405811
1.4944317464750354
1.4673729136263713
1.4223049893545108
1.3346857434613801
1.2293698739474777
1.5080453080198448
1.5352479184646075
1.5436267801901247
1.5482134681607522
1.5450433563111357
1.532158472206114
1.495471956995348
1.4508566747063605
1.354124026249492
1.5580298085924669
1.5818129560678205
1.5901642141989196
1.5661299966567417
1.4729910311947967
1.3652871966788238
1.2403023200862793
1.5980252658355123
1.6066380381438081
1.6109510474298818
1.6111574230064045
1.6000686088640284
1.5797088478228216
1.5322401376206447
1.477034877118731
1.3610380340705843
1.2286094619456256
1.6103680751736162
1.6245526289979448
1.6258261573834862
1.62306026157028
1.6061305409836593
1.580778393175186
1.5219650755953782
1.4632250353033827
1.3679601301395314
1.3372795295553703
1.192925684213276
1.6128529479519005
1.6224789487113644
1.6211637647782133
1.6151946267330053
1.5931664853927738
1.565474849839585
1.503788972496211
1.4378914237580247
1.3033661328207224
1.1524602368669588
