0.875302350276323
0.8941508963578637
0.8804262391989881
0.8329940910105336
0.7770703579271189
0.7276485312199898
0.6757616688718714
0.6290913937397025
0.5617011788513302
0.4625190356201102
0.955509867620932
0.9839385415638217
0.9925188701192869
0.9930089847169271
0.9529840900562028
0.8905907306384873
0.8325006280153581
0.7706968749185523
0.7149277479512726
0.6595310355466196
0.6059440378768377
0.5614490839113763
0.47611279830646036
1.039541878959674
1.0523090859636535
1.0621992079180518
1.0726166119733174
1.0745278237331204
1.0573690617746412
0.9943049314984008
0.9291831306459105
0.8582304011594744
0.7937938526178221
0.7297246044056456
0.6677815859960432
0.6164021088906166
0.4728563671400798
1.1161375260376987
1.1394053710471175
1.1444403678162298
1.1511967910630656
1.152350044948433
1.149115824685769
1.097338696445883
1.027399429115066
0.9475624467516421
0.8741464094198205
0.8009475585613952
0.7301820144176184
0.6715450866500835
0.6120024868462666
1.2225585097818168
1.2359168907112048
1.2456106533096472
1.25475777330178
1.2560051979104998
1.2421153032892132
1.1760084978350693
1.0853720538537293
0.9983854975251287
0.9107068511750843
0.825786602460297
0.7555013350467027
0.6842857033766011
0.6215924030281537
1.293983536815977
1.3071755979132083
1.316715526868219
1.3244314087373255
1.3253621781537972
1.3242198136249739
1.282550637190908
1.1896994152863476
1.09348893278821
0.99471631686714
0.8986299405044788
0.819106593060296
0.7386516108840402
0.667944310345967
1.2533092526190337
1.1525809816320025
1.047101968654073
0.9439751867468662
0.8585727359515553
0.6964364185580916
1.3760516180068414
1.3988801901097736
1.4031382408144155
1.3990961566819404
1.3235344005892207
1.219753959483845
1.1070702442394
0.9958853445494844
0.903658472642304
0.8104796339991364
0.7287611092889011
1.4226302595313287
1.4430757626249051
1.4458932041344292
1.4042849453667225
1.3022075878546073
1.1818899876701687
1.060814049261776
0.959959735524242
0.8580755932941163
0.7688292338825876
0.6823377378363868
1.4563217106472428
1.4740637252597362
1.4766204114607768
1.4575519513753028
1.3683157556823664
1.2437767413314917
1.114871879539348
1.00678390508422
0.8975772426209331
0.8019593620862131
0.7094348990137177
1.5036613728557477
1.505165766000777
1.5012025150433141
1.4874111690587875
1.4370528847402375
1.3946739807075796
1.3118851466039676
1.1751550102582349
1.0591441649818742
0.9415866241781946
0.8387885681880632
0.7394001968884224
1.5150650925880067
1.52847243090741
1.5254478124154085
1.4981349744954937
1.3802129122258007
1.237269106002962
1.1133209095190697
0.9871369461445548
0.8767336516504354
0.7702017882603291
1.550792744102061
1.5491074321749545
1.5445261378180632
1.5227531848036628
1.5101590893919368
1.4612810530301574
1.3968235011495522
1.3158175880353213
1.1827554512253196
1.045672636108714
0.9254921771657556
0.8094852775020177
1.5624461973496784
1.5600116530901433
1.5498423927000686
1.5258661006037386
1.4923013326221957
1.441511889929818
1.3896494787017573
1.250125742957522
1.1028678806209375
0.973105997595252
0.8477155025549247
0.8785153432580056
0.8737801275900028
0.9657093499421955
0.9768134230705552
0.948246605952736
1.0521857382166566
1.0472885069990483
1.1295132473341651
1.0915590841639757
1.222618790810101
1.2257158585736536
1.1707790506882347
1.29538038637176
1.2715237837919038
1.3041032313251815
1.3248099293504256
1.3507422888719378
1.3706567210233145
1.315428460790206
1.3935207469882334
1.4118097172635153
1.389357237792897
1.4380963940255411
1.4346641565016707
1.3609949457945363
1.4244848044520357
1.4658973714000127
1.4888829168343127
1.4763767982185905
1.3741683965766622
1.5051514493407483
1.4492568612266044
1.502538875463958
1.3835208942205721
0.8057948260275322
0.8225554048543822
0.8688693465906883
0.8866274739830933
0.8971432722469371
0.9624144344389427
0.981266592120534
0.9917548867412331
0.9952973139448897
0.9914263380558744
1.0572535613245573
1.0763624110419838
1.0861737689405147
1.0884116383897504
1.081945651110829
1.0523155719648445
1.1221867230849272
1.1408879580854423
1.150108720208435
1.151628281964024
1.1509222362498388
1.148011486957766
1.1427170213558715
1.1270857937134482
1.1078267333257743
1.1828589731203347
1.2013794168267384
1.2091611550851387
1.2082774303434898
1.2042859632803151
1.1978090372010866
1.1790437636035584
1.1580333831105418
1.1150044318424435
1.0712560291192754
0.9834132490355861
0.9426996949859742
0.8839645669150353
1.251511875887272
1.2682785490429598
1.274150039510774
1.2736970029075354
1.2705813154650396
1.263791359175716
1.257043023740466
1.234371722889262
1.21022047380873
1.1684642747440346
1.112434494994639
1.0732736559873597
1.0156336773358765
0.969261758779906
0.9062428084745252
1.2893686466992131
1.3044810950747388
1.309059230194444
1.3037232729081554
1.2970416802890823
1.287465859921061
1.262480870876141
1.2360927912400428
1.1842410211970191
1.1314607088666782
1.0893325136083798
1.0278995174211036
0.9803558016110898
0.912621303246781
1.3295221574030336
1.3420905485312467
1.3443927098744413
1.3363160770649736
1.3169286308724957
1.2600465758886836
1.1473270081883817
1.0361932965305993
0.9137195512255178
1.360322161458976
1.3647886869365007
1.360391931570062
1.3455724426762683
1.3320414960528342
1.3020664439313456
1.2698196980115444
1.2112143731591827
1.1512290104671679
1.1121319396042613
1.0346648895792636
0.9850532397549594
0.9079224744825865
1.3766833693525058
1.383973233318516
1.3809684536744247
1.3670421550283078
1.3535879991486395
1.3421593738713224
1.3086290994148173
1.2735761443777656
1.206117425392065
1.1454679930813507
1.0909219893880464
1.023067478562773
0.9637895042169278
0.8891755838415292
1.3840466621836411
1.3885215565910756
1.3832671993613128
1.367011176666981
1.3537578141204416
1.3377150215118487
1.3013645664293934
1.2661384750707632
1.198544170280052
1.1322183254953335
1.0903231185339775
1.004659075365117
0.9454716109463253
0.8673247813814806
0.7803900529719295
0.7981676479253006
0.8403228589532601
0.8590946935619785
0.8694831361203303
0.9288564977687809
0.9483856513759952
0.9584700856033953
0.9515332573640476
1.017779198997541
1.0378945843890544
1.0443652943878152
1.0466024138766452
1.0354150397676445
1.0786315280654495
1.0975974395977315
1.1030151749878785
1.10549664262329
1.1017681401418535
1.0903527846690726
1.0605430835023988
1.0243726038659229
1.1346764396276645
1.1533195777262935
1.1580898337171475
1.1594998769283673
1.1531383736792418
1.1399615923329949
1.105376662334762
1.0658840251243973
0.9816435946624407
0.883458438240735
1.1973918906148082
1.2140206515783627
1.217864644133656
1.2177120171662013
1.208035135839853
1.1918098565564128
1.1578140007506454
1.1070075291718324
1.0138486141972693
0.9057372835482916
1.2318340198712856
1.246354047713305
1.2488678706114074
1.247901491096951
1.2360639691013309
1.2176545571334971
1.1744293121364477
1.1260514999000426
1.0261460637493853
1.2670965430730972
1.2791839042257698
1.2775514535036232
1.2417289598900163
1.1419649802929177
1.0344745013434116
0.9132419550680143
1.293839992990581
1.2974391158230019
1.2973658079813235
1.2931194874219833
1.275996126567531
1.2519503824626694
1.2016539615537087
1.146000899000543
1.033006358910865
0.9074616146731865
1.3060636026680026
1.311964666991585
1.3090813987833565
1.3041272066239444
1.283278584327493
1.2561976676303388
1.1972425856093105
1.1404969531928877
1.0502333599411653
1.0214912213738008
0.888745979172506
1.3097764808391241
1.3130870130800518
1.309240747562278
1.301381526984415
1.2772416988206177
1.2493145919289754
1.1897728509149554
1.1274369760287504
1.0031702717349387
0.8669236000533127
