1.6578606863733671
1.703810972288368
1.7116139149369267
1.6499215365473399
1.5706613147240096
1.4987496778077298
1.422264657233262
1.352832905615981
1.2517420197995195
1.1015314504674107
1.851615099219097
1.919240115132687
1.944369390936968
1.9607969464166137
1.9178400273370262
1.829370873041536
1.742829584604625
1.6489356531689912
1.5631457224141443
1.4770712222556752
1.3932058997257712
1.3231380307988132
1.1876231238114818
2.0605337561506185
2.0913018491138655
2.1165295281638192
2.146835457329074
2.1539380658007676
2.155980019401298
2.0698047217755935
1.9715179461464036
1.861144554847344
1.7592714618414156
1.6567196634576504
1.5566510227684303
1.472975784508746
1.235895615540254
2.259984357454265
2.3202286175565145
2.3349395523688767
2.3590717031426855
2.3684838213962185
2.3733429062483586
2.312431648731785
2.206999440602312
2.0804573569564693
1.9614767085426457
1.8410557579719504
1.7233180411976095
1.624797299367644
1.5238018783695595
2.5527598756723866
2.5887933579534037
2.6171493206780707
2.649727421775914
2.6568354406470656
2.660875305453583
2.568973602436768
2.4234865333181554
2.2780312845937885
2.128376792558423
1.9812884498666585
1.8580404265626433
1.7316860062236006
1.6190624494111463
2.762292990078132
2.799529436423088
2.8292093958441606
2.8603182854005436
2.867772749396601
2.8756030935351573
2.8330219260904053
2.6864617720207504
2.5230328412998393
2.3504272529590717
2.1794752844396195
2.0359651404787593
1.8888346713741353
1.7577009404089183
2.848190365939008
2.6762927688901392
2.4896708536275756
2.303414223511008
2.1467586997587826
1.8429873075134977
3.019719169113594
3.094353588539901
3.1234586210315247
3.1291058157045604
3.0280755813695643
2.8514165843684918
2.649722807943846
2.4457503846654998
2.2736284921672874
2.0970810583183908
1.9397571236865878
3.177414569856448
3.248178398949623
3.2769850076452753
3.2371547712766997
3.0677067687836743
2.8503176250903115
2.6243884094078256
2.4324419531406694
2.2353212449092195
2.0596895039701835
1.8868560461244468
3.2989741018060625
3.363011435374087
3.3913280548619733
3.3825408080894297
3.242309237897635
3.0170145212194814
2.7735987310568366
2.564914949711345
2.3501656337997496
2.158841113432716
1.9706873861668393
3.4842110386126186
3.5065998617978837
3.511245118353435
3.5002141928411152
3.4253828150770484
3.352444116775822
3.2013032962712216
2.940577983137851
2.7132510011758315
2.4784115817839205
2.269065681577697
2.0633557537323797
3.5389599757640915
3.5958366185749986
3.617730086884704
3.5901302502339294
3.3871208946954496
3.1131311077280266
2.8671459869683846
2.611259074984775
2.3827948410895616
2.1584677402042
3.7187782617906224
3.7324595003857937
3.733905364424228
3.7106831900943087
3.6919483093815666
3.609271700757863
3.4897567490130377
3.33223171622863
3.064841580748313
2.782052938781019
2.5289261163245773
2.279704310194648
3.814906759987864
3.824873835636323
3.8209929844182
3.7889855417389655
3.733225405887147
3.6398611030786068
3.5393864770970445
3.2574819488704025
2.949608043133312
2.6712772420801225
2.3978303483466235
1.6807342197046578
1.6986683746835844
1.8914944497607293
1.928564225802019
1.9082058380216766
2.1151703676468605
2.135110622092013
2.332043708252491
2.2999792232669454
2.584260558267686
2.624748976135891
2.5572012267837163
2.8109124099622473
2.8078331104158885
2.833816127507909
2.943053008156063
2.983691609475991
3.063022496820892
3.008778640152463
3.1318642831345835
3.2091868442158407
3.201271161766968
3.2988812543957775
3.3270465407427037
3.224159840458332
3.394000057873258
3.430389972675977
3.5267418917860014
3.535430899404851
3.371536162911606
3.650314423314481
3.5786444755443196
3.7280285204317645
3.5229438211572983
1.5489530561971558
1.5876127584031838
1.702954524213156
1.7454843221674357
1.774185034800702
1.9424241227955499
1.9902315746692911
2.0214720924258303
2.0400312987967837
2.0445757375333264
2.200736702523694
2.2526846886170904
2.285130359138943
2.3039020220553397
2.3053274768385545
2.2713543706649744
2.3885644411677953
2.4422680099150016
2.4760135687310507
2.48861263099418
2.492906215747781
2.4948427043023025
2.4921289233592026
2.475251185046588
2.449051470210947
2.5746764031093266
2.6313068050121577
2.6633254879564157
2.6788341898422074
2.6791389742511607
2.6743131765278374
2.6517902665586415
2.621606903664596
2.553751644438074
2.4808477426216453
2.329151279429796
2.257528255965789
2.1528168376020838
2.801998332579404
2.8574664994135124
2.8884087409668315
2.8966170238976114
2.899995179451817
2.896649333162837
2.8898164856352624
2.8597203694714053
2.822540983492835
2.753320019351599
2.6557430516761977
2.585785536684051
2.4809299783527146
2.395618055629097
2.278059637766045
2.938860629225017
2.993064587016591
3.021917292736161
3.029956206137831
3.0255385998492135
3.01507395110849
2.9795876305239752
2.9372819427838865
2.8480682478441257
2.753218518389834
2.675653705714441
2.5608562503427956
2.470686635338513
2.3407667993431622
3.0990670000174423
3.1494768091407095
3.175288352789913
3.1781852151340595
3.156362499660836
3.0650570349778863
2.8588960910818972
2.6450989846270105
2.403097730567665
3.237479569695137
3.2762704329180163
3.2803039670585212
3.26762005862537
3.2489641777173444
3.2010599673173767
3.1448425021805666
3.0363465771361033
2.921344094368638
2.8448673637990254
2.6908979306168934
2.5909001280846558
2.4336751985339142
3.347616690290121
3.388829639460216
3.4036660163343395
3.3940676327549766
3.376084855167794
3.358541493958098
3.301136578007825
3.2367616510392847
3.1062447703440768
2.9847496491882866
2.8737680065053106
2.733642473013974
2.609422900408449
2.4503290512490494
3.4281416236765274
3.463280662573519
3.472719745680054
3.4570789926168572
3.4378510272783167
3.4116657244999495
3.3465260457609296
3.279252445700818
3.1448377853026934
3.0080506789859425
2.9206827033965004
2.738709405713852
2.611189420726589
2.44075313365758
1.5124714001118222
1.5544307744882278
1.6609563540389138
1.7070522042078395
1.7379818809551641
1.8911619879316839
1.9422565111775258
1.9754241439004567
1.9865814286813221
2.1376304312391503
2.194272159403386
2.2166905794828735
2.2280757512687246
2.233882630366504
2.3173827898602677
2.3738234748777547
2.3940073309148415
2.408404757270939
2.417867982672797
2.4091562934574466
2.3700320687992247
2.314885793699656
2.4933099537220293
2.55256320517764
2.57262323629742
2.58564777922763
2.591355951464549
2.5791440348481616
2.5308319172417666
2.467897189294025
2.324772841189912
2.151522889352174
2.707024898427468
2.765437815363278
2.786921336276233
2.795553742878302
2.7960767661021073
2.7777252001308907
2.727096236737923
2.6421808469167654
2.476349165718705
2.276717887996711
2.835483129809126
2.8905422274226984
2.9080333466289954
2.918174326440284
2.914353097569712
2.891411213599099
2.823330398983789
2.7393979178610386
2.5562528789151098
2.9836894493653703
3.035615638222288
3.057325886702368
3.0182539119988556
2.844821671828836
2.6404602534879995
2.4017627361193274
3.111539623166864
3.1327339676224732
3.1445229620515027
3.1491318265151778
3.1336351722811973
3.0982602331224833
3.0110881192139374
2.9073409728321047
2.6863285573449396
2.4323596510883103
3.209000281294542
3.249955891211932
3.259220684718691
3.258206681229546
3.2337106507524713
3.190165766458168
3.0821022066045707
2.9710497799108984
2.7884892205585823
2.72917227816022
2.4490659519372806
3.2779520129836297
3.3131821415332463
3.318571775534573
3.313932132840131
3.2810580269035277
3.2332464972383974
3.120511928849862
2.9946057547237817
2.7343996002575706
2.4395481719974956
