1.0570227362018554
1.08383722118315
1.0793995873860827
1.032456197501663
0.9757460864093448
0.9260382429705103
0.8748428689989979
0.8300730155116893
0.7684990255122482
0.6885742008820767
1.155055105942731
1.1940196026670902
1.207303793034578
1.213040534545837
1.176027419443582
1.1121104061856935
1.052274175553258
0.9893772450644461
0.9338151727680131
0.8801474984932026
0.8302989544615921
0.7909340098302206
0.7231945898062568
1.2582800504668135
1.2755414858279273
1.2893184763898395
1.3049208094001903
1.3082407506238554
1.2981985821539699
1.2339217692462539
1.1657349767547962
1.0917935995702706
1.0256713144969358
0.9613480000293065
0.901064623808182
0.852977853391015
0.7341353293709659
1.3504269693494295
1.38225382701584
1.3895695597675641
1.4005203230154972
1.4038022856800931
1.4028517061149481
1.3519872788560097
1.2779837035606576
1.193119211576594
1.1158507606599775
1.0400650158812386
0.9685115491131238
0.9109734133419667
0.8548012768548582
1.4741089457525938
1.4918740834377948
1.5052206990556853
1.5189880734300083
1.5213885310839128
1.5113804363280685
1.4416589830922892
1.3431934255450424
1.2487106939617276
1.154419489336437
1.0645139385154316
0.9915332529776975
0.9194926801386522
0.8580621683361508
1.552686397722842
1.5698423822248504
1.5826557370458338
1.5941098203857889
1.5960640788393812
1.5962795450940734
1.5536362385525053
1.4516359597789172
1.3452627533075248
1.2366706822740459
1.1321867978125097
1.0469135251507744
0.9622855909620408
0.8895788587059633
1.515517805451201
1.40309646032024
1.285809207404863
1.1721444980412827
1.079085983244987
0.9067194956303822
1.6357212353753205
1.6644898597607305
1.6710317524614184
1.6674243514798712
1.5838198157850796
1.4668414220101538
1.3401548109893853
1.2160107932052566
1.113983109596958
1.012255779927269
0.9243634809250904
1.6773717941517379
1.701890413542854
1.7056672223578766
1.6587360700529616
1.5421743714059764
1.405250697546375
1.268280722594788
1.155045063259587
1.041877962162338
0.9439126976000543
0.8504995040016975
1.7036752216371605
1.7236610593361292
1.7261300842185032
1.703512477912683
1.6000046814788542
1.4568981373262624
1.3097690963252964
1.1872982930747502
1.0646597042839414
0.9578242807462191
0.8569955619273841
1.739370434535678
1.7397056723140851
1.7342336642403668
1.7170853982555057
1.6571387157220088
1.6073729333722284
1.5114383527666895
1.3540036549799015
1.2214424079501476
1.0883357434219694
0.9729322338033609
0.8628080822906709
1.7342761172907861
1.7460131907915941
1.7389686429978326
1.7039132433502613
1.563789919935142
1.3974730392543404
1.2549284471713258
1.1111885775141543
0.9864971798583764
0.8676024193104312
1.739333600541044
1.733931954612292
1.7265772219042257
1.6970203619594628
1.6808099435474886
1.6211620244238776
1.5443929920474575
1.4493943646647056
1.295273152728616
1.138371143374951
1.0020405246739783
0.8722539646264731
1.7171415328941129
1.7104467913368988
1.6937682239689444
1.6611608285214294
1.6185221388982023
1.5566691435351434
1.494795880844869
1.3317936771702719
1.1627673412411899
1.0154952442355434
0.875476839775959
1.0668880076059437
1.071081246852804
1.1740126885838493
1.1928443540951539
1.1700548923023915
1.2824703527539232
1.285573903025979
1.3784922072370058
1.34474297554658
1.4804329498290838
1.4911991556674702
1.435188097167684
1.5613242543256474
1.5402417240413397
1.5604079993115267
1.592712198759522
1.6074903404718026
1.6337730746960026
1.5742483003951022
1.6443100418704957
1.666529127926903
1.6414861721290874
1.682270744840929
1.6775552553474022
1.5917797535759777
1.643354984995611
1.679392477783892
1.6995387727146305
1.6806381764825928
1.5574644017422117
1.682303700730968
1.6090531757685211
1.638511939901302
1.4891088570506799
0.9794210393225489
1.0026410195375952
1.0583977157141775
1.0831620956510246
1.099112963663279
1.173933696206373
1.2003140477403538
1.2164504716659836
1.224506188067501
1.2237762196388802
1.287631174046391
1.3142155337121022
1.3294020563731466
1.335936859037645
1.332035534664188
1.3036684509752987
1.3620206733330038
1.387773517554884
1.4019594667741253
1.4058494690362373
1.4062630023141642
1.404517420910272
1.4000406826311103
1.3848192753059303
1.3649893744772994
1.4274922615558507
1.4523736901875477
1.464157856477832
1.4658733385666123
1.462630908810062
1.456407598991559
1.4370271467509683
1.4146147073315365
1.3679479494458235
1.3201480896539775
1.2240605971058258
1.1798901124669123
1.1163044470389512
1.4941582925003085
1.5153629299019191
1.523725659689643
1.5239520787072776
1.5211285881054986
1.5141288207652268
1.5068812942048513
1.4820575659728383
1.4552290264608545
1.4085876513587172
1.3458835797935427
1.3021220109295253
1.237894419844126
1.186439211614343
1.116788696845952
1.5252386010478844
1.54328357715487
1.5490378457988172
1.5433119554427939
1.53586097720228
1.5251088919353766
1.4967915172125186
1.4667606554212584
1.4078791659645884
1.3480478086113639
1.3004417130417896
1.2312785877052985
1.177907079662356
1.102247625411287
1.549926893950521
1.5630439482687537
1.5645905782459277
1.554276792462121
1.530938060743118
1.4644402886546743
1.3346250728156517
1.2078192930683376
1.069618377337113
1.562756959288758
1.5643786153610646
1.5577213992373145
1.5385986164792371
1.5219264755947601
1.4858775307190062
1.4479212069516187
1.3794550487234718
1.3100391861947194
1.265045000401138
1.1763897137440897
1.1199137704771742
1.0326684179599979
1.5452472315177685
1.5477974085804198
1.5395160574316902
1.5192088505061117
1.5015438481838388
1.4870715146218771
1.4457757424755513
1.4036361847899663
1.3240813590388243
1.253487532661852
1.1907207419296422
1.1131477537228776
1.0456237628607015
0.9614123945398194
1.5205828013751697
1.5179678600581725
1.5057275270178123
1.4813252894048496
1.4633305325026413
1.4424521316289605
1.3973223467509326
1.354751497346059
1.274579552720438
1.1976906013411568
1.1496797380332844
1.0518136623145151
0.9848617001697464
0.897523839354766
0.9525295122518893
0.9776311893592634
1.0279322631861763
1.0546257189530825
1.0714841178694414
1.137652693594218
1.1655737221689648
1.1822448221624715
1.1823452456377261
1.2442618824552494
1.2729087844814906
1.2832671551161268
1.2878271253388265
1.282413299773504
1.3138402448417557
1.3404181742210364
1.348906961532122
1.3539939143254
1.3534350764540415
1.3432849284745005
1.3131406812173447
1.2751139332956731
1.3736886552183325
1.3990710976049225
1.406450647791005
1.409797094765115
1.4054774357007374
1.3925854504424902
1.3561921291121752
1.3135780145654132
1.2218893565801299
1.115681029405075
1.4330276898002818
1.4543373942733058
1.4599178967250905
1.460470930469885
1.451008191508817
1.4335429805801734
1.3960618616797904
1.339515427171983
1.2358101370712997
1.1162034329606072
1.4598978443436517
1.4772095233851354
1.4804109428375087
1.479619048173493
1.466493495621946
1.4456655771052278
1.3967054972196942
1.3419179237677197
1.22931628298424
1.4786445706400961
1.4909800764867438
1.4875252672649626
1.4444365527054963
1.3288828806259803
1.2060233509186786
1.069138072443612
1.486472755674613
1.4887733542540005
1.4872832504464237
1.480654917255399
1.4584391071490452
1.4292529885848324
1.3696039107473326
1.3047349084209732
1.1747682034238809
1.0322433569392904
1.4641605724222053
1.46431159821058
1.4575195265790433
1.4495459444499723
1.4210736907310417
1.3868914876199288
1.3157447753388167
1.2489317858414086
1.1446207839319367
1.111789618781081
0.9610783381685456
1.4359911215298533
1.4307753207172724
1.4219168550934205
1.408942205021693
1.3754389483199112
1.3397338390324878
1.267004398887729
1.193704202600695
1.0506794124170749
0.8972615431569368
