0.32957741508508204
0.33902830387989275
0.34108842191643074
0.32930377778392905
0.3143431462444398
0.3010685331048962
0.2872940045115202
0.2751471556262554
0.25821460506406535
0.23518695492131111
0.356558089163536
0.3696127708000724
0.37443013670843667
0.37754434696255573
0.3692222405580406
0.3524771718874791
0.3364233963351427
0.31935484037578243
0.3041142473453045
0.28922802934980885
0.27516871828889083
0.2637748560982207
0.24310203281143833
0.385524159078744
0.3911383446568448
0.39571690886910293
0.40114086958826733
0.40238533350564165
0.4020356731796229
0.38552197573900654
0.3672225884063103
0.3470650170039204
0.3288155810941268
0.3108324997439117
0.2937102288749251
0.2797254485863145
0.24256194201628423
0.41061223323901846
0.42086444286454644
0.4233138944955586
0.4272031778518108
0.4286293899864744
0.4290388998139559
0.4166332871317694
0.39684582126249407
0.3736700490792189
0.3522724462072385
0.3310027018089074
0.310604914816984
0.2938353264795724
0.27703513936712193
0.44316969627612945
0.44865440827564895
0.4528696073119816
0.45743715134298274
0.45832573186193115
0.45685434307341355
0.43859387565445823
0.4117445929525602
0.38557400121214286
0.35909146592035723
0.3334461512887828
0.3122180774037933
0.2907984260661696
0.2720152123134477
0.4629245124059304
0.4681021112946527
0.47204361704534636
0.4757333644050138
0.4764672332410165
0.47683728919686064
0.4660722407258455
0.4383888870424677
0.40896461734490847
0.37854144004272416
0.34882344279117755
0.3241323587998317
0.2991465450673956
0.2771584431442927
0.45374662515215186
0.4227215280552993
0.38991820610880046
0.35767684999116583
0.33083199093885585
0.2796806288100881
0.4826221347984147
0.491023743486338
0.49312906516801097
0.49235085776059434
0.46987652761129356
0.43764373356876185
0.40232474732554196
0.3672416552660279
0.33794433946983066
0.30825716072806825
0.28208684408239026
0.4917011604459826
0.49858638428821206
0.4997467334035126
0.48707506085940033
0.4550165959252566
0.4169825064622433
0.3784747087423428
0.34617458085016567
0.31341902706836455
0.28455300564114827
0.25637537795563753
0.49682645461242086
0.5022483283172343
0.5028728149748083
0.49663030650388107
0.46812031417675753
0.42847638354922496
0.38729662211564936
0.35256886143383315
0.3173118820772283
0.2862690784455332
0.25601039991142827
0.5039225633886935
0.5038442433636934
0.5022461551347925
0.4974295088764266
0.4807944607469315
0.46710030109822864
0.44048176387892596
0.3966385634013379
0.35927845471954983
0.3213069701263036
0.2879063860799421
0.2554199004129237
0.5003406572052771
0.5030774018433133
0.5007128088214209
0.49073928718371324
0.4518342696716575
0.4057548564831433
0.365845989485116
0.32516283613072083
0.28940322039221983
0.25471646722820124
0.49789339958456774
0.4960245284386371
0.49382640492784863
0.4853726504093924
0.48078860582972194
0.4641271400748143
0.44287233364904155
0.41660092147122846
0.37375959831319105
0.329761543829275
0.2910997293052225
0.25372813554877227
0.48876675389797514
0.4864560633120094
0.4815254416080494
0.47217968307648267
0.46023631078927746
0.44308689782830607
0.4259921450771492
0.38092484034754676
0.3339350084235125
0.2925603476357179
0.2526988916463077
0.3344005024992883
0.3384568024688083
0.3641588026579524
0.37129495823373304
0.36736110041549275
0.395050149883042
0.39818128844926454
0.4217376261921269
0.414453373265235
0.4463996034552176
0.45096478727221256
0.43669958531749975
0.46685149344503474
0.46223978577425034
0.46384291406385997
0.47436834889650326
0.47516527814393517
0.482987302759777
0.4672052724520804
0.4828326489032252
0.4891214005358546
0.4823635596540559
0.49104374298504966
0.4896389090226375
0.4659134424795179
0.4771517267466058
0.4857754394837635
0.49040922828560346
0.48467486032566487
0.4502015898602477
0.482029028197134
0.461052537690506
0.46651375978928955
0.42459267304648884
0.3076718789474296
0.3156476547916681
0.33039899910620063
0.3387845237871384
0.3444593680248209
0.3628328314745737
0.3715598058164172
0.3771675207146611
0.38043388176958937
0.3811103952821067
0.3936075891550031
0.4021494594664956
0.40728961285542253
0.40995996492475445
0.4095908816338048
0.4026397598777205
0.41291992675291783
0.420965342583986
0.4256487372765062
0.42716454096942424
0.427516537440709
0.4273065665524106
0.42634098410560783
0.42253747805472197
0.41732960530917457
0.4291176798172605
0.43664269185998916
0.44041841731573655
0.4413453285412032
0.4406636896691894
0.4391137689701643
0.4340225845609557
0.4279706938480097
0.4151853553257934
0.40194766883543825
0.37497044146702024
0.36243854935209024
0.34424786565443183
0.4443498793023661
0.4504904276190049
0.45296237930258476
0.4531254499895368
0.4524218608988172
0.45057556618163097
0.44863773984110894
0.44182659583972744
0.434423172964271
0.4214857577833462
0.40395371724005813
0.39163185783661475
0.37348686955658766
0.3588097083554435
0.3387758459337703
0.4505513437747954
0.45553979207913375
0.45712422645569095
0.4555290906108392
0.4534547935323332
0.45048054473122756
0.4426399775854627
0.43423062476429464
0.4178049206618141
0.4010167018796185
0.38760826431063505
0.36799815390920715
0.35276438001049276
0.33100155137215426
0.45408810274037165
0.4573305503005694
0.45755798717388063
0.4544860190054042
0.44784638113479786
0.42918005372603685
0.392764467572812
0.3568644300204746
0.31725838924720146
0.45466362366469726
0.4545666325310332
0.4524690299476437
0.4468793934902742
0.44212072480667597
0.4319414201110768
0.4212702221899322
0.4020718268448942
0.3825429288526864
0.36987657060206913
0.34479081431333636
0.3286837757308537
0.3036716683755387
0.44625660047291116
0.4461631143490565
0.44329548393662405
0.4371606353266707
0.4320639537154923
0.427919927592268
0.4162361434379481
0.4043492339948013
0.38205918594559823
0.3622779399543879
0.3446310573019271
0.32272811975621923
0.30355342698939985
0.27938353826125384
0.4366674252291314
0.43504169564380646
0.4310319239014704
0.42373379651389337
0.4185135926349561
0.4125209177616151
0.3997472357132811
0.387776743424874
0.36536122883858846
0.3438634391808741
0.3303922155797913
0.30286885821041565
0.2839158103236365
0.2590583647498111
0.3005051230317162
0.3092003844693032
0.3222569704998214
0.3313564209748276
0.3375577290308368
0.3531055931317856
0.36240723534224073
0.3683824431177685
0.37017827335891457
0.38192491113506316
0.3911582782125943
0.39468622567940637
0.396384586688579
0.3962726277625369
0.39990431149070726
0.4082611169140639
0.4110374198082867
0.41286267537281
0.4133424392873418
0.41096504657112193
0.40304681805991327
0.3927082258654226
0.41453483695598053
0.4222251777448854
0.4245793392354567
0.42576662614822175
0.4249849300491112
0.421658936679637
0.41181650520219554
0.40006501403438094
0.3743490562372334
0.34407008611770395
0.42773377649845
0.4338481656793646
0.4355034244826668
0.43573598403015923
0.433201021582112
0.4284028370940509
0.41801399917448584
0.4021920020651701
0.3729133204916351
0.33861637016055857
0.43278742007267024
0.437496508042082
0.4383360732244022
0.4380845815459155
0.4343938836444587
0.4284979055994198
0.41477710334481144
0.3993616525212997
0.3674728577398228
0.4346629072437796
0.4376510009636879
0.43631955455368926
0.42389548198025084
0.39126321267262076
0.3564016254794515
0.3171375846790694
0.43389933953398085
0.4341934834226814
0.4335102210179623
0.43139143257011114
0.4248316254873797
0.4164497046256102
0.3995447434758621
0.3811928054226629
0.3443861972162975
0.3035691885204832
0.42418628582848994
0.4232817694764784
0.42096097323829124
0.4184729929815222
0.4100484588135818
0.4001781041747093
0.38000452576493027
0.36116797578314624
0.3316838147633464
0.3224074591210461
0.27930924964319886
0.4137132405156346
0.41124281745337377
0.40831237315282165
0.40429344669392153
0.39441058465337053
0.38413872561605933
0.3635514876293103
0.3429270784865692
0.3026142613954278
0.25900470375356954
