0.9894365715234157
1.0173579562888466
1.0221419704556072
0.9856704281517044
0.9398076740332231
0.8992666018871001
0.8573411593290382
0.8205925979347359
0.7695072828263411
0.7012597766859162
1.0725318405062625
1.111421522541087
1.12564011085454
1.1344921544879867
1.1082857441340537
1.0568646926013028
1.0078105585841663
0.9558381015040726
0.9096077164771986
0.864641058548952
0.8224005386460158
0.7884860514643253
0.7276631303128119
1.1614493701347697
1.1782635667427428
1.1919423503114002
1.2080713351275054
1.2117355989743537
1.2097038535462497
1.158835748309487
1.1028702160088044
1.0414482756531611
0.9860406009119512
0.931651665882843
0.8801156773166421
0.8383400756953278
0.7289820418992836
1.2389203737926957
1.269722162288176
1.2770478124261435
1.2886174478405779
1.2927832077183061
1.293764119019057
1.255313160646881
1.1947259234163665
1.1240394346641296
1.0589737416396987
0.9945725345157009
0.9330508619797149
0.8827962277414054
0.8326827095378466
1.3401227079774145
1.3567262605049737
1.3694597183548083
1.3832026202763252
1.3858487801558566
1.3808511048049
1.324892954954219
1.2428606635720048
1.1631107555531601
1.082724318534595
1.0051259515978257
0.9412223157509875
0.8769679410603157
0.8209163859688565
1.4020805959858282
1.4178081701958427
1.4297768755421056
1.4409584762731757
1.4431504350581437
1.4442205915727397
1.411081830815318
1.3263856165947556
1.236665381540417
1.1440635663741388
1.0539248739400215
0.979362285178507
0.904125287214474
0.8381982734181709
1.3746779388640264
1.2799022324710063
1.180028571408166
1.08209492736278
1.0008862734414052
0.8467976411343389
1.4645036057361491
1.490246867730908
1.4966606675857808
1.4943040201572444
1.4255369460731242
1.327042494368281
1.2193048545598557
1.1125696356727945
1.0237727606234226
0.9339694445826994
0.855083071228389
1.4937530812287352
1.515007213569143
1.5186606451207925
1.4799738816583827
1.381936599106912
1.2657615931163133
1.1483904410922667
1.0502857144771838
0.9509273424880011
0.8636528840808733
0.7787817106787467
1.5106533612164557
1.5274909407301105
1.5295691043935018
1.5105884143485695
1.4234424348820918
1.3022218630853928
1.1765588575254586
1.07082378606005
0.9637154307165218
0.8696493731206216
0.778270161914669
1.53399849074824
1.5339383723425983
1.5291404791595846
1.5144938637727399
1.4636814946296446
1.4217793016044873
1.3403383161867037
1.2062952202203128
1.092413692433963
0.9768367536122585
0.8753917077327855
0.7770328459679866
1.5239726571051766
1.5327149993465206
1.5257796394322236
1.495441543390302
1.3764096325947972
1.2353995759366678
1.1134362583868496
0.9894511867085534
0.8806301135825092
0.775364158654703
1.5183725555944525
1.5128542995420236
1.5062300463086673
1.480296054298896
1.4665290688407635
1.415548101166466
1.3504613200405828
1.26997260038106
1.1389112184742274
1.0044406381543087
0.8865327792858989
0.7728375536680904
1.4916720507734436
1.4848025712201016
1.4698808292354022
1.4413861219018138
1.4048794469164798
1.352355312119631
1.2999232044351148
1.1618637653954695
1.0180040606371787
0.8916025004534388
0.7700818000306823
1.0031770830899571
1.0142509073937362
1.0947041039848016
1.1156761201337
1.1026862587621995
1.189389641067639
1.1980645396218423
1.271667194150506
1.248709768220407
1.3495267169887462
1.3630356766137035
1.3191250690460559
1.4137015932297843
1.3993665185924768
1.4057553347969316
1.4377768439338856
1.4415661397333048
1.4655584946400844
1.4173626114964364
1.46651557621631
1.4859977178634067
1.4654649335785996
1.493076345934778
1.4890141248039663
1.4166277564767453
1.4524088914762563
1.4789993083943873
1.4938461568133534
1.4766388632128378
1.3713412561646494
1.4698635383021625
1.4059863739966554
1.4237296021567811
1.2955537873089689
0.9226517028036902
0.9463109464357382
0.9921222650088206
1.0170784161946058
1.033877928913488
1.0917715103176897
1.1178798661070328
1.134576668514599
1.1441682746321606
1.1459139566450156
1.1870506618443748
1.2127308296047068
1.2281361826410968
1.2360357237911324
1.2346980868611586
1.2132453298301107
1.24726671623252
1.271628264977086
1.2857249295162232
1.290274460588294
1.2912952105090567
1.2905770145784448
1.2875896479884423
1.2758931366018902
1.2597463431053424
1.2982707836825869
1.3211943198714102
1.3326823196038113
1.3354625715513686
1.3333508787858763
1.328600757663319
1.3130261412204034
1.2945507836445718
1.2555514338746432
1.2152200701529547
1.1332020921375756
1.0951828533369956
1.0400935186561642
1.3469792834500736
1.3658398547689166
1.3735038380194073
1.3740295895839456
1.3719149246431714
1.3663105058506282
1.3603928126226914
1.3396568796884065
1.3170843603812084
1.2776355593384912
1.2242196164919408
1.186708232606396
1.1315246286016063
1.0869846200319158
1.0262522178984548
1.367368049890234
1.3828280543988005
1.387834627306737
1.3830962693733102
1.3768190416711943
1.3677779548694387
1.3438944036477145
1.3183111715718059
1.2681766403689
1.2170883217459618
1.1761620694550696
1.1165259272908783
1.0702462323355324
1.0041534294065464
1.3799696156040344
1.3902147844484425
1.3911651353891188
1.381960890151591
1.3618363099538795
1.3049277812122093
1.1938249827088911
1.0844949888233155
0.9640633584549563
1.3833150243517511
1.3833880514747123
1.3771423369710776
1.3602370161248283
1.345769305899202
1.3146898240998321
1.282195704290377
1.2235661534135944
1.1640079646326118
1.125364339910612
1.0488760473802528
0.9998306834237933
0.9237070607658343
1.3590142525923599
1.3592715553330053
1.3508454286240432
1.332364680802315
1.3168106802720916
1.3041904526785322
1.2685326012605802
1.2322482952590157
1.1641664934178193
1.1037182385012028
1.049811885305857
0.9829261225717018
0.9244548485651843
0.8511700507553752
1.33088339680146
1.3264318111872868
1.3143871810468397
1.2922128228709118
1.2764338400477258
1.2581671892430661
1.2191935079161635
1.1826330730043493
1.1140763639158255
1.048326551311564
1.0070929762489689
0.9230273163338624
0.8652988336377726
0.7894377757406393
0.9006252762376091
0.9264017109147639
0.9671163779672023
0.9941865788871572
1.0124953440780904
1.0619166099633026
1.0897416878504487
1.1074919670799113
1.112400505038792
1.1511779967799687
1.1789907233019634
1.1895764892525298
1.194636025828609
1.1939329014009412
1.207334735098841
1.232664758178523
1.2410400035819247
1.2465499676403609
1.2478953796338728
1.2405650908689978
1.2163636903354973
1.1848042854054233
1.2535730288194373
1.277023153818459
1.2841894585502276
1.2878041799003916
1.2853995864496575
1.275254925340459
1.245250108063215
1.209461706052905
1.131300018102959
1.039548571053055
1.2960336320190065
1.314873458186145
1.3200179476095686
1.320764259718168
1.3131573227674729
1.298584866902547
1.266960171520698
1.218801136653679
1.1297583578735961
1.0257600696594744
1.3128841537729694
1.327549747507501
1.3302429358349508
1.3295851473621756
1.3184806482138054
1.3006376642594377
1.2588371220742178
1.2119796177812663
1.114901836517355
1.3203925565280654
1.3299093232857915
1.3261844633003075
1.2885706404351858
1.1891704843311375
1.0830568472600968
0.9636865581467937
1.3195738859178918
1.320691063484851
1.3188009604933797
1.312490700541326
1.2926275324715502
1.267229552791106
1.215712590557542
1.1598079873289604
1.0476133877290785
0.923385769042224
1.2913574674380763
1.289098434417899
1.2822405510944963
1.2747706982469273
1.2492475762527426
1.2192506479037768
1.1577508949703885
1.10024737291484
1.010255439124056
0.9819193246598049
0.8509348321514147
1.2604116119326576
1.2532473191503442
1.2445873333199644
1.232472945995371
1.2025301609118875
1.1712538460641833
1.108406306319976
1.045387208371078
0.9222237438918097
0.7892664451302643
