0.12445525959119644
0.12476885374796637
0.11596442983207608
0.10412183673144094
0.09174451612013283
0.08139422390557416
0.07094467822270246
0.06187337846823194
0.049301131122075445
0.031897589266417066
0.12765988188706937
0.12878740996675936
0.12823452199921925
0.1253595636630975
0.11396997934029833
0.10049638944235682
0.08893025522230426
0.0771958584742152
0.06701369307417852
0.05726759529812989
0.04816002009306089
0.04084331637190908
0.02746397829394529
0.13038149986719363
0.1309001224441151
0.1310558856288746
0.1305698391634277
0.13020691905389367
0.12191710427526112
0.10803063899521916
0.09549832006214969
0.08264056106360476
0.07146843193844686
0.060793626545481066
0.0508477318850902
0.04288492551292104
0.02210524588142824
0.13183783261643459
0.1322344428819607
0.13205040043709793
0.13106886129694187
0.13003920334276578
0.12782090032770024
0.11509573486235135
0.10183905664651156
0.08792829405546333
0.07578376111060246
0.06418920474173695
0.05341387769960676
0.044815684110260025
0.03640821999333749
0.13220570692023118
0.13233097554062456
0.13209765102889612
0.13100477308767405
0.13046503057951894
0.12417741380954664
0.11083547559705095
0.09561398642143278
0.08208282552711837
0.06911734593257382
0.05710541011940635
0.04756262706529169
0.03827916789588942
0.03045903147754464
0.13108591051519994
0.13105900430926537
0.13066088148044608
0.12934008998545973
0.1286627957623592
0.12712792509660795
0.1167931426873978
0.1010900417494788
0.08662590178810631
0.07267241251578256
0.059746108900435795
0.049506334176883764
0.03958371860574204
0.03126218213241999
0.10427875396848595
0.08933867244664999
0.07480081063121558
0.06132058416289239
0.05065665012742011
0.031715330221520247
0.12811395905085451
0.12690532257596965
0.12471285316281366
0.12248712215254631
0.10764813231293474
0.09232063126187237
0.07715797974586736
0.06306082436862968
0.05192052669136374
0.041179683824974264
0.03222045984087351
0.12523754335484613
0.12378238871493015
0.12120850980498357
0.1112619335539244
0.09581251890722965
0.07997873809318341
0.06514389769132968
0.05342288487866767
0.042148094230035384
0.03277292972177305
0.024134588955866784
0.12235526517808194
0.12087457314298011
0.1183723509023286
0.11276636629198329
0.09846415759951968
0.08220369001893894
0.06679343794622804
0.05460374884743638
0.04289680612394215
0.03318505328638651
0.024261595968874273
0.11683089588330453
0.11476204252773192
0.11287782701793513
0.10946245780546107
0.10100355366747918
0.09506199580009582
0.08451192218781665
0.0685226551592983
0.05582590647006868
0.04364853864773619
0.033568109262987054
0.024336755325363398
0.11435974100821766
0.11242662774343683
0.10897941402562897
0.10299959799874096
0.08669199317225273
0.0702089773339795
0.057016064621836074
0.0443603807487469
0.03391556829383559
0.024372393612249375
0.10602351851776656
0.10401359616145707
0.1023927272980294
0.0978826292929108
0.0957785968906656
0.08902279494286157
0.08117664051809924
0.07217305330394842
0.058403774361225576
0.045167860515489516
0.03424887975752728
0.024327588714890238
0.09924590126341792
0.09744887313582622
0.09465191852155352
0.09046096374513297
0.08572872531398208
0.07956016733448013
0.07379392553985806
0.059579746551935285
0.04580720229123663
0.03448321155486206
0.0241573050654125
0.12125985252913409
0.11513116045842851
0.12498856988627265
0.12344615893056123
0.11344289707520894
0.1265402345060731
0.12085088898335083
0.12584978230451851
0.11455131559846209
0.12740574896212367
0.12273395928119685
0.11040500051492287
0.12473125845122067
0.11592813406641832
0.12522887785947256
0.11854742266342994
0.12321771082554582
0.12038441750079089
0.10709658905055695
0.1202505829722678
0.11727561097031598
0.11028371950963155
0.11584246388363192
0.11131725339204421
0.09803842453114715
0.10029633441589257
0.1100121167772109
0.10690293603359571
0.10181445400793457
0.08639707969002336
0.09861145363356132
0.08846018983283295
0.08941092541327061
0.07355667302955529
0.11013650674683763
0.11098952218682064
0.11252008436263747
0.11323235901988825
0.11300583460790387
0.11480803542229441
0.11527001822575299
0.11475424711423156
0.11326129386300667
0.11079004464965743
0.11547736611263115
0.1155743733548503
0.1147608539180202
0.11287286756595377
0.10998674802231026
0.10289305390552607
0.11481377766149485
0.11463196100101665
0.11351568036279604
0.11234876675176651
0.1114799268307833
0.11004869381675225
0.1083518726735316
0.10459471758167935
0.10071374893174628
0.1131187923758402
0.11260805928111292
0.11130686858309091
0.10892083638696204
0.10738456016624195
0.10559354916979602
0.10152329130649138
0.09765189818746967
0.09053329332282765
0.08384678141269304
0.07126493448015739
0.06567195489622325
0.05786127058969562
0.1095408940283475
0.10868925806535416
0.10696977837341004
0.10581460363763201
0.104283416198926
0.10228721527285987
0.1007213443989777
0.09636765948255491
0.09236281256555533
0.08607728696670935
0.07825599799330037
0.07303971421800584
0.06565128341894923
0.059861231672531746
0.05227111250160606
0.1063796501262417
0.10518932081735302
0.1034014870375289
0.10061693344658725
0.09883411552145739
0.09675681393952068
0.09235141486742982
0.08826670221735454
0.08097085688800792
0.0740623416745067
0.06880187707374269
0.0613792731880409
0.055839035712560325
0.0481535465159499
0.10150625060583278
0.10002223239702722
0.0978837044685339
0.09488964942756983
0.09091584435379306
0.08230372907988881
0.06818306634093657
0.055590025277305534
0.04262830224275826
0.09621580457000993
0.09346573607271122
0.09161240389194904
0.08819662177681131
0.0858427414583581
0.08135953751115241
0.07704967755644383
0.06994715210467062
0.0631070014277992
0.05884106009015225
0.05069872459926006
0.04566913484225667
0.038113308439416266
0.08941709154280404
0.08743142335196252
0.08494632631016948
0.08160089191466315
0.07927183270563495
0.0775408922579776
0.07307167413061201
0.06878695512279988
0.06132299966592864
0.05502692983441394
0.04966198787870838
0.04317530435237923
0.03772599294422435
0.031110710465598285
0.08307467027444511
0.08090760089285262
0.07837202612376057
0.07499531589574186
0.07289696877402053
0.07063231734622503
0.06613813536836773
0.06219039484855023
0.05517520749031599
0.04879523442267457
0.04488790986843403
0.03724947658452321
0.03218385868999155
0.025756074413287113
0.10428400513655647
0.10504357490107236
0.10631593598897059
0.10690567013920724
0.10626514635780879
0.10811504631493773
0.10839349315416642
0.107435654851949
0.10263553604802247
0.10833750230586815
0.10821792172390697
0.10755868367178957
0.10679836707770458
0.1014332127635406
0.10736572574255705
0.10697825381102523
0.10630173820746214
0.10528066342128876
0.10255485732602965
0.09933862104936304
0.09323617752213559
0.08690945971684162
0.10544944899604479
0.10469022878631724
0.10386911115274168
0.10271441334354589
0.09962735229287577
0.09636082768620191
0.08987586066781351
0.08349603848565383
0.07116007159394894
0.05783501282794948
0.10161134106022808
0.10042812550453287
0.09920157802286861
0.09810814701557483
0.09466933732474765
0.09120694047780144
0.08543684674763971
0.07794803574906746
0.06556054066155576
0.05224911120247748
0.09841895475598372
0.09700425679937386
0.09584259669713188
0.09433792399444066
0.09078596427691639
0.08720552059335408
0.08043579208800467
0.07378342484365286
0.06129929495648575
0.09341335871615
0.09166535882642618
0.08875952173209317
0.08136557552985334
0.06794017532235525
0.05552243224967319
0.04261297809601825
0.08811473620992988
0.08701015170539425
0.08573572965417312
0.08389463338774003
0.08010246203095624
0.07621933704937278
0.06953052932581437
0.06289490178975585
0.0506413534554606
0.03810076000631413
0.08145410072911728
0.07911824879183683
0.07730798005085376
0.0758938449079005
0.07201829801721478
0.06809561752565192
0.060997793932917564
0.054858855181290536
0.04587048448429067
0.043131436879811504
0.03110200043875142
0.07529385718992736
0.07281863010357578
0.07113977532781908
0.06926692607458827
0.06525371873857212
0.061601077926456485
0.05489453192131433
0.0486564104884761
0.037215393678504356
0.02574997239669724
