0.6864578111853781
0.6995818688177184
0.6878239695882438
0.6509611617318831
0.6069162263778924
0.5673011228685824
0.5248847219579786
0.4859692187624726
0.4285097672188674
0.34110251765395094
0.7836901841918448
0.8050053449951192
0.8113049054329244
0.811124004632159
0.7785297462616408
0.7276256512566283
0.6795196967288135
0.6274490483502425
0.5796157330863837
0.5313091085177876
0.4838907696439731
0.44395894351428244
0.36594642623968493
0.8860287718411826
0.8962057792321071
0.9040726882870415
0.9122922638906521
0.9137860493774077
0.8989539388821114
0.8458352179086909
0.7903029994152521
0.728853765356575
0.6721252587095279
0.6148666376651128
0.5587913552745779
0.5116967225900512
0.3775499173252176
0.9888217474268319
1.0085326157679915
1.0128099480397237
1.0185630517446227
1.0194558039778499
1.016734747931821
0.9718156857161614
0.9104419775125807
0.8393597896812892
0.7729846163177991
0.7058870315014819
0.6402759870270645
0.5852999933783233
0.5288977982460753
1.1486214365485177
1.16119710299706
1.1704118390735485
1.1792527172762177
1.1805490366227016
1.1687308112822277
1.1086226221830808
1.0246096511692568
0.9426923451136566
0.859083154768082
0.7773057340578271
0.7089507849846339
0.6390693310130086
0.5771954090535437
1.2714487110959596
1.2847797013681037
1.2946377528372865
1.3031870098012146
1.3044088548693626
1.3039578827428342
1.266237988324479
1.1779437348362873
1.0846061546165804
0.9875343273968682
0.892224941159358
0.8126027981701619
0.731369672677831
0.6596122491079558
1.277845915297328
1.1784316387248788
1.0728325319739693
0.9686238704686788
0.8815187595704647
0.714379067963047
1.4355152950689674
1.4624419886964408
1.4693488436878577
1.4667746691886727
1.394984865707497
1.29080298933487
1.1756467471635086
1.060885254394055
0.964781446300713
0.8668806691352687
0.7805826374457686
1.5455519484505538
1.5720867973351116
1.5789360011204865
1.5418214942685595
1.4380778750546954
1.3121541356532898
1.1838625027863028
1.0758870944257548
0.9658717254473747
0.8690384688809667
0.7749010447574441
1.6371284218743951
1.6623063580720714
1.6699522372348403
1.6552286893452508
1.565104875915929
1.4325708326520699
1.2930699676247692
1.1747423281427565
1.0540254776531461
0.947820120923765
0.844688916907798
1.7645370352496856
1.7712399120488347
1.7699063454484967
1.7586602308173294
1.7087552208412415
1.6640037812508692
1.5740778095586134
1.4227947185698986
1.2925336103497362
1.1592076167122858
1.0418845046886955
0.9280666585522438
1.8451078308106499
1.8699827269661609
1.875693648257928
1.8528792183380554
1.727082687196889
1.565825743143839
1.4231081136468837
1.2760700990016365
1.1465077317589323
1.0208869444821655
2.0056771074827475
2.0109241904181836
2.009827919940309
1.9925351776381037
1.9799627579239045
1.9285550478127123
1.8561632924371112
1.762333620148152
1.6044796650301796
1.4390970865950514
1.2927232914986437
1.1507777070514453
2.138341324605771
2.143004758234392
2.1391976913362734
2.1188788982342768
2.0843958766009436
2.027626797698417
1.9669323536045253
1.797638780318951
1.6141791322039556
1.4502333015352071
1.2909526444203667
0.6879495599224033
0.6829887824247733
0.7907640050895045
0.7986818579914103
0.7748709463837044
0.8955945165412336
0.8907742411780387
1.0000223729716122
0.9668602030056815
1.1498077359504497
1.1535661150996792
1.1037568440483707
1.2757056065594963
1.2553651205027891
1.3189188325012622
1.3453635277892855
1.4114680709714762
1.4365122952036617
1.3862665354409425
1.5166428593563708
1.542626006364695
1.5249089859616196
1.6246359437750058
1.6281398102241293
1.5563261088622993
1.6929162940288678
1.7848497201604563
1.8275775783086265
1.824017038385069
1.718901302093325
1.9608734413301416
1.9111230378838238
2.0827083887026867
1.9571334478428382
0.6348294944965489
0.6465357321182468
0.7066233944966632
0.7196216645477485
0.727127198671104
0.8226593649573569
0.8375032927659959
0.8456793553910326
0.8481184591345671
0.844367812821822
0.9551069364428061
0.9716284876778472
0.9800720984181186
0.981871550587771
0.9760163140875779
0.9493605800867356
1.0577242474990916
1.0751865115387518
1.0840099423841116
1.0855651359500185
1.0850096433463372
1.0824746189483498
1.0776302208241872
1.0632911471354083
1.0454064195199078
1.1663851374875707
1.1853956218507344
1.1937761529015893
1.1938300975760532
1.1902842530024142
1.1843717421640232
1.1668989341552152
1.1467927219581562
1.105338233280645
1.0626796733063688
0.9763145010657277
0.9360642756367877
0.8776381271071994
1.3115357594060586
1.3310725476657475
1.339410669504472
1.339969955738318
1.3377972760316859
1.3318013098593569
1.3254342812095434
1.3037662371665177
1.279832367601458
1.2378795554453488
1.180833851717613
1.140679574237199
1.08117965284407
1.0331914304176464
0.9674349553194932
1.4081775862726915
1.428083702693743
1.4359256586845677
1.4331915914093352
1.4275106979788144
1.418544056669259
1.393979248656697
1.3673041033798774
1.3136647223178302
1.2583251059097011
1.2138454466595343
1.1485465045595806
1.097625998209146
1.0247980893945936
1.534969984527419
1.554945390072505
1.5623262560679434
1.5577184864411775
1.540047456282786
1.481562469755479
1.3599289406959114
1.2372776283319458
1.1002655229352827
1.6474518765302941
1.6614522501871154
1.6602787016003566
1.6481875502327874
1.6354015318038344
1.6046008374403213
1.5701571202524895
1.5056018398927942
1.4383527178778113
1.3939361978026483
1.3053712769942944
1.2482444533852652
1.1588765390302709
1.7879526551951064
1.8080815085213846
1.813365184742037
1.8047881109926915
1.792717505071876
1.781594526625779
1.7460818296815301
1.707321360325717
1.629436901504543
1.5577157630898972
1.492739874881448
1.4110559947852215
1.3392139976881943
1.2482694025950143
1.9041761922282394
1.9238591757162373
1.9285504144783667
1.9183381626416518
1.9064712661584555
1.8905929124803058
1.8510949839722814
1.8105667744594656
1.7297051739348424
1.648842929283433
1.5968302051065935
1.4897927662052655
1.4150471481446436
1.3156724638950283
0.6154102175864857
0.6277440535380824
0.6840126337838549
0.6976776235537494
0.7048157734554891
0.7946316105513128
0.8099913423941099
0.8175458562256124
0.8105352517504611
0.9202444278329972
0.9376129904582629
0.9431327292212193
0.9449989398237872
0.9344841125142901
1.0177621799034338
1.0355010385703252
1.040656184766897
1.0430053043339438
1.0396925962552792
1.029090981211926
1.0013419642253343
0.96731971451081
1.1203506392933378
1.1395327613671207
1.1445938591412217
1.1464355562203126
1.1411790827842687
1.1288122860615435
1.0957221756316031
1.0572956909078373
0.9745286877176742
0.8771230822245107
1.2571168996890467
1.2769813897573552
1.2823326387108662
1.2830179210267736
1.2752612181685925
1.2598459317304258
1.2262632486293044
1.174878943838246
1.079199820627018
0.9668663734833219
1.3482479659856286
1.3678372003919261
1.3725248501858303
1.373293262837025
1.3636393822951332
1.3460470315042363
1.3022764048628792
1.2520040657374456
1.1464683651941796
1.4674390546303913
1.4872654700615071
1.4912545400793746
1.458633810373506
1.3530956769027325
1.2350446454219999
1.099629101146481
1.5729580903093654
1.5809532262852448
1.584610678979649
1.5838863363693276
1.5698751831812758
1.5462066386837274
1.4926500454530565
1.4311901203363975
1.3030442318847226
1.1582090935460423
1.7046944289668842
1.7243611012998215
1.7274916362215476
1.7255936241373808
1.708447397768652
1.6813051060197364
1.6159511740959702
1.550055849290238
1.4432009832603974
1.4085482850272786
1.2475553803735553
1.812746702110192
1.832675942153883
1.8354091823896765
1.8323111937020777
1.811989045024698
1.783040484129839
1.7151021591808184
1.6407365006821077
1.4871670498973453
1.3149258860696424
