1.6464284152204862
1.6929956217589623
1.7047075283287207
1.6470601607248903
1.5718095714417062
1.5031749671654893
1.429967575166082
1.3633918294311949
1.2662345534245911
1.1215889699227357
1.851324621382985
1.9202095013445228
1.9463172511276512
1.9646121018680087
1.9261814565890265
1.8420863949197932
1.759052050246957
1.6686161583697938
1.585803163923847
1.502532279450253
1.421296181619302
1.3533702620307002
1.2218859981866494
2.0729574346762525
2.104540248543238
2.130590561503357
2.1622756163489028
2.169847376342602
2.1766861094798564
2.0953319739621517
2.00071100554103
1.8938639278020657
1.7949336655098933
1.6951246075448205
1.597596012442033
1.5159696529770967
1.2844830577895894
2.28722084676967
2.3499350816048143
2.365435997582905
2.391293635204621
2.4017834489842915
2.408316519661909
2.3528830143313972
2.251334312304091
2.1282890636499725
2.012103046433286
1.894213657460544
1.7787663675581065
1.6820581489817144
1.5828244126205389
2.606215164276022
2.6442738963336105
2.6744813104294685
2.7098034881992024
2.7177480591718663
2.726878362138799
2.639967988639833
2.497962496746033
2.3548932065637738
2.207162040533088
2.06163228359764
1.9395313431673138
1.8141971975136364
1.702369621029873
2.83820034377144
2.8779811715418626
2.910025813497765
2.9444215099811717
2.9529669922866897
2.9626702442719073
2.926754357642712
2.783712039144844
2.6222972003023073
2.450930525142738
2.280710757832165
2.137585127070854
1.9906399966538244
1.8594914269672902
2.9604450620999647
2.7904243282929153
2.604532105561541
2.4184033309828865
2.2615474720677486
1.9566840507283378
3.1278816755185743
3.2103371754591987
3.2434070312897108
3.2517786525702816
3.1579885550827624
2.9833091446540245
2.7817809718122017
2.5771318532011147
2.4040382065541577
2.226167501967337
2.0674112162023137
3.3083993186590637
3.3869718063310277
3.421210452258605
3.389181631696741
3.2226849356165173
3.0048819249230347
2.7771749875328573
2.5831505568437603
2.383477400326608
2.20523831976153
2.0296345051199216
3.449454323224359
3.521261130751754
3.5552900323848813
3.5525617663869564
3.416910258198841
3.1910116054227875
2.944923847967197
2.7331456747424303
2.5146928843757985
2.3196352973333183
2.127565583828195
3.665362274910269
3.6926983773598265
3.7002993184264974
3.692720409001451
3.621763554440385
3.5495524965415512
3.397714922003653
3.1333285277193283
2.9016867467524756
2.6617147241196433
2.447265833768223
2.2362192259068396
3.734649412803821
3.8003329236252545
3.8295299856651113
3.8077107406065633
3.60701644044151
3.328724228628951
3.077126293768117
2.8144727415504946
2.579687020261654
2.3480968276387264
3.9534033067228607
3.9719328051297134
3.9760744653754196
3.957489675456095
3.9399741760162
3.858785055411964
3.7384577938332657
3.5778622587275435
3.303375590600431
3.0116351676526456
2.7493027211547805
2.4911977847928264
4.078236841592006
4.092585489675496
4.0931487913613465
4.06467298225702
4.010543378199251
3.916901268548267
3.8146214205366915
3.524707649474211
3.2057462564657295
2.916263299241026
2.631119870873068
1.6709709781719313
1.6918718460744422
1.893525895668877
1.932390609368773
1.9165195813847566
2.1316614591205947
2.155607215583085
2.3663115555541037
2.3401729775547904
2.6431050883122396
2.6896404206837983
2.6277901425531986
2.8954903122453004
2.900039336035066
2.9247638112078564
3.0485193284003738
3.093716488631293
3.182345491155383
3.13762499270825
3.264114370500382
3.351646961704247
3.3511109438873037
3.456965513795096
3.4934227562780404
3.397485877128326
3.588024397259247
3.6202780499994
3.7314848827919818
3.748645395935043
3.590099156786393
3.8886677667583776
3.824708736359319
3.997827631274417
3.7964806055088642
1.5414995609369633
1.5804920621894227
1.7036554855735324
1.7469478748405665
1.7765197597505382
1.9588776567851236
2.0082325740003864
2.040997839676117
2.0611733715666736
2.0673566668946197
2.2385642094337
2.2931066606420436
2.327833340633511
2.348911871398709
2.3524694176648295
2.3218496975650247
2.4450512915144764
2.502164636409985
2.5388886598937335
2.5532051325328813
2.5584775731733838
2.5617019986831444
2.560203239433387
2.545383403694248
2.5207761186152493
2.652606966277754
2.713704847155867
2.7491924406291
2.7680325238052275
2.7697601089074104
2.7662316038576327
2.7459661891339304
2.7172797848889516
2.6513603603966422
2.579673063330934
2.4294676311538517
2.3583120862633753
2.254075939439405
2.910654135076806
2.971609294667803
3.007014362302226
3.017178351128013
3.022503758857326
3.021062558953244
3.0153694184398017
2.9875769780719206
2.951770470407569
2.8838268059016645
2.786967519390959
2.7171626225200787
2.6121524343033267
2.526581284877026
2.408403107324027
3.0689961614835792
3.129557312092492
3.1631611600669878
3.1753005857731993
3.172650126504284
3.1636969575970864
3.1304390699609224
3.0893273970634154
3.0010486895810438
2.9062500041427852
2.82833466136218
2.7127386521042802
2.6216569997400643
2.49028694929469
3.2580308275371364
3.315530088067948
3.346875932456166
3.3541505798545
3.3356501443342848
3.247143048251941
3.0403243385478578
2.823525075720047
2.5769523263027407
3.4238333094105586
3.4709195134257875
3.478199984230716
3.4693008389301325
3.452221940185514
3.406009282209562
3.350350132759894
3.2412465882098918
3.12465899291421
3.0467657775486185
2.8894844656823127
2.787089532271416
2.6256584198377393
3.5646817930442958
3.614195774473429
3.635052793557134
3.6301190155813243
3.6140685966123605
3.597472524051961
3.541184170150008
3.476740128466418
3.344207734525326
3.219819940145095
3.1056585443088767
2.9612119566383583
2.832731257845757
2.668918343661788
3.671077628380174
3.7147387527978966
3.7301679702985426
3.7190414034210675
3.701429462820607
3.6763483318447023
3.6117527928856648
3.543768602229505
3.4064233137101665
3.265307325385366
3.1749507592433543
2.986116640329247
2.8534397915639267
2.6758015853091384
1.5067803406550346
1.54920150357946
1.6634555245403482
1.710504416625947
1.7425885649464776
1.9093653832182989
1.9623139715058013
1.9973674669292272
2.0119038553287325
2.176982617261112
2.2366563077104695
2.2607494961286956
2.273296289726883
2.283359841153452
2.375176273230103
2.4354545887533736
2.4574706113656646
2.473606405286811
2.4859573896340876
2.479411724583561
2.4429985309781492
2.3897977636045686
2.572108273157662
2.636363764304956
2.6586256887063313
2.6736628370113076
2.6827850793267225
2.672832999552733
2.6273164863889793
2.566058410211202
2.4248443264496955
2.2527019976078453
2.815859204055859
2.88052573620697
2.9051956756281876
2.9157765783148046
2.920234708207944
2.9042873348002534
2.8559846205476993
2.7725295619736996
2.6072522170264087
2.406958842821776
2.9652068323449523
3.0270892901049384
3.0476430013748073
3.060534409871575
3.0608796035023023
3.0403470446401877
2.9745668565247954
2.891417693909
2.7077724609064013
3.1415284094626803
3.2011196323704665
3.2291810633043703
3.196669503663835
3.025063531580308
2.8184664513850493
2.5754857634321118
3.2958465390173695
3.320705824018888
3.3361025234501316
3.3440971987303088
3.332857869387994
3.2997279482679667
3.213719876672692
3.10935353531948
2.8844593905826015
2.6242002875119175
3.422699155412269
3.472584076158939
3.4861903526974105
3.4875986198193263
3.467210279136118
3.425526908694313
3.3175847953155895
3.204666081267825
3.017353566080831
2.956233821194896
2.6674985267226843
3.51589561379896
3.5604719920645618
3.5698688577619566
3.568444269907287
3.5393245047487922
3.492779112590421
3.3793702975908237
3.250303481880952
2.981271391728002
2.674433593857478
