2.618191883653044
2.6880706589142127
2.7019487481314157
2.6092565182802216
2.488247171111281
2.37688826870167
2.2568819414680203
2.146288914173314
1.9821648426385852
1.7299321337771911
2.9936432494695824
3.0997865232568866
3.1397478216817967
3.166890064670535
3.1030780629034234
2.9664993077053157
2.8308306106244143
2.6817878861745896
2.5437015316531904
2.403247568947934
2.2643734208352084
2.14664756985555
1.9134834290138576
3.4007524119101302
3.4505427811203813
3.4915434142286577
3.5412901430687382
3.553134122379348
3.561518445512935
3.4279911398811214
3.272299321997972
3.095216207282443
2.9295248449828746
2.760636611765617
2.5936523545426184
2.4522161968537235
2.0401728250822178
3.8091057525590792
3.910199443672969
3.9351899949848006
3.976842331922677
3.99354052397874
4.003904716518865
3.9118274011134804
3.7435260556059906
3.538324584351227
3.342704753315348
3.1423726987070593
2.9441433810776396
2.7763481535300323
2.6021435539069238
4.4442162902342295
4.508105127685821
4.5588962532484
4.618371067215949
4.6318397585029505
4.648131446539698
4.503289266132291
4.264260589026725
4.021161806325317
3.7680252153670057
3.5165088901502637
3.3036269059397467
3.082968961474507
2.8843512528232
4.930874637811443
4.99965288517981
5.0553196985912825
5.115639716333701
5.130742087275193
5.14829650266068
5.09027320179953
4.849454339176646
4.573252030490158
4.277481074783184
3.981362622468309
3.730410427794725
3.470507446217554
3.23682773029196
5.223004688697266
4.931006288105094
4.608697828788448
4.283372905377187
4.007185177604033
3.4642157560024294
5.575258308764016
5.724742185038899
5.788211689039815
5.805788042795016
5.652774421296914
5.352090158089349
5.000845213639346
4.641135101724515
4.334692927619448
4.017310508599573
3.7322920299450857
6.00282258332315
6.151423612641659
6.219771990401205
6.177077619853023
5.891849329093268
5.510159823959444
5.106995663913118
4.760916626045895
4.4020274542858
4.079853985993087
3.7604696087642546
6.35454722442891
6.494998278926671
6.565814574068404
6.573483425131332
6.345997243715498
5.9491937939162085
5.5142735912868295
5.130608660746631
4.735323135906836
4.380434427263183
4.028901735686373
6.88351338436259
6.943671741707399
6.96415017597772
6.959602429411568
6.8453764678213185
6.720953510083424
6.453196351886291
5.97956955597094
5.560403278483312
5.122632022929764
4.729263428273696
4.339879819101995
7.134240852627757
7.2748082276464165
7.347995983843075
7.327094552865346
6.983591133211246
6.483211584161264
6.024372472076462
5.540984942568915
5.105720095371108
4.675001826906924
7.765067199122008
7.815420975949921
7.8326320710847686
7.817906889930199
7.79172851699185
7.656821907410883
7.444509639254681
7.153954241729056
6.649046233728919
6.105827987767119
5.613894040607624
5.126845987053485
8.22550172004722
8.269671097444514
8.290422178443535
8.258210352434027
8.172531398635384
8.010470882790818
7.826576767697652
7.291218696797783
6.690819467394715
6.1408765150292
5.595170416208501
2.653754436155792
2.682353523649911
3.0575846038233117
3.1167080670317144
3.0880107981573874
3.4921151908760804
3.5280185351967726
3.935837788020122
3.8911917852625484
4.507050198663774
4.585771074488087
4.482843932878103
5.033023599292842
5.045117797503751
5.1446926337824905
5.3684397528631775
5.518778422664774
5.682267727002305
5.616359812241693
5.927932784291868
6.096122960506624
6.107389484110166
6.38278458185982
6.463051218104278
6.309483471488227
6.780472737190178
6.917218178436792
7.15549625632949
7.210705662449896
6.949903711186651
7.6664334789622695
7.586690764079798
8.116076489236118
7.787374003388661
2.4553386934103365
2.513941260354837
2.7454406603779002
2.811602051820416
2.856455767921712
3.2169810523067888
3.2944837856471167
3.345775894394629
3.376865564936366
3.3854340822469373
3.7575846675246543
3.8463506149326836
3.902739411733225
3.9366197841845554
3.9418255491629246
3.889795837729379
4.176186085418393
4.271819721859633
4.333573234402942
4.357624023374317
4.366532275073203
4.3719756393963145
4.369396550503657
4.344520122327128
4.302929577672933
4.6174385251835375
4.723486892467454
4.7854201817571855
4.819154776848156
4.8226179334214505
4.8172351780252525
4.783718572961356
4.7351271044944845
4.622744236169627
4.4996440458576705
4.2402796891370995
4.116655230704319
3.934840673938387
5.201670225848011
5.3127751945088
5.379062996525157
5.398832191898936
5.410167689703047
5.409626840965702
5.400917688956598
5.355312098881134
5.294452934051955
5.177543009353506
5.00918145760093
4.887158117329612
4.702584427623777
4.551682249653805
4.342356835105509
5.585650998403174
5.7007385779636675
5.76658927660297
5.794197523860564
5.792326997428505
5.7789652325680185
5.724271739521069
5.654356567253488
5.501116723344788
5.334642046467716
5.197085138589997
4.991764854581788
4.8294192269373255
4.594164500922668
6.079830393813886
6.196073934744391
6.262811157971931
6.285460263052013
6.260535293856178
6.111436056420565
5.746089847892984
5.356680701532141
4.90901066404943
6.529803419517366
6.635169343698168
6.657005839089702
6.651713687988798
6.626607150676229
6.550385285963186
6.454175978057548
6.2610299931235325
6.05159021211049
5.910467049094922
5.623951433413491
5.436377453315822
5.13919126494241
7.022283621951562
7.139577303880202
7.198555386109348
7.207550150926761
7.1869024985014365
7.161803477170497
7.068227980554304
6.956035186297521
6.717572779432423
6.489788879456621
6.278794537875806
6.009937626019244
5.769779112404286
5.46193839823421
7.429810771405383
7.543403019009566
7.597692777814137
7.59957195136365
7.576876416667797
7.5387759716744736
7.430570984330366
7.310526309073539
7.059056870505427
6.798524502351325
6.62864697194389
6.272282044322614
6.019977826964577
5.680132410243065
2.4004740370798614
2.4640872421637687
2.681213601242827
2.752981374036565
2.801257807440977
3.136565054896794
3.219678758048031
3.2741072359700993
3.294341791392162
3.655814991724443
3.752786879988908
3.7918196632146177
3.8120742159692558
3.8266517355785723
4.059156264506101
4.160138453852873
4.197066097853692
4.224021687649692
4.244678175027978
4.233383298221821
4.171636669077259
4.081085822452458
4.480713045636493
4.592361723802836
4.631100570119982
4.657622646252434
4.674653247264404
4.658328317892877
4.581128672866012
4.476043477664971
4.232241784642428
3.9324441977223534
5.03775927411129
5.156313669848144
5.202279099163037
5.22258387387717
5.234522884104101
5.209161169693915
5.127419038331365
4.983115465992869
4.693694511964392
4.339720842981435
5.4038458644537055
5.522145696214567
5.56265235442939
5.589234583951695
5.5960775483852245
5.5639185872478825
5.4520591980782624
5.307076366813497
4.98247442687109
5.872564581661081
5.994053674712413
6.057269452735485
6.014579989549324
5.716546434360661
5.346797164115101
4.906111734925538
6.299377575318154
6.353713268715713
6.3897901971078355
6.413597650311658
6.405803927968255
6.353811936392698
6.206161654001519
6.020912679045942
5.613761878927564
5.136190068412696
6.761091567977072
6.88209438310711
6.922076051887073
6.933869112398652
6.914099410223933
6.848875941364941
6.6614367487026875
6.457602246609177
6.1130223863375255
5.999198445547934
5.458810285724202
7.138182857905063
7.258080648024335
7.292818266117886
7.305153280026055
7.272923578679851
7.19900557187481
6.9993644662179495
6.765101557889233
6.2612719816679006
5.676940686435732
