0.4284255135396011
0.4355317001787922
0.4218608385062299
0.3931005343150621
0.3608089765546816
0.3329366050914581
0.3042143859951455
0.27886848705304024
0.24325284246041523
0.19391502072661165
0.45600986287757295
0.46691507795618514
0.4692072695379748
0.4661798627762361
0.4399472822188006
0.4038404601582075
0.37135444622362623
0.3375052365329496
0.3075372114489806
0.27837339635175395
0.2508018791032348
0.22846549692536086
0.18791505274550263
0.4834930187231784
0.48823999952545377
0.49161537414533996
0.4943632268969928
0.4945317507734784
0.47884851381937305
0.44156213326805077
0.4052907738704533
0.36678836210995563
0.332519101054962
0.2991173273237239
0.26748408097460147
0.24184728829994565
0.1749098505748128
0.5058077165322075
0.5134087391394007
0.5146822842549681
0.5154178710076939
0.5143769858538045
0.5104010638121723
0.477523105910414
0.4384132521241072
0.39541701635794074
0.35678377860856475
0.31903762404614083
0.28326457061390303
0.254245602937847
0.22555288980980137
0.5319561070531058
0.535850749678456
0.5381666768293145
0.5390358312396476
0.5385294033551146
0.5249484212479274
0.48600577622925745
0.4373397815435246
0.39222093321948026
0.34781317072331064
0.30566214912916684
0.2714860069811424
0.23767338588036308
0.20880237842598587
0.5453566917871986
0.5486949887215183
0.5504632974886408
0.5502093618520091
0.549280263659414
0.546371852575826
0.5180336068188605
0.4673630370297549
0.41784410404595723
0.3684731074201974
0.32150012340749323
0.2834258401190913
0.245815130794121
0.21371793897660188
0.4849570740464954
0.43315450824540747
0.3808257845521895
0.33089531061564736
0.29043926996372804
0.21645137041729212
0.5551905196694208
0.5581158562326639
0.5549301510091396
0.549708575365896
0.5036559188034023
0.4500112091749221
0.3945049662500183
0.3412559035115078
0.29810342590328653
0.25555306051527643
0.2193267493564069
0.5568607013015817
0.5582872600333653
0.553556792727812
0.5239989812514261
0.4698875262689444
0.41091487880761235
0.35368164150858267
0.30718113356170906
0.2614578095905959
0.22260020810793504
0.18620383294890527
0.5554900175162049
0.5558500502375793
0.5508635647280337
0.5346616394983656
0.4851021378012954
0.423952631704454
0.36356787716616523
0.31442556446529146
0.26608513948249723
0.22508450026661794
0.1867864678640177
0.5496956875559705
0.5450928145638563
0.5399380779556145
0.5293393327651637
0.5000275490986285
0.4780646873754638
0.43769542820926133
0.37413314415503857
0.32207239780490365
0.27091606516536226
0.22759743420155099
0.18724488127044442
0.5433227046448633
0.5408762180998619
0.5317500155041281
0.5120786574178828
0.45084120360452773
0.3845554548887773
0.3296486513421093
0.2756270993816921
0.22998138936826404
0.18758197201713853
0.525015812453894
0.5193337181660146
0.5142607603377393
0.4987513496235258
0.49113749773332427
0.4652673773035552
0.433992095786925
0.39701840947794176
0.3387954072050594
0.28125058859306595
0.2327021147691668
0.18781055859132942
0.505475326968917
0.4999403722468229
0.49047417646531183
0.47502745263052343
0.4566827785294591
0.43174675013451974
0.4077925350365417
0.3469908825624836
0.28625494021415115
0.23497551656835525
0.18771012995796618
0.4264691474743374
0.4186647461257601
0.45656689252182897
0.4586058774502565
0.4377753801646811
0.4829376907760487
0.4743485514617097
0.5018869995366703
0.47507534732472656
0.5247370915971451
0.5182901604079451
0.4839433154895068
0.5350727851346226
0.5138357285919384
0.5355669884181428
0.5284289211953046
0.5402106497369764
0.53931911992754
0.5008194230275048
0.5406799755184875
0.538368776048104
0.5189315283823189
0.5378586002761909
0.5271009383221924
0.48280105777003873
0.4961919887378795
0.524498262369082
0.5206213188812242
0.5056313879829777
0.4491745395622714
0.49831537554489747
0.46208495218220935
0.4690920375206815
0.40638511264234883
0.3894546364171986
0.39629158719909713
0.41112449680297347
0.417968950039352
0.4213077380148303
0.44004209092999386
0.44660591714839165
0.44928065363744685
0.44852171209214287
0.4442009789620424
0.46468198380788683
0.4703733423701958
0.47203708805934086
0.46995617017599245
0.4639097068737049
0.4450749160880538
0.47808569050265504
0.48285534314758694
0.4835538620140211
0.48209295704881555
0.480492712652813
0.47743736288063277
0.4732994114846157
0.46304869380529945
0.4516596623981988
0.4871844928313818
0.4908915349934396
0.4905328755284357
0.48605865125303266
0.48237386965034695
0.47758283192563883
0.46570853322886047
0.4535959199504787
0.4302455969609045
0.40748031255879275
0.36319926855649376
0.3430718007978277
0.31448996522477024
0.4919067994912186
0.4939553809731703
0.4918206509270312
0.489376819089743
0.4856017193991752
0.480088871475509
0.4754418139071294
0.461659971566864
0.44822137576404514
0.42628628960708415
0.3980150374652033
0.3787499980030444
0.3509481551704222
0.3288808474718608
0.2993854876290952
0.4905838231967326
0.4911460858015136
0.4881699388300671
0.4810214444064383
0.47577796465383404
0.46934640814965595
0.45462032075288455
0.4402684759955557
0.4137298657934299
0.3877933456484494
0.36762570468408434
0.33869830551290386
0.3167268238137438
0.2858972097999202
0.4839534605256155
0.4827586625617557
0.47812053267981114
0.4694684226430412
0.4563474491835407
0.42527557265308796
0.37060495431778046
0.3197312382199534
0.26576686186722076
0.47390146588774557
0.46762421886067596
0.4621215558134261
0.45082875453726023
0.44257447239857095
0.42601103764191306
0.40953582493233104
0.38134545492834004
0.3536323085966177
0.3360231051259534
0.30192439986097197
0.28049154051895653
0.2479509253578532
0.4551914514006864
0.4505722793093091
0.4431669862338266
0.4315900855125481
0.4230238417258803
0.41648521971221675
0.3988421522707653
0.38167624941255796
0.3506650816514047
0.32386844711837004
0.3007276874500315
0.27225665697346024
0.24814791928696983
0.21852029008609547
0.4359977788706042
0.4300042793377952
0.4216408528373804
0.4092799150482231
0.4011952477614999
0.3922381208646847
0.37387944964968983
0.3573030032049813
0.32722980575700994
0.29927142202395973
0.28198809474694525
0.24763598280524002
0.22458376547766135
0.1950768711820985
0.37460611638164326
0.38169930225391163
0.3947029386135096
0.4017396590650204
0.40456803470639724
0.4212234548034789
0.4277233895358401
0.4296899996995753
0.4214253883152884
0.4432250580283425
0.4488367071713496
0.44973099799960264
0.4492586808887867
0.4381896969181156
0.4548177855610545
0.45923188716477537
0.45958144740070955
0.45860435507002745
0.45315709627065437
0.44490200099630683
0.4270283439942959
0.40709743985241365
0.46209358744350026
0.46528637397993056
0.46500661429892026
0.46326540765763286
0.4561475760224407
0.44700300469345594
0.42680863946547787
0.4056038098666709
0.3626098789831027
0.31433225757617456
0.46459688384179737
0.4657867119607107
0.46412523796224553
0.4618508799986129
0.4527014892755193
0.4420480496526775
0.42279680486271803
0.3962923637327482
0.3504151620490381
0.29924736077208886
0.4621811546064137
0.46197461402314377
0.45990843917899815
0.45642447474427505
0.44614473754071016
0.4344510396171966
0.41072925096175567
0.3861925168706454
0.3382161593452601
0.45389197454584246
0.45190175366412844
0.4444750079254536
0.4199762355382596
0.36917033681447575
0.319312161157047
0.2656656934374874
0.44280432410815024
0.4404904934405556
0.43713173278899126
0.43161651431436326
0.4188498821732716
0.4047451826023827
0.37889202032966335
0.35235376239380334
0.3015619002443543
0.24786635323528955
0.42338300008351204
0.41738542448974425
0.41175542013564814
0.40694815648750765
0.39268058310041093
0.37758029813702815
0.34869646821544636
0.3228303918271064
0.2840879681247625
0.27197375435155424
0.2184605840520135
0.4038740154874832
0.39661326647332024
0.390913557208975
0.38399680881166287
0.368598409291342
0.353755833851125
0.32550754021153755
0.29840277150634476
0.2474138473702165
0.1950349378763617
