0.30147262717635664
0.30929477128795985
0.3085906591747265
0.2956201719518726
0.2797406559250243
0.2656712961463529
0.2509818077599179
0.2378878599246261
0.21928311030905595
0.19277871445056421
0.3257523133835316
0.33678631772591017
0.34059478078475613
0.34235969768375496
0.33231904076835894
0.3146204686282761
0.2978808715806135
0.2800650771106611
0.2640628354309661
0.24828530322171352
0.23316095503022932
0.22072468823339464
0.1973465010938381
0.35157675436291047
0.35635900269127235
0.3601825127759051
0.36453404404238504
0.3654626436868888
0.36286525714707196
0.34523112647706045
0.32635259923960164
0.3056537206223297
0.2868664800965578
0.26826186243975275
0.25036008770951795
0.23558691167019583
0.19497623521974475
0.3740417690386958
0.38268884615077464
0.38467707003842466
0.38765560271118904
0.38855858882117866
0.38829253147248466
0.3744227946245368
0.35412815600396347
0.3306330702444933
0.3089810633970894
0.2874012958795968
0.26657342150420443
0.2493423619390892
0.23190977414036926
0.4034024164889599
0.40807876297356105
0.41158248904687667
0.41517518406831266
0.41578833316214264
0.4129315097486601
0.39397978360428104
0.36713116071061774
0.341154166813048
0.31491600228920236
0.28944816710937604
0.26832610412615293
0.2469171547733978
0.2280469595627929
0.42143181197266033
0.42586825936672157
0.4291593348261309
0.43201744185193564
0.4324880355243399
0.43244465976534074
0.4207620220297579
0.3931963097454643
0.3643133926827087
0.3345526162555658
0.3054935954868449
0.2813555946227712
0.25688258648168427
0.23530171052592402
0.4084261544935852
0.37811125654763783
0.3462435034446391
0.3149555653284337
0.2889356620412174
0.23929961387759902
0.4397592496900285
0.44689598855040674
0.4483277554359171
0.4472090803095954
0.42459832964584737
0.39326661571585236
0.35914750777124926
0.3253422229051695
0.29717547180309145
0.2686236987965104
0.24346691036007434
0.44846352255577526
0.45437738209248263
0.45501335879315014
0.44213980451885876
0.41109125465040747
0.37457552653777665
0.3377252760270673
0.30690169626079533
0.2756570960948867
0.2481578212403825
0.2213433934559519
0.45359449023885795
0.45831488286029404
0.4585812950031234
0.4522470752580418
0.42470573117346794
0.386794171845566
0.34756584607597985
0.31456538655834826
0.28110766604164167
0.25168834927406286
0.22305184068268402
0.460546251025542
0.46031250904930693
0.4587024555400114
0.4540066163230768
0.43804546376916714
0.424973280889517
0.39966111543386595
0.3580441254844391
0.32269388245809444
0.28679976214234626
0.2552694352026593
0.2246465941631875
0.4580653335955025
0.46058495578788367
0.45828595137019495
0.44879754054424437
0.4119306506522531
0.36835238166505974
0.33068775235237796
0.29233125823528333
0.25865531195543645
0.22602907995345908
0.456934394653847
0.4552546142257153
0.4532145903786805
0.44531714293009045
0.4410570870928544
0.425415491347915
0.4053828805191968
0.38065417146772274
0.34032873378532397
0.2989308351103253
0.2625692584889326
0.22744060154219164
0.44965388690909835
0.4476461938990591
0.44317032339156515
0.4345479411214454
0.42342954325871573
0.40738498681835394
0.39136617532019286
0.34904726020209126
0.30486673670598885
0.265958951914601
0.22846761840965826
0.30460518016500787
0.3062277565369861
0.33131095239766634
0.3367288973279415
0.3306552414017692
0.35842943978101993
0.35940354963463494
0.38171123870341506
0.3724685734710006
0.4049508905866854
0.40759631531672175
0.3922725727093898
0.4233303325958665
0.4172750895171593
0.42181902349824235
0.42946740007802314
0.4322733295720752
0.43858351627102543
0.42215090021538315
0.43975086983858147
0.4448947781222034
0.4377668667435745
0.44752592577671846
0.4457096463766846
0.42263871690629484
0.4346020196467134
0.44419834874504716
0.4484923867629484
0.4430147946424598
0.4103627475393993
0.4419693048943918
0.4224277923096733
0.42898295276581394
0.3899689823083654
0.2798897687269901
0.28660421293722677
0.2999843541151703
0.3070144254231522
0.31156737435685505
0.32871051405552637
0.33599981463629036
0.34044982964627135
0.3426699933222548
0.34249649356640705
0.35613039276148767
0.3632459016073086
0.3672832680317497
0.36895567615800534
0.36780729774523374
0.3599310437496138
0.3734991311480231
0.3802203646434638
0.38385127005103326
0.38481388217533125
0.3848631019186327
0.38430509216737285
0.3830266694229931
0.37877485206101874
0.3733033298690475
0.3882848577530043
0.39459042338628725
0.39750010009507725
0.39771186242664625
0.3967356897698127
0.39496326912264784
0.38958351531365565
0.38342791298791257
0.37065383845782196
0.3575313776259477
0.33111626981576847
0.31882304623022006
0.3010306702021346
0.402565863273607
0.4077764025229849
0.4096149741020534
0.40952192412982436
0.40860215433972924
0.4065923861355335
0.40457735446157356
0.3977339895511114
0.3904306918116359
0.3778096543021489
0.36079724871057517
0.34889038985109944
0.3313790328138748
0.3172311765112375
0.29796827877859156
0.4086865687719582
0.41294444442715955
0.41409650500637357
0.41224377245474936
0.41011290460693733
0.40713057568877786
0.3994157350382531
0.3912970537050022
0.3754445938114142
0.35932403902572835
0.3464833929635554
0.32771633111430853
0.31317384228304307
0.29240914270731005
0.4127288218427126
0.41561696725970376
0.41560317157307475
0.41252939715462533
0.40611347619890287
0.38824833058988284
0.35359608130662673
0.31956102611476445
0.2820542886477927
0.41404643206063557
0.4138818917477169
0.4119354220173886
0.40658619776326
0.4020762783086358
0.39243430068576207
0.38232828938087937
0.3641896467569836
0.34574670149928477
0.3337630929937459
0.310116487199172
0.2949448884161963
0.2713706717289368
0.40757769976601205
0.40771670131397697
0.40518782118288243
0.3995576698066043
0.3948165583447914
0.39096386506404834
0.38005146640185405
0.3689230081619536
0.3480129649694585
0.3294098904612437
0.31286430215180744
0.29226724792544123
0.2742598138817918
0.2516418792743094
0.39981713048137474
0.39865370721597015
0.3951417888177095
0.3885413290842819
0.3837554554131659
0.378224374622915
0.36636497629132814
0.35520994063487565
0.3342324236118166
0.31411665730290744
0.3014522943530726
0.27561336845868484
0.25783060723513984
0.2344172125573746
0.27247802709112406
0.2797275306926671
0.29163160276605565
0.29919469461074905
0.3040090438780917
0.3188446359550358
0.3265174306122631
0.3311174759790428
0.33108682680237467
0.3444417531382756
0.3520554834733877
0.35478086968451156
0.35596076112841984
0.35424352340218956
0.36057841461399537
0.3674765493200968
0.3696265658405689
0.37087699016724807
0.3705012674519529
0.36758665221519937
0.3591680004475126
0.348618857358248
0.3739465453998716
0.3803320867540638
0.38212510287673546
0.3828466628763332
0.38139024532299465
0.3777126090929685
0.36760998844391446
0.3558341388560733
0.33055827377757957
0.30087181299276544
0.3864045894050504
0.39152289869815576
0.3927361983105073
0.392719207494038
0.3898097143352537
0.38490185021245005
0.37462162428289336
0.3591807985776534
0.3308528747494963
0.2978218197322123
0.39150791562074416
0.3955051187934745
0.3960782058235945
0.3956225216069615
0.39175876947312865
0.3859714341965935
0.3726296218404854
0.35778339243581775
0.3272257879920504
0.3940647565943405
0.39667794008196855
0.39524673406456684
0.3832523373529557
0.35216751193967627
0.3191164459780412
0.2819362876551095
0.39417073242533796
0.3944762095727576
0.39382979191046585
0.39182081247839445
0.38562149307723653
0.37769724701856777
0.36174954879010895
0.3444352181277963
0.3097172043638705
0.27126665536108335
0.3866062726194974
0.3860188434399868
0.38396095085284565
0.38171251883003593
0.37396451800124
0.36480254473955365
0.34596152288368304
0.3282898626295353
0.30066452427047885
0.291934049708159
0.2515601148976493
0.3780089479646714
0.37612154650739454
0.37358069574015024
0.36999201314080865
0.36098935708435187
0.3515208456511138
0.33237139468449983
0.31313769709094974
0.2753346410603975
0.23435251428191228
