0.27386489694122107
0.2768821743292757
0.26406635401050554
0.2428232968280647
0.21973795272358657
0.2000450684767987
0.17986282223996664
0.16208700967123318
0.13702323879497122
0.1013435072954299
0.28544062560054445
0.2904662631129553
0.2908205598115387
0.28713822946480877
0.26728623674670793
0.24189867391756673
0.2194926414170615
0.19634642888779374
0.1759352687589498
0.15609154545197093
0.13724266470890506
0.1218361720059034
0.09302813829179304
0.29661290292009124
0.29877633152875
0.3001178189759887
0.30064981913903327
0.3003723254634124
0.287139789133151
0.2610202391607138
0.23644717090342593
0.21068163225017728
0.1878901411328226
0.1657416883072644
0.14473398425328055
0.12761391885950168
0.08140970027598227
0.3046913905658212
0.3076892710045226
0.3079443326142536
0.3072603267505305
0.3059243056730066
0.30245222776723213
0.2789896134761428
0.25281428447211435
0.22458256359587395
0.19943256638230697
0.1749798781682167
0.15182533297052833
0.13300121302712437
0.1142549660988866
0.31247754404267286
0.31387559663391207
0.31440146183945816
0.3135985329135682
0.3128946733747545
0.3021839655174708
0.2760614370355001
0.24477452773625805
0.21620349575105818
0.18830687008699476
0.16194112090236168
0.1405556973099162
0.11938070355106088
0.1011569147116206
0.3148496817588147
0.3158843902103738
0.3160426188207709
0.3146078744966873
0.31360882925449796
0.3111108680268978
0.2914754765965448
0.259122350734853
0.22829061970783138
0.1978747379199507
0.1691242467163282
0.14585253807556847
0.12288835671318278
0.10320702823416374
0.2674844904251834
0.23549259132290118
0.2035947558181513
0.17337180171726138
0.14897472527406505
0.10437004425166413
0.3139681288025289
0.3135688762799976
0.3102470331283527
0.3062838316166379
0.27633044520178973
0.24340378483013883
0.20992517364705246
0.1780958382568377
0.15240037717618518
0.1271427730937838
0.10560524200362068
0.31091377831454053
0.30976200595320574
0.3055379785977165
0.2858320185790193
0.25269126969192396
0.2175068015656243
0.1837295489658617
0.15646903480032226
0.12973372639100006
0.10701432991540319
0.08561736212570153
0.307044217584674
0.3054968683958615
0.30125488700345393
0.29026069714942115
0.259750118546064
0.22350890198723727
0.18822214825238726
0.1596914934408371
0.1317619735259771
0.10806718866592822
0.08584124699327546
0.2988591017964092
0.295171889539964
0.2915545263547126
0.2846310124044026
0.26657116458427554
0.25347585544407975
0.22976027025861245
0.19295563910783256
0.16305715544142552
0.13379762815015714
0.1090803173722587
0.08594072671271946
0.2939477410124318
0.2910096816585373
0.2844380060671748
0.27196168259950276
0.23569915283688386
0.1975982251554056
0.16634854510172095
0.13576566124984638
0.10997512395207602
0.08595343539437145
0.27877125350765075
0.27482612029261444
0.27150117187649314
0.26186522132854245
0.2572708312149208
0.24208685226004079
0.2240598964350115
0.20309866317473146
0.17022112886009125
0.13801745364161805
0.11089796909066141
0.08574971294152034
0.26503103445372567
0.261362817518852
0.2553910657199683
0.24611788508666166
0.235394202135294
0.22109985999636814
0.20757210453644268
0.1735449417559861
0.13981991436586996
0.11142903643775336
0.0851841482529785
0.2704008574360314
0.2621296386485291
0.28328683629766166
0.2826544444387222
0.266021663344219
0.2928882324295538
0.28456759716042546
0.2976690396067851
0.27763759003326577
0.30535725756448273
0.2985824392173486
0.2749640602859776
0.3050958805029374
0.2892664859864829
0.3053419424531102
0.2960779693401335
0.30422709323009395
0.3009044382059515
0.274884037676432
0.30071793362125127
0.296750671409982
0.2832734665403337
0.29468020382776644
0.28646697041295366
0.2586141034327595
0.26468603570665566
0.2836858126179427
0.2789523925347061
0.26880604247424134
0.23489806405015118
0.2626563656327632
0.24056265863019585
0.24328005215537749
0.2069116220155808
0.24668235462717528
0.25003501131757094
0.25584001147017105
0.25900396245095564
0.260031052603241
0.2669032559848023
0.2696411895509115
0.2700915002679513
0.2684219602877684
0.26458130098760646
0.2746921384862317
0.27668800216000955
0.27644583612968515
0.27388282598091646
0.26900226713053593
0.2556892498595706
0.2776394158257443
0.2789864962143375
0.27805961625653436
0.27640134649767617
0.2750078677186675
0.27255896621761516
0.26947623515631747
0.2623085914144387
0.25466297268109844
0.27807828592213546
0.27869775406806857
0.27720859525659325
0.27328682382454705
0.27052058620513947
0.2671374425080875
0.25910016387229373
0.25122277729852216
0.2363538326208481
0.2221026851393126
0.1947134420439994
0.18233170548865532
0.16483754602741355
0.2749950376377623
0.2746680862377371
0.27214638004754094
0.27012373899339936
0.2673116026063326
0.26345914478584176
0.2603466233738213
0.25140040255936114
0.24295789902045517
0.22941723469463002
0.21222062807934114
0.20059492949068639
0.1839333536924163
0.17075254005465906
0.15320284268676612
0.2707513117038269
0.2695865566724775
0.26666705474913
0.2614371745209979
0.2578741066489306
0.25363704600041487
0.2443665717134735
0.2355483459277677
0.2194860659338975
0.2039923475959531
0.19204988009748428
0.17499551677907765
0.16211271497203197
0.14403707532109433
0.2629036154217231
0.2608282587872455
0.25700005883221044
0.2510896506522214
0.24273946842765362
0.22386204606597285
0.19172121269912873
0.16223716130318067
0.13117504789545123
0.2536317751143895
0.24861241169801748
0.24489354282688172
0.23768220456257264
0.23257379432170644
0.2226213802710394
0.21287883070979652
0.19655438382174156
0.18054463747340868
0.1704646907839639
0.15100761244159766
0.13883839523876954
0.12035093526938875
0.24001196394121943
0.2363357313803791
0.23126079854428575
0.22402786861292415
0.21885231241312245
0.2149593299015097
0.2047429009808467
0.1947446347801035
0.17710393219826234
0.16201078292976356
0.14898179553602203
0.13308826332890014
0.11957117086039022
0.10296107005131575
0.22682706305915853
0.22249857778776486
0.21708124840909945
0.2095779962535374
0.20478330491043542
0.19956709108356988
0.18901510959549664
0.17962879535823578
0.16273983638712322
0.1471395668475947
0.13751198075204335
0.11845516030752301
0.10568715624449897
0.08928801429341046
0.2359810360548561
0.2393386625478544
0.24427070434370135
0.24738540607641138
0.2478459927227893
0.2540626153389503
0.25659426335392793
0.25637184190139756
0.2489178020705345
0.26056319469148925
0.26229730246543315
0.2619286442216687
0.26100898289905206
0.2519739238204023
0.26260350139409583
0.26360299219904615
0.2630133650869831
0.2616530494730911
0.257073632829453
0.25110728821015416
0.2390369215232056
0.22605309892550993
0.2622614060209452
0.26243364318946616
0.2614621758695415
0.2596912262961568
0.2541594111178063
0.24783464126781996
0.23460639580542805
0.22115877638916606
0.19442385061505565
0.16476257292549076
0.2582220803955925
0.25722506950880475
0.2553615447441885
0.25346916516218343
0.2468966406080702
0.23987200886880342
0.22768915670132148
0.21137827293598316
0.18367899786730568
0.15313918808027793
0.2535495506084357
0.2518968367609218
0.24994877650689512
0.24720483410021826
0.24017354411996883
0.23268695538651052
0.21802636878809856
0.20322248023128167
0.17476942910599877
0.24507355645236245
0.24245547741916554
0.23693938744225637
0.22130453552648144
0.1910443058758031
0.16204459761272968
0.13113026937900418
0.23548076829043485
0.2335029634692399
0.23103129168156766
0.22728989217846818
0.21919388720913274
0.21059770656273868
0.19539797727213543
0.17994978664012026
0.15084348313547682
0.1203142182661541
0.22179511546097794
0.21727955592900627
0.21350117199134608
0.21044851831304529
0.2018400064906501
0.1928309703131709
0.17619415842414804
0.161536799438358
0.13967128150652888
0.13296268597164787
0.10293585585999628
0.20868674235224488
0.20361129725084817
0.1999609048295664
0.1957053620995298
0.18656434698614047
0.17798881120726895
0.1619526986804311
0.1467477339585878
0.11835810583054943
0.0892707739181432
