0.25284115869651685
0.25955286522198384
0.2594257943908485
0.24893465279366378
0.2360062742398539
0.22455383714275773
0.21262139743055766
0.20203064087668693
0.18703954501944442
0.1659954200720452
0.2740081914569161
0.28348736837060795
0.28681577607603936
0.288518834155599
0.2805434904751242
0.26610674250344296
0.2524174226613025
0.2378639976201913
0.22481656956709625
0.21199364391911565
0.19976201760631296
0.1897598143876348
0.1711620598451947
0.2965480616632511
0.30067069467998575
0.30398456715129324
0.3077997666067312
0.3086316981627099
0.306937726552514
0.2925877328912433
0.27709648963404726
0.26010179591640564
0.2447047890583419
0.22948719638622084
0.21489989027824766
0.20291289779210542
0.17036268674474567
0.3162961178833322
0.32381649759044046
0.3255658287001302
0.3282372903483723
0.32910066012053474
0.3290329037387917
0.31788443491574303
0.30120453450902274
0.28184223275301995
0.2639981373599896
0.24624862927590657
0.22916139831499965
0.21506993530835955
0.20087028558902942
0.34231676205722494
0.3464118815616322
0.34950710403283425
0.3527492396479755
0.35333159641940504
0.35134243825087547
0.33583955745650906
0.31361726594040124
0.29207676415032585
0.2703250573836917
0.24924477856170035
0.2317910467385179
0.21415206939944414
0.1986434261802909
0.35846762039869967
0.36237569426572075
0.3653078231864724
0.3679437443346724
0.3684147470403345
0.3685144873050605
0.35914672827051636
0.33631570937808314
0.31227409915672166
0.2874825067778017
0.26329366717500574
0.24322443331681068
0.22291052386444157
0.20502844704015613
0.3495785091087025
0.3243005623632438
0.2976850051160408
0.27156101485427653
0.249852126993103
0.2085159464615067
0.3751026404675866
0.38152356803102916
0.3829962736367901
0.3822180880528612
0.3636693012953448
0.33750371540488494
0.30893483910843433
0.2806206905018199
0.2570381571502408
0.23315395333192837
0.21212617453415614
0.3831665418703581
0.3885447392978759
0.3893594097594251
0.3789490082437968
0.3530235994954517
0.3223696710728839
0.2914009645876919
0.26549580565591235
0.23924962102632352
0.21615654642830284
0.19366624256802784
0.3880472200799026
0.3923787410004696
0.39286632022033385
0.3878168823987123
0.36487234700115956
0.3329972714678603
0.29994915284183454
0.2721427112809487
0.24395241350947153
0.2191666096672044
0.19506247354252954
0.3948090873288615
0.39481621015700186
0.39357761476923403
0.3897616285109857
0.3764804664190775
0.3654647894529804
0.3441848205152278
0.30904971371280754
0.2791801834198784
0.24884944116788166
0.2222025517760392
0.19633817581804577
0.39288596033997303
0.39531794296795947
0.3936425737871127
0.38583650239359973
0.3548413570119313
0.31798680525280776
0.28609149366871356
0.2535936072574968
0.22505578948753255
0.19742134361084554
0.39274822045876995
0.3914664273835475
0.38982272219877384
0.38328234225776203
0.3797186107973966
0.36653410272004694
0.34960990384941293
0.3286389121507431
0.29438850139533085
0.2592376818146744
0.22833748148461427
0.19849286593326698
0.38697145309813336
0.3853766711809914
0.38169298630602994
0.37448909925933166
0.3651091547646295
0.35151728748714023
0.33791362347181325
0.30192614711161814
0.264302903123156
0.23117202764518655
0.19924727470159526
0.25569567808103477
0.2574332697108177
0.2789660736895723
0.28375346826103576
0.2791323020467299
0.3027507914488747
0.3039932631251065
0.3234202544254035
0.31621387032854176
0.34405114984608826
0.3467674812524175
0.33437220288885405
0.3606813439029823
0.35614437047051034
0.3594046257794856
0.36678443170859193
0.3689225429086234
0.37477748414784834
0.36155297258222796
0.37591424984311705
0.38076851931980144
0.3751647651189619
0.38330211672218895
0.3821548581839401
0.3630788694954619
0.3734920151458775
0.3809982263549977
0.3851434720067271
0.38081716721346115
0.3534777697712756
0.38022395791872027
0.363936541858815
0.3696371390052728
0.3366977132464649
0.2349894952314743
0.24072998354728406
0.25247819931807414
0.2585228234574512
0.2624822687161519
0.2776520630859879
0.28397172117185643
0.28789074042642876
0.28994842455999487
0.28996915317764077
0.3019050137197915
0.3081360591692329
0.3117452241696988
0.3133733875175195
0.3126111777033928
0.30631687223287724
0.31742031129806353
0.32335375781744785
0.3266584480408998
0.32760447564570855
0.3277284364027737
0.32736272103179825
0.3263984670343695
0.32300565410440135
0.31855205198080183
0.3307740607886963
0.336393684083506
0.33908922886674037
0.3395105074826528
0.3387971865671237
0.3374086341176677
0.3330606098575678
0.32801326492113597
0.31745845970514996
0.30660224340709735
0.2845988976987067
0.27437694887603303
0.2595772376298203
0.34390876816746546
0.34860592109902777
0.3504215308383509
0.3504603974427672
0.34980533315858997
0.34823239164710745
0.34661379223321603
0.3410112083562133
0.3349699814630195
0.3244704561849058
0.310266654497168
0.30030428929306907
0.2857241535438309
0.2738181317862148
0.2576957380777289
0.349722310938088
0.3536339702008918
0.3548443421335993
0.3535009986119254
0.3518044819859013
0.34938163109962594
0.3430191400607683
0.3362679537729416
0.32301956838338014
0.30951491039635254
0.29873159356125134
0.28297567278362473
0.27075826184130697
0.25331598182302256
0.35387269681771355
0.356607752522635
0.35683181808171055
0.3544332124749996
0.3491729024827396
0.33427875326245843
0.30513796227066625
0.2764397515279314
0.24480088746346879
0.355637175620158
0.35579915592797207
0.3542402418502143
0.3499060454003639
0.34616301719717724
0.3381015488521214
0.32961708376087706
0.3143238354132687
0.2987472508258314
0.28863515070511553
0.2686056118237527
0.2557770417053274
0.23580860398261852
0.35061303891373985
0.3509635115577505
0.34899192134430146
0.34437533252797226
0.34041597256403966
0.33718620688749273
0.32799950175746034
0.3185992409669956
0.300888607580047
0.28510856688994707
0.27105652152057114
0.25356345831150506
0.2382796992001979
0.21905477352501826
0.34438132742257316
0.34359039375642236
0.34075277714696994
0.3352632871953392
0.3312434180511858
0.32658561260123004
0.3165583231423196
0.3071007547611475
0.2892838410512893
0.2721624961458332
0.26139529074314694
0.23939641463817393
0.22424265811849114
0.20431916972167055
0.22891506654691277
0.23512958824498892
0.24561473404267256
0.25213633924912815
0.2563564323080482
0.26951204994046546
0.27619754011338443
0.2802765255157528
0.2806337008631606
0.2922123055040561
0.2989110846166448
0.30136229006962717
0.3024659386810409
0.3014382952576013
0.30667941719430175
0.31279778552322834
0.314753391304052
0.3159566714680753
0.3158890610120061
0.31363071574091195
0.3068119357803494
0.298149797179599
0.3188105133014611
0.3245367457934842
0.32620454548079875
0.3269612355224787
0.32598982187036113
0.3230770288149637
0.31482554180483574
0.3051317125101268
0.2841139163483488
0.25943854399321237
0.3303664992805284
0.33503708206786803
0.33624740098657546
0.3363528246140613
0.33414831358121216
0.3301779095625419
0.3217037652064639
0.30886145345961524
0.28526512778295243
0.25756743991893843
0.33528893859980513
0.33900074209875747
0.33964205306751666
0.339404869108309
0.33637546036016736
0.33164356424816976
0.32057179350267884
0.3081734526100265
0.2825471496607846
0.33814722149514037
0.3406742640838999
0.3397341419251517
0.32993270619073406
0.30389198428043485
0.2760508654153501
0.2446972557192382
0.3388444424925377
0.3392435396433843
0.3388178730347772
0.3372454618434511
0.33217352369996006
0.325584659083386
0.31219669633733527
0.29760258388063127
0.26825622020820794
0.23571724944872652
0.3328358929689891
0.33258878613564186
0.3309711541163088
0.32913451375750385
0.32269834345933013
0.31500924171563416
0.2990995315708531
0.2841308980341151
0.260690441027516
0.2532719813781169
0.21898309038016978
0.3258456548753085
0.32445656588241123
0.3223893783984802
0.31942031406688465
0.3118775448368179
0.3038873962016881
0.2876617261224712
0.2713087389088475
0.23915305931568007
0.20426261851243788
