0.4813128775950199
0.4923271184229327
0.4868290055881184
0.4627668196122525
0.4344015159056068
0.4095858227270618
0.38387027531020845
0.36108839332937637
0.32891758991732534
0.2836107270240792
0.5136993553724166
0.5292301052726083
0.5340446186360788
0.5347602906800127
0.5146170115880566
0.4829207919154761
0.45359364181143913
0.42269070535688974
0.3951101852230545
0.3680728640676286
0.3422681275818488
0.32114491408463974
0.28175469324586006
0.547592820220183
0.5542123704774091
0.5593385556353017
0.5647479237672824
0.5657327589301294
0.5569848059079193
0.5248423242621495
0.49187562979934685
0.4562425054776533
0.4241568185361494
0.3925702125186898
0.3623158330725365
0.3374582506996934
0.2697668332775262
0.5756983008267329
0.5870546839912443
0.5894700288675484
0.5925910627983988
0.5930188949680812
0.5910950234508033
0.5642683688207211
0.5287406887940928
0.4885427519807157
0.45186599506190034
0.41560871604043104
0.3807692394733059
0.35208083979445054
0.32319766866995586
0.6100751355202404
0.6159338370839401
0.6200569481301789
0.6235845107984824
0.623891440214884
0.6152212258138707
0.5808646412918947
0.535097456948667
0.49163037668120496
0.4481668538762088
0.4062443034318145
0.37167278343145266
0.3368282605899211
0.3063292565145561
0.6291301555212414
0.6344194058234414
0.6379924081793246
0.6401956420127577
0.6401514144792986
0.6387018620409801
0.615327612140165
0.5679465733827039
0.5199247151372732
0.4711189640373222
0.4238505233622085
0.38484715733384023
0.3455669129787453
0.3112017899801539
0.5869938762730801
0.5366819501175342
0.4847092316995322
0.4341730637686696
0.3924568526878156
0.31377783369684137
0.6456673062111508
0.6526151991758415
0.6519968436486617
0.6484148272174356
0.6070825224999887
0.5550125415551095
0.4996653112447791
0.44547584026257186
0.40071307527724853
0.3556881738246115
0.31640299386980547
0.6513021130612959
0.6563018398634177
0.6541426474181478
0.6286309807608711
0.5764728717197818
0.5175024297838208
0.45893440070615577
0.4104471544990357
0.36173725321166317
0.3193101525360603
0.27834375742824785
0.6528819579772738
0.6562978060837293
0.6536082972824899
0.6400012101977173
0.5927690026438284
0.5315969139175142
0.4696194607840596
0.41812719279637856
0.3664258344251192
0.3214760624125248
0.27819231182691034
0.6527198137742132
0.6498773283006677
0.645779473332453
0.6364311420316006
0.6085794252973289
0.5869559559208235
0.5463833293026924
0.48099101326973415
0.4262642969831134
0.37131078355385716
0.32362995933363836
0.2778661108581397
0.6462333293937537
0.6462172415928623
0.6390948123764479
0.6211064474540683
0.560459284631732
0.49219457953044105
0.4342779315792665
0.3760720390683496
0.3256668177646615
0.2774441214784808
0.6326125242688372
0.6279349118760253
0.6234721461973398
0.6089135423002712
0.6015112929104008
0.5757265832477495
0.543893021914836
0.5055090274756259
0.4439502605038587
0.38179998898414064
0.32798572501021206
0.2767425241885669
0.6145013553320078
0.6096667906725948
0.600855259639987
0.5857987736498349
0.5673831315370108
0.5418856300176359
0.517010906025412
0.4526772003491382
0.3868889380663161
0.32995891895149565
0.27583159583927286
0.48405681805176043
0.48314070866334297
0.5197019591531561
0.5260997514741133
0.5120855414767419
0.5541953446570709
0.5517862934889196
0.5813363697487726
0.5614087162382502
0.608173192755547
0.6075504434988895
0.5784460203779958
0.6257794075808878
0.610448895788029
0.6232966959407713
0.6256874096945929
0.6322744619565835
0.6365183517601618
0.6037750138522127
0.6362929189159543
0.6386571540377344
0.6227734544915641
0.6387708272968642
0.6313133653240594
0.5900824313923927
0.6041349180591217
0.626286826579731
0.6263804883704744
0.6136862719946374
0.5585093692103819
0.6068869526274947
0.57203896561962
0.5789698654415916
0.5153627301066186
0.4442061547820583
0.4539307168962756
0.47109505177324196
0.48100911896771453
0.48702935749887055
0.5078653347159164
0.5176932678437123
0.5231571605315849
0.5250729297608726
0.5231972089340996
0.5406063279732396
0.5496112516481697
0.5540491806547349
0.5546813998137625
0.5509992228099282
0.5356094208420118
0.5595958321249943
0.5676090661785412
0.5710538115275122
0.5712212606891208
0.570522507585261
0.5685907004295171
0.5655845459845126
0.5571559421238164
0.5470661595908152
0.573946986800426
0.5808858336085347
0.5830472927145387
0.5809768302958918
0.5783762290153897
0.5745560590271841
0.5643001087049038
0.5532836176748215
0.5313087807480655
0.5093489376266428
0.4657134132897393
0.44557656462697354
0.4166621572787294
0.5847289285731234
0.5896710063077013
0.5898451370673935
0.5884029514059295
0.5857379713241008
0.5812654095064006
0.577274354163993
0.5647371054333284
0.5520513116547098
0.5307899393926769
0.5028388427614496
0.4834913780117111
0.4554279779114779
0.4326368574531317
0.40203200786198484
0.5868324019165089
0.5901081423576511
0.5891818679464271
0.5838656641274953
0.5793340733290164
0.57360242789803
0.5598306351745975
0.5459967008281389
0.5197867464275091
0.49368738170549953
0.473126230827605
0.44329713912172286
0.42037674797708185
0.38786761774172374
0.5839321336311446
0.5849915192019377
0.582155512544444
0.5749392946809858
0.5628483633117707
0.5325350837410668
0.47690263821438317
0.4236701428324957
0.36587146844272567
0.5772751322291012
0.5731695812250832
0.5684565843924677
0.5581273468270118
0.5501365004554966
0.5338079107146889
0.517247072058315
0.4883421710778656
0.45945945627547075
0.44091617682482687
0.4045969583073348
0.3814899915072214
0.3458476295620623
0.5599386568145049
0.5568241003546068
0.550340374879643
0.5394442164711566
0.5310799311446947
0.5245343822173513
0.5066444894306964
0.4888916619387778
0.4563576418979047
0.42794556220565394
0.40293106124995587
0.3718890484085194
0.34526768531833807
0.31197455633556875
0.5417349707333303
0.5368314175793445
0.5291002071410027
0.517020648916147
0.5088961294681876
0.4997403283507396
0.4806955971376539
0.4632505527825687
0.4312379872792559
0.40101462433102597
0.38212592011540947
0.34410248333687476
0.31821216600648417
0.2843631147088871
0.4309939652721696
0.4413935516637695
0.45635321959832037
0.4668935401815237
0.47301797256255607
0.49072402296497825
0.5009037600646886
0.5062339653270639
0.5029378823280609
0.5206833995328113
0.5300986037536414
0.5329665304952815
0.5338386001856729
0.5274456575910419
0.5377491337263925
0.5457535711355304
0.5477309229323988
0.5483655647363003
0.5454905086021706
0.5390492381266181
0.523484919359852
0.505085664417841
0.5500739701785193
0.5567676648659504
0.5580778629613192
0.5577719342276144
0.5530207257046953
0.5454608774992507
0.527187296192479
0.5070752877588955
0.46498356607999125
0.416461223796107
0.5582772706641949
0.5626428952891505
0.5625994414954045
0.5613443376080751
0.5541716034715227
0.544729997073291
0.5266154019335826
0.5007539313771092
0.45476885549087714
0.4018563840405734
0.5590450494213287
0.5616684492959091
0.5607933992018356
0.5584601104047524
0.5498389480252154
0.5391008299300474
0.5161946222151167
0.49175181967463455
0.4427018966288894
0.5541476175111683
0.5544733285606288
0.5489406035420723
0.5262586249805504
0.4751708525578948
0.4231539673891466
0.3657433713239631
0.5460079439450168
0.5446687469601941
0.5420762961351266
0.5373038937914083
0.525374506542712
0.5115756172940036
0.48541133472944364
0.4579180099741256
0.404151255458334
0.3457408261571218
0.5274153788700996
0.5229141815189345
0.517897308050784
0.5133690805900994
0.49939424390744613
0.4840481787010816
0.4540085002653148
0.42669687614669505
0.3847784983229023
0.37154257726314593
0.31189957577585403
0.508514928781622
0.5022683747042523
0.49688779410709
0.49009731194362816
0.4744970512354571
0.4590539390799911
0.42918326181058214
0.3999722301136936
0.34383146970030504
0.2843108980303481
