0.7442102094722315
0.7645919427953237
0.7661677323724492
0.7368943209669533
0.70038924018691
0.6679782553962335
0.6342025356018817
0.6042186667446848
0.5619260083418179
0.5028080142054884
0.8076264319791429
0.8362872827359188
0.8465746680087547
0.8524485812552841
0.8308345414541692
0.7900755562376791
0.7512103843004154
0.7098200354178957
0.6727379059773823
0.6362851974493305
0.601574489794412
0.5732331743066706
0.5207169128581998
0.8754002238424967
0.8878640510829058
0.897945665704078
0.909717516674672
0.9123480914489007
0.9092353112998744
0.868913493675285
0.8248528646848258
0.7763698302173836
0.7324025959148287
0.6889455860928463
0.6473202818655812
0.6131410208081309
0.5206188555403762
0.934963735782165
0.9578445725665354
0.9632384800375553
0.9716527139029162
0.9745560709425719
0.9749205611846162
0.944163463383931
0.8967079972527445
0.8413200998498401
0.7901807707101686
0.7392796680825677
0.69028329366717
0.6498822771104179
0.6091946709854437
1.0137687879808883
1.0262538281653575
1.0357846194857716
1.0459814598474741
1.0479108987653953
1.0434491697716848
0.9997628957050226
0.9360647435828173
0.8740694265647629
0.8113393228942372
0.7505196922149148
0.700143184824627
0.649197002601614
0.6043952420103076
1.0629634194264372
1.074903348418997
1.0839759145483558
1.0923947554751552
1.0940215659185657
1.094719367593657
1.0689650262517953
1.003566620641886
0.9342060572741552
0.8625072391042232
0.7924572055143922
0.7342756698166064
0.6753424730083339
0.6234141112455626
1.0429502996708626
0.9699608284237173
0.8928626195342287
0.8170594716752486
0.7539855884623782
0.6337050532533378
1.1139100657315053
1.1339037105291192
1.1390079027845708
1.1372517021361976
1.0847053378156388
1.0091571388355713
0.9262752685688002
0.8439578088894506
0.7752891445024505
0.7056618584123749
0.6442748910260637
1.1389531878925852
1.1557681364810457
1.158969052781993
1.1299540228263998
1.0551545321692268
0.9661024380138631
0.8759004392198916
0.8002813204546203
0.7235745568719327
0.6559744143013609
0.590038207361177
1.1542912394538902
1.1679114592429256
1.1700865720944358
1.1562327989016477
1.0902098612504174
0.9975504600829548
0.9011498573443869
0.819867215681212
0.7373346917000109
0.6646441642834078
0.5938314971128253
1.1760285389934027
1.1766158267306728
1.1733558636729529
1.1626576935779058
1.124488236743715
1.0926876704701243
1.0306205353023878
0.9280026709997808
0.8405603946442551
0.7516160241631921
0.673330961325838
0.59720626065368
1.1704564081396303
1.1783799368023493
1.1741977847795302
1.152027088097794
1.062060173671668
0.954332298226585
0.8608446791661638
0.7654044250766989
0.6814501630982635
0.59998477087124
1.1717639797491346
1.1683882969670023
1.1638086002145231
1.1450873332741145
1.1347932670515164
1.0965154259295355
1.0470760450499454
0.9856726476137049
0.885216669628956
0.78179926958449
0.6907451526180823
0.6026324930558413
1.1554990351749654
1.1511014375124873
1.1406134424999002
1.1197348696181224
1.092466779161212
1.0527465904967692
1.0129152136652946
0.9072267170806018
0.7964935352886959
0.698747760282157
0.6043805291256805
0.7535921425144257
0.7602715953871152
0.8233562674561103
0.8383389558257341
0.8266452989894464
0.8952642379611466
0.9004916355629803
0.9582496229815811
0.9391885045282566
1.020321941648011
1.0299009131034143
0.9954304791817388
1.0713993627995673
1.0600091606530235
1.06707947182705
1.0915140731546957
1.0963890405765004
1.1150762961880427
1.0783826840160033
1.1181523577240722
1.1338082188004952
1.118661940402937
1.1415791608400478
1.1393442583620044
1.084848314390907
1.1155629571829995
1.1353931102766326
1.1488498995931442
1.1370510007407033
1.0579836054622118
1.135601621327982
1.0887611749030799
1.1053180146892327
1.0092854158323408
0.6928719168448724
0.7102004316883138
0.7454501646194045
0.7637507828924817
0.7759086070313606
0.8213966922217558
0.8406146061756921
0.852742319008406
0.8594304595118669
0.8601417585836917
0.8949075997973921
0.9139612317345693
0.9252385279818826
0.9307441240308978
0.9292119993025949
0.9119275518060662
0.9421653311219853
0.9603655045040757
0.970825867140046
0.9740517829752259
0.9746920795083975
0.9739719764901114
0.971500499223567
0.9621872309707246
0.9496629000502719
0.9830632896112953
1.0004468945009442
1.0090492563449815
1.0110096952345584
1.0092930178709758
1.0055627609096112
0.9934342909302553
0.9791172773008177
0.9489023417876639
0.9176593339248778
0.8541025673853739
0.8245370783327564
0.7816694266375334
1.0236695492153431
1.0383142719653884
1.0443406166588913
1.0448011356912619
1.0432329783206342
1.0390179508130173
1.0345249400010819
1.0186640885747384
1.0013674884559711
0.9710762840393262
0.9300064232408833
0.9011311990731523
0.8586110461342278
0.8241437067870755
0.7771922064339865
1.0419457823696998
1.0542506039799227
1.0584729549365517
1.0551774646104315
1.0505111899938413
1.0437080042921072
1.0255594878819239
1.0061180420625648
0.9677785902245819
0.9285521015077489
0.8971782467789925
0.8512756839256472
0.8156286428177365
0.7646907354089374
1.0554958356276911
1.0642674718947964
1.0655603709804624
1.0591001195787035
1.0441948206837937
1.001196429408358
0.9163576004120726
0.8324714325198235
0.7397793455554094
1.0619616666443006
1.0632274097802163
1.0590938775735315
1.0467336096952322
1.0359798277131909
1.0126974550128858
0.9880162670663776
0.9434050582995206
0.8978586722852303
0.8682665220275607
0.8095193044810063
0.7718650393549761
0.7131827139097285
1.0480359953347598
1.0495272190980642
1.0442135260206369
1.0310246601961497
1.0196089675233522
1.0102396303607108
0.9834936774167906
0.9560339659579494
0.9041560469371029
0.8578476921295213
0.8165353316531812
0.7650757423011697
0.7200233242502845
0.6633527724738103
1.0302403339331898
1.028353226753158
1.020401820551568
1.0045632680580765
0.9929059108372197
0.9793219197458836
0.9500133825094197
0.9222955835966927
0.8699734756599371
0.8195786711625006
0.7878834987091314
0.7230052174441038
0.6782704187073415
0.6193670682308573
0.675637455381284
0.694446861212562
0.7259311506980469
0.745733580086627
0.7588047824002467
0.7981647786052254
0.8185682268986433
0.8313131409793042
0.8337086210100557
0.8671106292385055
0.8876741684318753
0.8953774702015884
0.8989730335821892
0.8973617765856077
0.9112940324113218
0.9301715908358353
0.9363577089497475
0.9403394413298165
0.9409319517644534
0.9349511952166726
0.9158422207727025
0.8911898607836525
0.9485639616667497
0.9663164615480186
0.9716909411689608
0.9743539844424742
0.9722937848440062
0.9643469718642923
0.9410125086146001
0.9132463788680875
0.8526427820026036
0.7812503026251642
0.9844685319217601
0.9991221624168789
1.0031952067891956
1.0038433170999803
0.9981285315490183
0.987017494926657
0.9627820101112815
0.9257868182435532
0.857229024797052
0.7768043545591152
1.000072184795084
1.011933640265945
1.0141528259306198
1.0138713213107113
1.005674944724777
0.9922673173057232
0.9604373748850207
0.9245236213415852
0.8499852025756671
1.0097507369188492
1.0179787528667803
1.0159653179318184
0.9881802901153812
0.9126169756478598
0.8313009901700624
0.73946641048352
1.0129966491385163
1.01452556810059
1.0135895502280077
1.0093148132897733
0.9949596630469407
0.9759428910463243
0.9370294688476531
0.8944240897611206
0.8084686058142035
0.7129072065020207
0.9959526471070255
0.995813322472371
0.9913913686519084
0.9861794241573507
0.9676449908613655
0.9452954790934823
0.8987997696641739
0.8549183846689973
0.7860195166009849
0.7642012471359859
0.6631372785185837
0.9759291177922051
0.9723015352750463
0.9664760441347093
0.957931581956395
0.9360323683629882
0.9126943397889636
0.8651238324539603
0.8170249045864773
0.7222767163718106
0.6191978405074354
