0.6220565009259894
0.6330077645604476
0.6156282525229958
0.5762892607347398
0.5320412983170533
0.4939614187599798
0.4549181310058895
0.4206705003213143
0.3729287206142859
0.3077583807049191
0.6599233931024735
0.6762820110877793
0.6800541555993719
0.6766205376039663
0.6411537942625021
0.5916744990291176
0.5471323527968868
0.500868614171002
0.46005764200342986
0.42050299544599656
0.38324079954992046
0.35321187674580984
0.29891716157601933
0.6980427608756575
0.7050755442097897
0.7101578609705216
0.7145538615262124
0.7149513732240517
0.6944124658898558
0.6434323480329255
0.5936357854938692
0.540814557354229
0.4938944290399336
0.4482981742220754
0.4051988398630764
0.37035622507586846
0.2792405055373674
0.7286126499491936
0.7399325589246658
0.7419178417026461
0.7433673014138806
0.7421911848604488
0.7370198253108409
0.6923283826043332
0.6386115129115786
0.5795002407444336
0.5264194793233757
0.4746412811301666
0.4255979335580278
0.38583989071455954
0.3465052414176176
0.7638872750639464
0.7695853573189032
0.7730753988399535
0.7746507704957283
0.7740742740374237
0.7559676265900273
0.7026068541576979
0.6356021467935469
0.5734089930922007
0.5122266710782749
0.4541052537085737
0.40693456620043716
0.36021491230210445
0.3202005763215382
0.7814353358030289
0.78632000493998
0.7889897967921965
0.7888948775332287
0.7877414957440824
0.7838769083841997
0.7452063296622397
0.6754496818867347
0.6071201929878646
0.5389678387280407
0.47405175152896495
0.4213660834123241
0.3692222314473688
0.32458517688547533
0.6986350636142191
0.6271668242834665
0.5548918458606267
0.48583473164275565
0.42979446462809606
0.3267344011247835
0.7935541095345862
0.7979214722566098
0.7936414948438963
0.7865384871810399
0.7231999512732921
0.6491680049978358
0.5724976144180952
0.49880472137593346
0.4389957667986677
0.3799122355732866
0.32946833329334796
0.7947651382684873
0.7968614108992377
0.7903972837854838
0.7496891016117485
0.6750160685054811
0.5935580450774013
0.5143285894742817
0.449910539303728
0.3864094897065851
0.33231320886141863
0.2813650798729841
0.7919190494941258
0.7924224901386767
0.7855299033378332
0.7631492952009855
0.6947181217141446
0.6102529585259672
0.5267006052088816
0.4585878076964726
0.3915054284191176
0.33448317535741123
0.2809387708647454
0.7826158049315726
0.7762959986313133
0.7691443379167588
0.7544643018029832
0.7139089476700821
0.6836658631528486
0.6277881323587282
0.5398946620105787
0.4678042150183101
0.3968454052736896
0.33670843860853833
0.2803485890359897
0.772913063269777
0.7693224524100623
0.7565294941377175
0.7292268079571252
0.6445319525909322
0.5529215969897884
0.47690696078859107
0.40208170548483696
0.33874783292811483
0.2797054635412253
0.7459233318601348
0.7378827430163714
0.7307716301119577
0.70916179289466
0.6985923926371675
0.6627507640820252
0.6195387890126761
0.5684145118434023
0.4879512956030878
0.40836544674615605
0.3411133656160176
0.2787423563941031
0.717432166916036
0.7096032894084371
0.696352138674474
0.6748501210015221
0.6494027636951956
0.6148945140236651
0.5818034954594273
0.49778686821636214
0.4138726650740565
0.3430106344795301
0.27751581676380893
0.6203465951744463
0.6109866328646627
0.6618647893544278
0.6657093241634362
0.6380154894769295
0.698696897480437
0.687958228346844
0.724891791925942
0.6888339120513941
0.7546088001474214
0.7465629811747571
0.6996903176971814
0.768030698700172
0.7393064632902379
0.7673156751772432
0.7583332617553203
0.773025147021559
0.7720971577891286
0.7192609984639418
0.7725123604609933
0.7694629795106716
0.7426939391647699
0.7676417597084096
0.7527599755519361
0.6915651185237156
0.7086791633201214
0.7471061641912469
0.7413953124982889
0.7204763753831908
0.6422834361941048
0.7089079698106976
0.6584828689519298
0.6669204572647378
0.579944344562772
0.5672538487177452
0.5776394254057903
0.5976356719859873
0.6080080243282348
0.61335064285989
0.6378210870114659
0.6477288733555875
0.652081221229908
0.6516102445336108
0.6461277589495155
0.6715631503843773
0.6801140756783787
0.6829530929780686
0.680580473787716
0.6726019162754088
0.6470883597382717
0.6895181537412663
0.6966527134187813
0.6980496592122237
0.696413667294106
0.6942516596026177
0.6901410262195793
0.6845766675610399
0.6706487928899882
0.6550810509338482
0.7012285577290516
0.7067608892844452
0.7065680089889582
0.7006558237986952
0.6956938732853597
0.6891738719691439
0.6728705736841211
0.6563012644566938
0.6241677531828284
0.5927887753558875
0.531675056097698
0.5038549570441258
0.464339458988372
0.7063797454542884
0.7093942714850658
0.7065769429200296
0.7032695292499561
0.6981231777346427
0.6905609594551079
0.6841843942998423
0.6651972395575576
0.646665708390706
0.6163108525875575
0.5773270186166567
0.5506716185884887
0.5122323108574681
0.4816494287763768
0.44079616246058345
0.7035053392141651
0.7043509345764698
0.700278006074999
0.690512776941101
0.6831900250645984
0.6743177799590545
0.653953886435108
0.6341379262177331
0.5974559317811206
0.5615687094485385
0.5337949283456279
0.49358692379025854
0.46313057267671925
0.42037696231937594
0.6929321240066779
0.6911535937648134
0.6845611481812689
0.6726108101798562
0.6544432057474879
0.6114340792603958
0.5357346253578575
0.46521533369462126
0.3903532558301414
0.6777449829869099
0.6688467206626094
0.6611883923335603
0.6454771220579412
0.6339365122956845
0.6109618711465457
0.5881206069104129
0.5490948719141626
0.5106970346720667
0.4863249785110417
0.4390668888377949
0.40936833850966614
0.36416644901549994
0.6502600488454542
0.643496557130195
0.6329307107110373
0.6168199058960305
0.604887684157485
0.5957681489444555
0.5712747482826085
0.5474368890112222
0.5044989910747418
0.4675112001091172
0.4353884821201264
0.39608262835931557
0.36258271530557473
0.32142040396741006
0.6224156913872261
0.6137441984046199
0.6018518580419357
0.5845612693366055
0.5732734482744519
0.5608024067681964
0.535281958309044
0.512294691960892
0.4705326175868617
0.431994544841775
0.4080554589760188
0.36056052323873666
0.32863214344707875
0.28772241053585434
0.5466615122063966
0.5575354549609487
0.5749083842683137
0.5856697623404539
0.590480416257769
0.6118347690248719
0.6217574156754218
0.6252794559152512
0.6148924266627941
0.6419693352237946
0.6505224279665793
0.652132955361835
0.6517375330165729
0.6372707311236135
0.6574446804674938
0.6641518689678086
0.6648968566701132
0.6637987986075449
0.6566563639636345
0.6455188089149391
0.6211165937562477
0.593776864480445
0.6666695361605199
0.6715116842629666
0.6713257618188854
0.6690846379861259
0.659457199366159
0.6470509075490909
0.6193464767241519
0.590157487291365
0.53084985251727
0.464119470471051
0.6687574921748067
0.6706041495289554
0.6683965072434231
0.665318315546923
0.6527688445026155
0.6381065615099757
0.6114792949603606
0.5749459291121404
0.5114991132494364
0.44060792137052934
0.6644143844893647
0.6642393058416514
0.6613135565787226
0.6563924261173437
0.6422880413282686
0.6261391140366437
0.593339559805814
0.559378759356558
0.4929323417939668
0.6516378846872395
0.6486276910116973
0.6382484257797582
0.6042310940293933
0.533800496548001
0.46465728909920845
0.39022170989699917
0.6349346165532004
0.631618538938751
0.6268614527767988
0.6191147341460247
0.6012977769053314
0.5816725027283609
0.5458091240891679
0.508995397650006
0.4385926474389592
0.3640595670293983
0.6064198843843058
0.5978313281491773
0.5898135992218779
0.5830429228287819
0.5630855695584573
0.5420122866534178
0.501913415347282
0.4661608788840098
0.4123627903614976
0.39572454869381507
0.3213495597536272
0.5782896100408561
0.567791208238246
0.5596814616492679
0.549938189768707
0.5283667234968289
0.5076627094100096
0.46837680347586474
0.43088773574467704
0.36028875221287554
0.28767662505540537
