3.9074636066432595
3.9856196661569285
3.9685368113253694
3.8167289653298315
3.6246543574935597
3.4464135568353025
3.2516136862738607
3.0688366206461994
2.7915456523358873
2.3507459284423557
4.639775900180566
4.7677788260104235
4.812331507846585
4.832371606754795
4.707480320060219
4.480618458275407
4.2567173012618715
4.008446603988584
3.7748654927359278
3.5335247182436986
3.291173218816471
3.082592914846998
2.66121186172456
5.4310463234520165
5.494322160849813
5.5452921900685315
5.604203636785676
5.617237247516085
5.588796897452282
5.352242399425324
5.086829380260369
4.784229432577576
4.497574302871551
4.2013445610066
3.9044517635581912
3.6495996317032486
2.8905960628185574
6.274122575278321
6.4064232155444545
6.437834250295697
6.487030543488308
6.5031394215187275
6.505853513842533
6.317588179620944
6.018739026173084
5.65805142655734
5.31136503020581
4.95219454176644
4.592612583121571
4.284649029039576
3.9614933877434444
7.6740987356585455
7.764236282236958
7.834206283823355
7.911210394609468
7.926939982000276
7.913251916452793
7.626040475972551
7.183881670034821
6.735417692136743
6.265060999130724
5.793588295364889
5.390754103798449
4.969586656999106
4.588184932521094
8.826522480226009
8.92767942093707
9.007647462940545
9.089575207983353
9.107582050638635
9.12394070326985
8.970940288958758
8.501285873815325
7.97417791067841
7.408416872434462
6.838391017578806
6.3515319322720725
5.8436074413590005
5.384830940266869
9.386012212003347
8.815563406263587
8.18725146632727
7.550123515255949
7.0056005714495555
5.926082287134733
10.470771658477362
10.702328707498388
10.789457219459655
10.802236449441585
10.451484887070484
9.845958541360838
9.145537159908603
8.426701322198657
7.810885665161027
7.169411048124508
6.591614738539429
11.641702508527604
11.881310037197535
11.979063042547226
11.836803679024923
11.233827325363409
10.449280101325373
9.622186111010603
8.90939751011011
8.166673569564804
7.498517256423812
6.8348669582467245
12.658792694721656
12.89430423005386
13.001960618157339
12.97647799243235
12.466612138188639
11.628111889797168
10.708290679673976
9.908310590091837
9.073446364953488
8.322787442363236
7.578152082121018
14.091619885598542
14.188032895956654
14.211980553307573
14.179303510806923
13.906343145836
13.630113491364096
13.047640365831938
12.02703030514877
11.123550304719076
10.177017643640832
9.325789836156817
8.482324078073164
15.119950993405988
15.37746531369668
15.496444250665395
15.41453006851941
14.625262517392239
13.51538859233481
12.500422857898528
11.428829225809315
10.463687445006
9.507984975496097
17.11371592560377
17.205824907771667
17.230315123783985
17.17156196916298
17.102567199795896
16.77967935596041
16.285732931717146
15.618361276901895
14.46230857131416
13.21757487637416
12.090879017254501
10.974908206678132
18.90327794320903
18.98943545134185
19.019040916886276
18.926594866946846
18.712701533589424
18.32094821010183
17.88211263879696
16.612756487867617
15.19027735859511
13.888708829057862
12.596771330458793
3.9349374087515097
3.943481157842861
4.702781560700003
4.765365096786677
4.687314096605865
5.525139786111231
5.542148315014963
6.407196174969627
6.287639045466685
7.7345334979745095
7.817012452163542
7.5944768325300265
8.937537931040664
8.897879621009098
9.41321568948832
9.711991285568674
10.347863774562384
10.58955477789667
10.388764780394913
11.48030275300131
11.741614707511664
11.711652206751223
12.66180101680329
12.771153412290632
12.398712992341036
13.780820466692761
14.670378745025197
15.109180075302984
15.180117708677159
14.557371483552842
16.863118762708563
16.63064140727019
18.60841608369458
17.794151745639954
3.673462232349241
3.7409125187487837
4.210212988450558
4.288783580753576
4.339139710124529
5.130010345168436
5.226546249812743
5.286924751750999
5.317442634886884
5.3145490359856575
6.2597679574397125
6.376738671185816
6.446349744736563
6.479790234074831
6.469240841205325
6.35475393697478
7.195395488689375
7.326923961983382
7.406170349825911
7.432049404394027
7.438615748096534
7.436900357710328
7.421645916346246
7.360903104411136
7.274826801340727
8.245089971729234
8.397976834603572
8.480228173000185
8.513476751408614
8.506922839934814
8.485805081667332
8.406871441273367
8.304384375113923
8.080468618670862
7.840407961407437
7.33959935580364
7.100893672049914
6.749363648931344
9.743059111379095
9.912178543221495
10.00659570168885
10.029584303246052
10.035976470713324
10.019013874882003
9.992210344593767
9.884753859932777
9.753592666152077
9.511467523262525
9.169629165073534
8.923715605423414
8.55225174011359
8.24893856994328
7.827172182264912
10.801622406305857
10.986321544144113
11.082368209796611
11.107183981550007
11.089941960040562
11.050219540749568
10.92086565215486
10.768021805917405
10.443466616322059
10.096685702160816
9.811997731305164
9.387730433068949
9.052140513585918
8.565743325420772
12.26940274183887
12.468001078716272
12.570860158660604
12.587653707454935
12.510408222931765
12.166460244995239
11.374210370593445
10.540383895721456
9.581411739115115
13.61703267587202
13.795685377430118
13.823054014678991
13.784935762833
13.71892474954735
13.536211578254244
13.315752433590452
12.883797892273764
12.420654756608705
12.109254439972213
11.479144994866761
11.066622778509997
10.412289603542773
15.470445066827226
15.699021546091888
15.80286186788477
15.798224194553148
15.737975730329964
15.67361715889717
15.445996733109803
15.181825481920463
14.627516062858467
14.102027616205852
13.617467864542682
12.999624971315697
12.449371827293193
11.742971298359901
17.064094230986168
17.30074965032444
17.40410654454716
17.388008202591863
17.325207799624497
17.228205355782688
16.96137957912161
16.670994809871303
16.069150033752393
15.450117405833204
15.045435675093296
14.201814473186104
13.60359899874572
12.797541132077402
3.588289789083024
3.6608780422071705
4.107579863707058
4.192120732009279
4.24388455224074
4.9955787470680875
5.09830938931891
5.159395220348182
5.157000539749448
6.0818099348912344
6.208327101054901
6.255565775767316
6.277611235499572
6.261513814110973
6.982946720728416
7.120020891674881
7.166857658040001
7.197212908602306
7.206786077583024
7.167507697067296
7.036009641196112
6.859361371454853
7.987218750441529
8.147145775952922
8.197070648305003
8.227589606788348
8.230455258175292
8.180209711496055
8.013239956088169
7.802328854903774
7.326673107838131
6.745530636050529
9.418716504001477
9.598736733112139
9.661925453581228
9.685126883834245
9.676805027723065
9.606812223140548
9.425273870168382
9.124864311200838
8.537031593654968
7.8226813599949265
10.43096111902492
10.618646513952841
10.677512957678022
10.709564040559474
10.690760234157677
10.605735730727673
10.355507798579401
10.04731260698616
9.371135428046738
11.830166203075464
12.034543087884302
12.12460451464179
11.982703796222983
11.31823174889436
10.5216933994838
9.5759476049243
13.113521496309637
13.206940709261977
13.265298187916825
13.296267575230852
13.249337539444543
13.11663240731467
12.774968278535331
12.35983055039838
11.458966668813263
10.406358715004755
14.873157262088816
15.106235972825791
15.174860898795636
15.188858529653537
15.118125149654958
14.953805583383465
14.50802442303658
14.033511461519005
13.239283902070303
12.976754190327272
11.736307623555303
16.37414999662902
16.622128576376145
16.687891015593607
16.703882072027678
16.60735231365216
16.42042528080558
15.934900486425201
15.374886772076172
14.176988617466032
12.790329069189434
