4.397087127733927
4.480781788000825
4.44024573063732
4.247396431847921
4.008952192743545
3.78995173104507
3.5520640056996746
3.330034941831251
2.9956264211209502
2.470060331668075
5.179765693159976
5.31830252824291
5.363601207388289
5.376094603218508
5.210010360122285
4.928754595448886
4.655657497918323
4.355199018503011
4.074240164409254
3.785822197022033
3.497888536370357
3.2516619546199905
2.758838649373616
6.019322937864948
6.08719637044634
6.141005287885448
6.200984086145357
6.2134288530520205
6.155576941805303
5.859777415097123
5.5375601510349375
5.174048759161018
4.832139504951512
4.481267719554472
4.131787078114704
3.833787532240443
2.9576823272969635
6.9038879080438695
7.042975800634839
7.074933755577953
7.122440705186647
7.135262783119307
7.129781352350377
6.885111085497204
6.522664945903338
6.092086723165182
5.681808060760161
5.259969491013018
4.84040767990309
4.483539796645264
4.11150971294517
8.35576602768259
8.449337093633538
8.52056976776692
8.595282408243289
8.609126407176426
8.566984585577679
8.21142332724974
7.686426134549344
7.161214721259439
6.615271518738169
6.07195296738745
5.611062172352325
5.132376508245224
4.701898011019317
9.537166608786558
9.640809666774382
9.720790203588635
9.79839209632125
9.81351952922009
9.822883483007548
9.61549249652724
9.055853124506854
8.442135789709651
7.79061834056721
7.139347289203073
6.5872176853033
6.015041049237914
5.501829499495174
9.972331114013219
9.30958795874664
8.589157577114028
7.864851663050087
7.250446575318297
6.044629288843574
11.205132104154789
11.434756623947223
11.511760445834991
11.512703811637717
11.072881364632684
10.369472830647933
9.569754559879735
8.756802844545854
8.065829644685644
7.350884246294019
6.711477742737577
12.38248892776093
12.618048054790519
12.702515839960295
12.498598138974513
11.79331110212659
10.900945903859771
9.971071809800566
9.176389674336022
8.353936370757458
7.619350132724885
6.894675788418727
13.399884257681038
13.629813041286239
13.723294024209952
13.66189922947124
13.054737081505976
12.102143670842011
11.072393529810679
10.184867680194548
9.265002182635207
8.443855260597305
7.634779134225674
14.817570532285394
14.900978049218851
14.912172844266566
14.856244032456887
14.524058365992685
14.205203645283273
13.545927056494955
12.407617288919598
11.410246165229307
10.37277319289765
9.446483652786059
8.534770706530306
15.841870259552886
16.087362725945177
16.183211177857128
16.0583637449533
15.14747524736186
13.912510315021354
12.797050550075523
11.628446689680764
10.583316861289116
9.555419923724731
17.79401449784868
17.87141157301853
17.88385228734034
17.790605141534325
17.705428522081213
17.329712918063898
16.774292745453646
16.035589009760564
14.770806891902668
13.420846198342751
12.208174762889158
11.01481492654984
19.545528846170203
19.617513070592103
19.624809480973695
19.498275133071044
19.24603399634478
18.803908692741967
18.317357724990444
16.931895292049706
15.39647382652737
14.002439462103126
12.62813064327099
4.418557190807094
4.411640603214704
5.23909543353301
5.300176935969633
5.18732272499404
6.105295043339431
6.103442777219458
7.0202593319112925
6.8521052804264135
8.398076681277704
8.46187020992191
8.17718348334957
9.620777885802093
9.536723529962812
10.110208037413217
10.380967823270103
11.054224130302133
11.285121890690515
11.006249948046463
12.19091942400314
12.438904423519238
12.366226335616433
13.36380318080179
13.445550489637306
12.983637062497996
14.39306398607466
15.359022020640428
15.779279151426591
15.814533106090604
15.077315946847285
17.48707591544996
17.176243484673627
19.17166768071248
18.227611702876555
4.114037098176148
4.1873823436491815
4.685701756598248
4.770162271182939
4.822194432302492
5.654468611478256
5.756359144521835
5.817290945223347
5.843596435330502
5.831482827683717
6.828370626771936
6.949358996237975
7.0175428121673304
7.044023597300361
7.020951747308622
6.872633539246343
7.789123402390994
7.9232509643347635
7.9994132705011145
8.020366060893732
8.022973458006462
8.014711895322838
7.991139102424287
7.911292301332306
7.80465178252906
8.857034499604659
9.010581874224933
9.08806045741853
9.109900832886384
9.095283048702495
9.064470914156574
8.962723660021915
8.837574462518305
8.571604401368708
8.291259128232207
7.712997176699103
7.439509252678792
7.038385089207745
10.365235756746559
10.53312330312395
10.619121585535465
10.635698215956793
10.633246296390892
10.604090536718159
10.567637493192521
10.433397981067754
10.276756830831335
9.99407430282716
9.601065254686237
9.320703814288244
8.89985395168323
8.557592567144548
8.084475111311544
11.42307085440737
11.602828394454948
11.6883787431891
11.696161784148403
11.667800283137433
11.614677347541404
11.456188246856387
11.275950511389906
10.901854669736336
10.50767353289805
10.186552594853937
9.710399573019203
9.336016208425372
8.795560637484938
12.878104910556168
13.068794790866805
13.158280962976198
13.154908770819288
13.05013018907352
12.644984415417168
11.750533090312263
10.82486480528104
9.770382027481702
14.203284624821825
14.363283493930542
14.377602005882995
14.314860060366266
14.231554187428598
14.015627719258758
13.763174681499713
13.27744681093133
12.762934824843606
12.41938222394831
11.72754422461773
11.276843574925596
10.550134747865892
16.02215301533328
16.23604385030645
16.320822152144807
16.290354923091456
16.21189616870735
16.134003834724467
15.870546969929178
15.572705514680983
14.959339603891742
14.383759787342637
13.85656064968114
13.187478861356938
12.59408308311588
11.835639166417968
17.576662501119607
17.79590858405211
17.878780974836822
17.83469964434269
17.754522266184644
17.638883432712493
17.334977878728687
17.012138988886623
16.352345527956196
15.68091449418723
15.244388578514725
14.338458145909934
13.699264534060937
12.841681614795112
4.008777124504054
4.0871156209673725
4.559897907863459
4.650028844500745
4.701952765137043
5.49176014557512
5.599379851024147
5.658842907629933
5.638055282886545
6.6161090109258565
6.745704507714559
6.791464341608445
6.81083957558606
6.770861811028567
7.5378159832291995
7.67650420343354
7.7213605802175636
7.747618298512996
7.744447219781425
7.688739711295897
7.524249240685141
7.312300555042451
8.556408205811014
8.714973279866733
8.76217295329494
8.787192850984066
8.773737770601794
8.704840249572133
8.500020546180679
8.250862655015126
7.699385763781548
7.034385182960762
9.993209366213906
10.16864676480884
10.22514686484017
10.242051144471231
10.213443672983127
10.12182696689061
9.903389429387042
9.554161485162107
8.884019502007309
8.07984314146605
11.000251442697403
11.181058594494806
11.233402165518335
11.256286030275463
11.214662439478914
11.105957247118093
10.810052038865289
10.456323830760054
9.693260209859044
12.38321933725781
12.577196461835586
12.64801290206767
12.454252832647855
11.692823325426561
10.805723559193044
9.764829862846266
13.640835982520011
13.726791753156439
13.776216110207875
13.793966759403187
13.71924137535795
13.557852765216786
13.16559382856505
12.700621717744593
11.707002821081915
10.544142730517025
15.363653019031085
15.579175044160506
15.633730475927699
15.63666796730243
15.534834510165311
15.339652147573556
14.837604898184823
14.314197155269314
13.448659103259095
13.164378892623537
11.828954324695587
16.824930644252092
17.05232300335499
17.104017342030296
17.104267204767932
16.974667913532492
16.75753199546687
16.216329246845355
15.604904212527524
14.313511458439429
12.834479251676932
