0.8593530566790796
0.8839501054630516
0.8890727052943763
0.8579924098373897
0.8184712334743626
0.7832629349279157
0.7465604894457785
0.7140295254454926
0.6682769911824992
0.604795596232879
0.9336981039335803
0.9680317624305559
0.9807185381212391
0.9889420575612814
0.9671336888545703
0.9230311210154285
0.8806200530463958
0.8353558459790393
0.7947923644984548
0.7549511858651381
0.71710145794858
0.6862664290476526
0.6294178445449448
1.013570451219024
1.0284777993299956
1.0406391975175435
1.0551044953313065
1.0584350965751959
1.0579533277741628
1.0146852508647248
0.9664711241274074
0.9131861058735625
0.8648085561217134
0.8169612684837285
0.7711937900765956
0.7336536544314188
0.6324747197169631
1.0838950096176299
1.1114517366163548
1.118062432245792
1.128645599501539
1.1325838312298064
1.1339193892458863
1.1018842640138735
1.049954055118879
0.9888408718872276
0.9322754455913673
0.8758848784505301
0.8216253633681058
0.7768895377657277
0.7318696690671016
1.1771584005911824
1.1921917251550262
1.203808845161548
1.2165807205344266
1.2191358671428458
1.2164319404207953
1.169173577836709
1.0986046222749493
1.0295797036234533
0.9595930337698739
0.8916407615691277
0.8352988929027805
0.7782923252514973
0.728126832058991
1.2355375611578938
1.2499623529662895
1.2610672999687553
1.271761366694792
1.2740045860841431
1.2755147067750647
1.2486882091862075
1.176413168860369
1.0989238477231182
1.018558310025096
0.9398822363292045
0.8743968904296306
0.8080502946416384
0.749477876032371
1.2215964076138615
1.139973157924436
1.0533599428054972
0.9681683523469851
0.8968195454458944
0.7607787610521867
1.2962331410205834
1.3207279852923226
1.3277302141534686
1.3265133052857199
1.2693582764741138
1.1848222071697019
1.0915210186320385
0.9985762551969379
0.9208632414256277
0.8419249554518949
0.7721816782166935
1.3262227803795843
1.3469260616733099
1.3517461281847176
1.3208443503926568
1.2372531546886887
1.1368216891082212
1.0346916949325038
0.9488730598923988
0.8616252306427664
0.78455110101759
0.7091989142081089
1.3447198153543793
1.3615422944557762
1.365066512833171
1.350594775858592
1.2770500884522453
1.1724663145743794
1.0631388278200844
0.9706940783801322
0.8766171688651988
0.7935446002494181
0.7124175191308806
1.3716019339567718
1.3730320136163903
1.3698107410173148
1.3582697357171618
1.3157830436321463
1.2798304953466355
1.209808379473909
1.0932699556505014
0.9936410685176137
0.8920600215307811
0.8024131480840607
0.7150095715010832
1.3648180162136867
1.3748503307674291
1.3710131736270803
1.3466457762540094
1.2451869984158526
1.122718145695418
1.0160463254663665
0.9068823203307892
0.8105884298891738
0.7168945689482994
1.367759242328349
1.3643484800455667
1.3594094970917152
1.3385920405413791
1.3270277256802105
1.283713125816146
1.2276283565992685
1.1576631210125465
1.0428851958055094
0.9244136984563915
0.8198253563402664
0.7183403501178383
1.3493310154183218
1.3445968866352669
1.3329535206047938
1.309487226340012
1.2785315704243556
1.2333476130805066
1.1879150054520513
1.06705179426179
0.9400719165285871
0.8276912041228802
0.7189008016338676
0.87184348784737
0.8822107838865002
0.953746236560693
0.972526941845412
0.9622422499204639
1.039124957143367
1.047751366625815
1.1144838551856253
1.0960635795362388
1.1869903110938405
1.200530295523318
1.1640442150427945
1.2483278493989423
1.2382211135148975
1.241967989547766
1.274150611567816
1.277071687101034
1.3006736026019203
1.2619691221498068
1.3031830540038567
1.3230972945946253
1.307673189124616
1.3319222694022268
1.3309394890390411
1.2707968862935641
1.3053987320462477
1.324630162326997
1.3416113290340097
1.329263501778174
1.2404479220171407
1.327205501026987
1.2747305975613341
1.2928361734102143
1.1837233365914424
0.80210408563942
0.8228486301423222
0.864158410291195
0.8861355508880219
0.9010065131172246
0.9540263266825039
0.9771969077968143
0.9921488750578208
1.0009049012707563
1.0028049894376032
1.0412837970394198
1.064365642788992
1.0784034362879982
1.0859030575525435
1.0852921842000212
1.0674173279369352
1.097527391151676
1.119657077991014
1.1328143190573208
1.1372348364775873
1.1383954411933714
1.138139177349744
1.1358754697671845
1.1262579126172934
1.1127940807491643
1.146332080059311
1.1675740375666617
1.1785409069014354
1.1819331990189312
1.1805249123205364
1.1767952049499482
1.1637688685011238
1.1483033992781582
1.1149307573849598
1.0801574031388856
1.00903198545723
0.9758913750403483
0.92773592360235
1.1950372133994542
1.2130166999576006
1.2209760634963653
1.2220205180779575
1.2207954214367742
1.2165341045323101
1.2117752600341067
1.1945219981798478
1.1753972213928328
1.1416145976745207
1.0955277398317045
1.06299724267397
1.015244865564977
0.9761413610533971
0.9230076677259855
1.21713843376669
1.2323691328096475
1.2381590773297584
1.2354123611054333
1.2304381841340324
1.2231078367602435
1.2031161720794197
1.1814430904254836
1.138416683033518
1.0941925741257357
1.058715315931777
1.006737750088565
0.9662873445253208
0.9084072495763258
1.2338239304109566
1.244837978467151
1.2471690903308081
1.240570538506701
1.2242450340465323
1.1761067610625606
1.0801119498014027
0.9846954190667306
0.8789535898030083
1.2423463168534152
1.2447865023835587
1.2404532456047175
1.2269524442588575
1.2149634954364814
1.1888035051201418
1.1609388345171412
1.1103190541630141
1.0585251491834793
1.0247250382401516
0.957716770848473
0.9145920253378099
0.8474009883372704
1.2263959973676353
1.228835230713247
1.2232122359384503
1.208611251968639
1.1957978714281954
1.1852128311851216
1.1548930457003335
1.1236544330303835
1.0644783715925719
1.0115484090198066
0.9642173606925473
0.9052245721296671
0.8534826259092829
0.788311597324984
1.2062739016705877
1.204547777265325
1.1957932454494529
1.177877903818254
1.1647353133856224
1.1492908717562524
1.1158915588807643
1.0842326878730344
1.024364893783346
0.966555560764899
0.9301954463186748
0.855602649798447
0.8041071968310265
0.7361643669803877
0.7832975536329551
0.8058976234522048
0.8427899820413308
0.866657722632452
0.8828368953715109
0.9284577190765356
0.9531748042216801
0.9690937211044351
0.9740871643223822
1.0104919553167329
1.035533981745232
1.0451844628422302
1.0498892451544035
1.050325321947625
1.0632370544340155
1.0863136755641332
1.0941133916881982
1.0993959260868957
1.1013363161068248
1.09552639874926
1.0751209676066213
1.04810368760112
1.10783738934152
1.1296564916701022
1.136520706954634
1.1402536236695031
1.1389922451665282
1.1309726971344023
1.1056561819447508
1.0749605936448547
1.007306503552776
0.9272381328933728
1.1510682271692732
1.1692510602902828
1.174653729235459
1.1758938248415327
1.1704789104066684
1.1585813150341953
1.1318814367811478
1.0905671968509116
1.0136144815691999
0.9225483064873498
1.1700973779267128
1.1848234794891257
1.1879799482269047
1.1882500615700669
1.1798649068498797
1.16523468410617
1.1298135362246038
1.0894650442752924
1.0052190588455379
1.1821854261724065
1.1926599884657334
1.191319051217221
1.1609118351337193
1.0757359101402733
0.9833234250205806
0.8785859212647089
1.186971501382044
1.1890821194181986
1.1884013865237189
1.1839398057057537
1.1681556989803992
1.1468780454228051
1.1028885395012669
1.0545193484583804
0.9564899311010713
0.8470790657718856
1.1673059841401336
1.167809372706247
1.1631006444756602
1.157329020040241
1.1365200013935155
1.1112060301006446
1.0582688822052726
1.0081527182788736
0.9292218491002474
0.9042116570458665
0.7880627141585367
1.1444283259716608
1.1406942937533247
1.134213335329765
1.1245878083513967
1.0997503699509485
1.0731507424010018
1.0187710296245311
0.9636127616488204
0.8547659055742369
0.7359716175848638
