0.5425383465766356
0.5526999336973654
0.5397089969624032
0.507247828958993
0.47033338166188554
0.4383782752098917
0.405418766248575
0.37629972858585153
0.33521263776051546
0.2772604394486465
0.5740099944107537
0.5887829333057256
0.5924904668092592
0.5903389909247386
0.5615285901825207
0.5203984156443644
0.483107718637652
0.44412837370139524
0.4095093393907948
0.3756855797515044
0.3434428125666014
0.31708530909446664
0.26798519122380576
0.6061491452169719
0.6124274823050174
0.6170450522838206
0.6212499134116278
0.6217398228072768
0.6057175610596935
0.5635801402680789
0.5219847779739138
0.4775880868689648
0.43789378336539964
0.3990102506452834
0.3618817121002554
0.33147451852775484
0.24905277801987716
0.6317581712162181
0.6419337905284754
0.6437913906354658
0.645442516774404
0.6447163465636078
0.6407218636513784
0.604140336212524
0.559423362964179
0.5098557731382825
0.4650608278015304
0.4210410957643684
0.3789651032125648
0.344486144389815
0.3099367790017324
0.6612181030286561
0.6662965247971144
0.6695027896074336
0.6712484012043217
0.6708926313004767
0.656496615500668
0.6124200181261207
0.5564468096694705
0.5041534814190551
0.4523912373937908
0.4028013012228605
0.3621856255090191
0.3215307631118893
0.2862113807041829
0.6758132483152611
0.6801807592287448
0.6826881590192863
0.682956180586083
0.6821204386658573
0.6791115978745773
0.6474772712339191
0.5894439957142104
0.5321452445699041
0.4746631554262391
0.41947296477937046
0.37430617699284285
0.3291767441236913
0.29005198522721565
0.6086062843807796
0.5487814322182027
0.48791596596327225
0.42932282533657157
0.3813878695559921
0.29215697883488045
0.6858682262317599
0.6900051978638404
0.6868155160527653
0.6811266776616345
0.6288324860848432
0.5670015467821277
0.5025696732677591
0.4401661076940967
0.38912857283817215
0.3382768923005845
0.2943633867426677
0.6868578725272845
0.689058702284209
0.6839929172741654
0.650566984761447
0.5883950014539858
0.5200798609774171
0.4531456506462999
0.3983134882636187
0.34382244943602314
0.29687985113320775
0.25205025199127373
0.6844761585896763
0.6852674506707795
0.6798049427129284
0.6614785567356026
0.6046588731975304
0.5339499119704942
0.4634892224907051
0.40561338947606856
0.34816656240536065
0.2987950650830821
0.2517996766312352
0.6770406858255202
0.6719769329895661
0.6661513916543553
0.6540801358842343
0.6204406499937395
0.5951493953867332
0.5485065357401675
0.47449630261890813
0.4133512355672197
0.35268648003153225
0.30069449587855773
0.25138297061171416
0.6686166624192006
0.6659117698545706
0.6554919274215174
0.6329507610364659
0.5623556844467664
0.4853532968790332
0.42100143849792543
0.3571374198787671
0.3025426211078604
0.2508903179408067
0.646281934138924
0.6397167860132117
0.6339054872339774
0.6160438726811095
0.6072454906540719
0.5774169697486286
0.5411957514413639
0.49823552479545924
0.4302163715929103
0.3624117814888649
0.3045211614347188
0.25007411616396535
0.622453937388369
0.6160212468688665
0.6050536948033665
0.5871912821280485
0.5659401046895425
0.5370357966742237
0.5093040289350197
0.4383825065696203
0.36699370454011815
0.3060486676098928
0.24895766555545876
0.5421403543841661
0.5356670134907647
0.5767845457762975
0.5809058091733862
0.5588031609610722
0.608063884071035
0.6001548914474061
0.6303255456531094
0.601136426599216
0.6543119997951639
0.6484721665154224
0.6099250667695489
0.6656518878189467
0.642454719294941
0.6641325457543866
0.657931618996422
0.6689584981573121
0.6688999418176407
0.6254875640263294
0.6685096792687412
0.666542427981557
0.6446533503737588
0.6647136776644733
0.6527022305218603
0.6019867615315811
0.6160177718452043
0.6470633014448437
0.6427382647797008
0.6255644650809462
0.5604497884484354
0.6156435120276174
0.5738065023595522
0.5804927387194978
0.5077242886573698
0.4964945821751014
0.5059299899597366
0.522255734577627
0.5316459839855873
0.5366990824010922
0.5562062732586367
0.5651252817533774
0.5692856218691824
0.569362374435734
0.5651575813220633
0.5845372524838408
0.592249808939272
0.5950866916047801
0.5935034535026025
0.5871466173069255
0.566177597083278
0.5995560857403044
0.6060133422902594
0.6075769963726868
0.6063311303702051
0.6047111413356868
0.6014586323356637
0.5969487506884412
0.5854869188480027
0.5725819448655306
0.6093073139212629
0.6143652777946902
0.6145367567957601
0.6098922566292868
0.6058806574639786
0.6005376110063584
0.5871105711395813
0.5732772092923932
0.5464145673530684
0.520050923286371
0.4684754917421471
0.4448526273455818
0.41116836864418727
0.6135426282077273
0.6164200186798532
0.6143253540127093
0.6116897299995829
0.6075041948560281
0.6012980386378958
0.596046542920875
0.580260893465076
0.5648017607115613
0.5394184743721041
0.506604737929893
0.4840907695115975
0.45156650722479796
0.4255645610502495
0.39068052386633606
0.6111135433139412
0.6121207267951583
0.6089002395319028
0.6009920100240617
0.5949313368863008
0.587585902089596
0.5706380767417921
0.5540841986247856
0.5233062304606552
0.49306248225605226
0.46954444125375167
0.43553325729149966
0.40960409458566877
0.3730333826135254
0.6022285547122951
0.6009695915051135
0.5957407762889159
0.5858234502784813
0.5707081539315931
0.5347739845391847
0.4710328240404968
0.4111875713536008
0.3471307175103625
0.589590524070023
0.5823807300286966
0.576064808777292
0.5629853025542003
0.5533822001174529
0.5341684173639403
0.515002604371001
0.482156262382092
0.4496991075109077
0.42902771129559086
0.3887931766442222
0.3634111544838399
0.32451534432637863
0.5664120047883887
0.5608914342553251
0.5521873528509031
0.5387309663871784
0.528771199275835
0.5211305753248794
0.50058514665269
0.4805167548925441
0.44424867199987006
0.41278314526008575
0.3855085530809111
0.351875804251458
0.3230612185309547
0.2874152160274982
0.5430186198368016
0.5358100462254618
0.5259218901087279
0.5114879235355907
0.5020205022340705
0.4915381938075373
0.4700590497121182
0.4506415200358982
0.41536934794036334
0.382458479668915
0.36199431696832773
0.3211821350734605
0.2935850081575965
0.2579242110291824
0.4793857087092329
0.4893057681254417
0.5033723968374424
0.5131693020174728
0.5178779911118084
0.5345978714476596
0.5436105692995928
0.547157794717824
0.5392060419959596
0.5599581733774178
0.567719556077473
0.5693729302427765
0.5692341988726946
0.5577346831774719
0.5729007959185677
0.5790267660024175
0.5798734321135829
0.5791746996148115
0.5735082262619582
0.5643889030762871
0.5441140578814606
0.5212294216461558
0.5805746094126808
0.5850649953839533
0.5851129998491814
0.5834090632919932
0.5756618358571837
0.5653765075710595
0.5422907528693013
0.5177973422227773
0.46776674304683563
0.41097877776946545
0.5822393237175323
0.5841369363741762
0.5824660634469977
0.5800114246115642
0.5696874356843735
0.5575135450727746
0.5352982730023738
0.5045706923668825
0.4509380760566519
0.3905184149046829
0.5785228485129134
0.5787157970495429
0.5763749375408735
0.5724746865543108
0.5607264799906665
0.5472813301331136
0.5197992006734329
0.49119334378765717
0.4349723238565831
0.5677193243627154
0.5655025695972012
0.556978454621998
0.5286524900651731
0.469381964604808
0.41070881776361623
0.3470168978024689
0.5538401754426115
0.5511596803422687
0.5472474804940974
0.5408171927121802
0.5259644215597599
0.5095213402890694
0.47935632605843076
0.4482451379384632
0.3883853576809941
0.3244223576230897
0.5297649437664717
0.5226418115290502
0.5159862587790892
0.5103337572998505
0.49368850403747155
0.4758935428411114
0.44203512679011914
0.41162520135154645
0.36581915606890064
0.3515659459385068
0.28735268035730227
0.5059538211006344
0.49725392223423376
0.4904761902484808
0.48230061681328723
0.4641672154344525
0.44668752810643525
0.4134874722722277
0.3815053522581997
0.320945344107477
0.25788287966107554
