0.9947071259575385
1.0166524893793838
1.0024395183200043
0.949762789628409
0.8876104801532084
0.8328175304850824
0.7754315981034384
0.7239785730631506
0.6499568396221098
0.5416051789623294
1.0758421954121526
1.108186348875969
1.1180615582798181
1.1190166106291148
1.0749668018553618
1.0059515276691728
0.9417634086335772
0.8735939504463857
0.8122256908753757
0.7514073010875237
0.6926770864278953
0.6439815191923429
0.5508205169508954
1.160972138388237
1.175248359104821
1.1863175501227545
1.198018356458618
1.200175307332945
1.1815186431609368
1.1120286975195113
1.0403031714380442
0.9622671061882906
0.8915445010392995
0.8213349260112771
0.753527710730378
0.6973259833673966
0.5404836244450008
1.2363021289046807
1.261854250585308
1.2673672836349499
1.2747571388222898
1.2760150265940735
1.2723880998213455
1.2153998023569383
1.1386149235950562
1.0510975817933097
0.9707433182406899
0.8907348076582848
0.8134327712465739
0.7493965819393583
0.6844051024959051
1.337149181064903
1.351348269754386
1.3615900550344504
1.3711157169128627
1.3723424058933948
1.3564134886995556
1.2838871271924481
1.1849805199072436
1.0902172766189944
0.9948554925194656
0.9025141012170157
0.8260758044883832
0.7486319808232341
0.6804209320972643
1.4014774225532878
1.4151557792431553
1.424921696954595
1.4324698498786133
1.4332247503499556
1.4315626501644934
1.3850672739335737
1.283819508403395
1.1793828426125064
1.0725056763156346
0.9683585081157753
0.8822255697903173
0.795106266634058
0.7184759308301574
1.3429479775230475
1.2338193460238238
1.119870660788054
1.008520604648359
0.9162918103594535
0.7411716250685855
1.4707700902399747
1.4929757720255155
1.4960608883253619
1.490836655690761
1.4071537465977018
1.2947989289355655
1.1734038029351535
1.0537605276110182
0.9545109027569352
0.8542763992227911
0.766308804031187
1.5067950752791925
1.5258130421616647
1.5267468775406863
1.4791207211409014
1.3682625501084014
1.2390089724112086
1.1092708599274497
1.0012617730007956
0.8921837994451511
0.7966025010845121
0.7038340243905341
1.5305971224226902
1.5464135075134535
1.5467596161001205
1.5237420131577393
1.4259700528162296
1.2922672545649876
1.1545882542612662
1.03933228391925
0.9228752353901322
0.8209479607624228
0.7220637936129718
1.5629731393195427
1.5622801580812145
1.5567113180287122
1.5402879375192025
1.4843970507912945
1.4384840166601254
1.349745608964637
1.204149684285607
1.080908415687727
0.9562802076302824
0.8472281130128988
0.7417775846019912
1.5633447264310132
1.5733825253764013
1.5663789016355227
1.5342293725181333
1.4061895754634646
1.2541856697931926
1.1231251285559098
0.9899753649107904
0.8736847030027716
0.7612128187121632
1.5754575281703482
1.5710325983951916
1.5646051575720326
1.5385866616649928
1.5241490321539588
1.4708674147004597
1.401622599361536
1.3158423241698909
1.1757553138094792
1.0320656175763965
0.906179636052408
0.7849487267810077
1.565992072226997
1.5607501960443206
1.5471557979829187
1.519126457584705
1.4817692673228275
1.4270748794035826
1.3718427650695078
1.2252566219746504
1.0717846953813157
0.9368170766593067
0.806884895241434
0.9990683764989137
0.994843997710185
1.087838981010427
1.100760940420825
1.0696271089232896
1.17537799374312
1.170300675976659
1.2508476543663285
1.209055829029855
1.3363642194531475
1.3387648918960253
1.2782710955574013
1.4009863580270845
1.3734057125360426
1.4036853278865093
1.4219580450027764
1.4429640107990997
1.461351519581798
1.398792092155265
1.4750931377121976
1.4908949450857487
1.4639574443905865
1.5078996800886377
1.5007246400454688
1.41865905484034
1.4720115890614207
1.5135044978821057
1.530768547556252
1.5130756121671152
1.4003798683283109
1.524370991837872
1.4594613449811733
1.4975110587289677
1.3662665874001587
0.9163053634942697
0.9357606151651704
0.9814280980063183
1.0017746760979596
1.0139388200448913
1.075582453757389
1.096720892465997
1.1085176135836308
1.1126271513561472
1.1085239045033979
1.167460525194293
1.18824738449023
1.1988888634493635
1.2012089943913271
1.1940097489524621
1.1614570569572824
1.2275890555170812
1.2474249031848823
1.2569723996704731
1.2583887594290497
1.2574289441763087
1.2540986535709588
1.2481849475170959
1.2308962409893152
1.2097627422338104
1.2809764698889512
1.299945045083352
1.3075455762824122
1.3057874962664435
1.301168082623134
1.2938545381690116
1.2730396067399286
1.2499974900495427
1.2030456842403816
1.1555099623541811
1.0602354932979083
1.016109185833171
0.952486215912019
1.336759397341564
1.3529939287782182
1.357809781021525
1.356683365516149
1.3526495504508822
1.3447605860542704
1.3371109270968429
1.3119300406286343
1.2854648127224968
1.2400752081908664
1.1794703320720332
1.1372084049215099
1.0751345652197983
1.0251872428194508
0.9573457127703295
1.3641269321183351
1.377950804278266
1.3810411462683798
1.3737075883505026
1.3658251174148741
1.3549478898559075
1.3272260367568685
1.2983523381236448
1.2421789425109349
1.1852821998741976
1.1400664152025393
1.0741459720444704
1.0232024067112537
0.9506226407646917
1.388511451865309
1.398820530507252
1.3988426814653339
1.3880975303888126
1.3657838086549967
1.3033019795532135
1.1821311300595156
1.063442973859624
0.9332039534665753
1.403691665792251
1.404108473624687
1.398016029604512
1.3800091011858417
1.3648007751306113
1.331643477887113
1.2965968543717876
1.2336700292947604
1.1696635568756542
1.1281026461500125
1.0459845309968574
0.9934171558299251
0.9118560944509884
1.3982417235389175
1.4012028283051092
1.3944737644171084
1.3767821961719806
1.3611216604656111
1.3482485611277344
1.3113787951811942
1.273425202627999
1.2014927970342193
1.1373170594421005
1.0799631711043083
1.0086724980564266
0.9465022118937235
0.868370743633782
1.3858247726670114
1.3854494601202765
1.3760815004507456
1.3557083376323482
1.3402774226278176
1.3221011575473245
1.2823413412937712
1.2444493342279563
1.1724924263516057
1.1031185561386416
1.0593075092312907
0.9700057894473146
0.9083372859834843
0.8272959796812591
0.8878922974806008
0.9085781161542796
0.9496623672673229
0.9712146236688767
0.9833629756243453
1.0385240446639687
1.0604307018220454
1.071859993560414
1.064573056180582
1.1242059195287832
1.1460721544051662
1.153078159823803
1.1554518814727024
1.1430355060160677
1.1801040521804973
1.2001182595397146
1.2057550114595694
1.2082100037136547
1.2037261872557201
1.1910242593751166
1.158250480268107
1.1186597766692936
1.2287650558022682
1.2477164301286952
1.2523780581165693
1.2534169568307256
1.245727988890357
1.2309657165635752
1.1929277546653698
1.1498763216673018
1.0583884522507736
0.9519615232836817
1.2785056906905687
1.2942976765646836
1.2974216048260165
1.2965986700069747
1.2848535388352522
1.266569299260591
1.2291749871474102
1.1739372114911728
1.073328069587394
0.9568396188258022
1.3025572517783948
1.315507267256848
1.3170048014303402
1.3148968314184732
1.3005078534120562
1.279772839982608
1.2323330398391763
1.1798773271556164
1.07241121124627
1.3220789085764892
1.3314960736490828
1.3268830299700913
1.2853154099623632
1.1769258715309814
1.0617966230034865
0.9327552056864141
1.3332882125801717
1.335178404474748
1.3332734230494503
1.3271366025838218
1.30651240199593
1.2794480611166705
1.2245510098721193
1.164713669055243
1.0444402933205157
0.9114372229577631
1.3238450261015635
1.325095003012673
1.3195193245143284
1.3127203302814965
1.2878027711839561
1.2573555014818651
1.1933632976747237
1.1328072201284958
1.037481489239648
1.0072747993626952
0.868002747527108
1.3086218707984503
1.3064491680539543
1.299732974259231
1.2891292295224648
1.2605831444158535
1.2293660459861462
1.1647236069273021
1.0989355575090012
0.9687411167298584
0.8269697959992137
