1.3726894199293709
1.4094166550165284
1.416264234892468
1.3670146505561414
1.3029042631408259
1.243995045963794
1.1805784949588127
1.1222168883435508
1.0357299780646576
0.9031595266436748
1.5658055381309577
1.6214680969178599
1.6423578244682218
1.6563932760500304
1.6222869185469169
1.5499919642277273
1.4783301862563938
1.3997033703633304
1.326949918921793
1.25303722533079
1.1800465496413632
1.118246639252905
0.996090428175656
1.7749772549811047
1.8010204724061645
1.8224446340939426
1.848384863668857
1.8545417878174246
1.8583037385472143
1.7875879939753254
1.705445192376071
1.6121605569477746
1.5249958784872517
1.4362560238751843
1.3486229337881759
1.2744846037963558
1.059044838555792
1.9837760650897331
2.0364515862538193
2.0494462138774945
2.0710435380071743
2.079651099776552
2.084841932109173
2.035787805117341
1.9470517785970294
1.839101270492312
1.7363485098594358
1.6312510129718636
1.5273815637831945
1.439560199719772
1.3484976801670727
2.3066549327027817
2.3397787490862685
2.3660715049578656
2.3967662683322315
2.40367203012003
2.411395791030888
2.334812627863842
2.2092565478140527
2.0818462963084836
1.9493626383771787
1.8178891550553684
1.706736939754645
1.5916640805732367
1.4882026677622455
2.5524235841451666
2.587937618269322
2.616627058448581
2.647586923116358
2.655291651373629
2.66413872821821
2.6327189555900103
2.5061968211521553
2.361642926148447
2.207117240905223
2.052614537419188
1.9218299301090762
1.7865423305858967
1.6650401762920255
2.6950702816592447
2.5423236856482565
2.374107475941034
2.2045596150555014
2.0607882538303
1.778640150494353
2.8754858613407848
2.9520708112988676
2.9842839929232694
2.992913215181568
2.9115861598270816
2.7543588016736207
2.571238680389225
2.384011513678822
2.224710230064647
2.0599213956223723
1.9121006055542105
3.0882522842473215
3.164053341132884
3.198493576752365
3.174480263401723
3.0251307587493965
2.826351549565506
2.6168300053639126
2.4372240992863676
2.251206849417742
2.0844069111036707
1.9192341938842912
3.2622380444145227
3.333599228586253
3.3691395460525015
3.371664102126462
3.252009075276728
3.0454342270048245
2.8179233679382474
2.6208369865570313
2.4162518767079884
2.232783073479949
2.0512503845742622
3.5241936806525493
3.5542159432322133
3.5641123315019625
3.560811002121697
3.5002826318231666
3.4352372882967734
3.2959723508296763
3.0504017670266363
2.8334900497321502
2.607280789167184
2.404256037514392
2.2035249005540773
3.6440514371998574
3.7147170376607663
3.750621843234889
3.738087176239114
3.558452791252992
3.299206114319616
3.0621083123575907
2.8127431876442506
2.5884831680311366
2.3668411827347446
3.9510865613892086
3.9756932888719314
3.983735383250685
3.9744599431338714
3.960415858289433
3.8895623831296087
3.779224947177988
3.6288940227115156
3.3684026760858865
3.0887495598349086
2.8358607423720374
2.585820761378859
4.170280631088531
4.191618045811254
4.200694757159266
4.182451841625687
4.137114292639661
4.052664815361284
3.957464255034869
3.681489577319353
3.3729731579694557
3.0908805571996862
2.8113747092780494
1.3912231526300678
1.4059359846225175
1.599144354956199
1.6300086841131163
1.6143708300262243
1.8224235679591838
1.8407441187794418
2.0492484308268453
2.0250061129826933
2.338683050113142
2.378934665137979
2.324179168403799
2.6043141153379414
2.6093026066224745
2.6580688762386084
2.7722550860062993
2.8456288070283224
2.9291110288887356
2.8927985138523944
3.048923419098172
3.134391016982909
3.1386240518428448
3.2751362283139414
3.314978906200764
3.2332884719638457
3.467093987556955
3.532685794134723
3.6524686917631404
3.6787451093941432
3.541304101944846
3.8984036632630366
3.853998803617286
4.110652213034884
3.9377016778669214
1.286486794552861
1.3173072927843557
1.436004585030891
1.4707149599450446
1.4942023677512335
1.6779651976758678
1.718465169400737
1.745196023804429
1.7613085648751123
1.765598790975205
1.953692588368563
1.9998468421558775
2.0290731417589356
2.0465012326701544
2.048923868554203
2.0212078115080696
2.1658938500746387
2.2154177434302564
2.2472707569303396
2.259588264891286
2.2640893552489976
2.266748623234198
2.2652158528008117
2.2518857195642608
2.2298970790201644
2.3882398605047395
2.4429017421114056
2.4746796952101766
2.4917354662894846
2.4933061549045465
2.490268493048209
2.4723759152108147
2.4467526925302967
2.387747754586323
2.3232954964395605
2.187739289979375
2.1232043370185654
2.0283739143138666
2.6804040543069885
2.7373096664924588
2.7710157177407093
2.7809416437496974
2.786474752171764
2.7858259520520163
2.781062139010431
2.7568186861696127
2.724820445057123
2.663620458167019
2.5757367018859183
2.5121332487741324
2.4160359798980746
2.3375183749038815
2.2287082591185627
2.87089334064193
2.9295295417474527
2.962828257121427
2.9763256563476257
2.9749659985021446
2.9676720963446415
2.9386938356894454
2.9020017367022723
2.8219758317244636
2.7352760764104342
2.663735657237078
2.5570683594418946
2.4728023492433646
2.3507817165331595
3.1140222304926275
3.172814862362324
3.2062173056227943
3.2169093505781934
3.203092930431157
3.124755753500681
2.9347663180062358
2.7329657691599905
2.5014118880060265
3.334398986574737
3.3869746721419514
3.3974378704205375
3.393630381019891
3.3800962634093805
3.339932564368271
3.2897023466509125
3.189341885910581
3.0808162383089153
3.007800262515302
2.859728926296677
2.7628915548777027
2.6096155766320943
3.5700349160052562
3.6283320316461607
3.6570072782603074
3.6601125640879126
3.6487048080969684
3.635299790205586
3.5861726346153158
3.527760161509736
3.4042743668191413
3.286693691727414
3.1779494749587425
3.039546579788863
2.916042883912518
2.7578660874853207
3.763380713191423
3.819291585058316
3.8452293664728785
3.8444100927195617
3.8319263660649217
3.8116274875402185
3.754975961745735
3.692676204052864
3.562779465924649
3.4286404669145067
3.341337240803107
3.1583833547947893
3.0289862149641062
2.854915657013184
1.2574125998434948
1.2908559219698421
1.4020257170541524
1.439660194928728
1.4649194947072797
1.635537123896679
1.6789360283085302
1.7072725336592212
1.7174774455306192
1.9001673787111324
1.9505549311922004
1.9707733054734156
1.9812217592833177
1.9882772254881156
2.1044679746433146
2.156734351326949
2.1757633387061452
2.1896052424632835
2.1999723960966504
2.1937461252629653
2.161052494080917
2.1134269220719792
2.3166618856586165
2.374157715587221
2.3940298017111274
2.407543973274166
2.41586760737962
2.406973393754476
2.3662036289276136
2.311083598036027
2.183584207670174
2.0271365273200814
2.594863540488734
2.6554980793001812
2.678865274385897
2.689081558510852
2.6945420020981894
2.6808601356871478
2.637799227106877
2.5623175760513193
2.411464379309831
2.2273545955305463
2.7762284462299127
2.8364252863144115
2.856879357288036
2.870142581875204
2.872823513201638
2.855548788894465
2.796793959389823
2.721135159591885
2.552308458424157
3.0063814472800896
3.0677412566377975
3.099086647131828
3.0752405483868928
2.9196848314390658
2.727927771160714
2.499936812541337
3.215025144969247
3.242223533765969
3.2600889409638443
3.2715234845258774
3.2662750042779605
3.238595463064754
3.161424375132365
3.0652194911658777
2.8545570495306056
2.608095302959202
3.4351812864074436
3.495159864880816
3.5145247614667747
3.519836582622119
3.5081455045886725
3.473541036696902
3.375899954603386
3.2704420755338273
3.09270373183363
3.0341336344515577
2.75629324109023
3.6133614480788654
3.672187520575601
3.688714308622541
3.6938828157354666
3.6755747755848676
3.6365402006091285
3.5327627546140103
3.4118529393327637
3.1528655957480987
2.853320580636808
