0.7739535198983007
0.7940190425154208
0.7922476774863988
0.7589066365521627
0.7180100624874914
0.6817450862728573
0.6438939351819233
0.6102442482135422
0.56262156150533
0.49590281041788953
0.8482105924030185
0.8773599480928818
0.8875052692435826
0.8924358757667337
0.8667847280927479
0.8209566412594628
0.7775167825033812
0.7313081259915962
0.6898946000117956
0.6491753811212547
0.6103853437948532
0.5787737289257009
0.5203948008000625
0.9270116029971097
0.9399749313658344
0.9503869703700804
0.9623498309133602
0.9649587487628953
0.9593486148120259
0.9136803848618016
0.8644108199229467
0.8103540017604601
0.7614036849524806
0.7130423189635658
0.6667739346377204
0.628906845300791
0.5272535418221852
0.9984265238243418
1.0226250480999277
1.0282722941932323
1.0369331130286648
1.0397450569368851
1.039664656859937
1.0043438769177446
0.9511913093293242
0.8894499885995176
0.832570384038665
0.7760206512988401
0.7217367532287725
0.6771401369717942
0.632405219542664
1.0964913389767887
1.1102024831147932
1.1206295771174206
1.1317146555971354
1.1337940009841896
1.128447744455565
1.0793577198790916
1.0082622233400178
0.9392513146795849
0.869566101358164
0.802324052229504
0.7466525120131979
0.6907665139519952
0.6418831323886479
1.1608991830611135
1.1743817731019797
1.1846258973734578
1.1942436787485724
1.1960895791342097
1.1969976298147533
1.168439379721368
1.0955163278196842
1.0182017126029992
0.9384306327111474
0.8606642313907571
0.7963691279113707
0.7316011480726975
0.6748240949736979
1.1475019684947287
1.0660774655196572
0.9801156707445948
0.8958611698341052
0.8260165552648898
0.6938416221547322
1.2322553558372367
1.256055494800803
1.2626932274216294
1.2612322126756912
1.203677266229339
1.119410934638239
1.026825832166516
0.9350928103173346
0.8588273373065821
0.7818917047287816
0.7143662667215229
1.270625893370267
1.2916763738012946
1.2967401975513546
1.2662499442526634
1.1832101324991664
1.0835445123432734
0.9826468884017546
0.8983047120612018
0.8131388182193042
0.7383740739738452
0.6658866925841268
1.2969227688039278
1.3147028265161118
1.3189916470950895
1.3054035083032307
1.232878621780258
1.1291592701222142
1.021011568400047
0.9300356440044347
0.8379312870279438
0.7571202678441384
0.6788233303914181
1.3348319750686222
1.3373477163195595
1.3347528872153445
1.3240313919026232
1.2828051026774607
1.2473318381435694
1.1780134423053197
1.0625291171254907
0.9641495709083506
0.8643998400805234
0.7768541965115222
0.6921040496379581
1.336394616735122
1.3488280731393612
1.3471498498253596
1.3247167512788354
1.225335927803574
1.1039404765313188
0.998268711216492
0.8906447046099277
0.7961288081634431
0.7045972786818608
1.3560408650401679
1.3544303949800227
1.3504944195535589
1.331623518414515
1.320662200943454
1.2788571132063258
1.2236495921933936
1.154278288365777
1.0401917129348686
0.9226739855413136
0.8193155513355495
0.7195315993167256
1.35167982194911
1.3488529401274574
1.339287511768622
1.3178005851373997
1.288281731537177
1.2441670749572007
1.1992753511092424
1.0789408162446936
0.9523496299331397
0.8404575174172575
0.7325628344242924
0.7819760686309195
0.7861688080284188
0.8631245349200403
0.8776324025648247
0.8623988739190932
0.9463426344126552
0.9500443718554614
1.0216391999845216
0.9989679946457495
1.1032432017216987
1.1133573374087806
1.0745008249730323
1.1706831222649987
1.1583118754180244
1.1717645493081843
1.2010022606980297
1.2126937869649945
1.235550391014189
1.196318169424922
1.2474513574700912
1.2677583905582215
1.252885610541597
1.2849271973994505
1.2851552416817107
1.2263988293746397
1.2718539406637426
1.29458891083939
1.3157574890037975
1.3060739078652914
1.2201885296753063
1.3171723273044011
1.2688733940087522
1.2989061211362503
1.1944025182620541
0.7184814063978268
0.7357125458216102
0.7783055736321469
0.7967652360442473
0.8087709884433
0.8669905327622389
0.8868406349211175
0.8991558502748954
0.9055624871714212
0.9055241603496368
0.9562308216353925
0.9765445968065606
0.9884000700702738
0.9939236603156402
0.9917481733698801
0.9719222345879571
1.0162942799991885
1.0362747153756662
1.047671459976132
1.0511042633760992
1.0517389075632493
1.0508906709826393
1.0480190851913405
1.037506811340406
1.023503912749397
1.0710665631586342
1.0908160441024322
1.1006659465751047
1.1031246168774362
1.101275171787172
1.097208890438171
1.0838249310404273
1.0679492718670847
1.034367425221875
0.999591795855798
0.9289851095565698
0.8961883235706916
0.8487372597427504
1.1303031113054332
1.147890985925833
1.1556656199487212
1.1565998117793723
1.1552993836311847
1.1509829957846063
1.1461692091296702
1.128982913342546
1.1099457877400103
1.0763804996218371
1.0307354155078883
0.9986391561672672
0.9512323767684092
0.9130193217454087
0.860949925784377
1.1607684777042977
1.176413146385065
1.1825644016053185
1.1801137393166128
1.1754310802551289
1.1682705731621106
1.148629753150255
1.127305772699757
1.084836391757414
1.0412242286246072
1.0062078786319801
0.9550585280208146
0.9153470319577328
0.8587019947545792
1.1896737889324818
1.202178998515448
1.205667815551784
1.2001176080782368
1.1847729202555906
1.1379567548024025
1.043524855912974
0.9497184197529337
0.8461013431375543
1.2099262835723257
1.2147997182212051
1.211476323473931
1.1994460032228753
1.1881752712868503
1.163007612835128
1.135894933654906
1.0862370472136558
1.0352837508216783
1.0020007846491918
0.9360335725474307
0.8936778504132382
0.8278913647448595
1.2096873636197216
1.2151726081044434
1.2120480680983214
1.199688458671609
1.1879564979520878
1.1780540024347819
1.1490329249734397
1.1187598204686684
1.0606975813135284
1.0084620479482889
0.961699445416517
0.903437613469889
0.8523972908077201
0.7882013196094995
1.2023022723827141
1.2043920969409092
1.1985142348004936
1.183215257216611
1.171225525471029
1.1568584312839947
1.1248801029624147
1.094097763804333
1.0352193926744668
0.9780273120266905
0.9419439848768978
0.8679648434957901
0.8169072004648931
0.7495716923939719
0.6993688854295511
0.7179901185665413
0.7566099184299866
0.7765063150196198
0.7892236490586374
0.8410783161931027
0.8620996598858017
0.8748750539142633
0.8758327063390653
0.9251343969659982
0.9470489994328737
0.9551421319160603
0.9588386602783316
0.9560710811679777
0.981693451588451
1.002384915851177
1.009182892963566
1.0134620467916502
1.013961086693373
1.0071746919539024
0.9858167563796632
0.9583104674445959
1.0322917587469764
1.052562269079144
1.0587193466255675
1.061872167119932
1.0598637865670508
1.0511920455711918
1.0253992231406783
0.9945657666884522
0.9273146109509866
0.8482541775501211
1.0860911320359392
1.1039720178498647
1.1092551643355393
1.110410418706004
1.1049972044566203
1.093158260890325
1.0666449878272577
1.025761056948241
0.9495889793491833
0.8604824760194686
1.1133906959349387
1.1286880647843316
1.132230972127975
1.132774802263744
1.1249102094213481
1.1107407895271706
1.0760131235660262
1.036356488548779
0.953479854864773
1.1377992233140937
1.149969490283607
1.1502268864457907
1.1219084611342134
1.038844469363628
0.9482270245650469
0.845691354796242
1.1542066017720694
1.1576313780278578
1.1580208424876572
1.1547628284331715
1.140674126860279
1.1206173152570365
1.0780965204463175
1.0308536007997602
0.9346453342065038
0.8275133741863607
1.1498776319264195
1.1541302920596663
1.1512820497673348
1.1467058534513266
1.1282370554925492
1.10456973476599
1.0535196390355288
1.0044804434841106
0.926891699480798
0.9022053944588004
0.7878787836758455
1.1395443639912335
1.1401602450521369
1.1357927674300174
1.1280493077144975
1.105880631180279
1.0809357107843611
1.0284521798495163
0.9743928665690582
0.8668746888885166
0.7492953706855641
