1.3603789962957893
1.4006394687759502
1.4130697853076573
1.3674633017676792
1.3083271769323708
1.2555765288239018
1.2005878453761225
1.1519996435698872
1.0841341830029863
0.9917834822603954
1.4918983421335656
1.548782209283135
1.5703658010929054
1.5857872500277022
1.555851221192656
1.4899735056394734
1.4259659614702664
1.3576167022802104
1.2964909469553927
1.2366805723502103
1.1802363765215036
1.1346927935588353
1.0522612736438455
1.6336544664982338
1.6587126995999002
1.6793428048374208
1.7043440868301325
1.7102821384464528
1.715268931464022
1.6514064745657941
1.578400910643031
1.4973899205891263
1.4238780718507513
1.3513949258995395
1.2824081564923213
1.226285562340745
1.0782997833281882
1.7617026103882159
1.8091963040076338
1.8208295228978397
1.8399937301283646
1.8476761035195721
1.8518688351598882
1.807057636134474
1.7284680717165022
1.635007880822067
1.548342845800642
1.4621084185925788
1.3794366962681115
1.3117274545999944
1.2441030423949158
1.9368911336332144
1.9635417203288559
1.984486669454067
2.0083900713169514
2.013527818036717
2.015471006630263
1.9458127813022061
1.8374448905786
1.7305123187553098
1.6219476500299066
1.5167275625727383
1.4298690544897217
1.342426836352535
1.2658910452847134
2.0511596479062972
2.077343769635981
2.0979805714283253
2.1191024746879474
2.124016719734631
2.128710721000852
2.0932766685794038
1.9827400199467373
1.8619107202117968
1.7360445951846948
1.6128065665261229
1.510551062362409
1.407205683666238
1.3163091300113607
2.067861865085615
1.940248530030174
1.8038917340606744
1.6692373801171192
1.5571770956553506
1.343723533078774
2.176253728402137
2.223548172526257
2.2399970155398563
2.241253036189424
2.1584604273851253
2.026272251686892
1.8785263750784955
1.730923073858646
1.607527797358529
1.482370840639372
1.3718978659320167
2.2424016918688334
2.284196807399579
2.297828865262962
2.2571426801377785
2.127411510442997
1.9675871072627447
1.8040542349593929
1.6664610500952557
1.5266025967947685
1.4030131130860375
1.2823665751525894
2.286982821564945
2.321996802062045
2.333624972002218
2.316925487749228
2.2046480936066186
2.037929652931625
1.8618375767393502
1.7125144683102995
1.5604323685791046
1.4259718329027367
1.2947170538992199
2.3542294835727455
2.3615456143550273
2.359326329706785
2.34435218647801
2.2804944294198672
2.2242549063532944
2.1119091041551905
1.923194449704764
1.76105675873004
1.5954198022264754
1.4489112725759419
1.3059936169720288
2.3503819322315835
2.3746934553281296
2.3754316560626543
2.341912260776314
2.18228441490448
1.9832415876421037
1.8084505769160455
1.6290161478363316
1.4705521328974813
1.3154697500322496
2.3812494493483163
2.379919058768404
2.3743454881586095
2.3448387038035508
2.3273476886847835
2.2596215622510583
2.169164864497129
2.054655314705396
1.8652896980789972
1.6687317321110855
1.4944719263710096
1.3249546687161797
2.3667068634075554
2.362575395610075
2.347376031109039
2.3123275160023904
2.2639663687356695
2.1911616499716327
2.1167774919279547
1.9165311198333639
1.7043004889302247
1.5153823564778295
1.3318913721948031
1.382243523991343
1.4021301388905558
1.5268879313080956
1.5592770951524322
1.5479148522151207
1.679750060046296
1.6985258735197535
1.8196179410138191
1.7973416284261599
1.9592409468031808
1.9885095325101934
1.9370573081816922
2.082073934194443
2.0752110799797956
2.0747388622582283
2.1435268263199014
2.1475172654310613
2.196071438491367
2.1454175827552464
2.20712477628548
2.2501480545797956
2.2337083132899838
2.274533948664793
2.2817243905578803
2.1933325913731574
2.2615842247562084
2.280746433418154
2.3218633745443187
2.3100731548631788
2.1734812570199975
2.3194823540404665
2.242818788699901
2.2810086775576486
2.108744905267231
1.2723404352541068
1.3061154846470366
1.3809959285132938
1.4173463565605602
1.4423713637427384
1.5421457836608643
1.5814670183963817
1.6074810097679475
1.6236217060611606
1.6287399785155108
1.704008960158427
1.7444636494667338
1.7699230888352475
1.784995263487423
1.7867583396190754
1.7624045066878984
1.8123442759375603
1.8522597883448186
1.8771028178763474
1.886372078249637
1.8894024579436084
1.8907643719006182
1.8886853327767954
1.875934627444018
1.8564448066333306
1.91036430895903
1.9498975545593982
1.9717425122294656
1.9813519784962335
1.9808949237209488
1.9766126658498064
1.9588077746245305
1.935856226271706
1.8851835700740842
1.8314779824907952
1.720697779820008
1.6689898605317774
1.5938429405327792
2.01485549268609
2.0499895774751438
2.0679162454756406
2.071866958699778
2.072193475231361
2.0677230056786535
2.0614855801615213
2.0368164642319697
2.008059012654508
1.955960261184905
1.8838204736197361
1.8326528809946037
1.7566400418253105
1.695086765884962
1.6107975337637246
2.067406005913597
2.098720301941477
2.113337554818229
2.113433755503082
2.10766252174075
2.0977580533758635
2.068460400873075
2.0354185692314797
1.9682700372092785
1.8984438544892823
1.8418593513324373
1.7588913998493365
1.6941622890566566
1.6013783401803166
2.1153663915026204
2.1402671798081507
2.149683358976403
2.1437568969522474
2.121248234571901
2.04780408403606
1.8948631537154117
1.7408374283283174
1.5693712628752503
2.148714645992461
2.16063053403857
2.1569677075903138
2.1387240101260723
2.121700696472118
2.0814850086713954
2.037766053690898
1.9566902787957725
1.8728973984097619
1.8179492151735768
1.7084526309681622
1.6379145760475033
1.5277647691715182
2.1400653431734726
2.1510986833378873
2.147340967814677
2.1279759162357985
2.1091555118201484
2.0930233313579225
2.0460149780028547
1.9956270518405286
1.8993270732883962
1.8124245937959969
1.734141688714379
1.636514038417692
1.5504237077551934
1.441818890911943
2.1211999319089143
2.1251636192713375
2.1157428136662846
2.090556068757305
2.0706170596420677
2.0466889075810255
1.99350421136275
1.9421226836360101
1.843692741929009
1.7476017821862226
1.687061459327805
1.562023783861953
1.475506588864873
1.3610231410372626
1.243923485069849
1.2808448610387086
1.3485301873440643
1.388181745158891
1.4156660657035145
1.5029436736124817
1.5451625595211527
1.5732354906735062
1.5855973015682139
1.656223008552635
1.700513095189071
1.71819987423972
1.7272609275701976
1.7335487613408276
1.758865410122222
1.8008140828384291
1.8157200934360895
1.8264099968022018
1.833301471631509
1.8268349717444976
1.7978465103090004
1.7573323897975153
1.8497804283422234
1.890942009294795
1.9046993889437158
1.9132543678244192
1.9157189510790036
1.9056412052865632
1.8689337317418553
1.8223278053598353
1.7176268723406487
1.5929438321934348
1.9448852547634554
1.9812187413306237
1.9936858608061254
1.997977930304499
1.9941130793997996
1.9780979048114768
1.9385304198239848
1.8748761078745406
1.7536624476003904
1.609942694532974
1.9919036752626027
2.0230119993132294
2.03163401488832
2.0352249997345058
2.026589955790064
2.0061268272022574
1.9526197235330722
1.889783759089955
1.7560668073140469
2.0319246250146303
2.05665964220364
2.0611706755776567
2.0198301300294697
1.886678892555712
1.7382236669722972
1.5686516911370199
2.058522952864152
2.065796949653593
2.0679112594952906
2.064075551150078
2.0430914588350886
2.0114941764067313
1.9426872921370508
1.8652774648569561
1.7060680564932034
1.52711838397782
2.0427157474344506
2.0513623808409
2.047509483216797
2.0403376193453737
2.0105978506094644
1.9718026613162878
1.887321874335339
1.8057860999762927
1.6757998206508762
1.6344778718606239
1.4412953250001221
2.018226729852733
2.0194815642287454
2.0121865365321794
1.999238837391338
1.962288402131007
1.9205532877469742
1.8326638281696055
1.7417174850234327
1.5602903710930582
1.3605984740775963
