1.044497232500515
1.0707385917156327
1.065574785195894
1.0183797997554673
0.961204188291987
0.9106973491385061
0.858046922487243
0.8111972586603622
0.7447333672577156
0.6505472274336752
1.1317354232614185
1.1692781360341677
1.1819521135047857
1.18703896065224
1.1497261361538245
1.0858946661887092
1.0258359478774803
0.962068146007537
0.9049147800471814
0.8486634052912826
0.7948749138074425
0.750724146995399
0.6683467580454581
1.2240608240980504
1.2404668006427797
1.2535142038456093
1.2681723932377156
1.2712337742514916
1.260091440214419
1.1962211236464348
1.1284599298284541
1.0544039912257372
0.9873978421410493
0.9211517704345916
0.8575818152087034
0.8052887072935655
0.6626512127935599
1.3051326773978666
1.3348906500250504
1.3416656096265733
1.3516427708393777
1.3544733752028488
1.353023675966245
1.302279690344483
1.2293536621129444
1.1453255526598838
1.0681038775000828
0.9913172870497803
0.9174125675911006
0.8564687852707759
0.7950187812686995
1.4122628017491363
1.4285541825395425
1.4406929483196158
1.4529763771125894
1.4550047232872934
1.4438805965504184
1.3755173732350918
1.2794153916369742
1.1867429931063918
1.0933696469800194
1.0030018312204703
0.9282934522383892
0.8528146073926807
0.7865366765039797
1.4790760068612856
1.4946453338267032
1.5061423676498518
1.516024382466744
1.5175702536554239
1.5172261635306912
1.4748511800233597
1.3760845159840438
1.2729768821648233
1.167003301991052
1.06382366850626
0.9783819444344439
0.8920185781278891
0.8161345216888217
1.4329441128466225
1.3246746976503323
1.2111370555381769
1.099973490614449
1.0078043670806895
0.832782164558439
1.5483616851275448
1.5737910364975103
1.5788106040792254
1.574727707420045
1.493681830700984
1.3817339384652814
1.2600909281074608
1.1398821761481723
1.040011372375746
0.9390619715126833
0.8504034530252921
1.5824474776701594
1.603740847909215
1.606109718555831
1.5601615203299524
1.449234441254266
1.3189404646245748
1.1877506662260628
1.078307598028593
0.9676647179794077
0.8705771198615034
0.7762420602662611
1.6033663844293462
1.6205906905608392
1.6217999131520755
1.5993935691021672
1.50113257647592
1.3657967796872157
1.2259822202309285
1.1086573095106493
0.9900374353277296
0.8860060036807924
0.7850775580430422
1.631805843330468
1.6312734479740922
1.6257464769806522
1.609183240288737
1.5523944001710626
1.5057666388481268
1.4156446626676111
1.2669490559852876
1.1410277045532438
1.0136061711009035
0.9019044466310495
0.7937534841214829
1.6255238475293112
1.6353070821694957
1.6277746883278326
1.5943636947686899
1.4629869370548605
1.307428559215409
1.1730723435406933
1.0366810140888278
0.9171426712759803
0.8016543775916047
1.626628347588395
1.6211629795722098
1.614160271240304
1.5863597006775698
1.571424802551655
1.5158128597976286
1.44435943043024
1.3560317687949353
1.2119861092594286
1.064429909622354
0.9350474466682657
0.8103643299015963
1.6047912932062607
1.5981586848208396
1.5827580472192049
1.5524571519778523
1.5131040472166288
1.4559269611291048
1.3987263745799141
1.2474640501008663
1.0896206644527309
0.9508805004879787
0.8174704714735798
1.053963769107199
1.0574152971494224
1.1496798504129633
1.1674792895417563
1.1439565394532536
1.2462990281944966
1.2480211078450036
1.3299536036585569
1.295437586427725
1.4167280921961813
1.4250455417675703
1.3694939586964356
1.4848592489994636
1.462470845502406
1.48201145883967
1.508486119325373
1.521458469292841
1.5438590176141413
1.4849192617980493
1.5511463089007793
1.569754186491818
1.5444231450854435
1.581867828607649
1.5757665865388548
1.493650572441463
1.5398701959208414
1.57529220754538
1.5920023131741898
1.573237582844317
1.4572398694368764
1.573493108380266
1.5047956536898008
1.531827913159266
1.3935140353630313
0.9678752908290696
0.9905593381760815
1.0392114151925782
1.0630635954710927
1.0782953040205447
1.1419706297097931
1.1668697079629708
1.1818643357002496
1.1890221804272143
1.1876838594653807
1.2411888669747966
1.265708285170856
1.2794266341795686
1.2847574354319542
1.28014657901077
1.251384208214834
1.3049277130636043
1.3282749132506926
1.3407132674640572
1.3438427051735446
1.3438567022603751
1.3416627875654008
1.3369205196709046
1.3214676326450296
1.3017463614320663
1.3600842712733003
1.3822073133324349
1.3922727311924843
1.392773615282727
1.389156301649502
1.3827270173689201
1.3633620905872579
1.341299475750411
1.2956295297739329
1.248946408616129
1.1547845818103006
1.1111162196162983
1.0480214165262176
1.414907423119563
1.4334459121190837
1.440046991064763
1.439697061244263
1.4364038289425605
1.4292206131111536
1.4220182895552789
1.3975926966893322
1.3715349516777597
1.3264716165221206
1.2659286506330727
1.2235659098222438
1.1612991288041135
1.1110924510193319
1.0428190227555454
1.4396251820050558
1.4550654252908963
1.4593322890181324
1.4528674367756247
1.445328759085916
1.4347307277594157
1.4072759257169638
1.3784231730681529
1.3219194414491857
1.26455075817571
1.2188481501441037
1.152145975699026
1.1005436750447262
1.026923821876176
1.458067199402719
1.468928804108734
1.4692843037692553
1.458646086774895
1.4360755524345725
1.3727603744311265
1.24924179086849
1.1282369925690885
0.9951569423019039
1.4664892491927826
1.4667346866569306
1.4600652124957363
1.4414379163289013
1.4255340504863778
1.3913607843773868
1.3554679565784113
1.2909147131675676
1.2252865512683575
1.1827187791539948
1.0984843298857285
1.0446314638909133
0.9609560645610313
1.4481188771864004
1.449653222933824
1.4414181546102063
1.421940214176189
1.4053064389318985
1.3917313189327194
1.3530926961382796
1.3135865932135014
1.2391618173914438
1.1730273475682853
1.113944160697783
1.0406247619283846
0.9766168588721971
0.8962082169417748
1.424237549458498
1.4212569577535241
1.409582640271173
1.3867481696991955
1.369976663552795
1.3505065764899122
1.3085193994380027
1.2688850152033138
1.1941744194344002
1.122430112014759
1.077302614170312
0.985220775806545
0.9218350727666063
0.8385447045085748
0.9412250930928258
0.9656627145988297
1.0091891901584267
1.0347945215965413
1.0507595154503049
1.1065335240117533
1.1327241170354068
1.1480432089656312
1.1465865793849048
1.1992425727993616
1.2254476095975528
1.234687368243959
1.2385830950680938
1.231442723171881
1.2585735926092336
1.2825008077948534
1.2898682929854657
1.2940722814693293
1.292281093156506
1.2814216245499706
1.2512534547883651
1.213486703511912
1.30864664663044
1.3310683128008687
1.3372835367029754
1.3397097478423858
1.3342734615068566
1.3210080718178956
1.2848217106813955
1.2429181880951963
1.1528017991726973
1.047456222526558
1.3569623972196667
1.375255134086959
1.3796060177508662
1.3795538942722498
1.3692071723496841
1.3517242886446035
1.3150432344755778
1.2601288748590638
1.1594078088569986
1.0422908884028355
1.3780195462485332
1.3925923772576752
1.3947798366057076
1.3932726535216806
1.3796775388329632
1.359216742210194
1.3117574388313693
1.2589832316073026
1.1503678291073813
1.3911542347290915
1.4011125001707054
1.396603207416617
1.354454974761144
1.2440252883188305
1.1266058353455177
0.9947206467346003
1.3953416986698957
1.3967607912189082
1.394812849708956
1.3880349265886063
1.3664441302100956
1.338490341040561
1.2819487764145838
1.2204547379731239
1.0970036976946358
0.9605660278663409
1.3728436975449902
1.3719435701118594
1.365183118599779
1.3575143899179358
1.3305374403314076
1.2982901523159065
1.2315171814469472
1.1688371038440537
1.0704274508767109
1.0393650330984459
0.895893350657394
1.3458663091209329
1.3404819562306098
1.3320327473889666
1.3197696361376028
1.2883985217716327
1.2550437140242299
1.1871568493498559
1.1187177140725282
0.9841477076735122
0.8382887858151054
