0.8386625800840515
0.8610793657157104
0.8611974168745017
0.8267086681384884
0.7839053490712512
0.7458461770587045
0.7059894842665044
0.6704497548309516
0.619904725096237
0.5481460562724638
0.9171245651220624
0.9493275033163597
0.9607654205000662
0.9669422590449823
0.9411162307294353
0.8933531653043084
0.8477957156950635
0.7991609555233256
0.7554447791367822
0.7123020536119307
0.6709935955430337
0.637121998120756
0.5737652341690547
1.0008055409381575
1.0150429420868043
1.0265389277123904
1.0399092004268067
1.0428826383302305
1.0386397335664068
0.9913707050512498
0.9397939311589053
0.8829574960509794
0.8313124274402437
0.7801087845830563
0.7308902777674147
0.6903821321567918
0.5798571501138128
1.0762743435297701
1.102847694087323
1.1091132252012068
1.1188783179931256
1.1222250482135312
1.1226419617773058
1.0866909234781854
1.0312117362723987
0.9663744330899087
0.9064235117359231
0.8466047580844234
0.7889258910359296
0.7413053837044384
0.6932402625972692
1.1794362954517326
1.1943810867449165
1.2058264086329398
1.2181862579953902
1.2205713364279684
1.216111628990906
1.1653716913092982
1.0909261374602415
1.0183224824827288
0.9447374095198018
0.8733362500260602
0.8141765670541283
0.7543076924948618
0.7016295006112897
1.2468168079214736
1.2614564767460694
1.2726813919452307
1.2833799599518745
1.2855435790493337
1.286832867353185
1.2579168529594875
1.1818183457431315
1.1006244603468227
1.0164596400253796
0.9341939547648194
0.8658820184801245
0.7966673554996666
0.7356777977200901
1.2357482194496399
1.1503234923714543
1.0598478732843506
0.9706803066391488
0.8965602200206418
0.7551947349328322
1.320887860689508
1.3468168783508654
1.3543443106032809
1.3531891932168785
1.2937613651766713
1.20550689796968
1.108099503908192
1.011205636713926
0.930357459163621
0.8484055381641171
0.7761368286610202
1.3605270773857048
1.3832965188529969
1.389130263902535
1.3579930084880207
1.2712472036611857
1.1665479982331535
1.060128193129279
0.9708639061071589
0.880307578879286
0.8004633731706219
0.7226454896451519
1.387341078758785
1.4068749106643295
1.41148841250051
1.397744966017828
1.3221843116299954
1.2133713182842212
1.0994389608555142
1.0032152953400553
0.9054782403767151
0.819322812560165
0.7354359146150077
1.4266227946655419
1.4295480277802584
1.4270201428912015
1.4160173661035749
1.3730841160061789
1.3361526230449807
1.2632783046539027
1.1418162105247525
1.037964389908805
0.9322095808441337
0.8390359237078722
0.7484150132275771
1.4267840728147076
1.440133451889148
1.4386304156137408
1.4154273333943086
1.3114841022786976
1.1839163540300623
1.0725203604799207
0.9586030729086198
0.858151643216778
0.7606312727121174
1.446059348286636
1.444461010063429
1.4404111720401127
1.420750754642526
1.4093143514447553
1.3655731888302833
1.3076934708218846
1.2348392214636632
1.1147848386774377
0.990604091412115
0.8809502776299795
0.7746829945053623
1.4397829452809516
1.437019292183075
1.4268260958195238
1.4043486540446954
1.373412965134733
1.327178595423723
1.280060153542491
1.1536076345169222
1.0200064863724752
0.9015238318807441
0.7868523856820765
0.848410002223492
0.8545836554906154
0.934378776064039
0.9509086454408542
0.9363578271472549
1.0231268239415134
1.0285858192032897
1.1032390647319528
1.0808946055556379
1.1878540675112363
1.1999357855676591
1.16015781745907
1.2587379603004745
1.2470920855130287
1.2580168382548982
1.2909577812452453
1.300737742102316
1.3258856208791205
1.28592704100714
1.3364280763419971
1.3587615770280834
1.3438153100863586
1.3754672603244351
1.3763231957436306
1.3153222487459981
1.3615246373346603
1.382957293255891
1.4056027453104
1.3958147068744626
1.3060622942623652
1.405544478079432
1.355099627259979
1.384603140917664
1.2749668727759087
0.7798847568517359
0.7990071573355156
0.843719664921899
0.8641544835253673
0.877611679889334
0.9380005432135974
0.9598947758291929
0.9736591034250058
0.98111753794991
0.9816744880010159
1.0323982692860014
1.0547125626230907
1.0679430939959502
1.0744395005248877
1.072705572459184
1.0525371604797549
1.095591047028434
1.1174688604107983
1.1301616378492396
1.1341761623553388
1.1350659894442081
1.1344328018677234
1.131666216905358
1.1210270060914032
1.1065142136224115
1.1528907282381324
1.1744510866841331
1.1854119679386266
1.1885557554741921
1.186862483554562
1.1827993107634602
1.1690542446811893
1.152568598487376
1.117455739462147
1.0809428467310576
1.006506295913985
0.97182255317853
0.9215231546932687
1.2144170534478105
1.2334925576754532
1.2421491075982773
1.2433583266931247
1.2422324656481947
1.2379075201065868
1.232992971598457
1.2151761883684178
1.195314853641876
1.160144501373697
1.1122546727023306
1.078321651149392
1.0282651122053053
0.9878158712637217
0.9325818839571397
1.2456621936156624
1.2625959923090264
1.2694861726880988
1.2672644107552484
1.26249508712521
1.2551180705013298
1.2346886492957356
1.2123775794204825
1.1678084211567223
1.1218736325055185
1.0849860945756402
1.030925523135131
0.9888944962070743
0.9287850739802037
1.274852645066394
1.2883212463755374
1.292281953162994
1.2867058814636647
1.2707746269676896
1.2217920427883704
1.1224423286269307
1.0233413775860254
0.9134472513811486
1.295149031393292
1.30054269536192
1.2971573497453328
1.2846736171605397
1.2728928750410715
1.246556638205468
1.2180705807868275
1.1658445139125404
1.1121316021979055
1.0770038279111296
1.0072495914265402
0.9623868359983299
0.8925176634460465
1.29291501520657
1.2987249847539792
1.2954919776933327
1.2825450844444326
1.2702424196851831
1.2598452394448976
1.2293667789897318
1.1975103502159055
1.1363661829917078
1.081269357646838
1.031886963379675
0.970228141933927
0.9160708564743639
0.8478859579618212
1.2836200080165332
1.2857247321284468
1.2795176047533006
1.2633927788018218
1.2507764771694976
1.2356444643796944
1.2019894214709268
1.1695768599095828
1.1075229735851795
1.0471582315311425
1.0087808579223931
0.9307303860570738
0.8765724375291483
0.8049751964241558
0.7598822373447078
0.7805870882526893
0.8210210332690449
0.8430881791664392
0.8574512384779966
0.910898694632474
0.9341292722570278
0.9485212696075167
0.950720694515734
0.999871644559719
1.0239807976890805
1.0330266830667363
1.0372620378257817
1.0354484324512236
1.0594020501286168
1.0821122850666112
1.0896732139810825
1.0945711415263486
1.095699232984338
1.0889688567940135
1.066906783570177
1.0381691095878767
1.1123300642523397
1.134490206232235
1.1413478897164457
1.1449971081590353
1.1434095201668848
1.1346265281818904
1.107846529173423
1.075553988204932
1.0047129967009847
0.9210038873470032
1.1681112863590155
1.1875764548425622
1.1934762319219905
1.1949108682899772
1.1896218889773564
1.177418412520329
1.1497630728230073
1.1069462727050805
1.026509779584179
0.9320820935681187
1.1960859377629942
1.212679493988242
1.216633425433018
1.2174281987104953
1.2094936058897598
1.1947768347068712
1.1584279145647245
1.116695817457408
1.0292450658436412
1.2205378719401592
1.233680124970211
1.2342362145114598
1.2048088158521706
1.1174856018822596
1.021761111674186
0.9130126770343893
1.236791580192472
1.240502023030278
1.2409994783411673
1.2376624503918952
1.2229996428484549
1.2019551772352277
1.157255250778392
1.1074563608987888
1.0057842432594848
0.8921187183549982
1.2302699902716654
1.2347473012095171
1.2317640300338455
1.226952290816841
1.2075440692216546
1.1826193127977043
1.1288336966777772
1.0770914794131723
0.9950650111032073
0.9689354071384706
0.8475481232923423
1.2178662711740358
1.2183903338788329
1.2137402718262122
1.2055328347370815
1.1821321067599129
1.155822212629288
1.1004522833901023
1.0433622658387822
0.9295934782303198
0.8046877754301791
