0.2788079806810936
0.2814581382372282
0.2671661538933231
0.2445986225916516
0.22026803709017972
0.19959075217537386
0.1784547449773457
0.15988728167350955
0.13378051832567914
0.0968038951665394
0.28970668711418635
0.2943340342632503
0.2943880437684214
0.2901156249021546
0.26884946185709285
0.24211387835062295
0.21864948471895312
0.19448604794091656
0.17324207259417002
0.15264220185865535
0.1331233525642696
0.1172256163901909
0.08761436142894391
0.30001881655351886
0.3020165384275313
0.3031806961733868
0.3033966610017798
0.30300712327677537
0.28848802306547994
0.2609343691573193
0.23523985686900123
0.20840994893595666
0.18475653224894406
0.16183653611679366
0.14016348327019076
0.12255418515255256
0.07534249120118235
0.3071927298200971
0.30979721315927133
0.309910955346174
0.3089003006055042
0.30734351992163056
0.30349111857954053
0.2785950911334937
0.25124345965060807
0.22189796115697344
0.1958644732040047
0.17063195199170067
0.146818166971456
0.1275205879881317
0.10837134744125715
0.3135233864933464
0.3146949360508887
0.31499448209563014
0.3138132879470997
0.31297805792792177
0.301335300717295
0.2739309397832329
0.2414592168645142
0.21199471366662473
0.1833134973530017
0.15629587848942758
0.13448638128874532
0.11295572146348018
0.09450556908470684
0.31475961782203216
0.3155537947246485
0.3154686810002754
0.31363970542806574
0.31251194138512833
0.3097501658300846
0.28895104059019094
0.2553657761808064
0.22360543978274036
0.19241452413399518
0.1630612531220045
0.1393743309226556
0.11609949038597703
0.09624401678959575
0.26347313893864566
0.23052245078865344
0.1978539704429541
0.16705683123283635
0.14225453492944637
0.09723068102467751
0.3123914189388769
0.3114093214252265
0.3076215626433073
0.30332960147806054
0.27201157546474625
0.23812008526068648
0.20387204189302338
0.17146802000924308
0.14540988907219324
0.11991554049038364
0.09827767915554202
0.30838277282059273
0.30664147409223147
0.30193291387526927
0.2811841406317872
0.2470088398984562
0.21107564439046927
0.17675433398231227
0.1491747637343999
0.12223794708855977
0.09946809709407962
0.07815007589280783
0.3037088635293525
0.30164602992349693
0.29694831569521535
0.2853127293084136
0.2537883650110901
0.21676715477005076
0.18095676903943153
0.1521369827099368
0.12404693458796971
0.10036259995811489
0.0782450574973053
0.2941685481919912
0.2901178246688116
0.2862593169350991
0.2789874284968671
0.2603059449484728
0.24689797272356026
0.22269407144625838
0.1853791182540314
0.15522427923544518
0.12585819720982747
0.10117444020865661
0.07823041129968696
0.28893618888947653
0.285514985536645
0.2784556399935198
0.2654352877214682
0.2282999855340332
0.18970793790977256
0.15823551289281687
0.12758169927153398
0.10188190980519836
0.07809439883890475
0.2723140460180032
0.26809896337866856
0.26459803703454354
0.25458769527475894
0.2498539490780418
0.23432665790722787
0.21601074837595668
0.19482437711152645
0.1617582333723322
0.129545155704884
0.10257225753158082
0.077720231775061
0.2577371932022372
0.25385054616149366
0.24762352749610145
0.23807173742559276
0.22711799651523573
0.21260922148189595
0.19894211268166853
0.16474661519610204
0.13106197654631946
0.10287135053768051
0.07698386669960254
0.2746242230460073
0.26521322502045724
0.2867913078650553
0.2856032476929962
0.2675830108482704
0.2952649495898311
0.28591621502507597
0.2987169756002816
0.27725285362182817
0.3054899232937503
0.29776718372982924
0.27284974648808785
0.30380343552517397
0.2867775070479116
0.30421928424596634
0.2933906843129346
0.30220427138678474
0.298044579353503
0.2706039077338655
0.29776388267995746
0.29300139011210274
0.2786864813673736
0.2905274985088495
0.28161819900536916
0.2526899147651958
0.2584842711204972
0.2786605164973705
0.27313949734500814
0.2623875920377426
0.2275335011514186
0.25571692508858207
0.23286901427897544
0.23535892512360548
0.19831810808723943
0.25032161863591734
0.2534596787480691
0.25885719120358625
0.2617682126991606
0.26251432311531886
0.26883800253383877
0.27127064145471763
0.27139805809744405
0.2693552751153301
0.2651053604204951
0.27533119452954363
0.276969100414905
0.2763751519779084
0.27340316622026717
0.2680922498037239
0.25398031470103444
0.27726382506286984
0.2781699121032587
0.27691659192240964
0.2750088359506387
0.27343786803775233
0.27078966095130813
0.26749417291949673
0.25991242068229037
0.25189785983201324
0.27663725258356203
0.27683434155702064
0.27496932580613626
0.2706390382413313
0.2676506910055776
0.26405464062887224
0.2556086681383975
0.2473963033272227
0.2319936433004037
0.21730344981182217
0.1891989907424585
0.17652039438725536
0.15868806681813447
0.2721724082512352
0.27141698299067585
0.2685059509305584
0.2662888424616209
0.26326158635870783
0.2591729459396537
0.2558982322251104
0.24657115099753119
0.23782992838677863
0.22387537862717677
0.20626644178943357
0.19439114785287526
0.17741622934785709
0.1640198711224623
0.1462292254990369
0.2670464039986741
0.2654503801244555
0.2621541801281277
0.2565408462065087
0.2527845377929505
0.24839532855556679
0.23873102814628425
0.22965412830350734
0.21317853136449533
0.19736801470312262
0.18521938219575645
0.16791538326003802
0.15487985976202598
0.13663428102977046
0.25811219425405146
0.25562108922712756
0.2514215278058196
0.24515215616338776
0.23645472661552122
0.21704803447234083
0.18434627586943975
0.15455576340206711
0.12336797596698586
0.24782103739822733
0.24232603737166453
0.2383805373173786
0.23086606012037966
0.22559115660380802
0.2153785217002257
0.2054362563082936
0.18885809686296387
0.17267701290367735
0.16251282569650952
0.14295472399429396
0.13075860277639398
0.11228676654579382
0.23332313501220475
0.22928132584298455
0.2239024131976045
0.21638163750585584
0.21105605648533798
0.20706613812714403
0.19665789440247014
0.1865283960238171
0.16872773366339433
0.15356133013761125
0.14051515627958955
0.12464298286088411
0.11118303727718302
0.09473143756071767
0.21941148175188097
0.21475493737143225
0.20908095293225018
0.20133262791505188
0.1964289603887687
0.19110826711890722
0.18041907280068498
0.17096209200490858
0.15398637030783455
0.13838988127651114
0.12878512503108336
0.10984460959340386
0.09720226858363308
0.0808129403993739
0.2390133990039173
0.24211350419586397
0.24666917178282494
0.24948161817450082
0.24958006378580377
0.2553742233683293
0.25754796874164426
0.2569231124651971
0.24865951066144842
0.26059502480460633
0.261910464310355
0.2612872441849829
0.2601770535172743
0.25031571207512476
0.2616318017020552
0.26219903986597176
0.2613852010822719
0.259785726278488
0.2547640786886551
0.24840800742324942
0.2357494864133931
0.2222578703325883
0.26025911923249334
0.2599660632780329
0.2587587402690302
0.25675406987721044
0.2507756625326878
0.24408895108959644
0.23029460083953238
0.2163893476807443
0.18892104398436088
0.15861704298550838
0.25489071000957353
0.25340627840054397
0.2512807402042599
0.24920160527933202
0.24219697570062318
0.2348398215175017
0.22220745443513315
0.205457495058206
0.17717452244770152
0.14616968839280353
0.2494184686830904
0.2472716670546354
0.24509350252539525
0.24211662826488803
0.23467831768759898
0.22689539372955006
0.21177802053218855
0.19663314807460047
0.1677021113845335
0.23987733576207124
0.23681397206566995
0.23086710576602337
0.21459930961399074
0.18370543362579073
0.15437600363554047
0.12332720990445761
0.22932974062514883
0.22714232008867513
0.22448292698449357
0.22052857492220324
0.2120982613486521
0.20326510544037402
0.18776394690733686
0.17211794513693227
0.14280297692766636
0.11225378675651165
0.2148528350800856
0.20995244715527223
0.20596434178793285
0.20278468867868116
0.1939103246945735
0.18472189098430922
0.16787660931349765
0.15312143210944526
0.1312424779851612
0.12452892071949508
0.09470953057448434
0.20109916425804636
0.19568091400852947
0.19186797023296004
0.18745499923031372
0.17811690379401765
0.1694189675073715
0.15325675309173553
0.13803028116288682
0.10975804846246592
0.08079859826093633
