1.1522526747080413
1.1841838794164568
1.187816805849324
1.1432245103708258
1.0870386383428143
1.0367868666876512
0.9840007549566387
0.936774848928743
0.8692750444801596
0.7722786883685725
1.2568458084543632
1.3021052716812322
1.3185481270960357
1.3284312232806803
1.2962317481608259
1.2337639906748887
1.1736886979203893
1.1092788356762218
1.051167567445486
0.9935976752416046
0.9381963709170521
0.892502900296288
0.8060842276563869
1.369072894286467
1.3889373357936525
1.4050758032772686
1.4241033823554947
1.4284258686712556
1.4255932647995748
1.364279397317295
1.296382800587621
1.2211501443358335
1.1525116498314658
1.0841720687807879
1.0182048788552698
0.9635947674390697
0.8124456398874381
1.4696620730414338
1.5067028273259977
1.5155382010798244
1.5295567583606884
1.5346286540364396
1.5360053990581986
1.490346247232679
1.4175390730494022
1.3318065511492625
1.2521772081106513
1.1724031938566404
1.0951268739712072
1.0309920397015497
0.965887597023137
1.6063358710570559
1.6269838007790314
1.642902988041759
1.6603865547518526
1.6638701757565246
1.659802366248928
1.5939563244178725
1.4957994271689572
1.399497874517576
1.301523251033331
1.2060018027118629
1.1264918067867344
1.045611457178749
0.9740172935438585
1.694920758339243
1.7150795496002422
1.7306422565459378
1.7457297220694847
1.7489168765949494
1.751160823766196
1.7145426326196607
1.6145757734140627
1.5070663014369992
1.3951618784279083
1.2852801735597743
1.1936184189333285
1.100310346308659
1.0176418987437719
1.6846811823031596
1.5717291715042632
1.4514444426792152
1.3325683665792403
1.2332153648708786
1.0424352753988895
1.791562196440409
1.8271004299815101
1.8379356564644753
1.8369300267014275
1.7597503173572342
1.6432425685840184
1.5141185258085232
1.3848645381537217
1.2766489876821892
1.1667876419521999
1.0688686057943833
1.8426629815127262
1.8737737263770566
1.8824649973331715
1.8422617196987956
1.7280390937208971
1.5893548377192863
1.4477465227555348
1.3284685235539164
1.2069745620019514
1.0993545061670214
0.993909905897623
1.8769105957550787
1.9030453453615077
1.9101424216081417
1.8926649390486971
1.7934379585995128
1.6494833766493155
1.4980756285470151
1.3696788119768497
1.2387551734556526
1.1228329951701368
1.0093912417439244
1.9278369123168504
1.9319858129328518
1.9289627655577442
1.9147237552782874
1.8583647033328698
1.809678246352907
1.7133196996399507
1.5521327729859684
1.4137859024794872
1.272374329078078
1.147216429989602
1.024926666298724
1.92581761687697
1.9438145235591475
1.942169218194887
1.9118060269134578
1.7749593699375474
1.6056463672121448
1.4574931364085617
1.3053770499548965
1.17072178465471
1.0393934476886117
1.9490972249409357
1.9470417236725057
1.9417716009166737
1.9158944103617042
1.900827120363199
1.8430965016476841
1.7665752045795973
1.670095355751216
1.5106815278576782
1.3452454856546283
1.1985731305679397
1.0558136166634853
1.938263743731275
1.9345665520150004
1.9210786013227965
1.8913105259377763
1.8504696260247233
1.7893323619239607
1.726996485088927
1.5593131188168956
1.3816557710610649
1.2235095168335435
1.0697994428673534
1.1674382577108797
1.1786879706710516
1.282361981932708
1.3064242590143271
1.2896864920276254
1.4019777669142295
1.4118329869734132
1.5095766275337656
1.4824358556722794
1.6195898484976403
1.6378867825611734
1.5868811307885893
1.7132856239324763
1.6999345923625593
1.7093780690852856
1.7563232944373084
1.765371515964444
1.8003202277491523
1.749231971332264
1.8112177073098863
1.8420662800279841
1.8233077422687614
1.8621655114974132
1.8641208158277836
1.7842870958968808
1.8430059771485576
1.8679905635834755
1.8984538190094167
1.8858294774470814
1.7677774334417382
1.8958509267410866
1.8292865480464933
1.8653771190041664
1.72031069815607
1.0738007313182556
1.1008284352088231
1.1599135672281669
1.1887010577681745
1.2079328266084464
1.2864825588452995
1.317175141502898
1.3367573005172058
1.347848439247537
1.3495774433781265
1.4123783654342705
1.4434780288672953
1.46223383008298
1.471958460496976
1.4705588963248486
1.4449338923569137
1.496052181101029
1.5264004722603144
1.5443414625682086
1.550297602824947
1.5518184497623786
1.5513900526805173
1.5481205642983098
1.534608315270994
1.515770158809847
1.5713817741075709
1.6011444009097777
1.616586304176694
1.621596003871348
1.6197317332317684
1.614666797173477
1.5969451615775863
1.5754025300622576
1.5291559686186569
1.4808335642864896
1.3818541129846456
1.335577525917212
1.2682882813857064
1.6513630781119177
1.6775854506380061
1.68974546584209
1.6916729237243808
1.6904638605679663
1.6850902983979137
1.678786552065169
1.6555208294076804
1.6294049657192133
1.5829442628492965
1.5192912219578982
1.4742861332690165
1.4076944813558785
1.3535816248898358
1.279629279530326
1.691499565532811
1.7146263679588654
1.7243021695416403
1.721831956264842
1.7157141904708961
1.7061384496306562
1.679349555587725
1.649958160418128
1.5909144702066793
1.5299328763062372
1.4808449533538968
1.4087578932862068
1.3526224154833462
1.272083901940723
1.7281857428159813
1.7463793910544634
1.7519800415176165
1.744894862776272
1.7240199936685643
1.6593449653015497
1.52747491120014
1.3953604349789188
1.2482691911583512
1.7533398476739637
1.7607616174354077
1.7565601758361655
1.7399897224115144
1.7244391355567446
1.6896244541846461
1.6518859555554832
1.5825849348699357
1.5111401324429743
1.4643688783824296
1.3712994365798417
1.3113838032844944
1.2176995699464301
1.747114099414109
1.7549777541752456
1.7507325202829005
1.7334924809438041
1.717196007540453
1.7034054665639864
1.662993686741042
1.6206932386894868
1.5394632001665554
1.4663433612672985
1.40036803889187
1.3180436697921838
1.2456789801444388
1.1542504172819361
1.7327417200804918
1.7353098868703394
1.7269043625094462
1.7054101601566931
1.688633360677978
1.6684729176434023
1.6237948811876293
1.58072707204186
1.4982513837777491
1.4179295742879585
1.3671405296686792
1.262584405457026
1.1900611651590083
1.0941527774561817
1.0475305077894712
1.0768584669661025
1.13009207262968
1.161246791407584
1.181944072083468
1.2508565815830128
1.2834905554363814
1.3041464712083746
1.3090686875744388
1.3695709523736261
1.403235872096437
1.4160830017844577
1.4222592389423567
1.421620453630759
1.4484209076093744
1.4800013228868705
1.490671680550521
1.4977851864696863
1.5002225703078622
1.4919381342172724
1.4633226086609183
1.4255198085509322
1.5179475806462177
1.5485933559835465
1.5582606310513083
1.563600101144764
1.5622860613034377
1.5511433859843444
1.5161543447660903
1.4735375344649895
1.379423395784976
1.2675836706994084
1.5903815474943994
1.6170878695572535
1.6254267527321273
1.627659162016943
1.6211879597399823
1.6053530279415442
1.5689857222008285
1.512150119041748
1.4053311679415608
1.2789560788762735
1.6261546041969066
1.6488235130831035
1.6543647151355731
1.6557122344192732
1.6456301893297725
1.6263958398106293
1.5783528206504875
1.5229970953425105
1.4065058655086133
1.656502300477465
1.674313746466534
1.6753753578998682
1.6367272445136412
1.5208718215495631
1.393255494334202
1.2476906925559095
1.6764217918076072
1.6813405250355138
1.6820714658116578
1.6777161046883102
1.6583822212837596
1.630510775796756
1.5711922293377647
1.5049397289198776
1.3693571494068606
1.2171715120279358
1.6646840320885705
1.6704694705649068
1.6664639050043684
1.6600377474242989
1.6342277973451418
1.6010651741056263
1.5295381829364982
1.4608405992107223
1.3512442500039212
1.316370851083558
1.1538074584304612
1.645954278317162
1.6463878768129865
1.6400149775739803
1.6289510469789579
1.5977386335416341
1.5626842295317258
1.4889841339406533
1.4129589758048364
1.261099297958147
1.093779173211048
