0.5737722719486987
0.5850283388489026
0.5759662375775847
0.5457999596176285
0.5096994385119107
0.4771988388042425
0.4424897037887402
0.4106786496290538
0.3637533056591127
0.29238143888520807
0.6539073641421241
0.6720576847985757
0.6775373563475731
0.6777695027602414
0.6514145778272
0.6098262933168082
0.5704361298106293
0.5278837626011557
0.48882626387456163
0.4494163965470039
0.4107234435300358
0.3781626511516302
0.31444695378782145
0.738407328306586
0.7470453780756586
0.7537604071074901
0.7608710291725196
0.7622002412125386
0.7507727345813257
0.707585223673661
0.662208149770161
0.6120539909036194
0.5657772786639189
0.5191000381581425
0.4733734528573477
0.4349986020829383
0.32543478103287854
0.8231085033202002
0.8398769693710199
0.8435632211669795
0.8486282843910391
0.8495649041102382
0.8476024830086035
0.8114582425352794
0.7614466537485427
0.7035106401057927
0.6494158109874134
0.5947573286669993
0.541286285437969
0.49651707571146
0.4505337964968036
0.9545385815193722
0.9652004898493335
0.9730686789821404
0.9807780905342993
0.981981597193728
0.9731117100780577
0.9245391996269073
0.8562552114477476
0.7895964065476229
0.7215599356044616
0.6549662604446778
0.5993484335403124
0.5424144190928547
0.49194805355928517
1.0553509155843412
1.0666599146404332
1.075077664403999
1.082573260918443
1.083737741953435
1.0836514124991852
1.053694671715277
0.9821861723087029
0.9063418203733677
0.8274156346097135
0.7498451026261596
0.6850954706733381
0.6189447138535944
0.5604414215592982
1.0640025971671023
0.9833100700216049
0.8974981352814762
0.812711992529516
0.7419004359428651
0.6057707826124565
1.1897169439614192
1.2126040258873494
1.2188325676698248
1.2171131607065824
1.159700598375654
1.0752790889073096
0.9817667638803717
0.8884286544847532
0.810330562332713
0.7306460283894844
0.6603521890304566
1.279592310594477
1.3021383708597236
1.3084017330367728
1.2792717042197688
1.195479235988257
1.0933321854681854
0.9890384692525926
0.9013326404897353
0.811820825092909
0.732933711489172
0.6561365034326792
1.3542716007313131
1.3756298826377904
1.3825214883267274
1.3713184329088084
1.2988540197938507
1.191470061347938
1.0781083350940452
0.9820307975819145
0.8838380790189412
0.7973335004851504
0.7132158907747425
1.4588235918936376
1.4648111864668028
1.4640695206186116
1.4553661832353146
1.4154063740253602
1.379283788903779
1.3064854464131828
1.1836161772277662
1.077894500891818
0.9694722889253501
0.8739334235999304
0.7811224206587153
1.5233872117501739
1.544415426414073
1.5497614102135489
1.5319063885943713
1.4304946800011802
1.2996103402916521
1.1838342756453868
1.064281711190284
0.9588060254679197
0.856397925247895
1.6542038902064737
1.6588554539203995
1.6582083603166546
1.644647281958638
1.6346057937738467
1.5932296547640687
1.5345802120253986
1.4584676450559018
1.3304934117133862
1.1960816550695668
1.0769327443314018
0.9612429002126979
1.761124198697185
1.7652037229121817
1.7624466106807912
1.7463027765997798
1.7185221745321801
1.6724982839882774
1.6233144769600836
1.4861586813470806
1.3370709835754688
1.2036628625615449
1.0738743309872825
0.5754040070011615
0.571897667074558
0.6603072818564322
0.6673281953735102
0.6483402218055202
0.7471411505457446
0.7439160802344205
0.8336261264832097
0.8073070634594902
0.956350778633988
0.9604556120806249
0.9204711783398134
1.0601340496492586
1.0446308030331628
1.0943551923593633
1.118026484261756
1.1703116023825408
1.1919841560445246
1.1524460015555678
1.2562187880328215
1.2786617021218507
1.2652372861608252
1.3450298018944717
1.3488881656603113
1.2915713219920355
1.4023026657998658
1.474023605090527
1.5100969167415141
1.5080959810014918
1.423731984062237
1.6182958810669077
1.5788770429481194
1.7166323571145512
1.6152663176854605
0.5309230748719579
0.5409283295418224
0.5903811237349675
0.6014923084315857
0.6080063132563196
0.6863390146725226
0.6990300902800832
0.7061510376187988
0.7085194144611445
0.7057540856610144
0.7956692417494021
0.809805529151823
0.8172043258662767
0.8191350925470223
0.8147034401870465
0.7933335770407672
0.8802326872536432
0.8951717980578697
0.9029263976623394
0.9044875019605555
0.9041950337149178
0.9023278346856922
0.8985670960547297
0.8871748707148025
0.8727953244321816
0.9695752742150959
0.985820699456028
0.9932262196942973
0.9938141872677553
0.9911601948232694
0.9865492503487581
0.9726356536835427
0.9564736794538942
0.9229664650803947
0.8883804701959062
0.818241275213287
0.7854852896297877
0.7379702881665281
1.088649489696444
1.1053600086454185
1.1127867364862158
1.1135291279130455
1.1120533677485442
1.1074650623449462
1.1024714758522416
1.08518933517237
1.065942773541224
1.0320495478465057
0.9858345148273835
0.9532470629461792
0.9048730527571673
0.865903248056103
0.8124731475755786
1.1677525960773314
1.1847704092567908
1.1918056233464942
1.1901512600169757
1.1857814509333144
1.1787283881995816
1.1591131206844274
1.1376486369471053
1.0943086388652
1.0494406010454678
1.0133100498061687
0.9603218225037213
0.918988114167444
0.85975595766623
1.2712510437381435
1.288281575997757
1.2949424456607084
1.291752797150274
1.277878804967693
1.2309414648302905
1.1323820866141912
1.0329125810962763
0.9215034399267683
1.3631815739968314
1.3754401578178672
1.3748533953714313
1.365521161919373
1.3553700100946546
1.3306855729136209
1.3028367760880413
1.2505806335364387
1.1961693644201883
1.1601533353804996
1.0881901390294344
1.0417426060600836
0.9690166070257306
1.4765913239454997
1.4936109376391278
1.4984580030538557
1.4919409958983028
1.4823019666016932
1.4733762726940183
1.4447864584573655
1.413538786583297
1.3506006918261215
1.2923947803505247
1.2396126512136119
1.1732071478423525
1.1147589646029468
1.0407256418239812
1.5703575775422012
1.5868320807031113
1.5909913077454052
1.5830226963892853
1.57355903484816
1.5608425583259402
1.5291438658589296
1.4964030011566511
1.4308223779791232
1.3651556703853829
1.3229095753009512
1.235818386629091
1.1749910984026675
1.0940287307260956
0.5149167971022456
0.5254937411409021
0.5717857709636575
0.5835072378346814
0.589800709990655
0.6633581349896974
0.6765446219158735
0.6832517003081445
0.6781800488677463
0.7671620378752798
0.7820964799732305
0.7869735340682076
0.7887313498070709
0.7808620633960237
0.8476093789857271
0.8628316992657089
0.8673795451738704
0.8696210441043555
0.8674330206884585
0.8591369643531577
0.836892212543406
0.8093876289054106
0.9320209531908712
0.9485277309647198
0.953039830908635
0.9548875265712661
0.951153956866096
0.941445586567019
0.9149187764065296
0.8838685867664796
0.8167403668446693
0.7375357254717352
1.0443523710215545
1.0614511963847437
1.0662868151032783
1.067153927175996
1.0614366664212531
1.0492765924791099
1.0223518215404965
0.9808554161524796
0.9032128895031101
0.8119944712106505
1.1190221056067766
1.1358656465249222
1.1400935528778302
1.1411153935793943
1.1338795962618342
1.1199533460019888
1.084815941000402
1.044164693145863
0.9585822488243423
1.2163648746331581
1.2333912328169123
1.2374224494585255
1.2119029023415056
1.1266941697242063
1.0310485934753184
0.9209702582914155
1.3026761459314709
1.3096035874894318
1.3129400567652099
1.312749248468634
1.301935362599678
1.282995511527471
1.239838903865477
1.1902212258662856
1.0862527034566418
0.9684590524720746
1.4089789384551241
1.4256866099494787
1.4285578096654663
1.4272190941757117
1.4137521635619035
1.3920723541400233
1.3394596633608669
1.2860608874271229
1.199294021053669
1.1711291205131822
1.040132375114357
1.495937306292603
1.5126874756914255
1.5151979875407058
1.5129650124326182
1.4969990128275936
1.47376547968397
1.4188030668511487
1.358478023745498
1.2336517403494118
1.0934113584608178
