0.3263873844503379
0.336100510083909
0.33923793876924213
0.3283743212952936
0.3141917905352841
0.3014652573398951
0.28811364918437843
0.2762264118007213
0.2594098951350673
0.235832309560354
0.35807453713566867
0.3717863114092651
0.37700877718139253
0.38078387749230835
0.37374043588380224
0.35799294517301233
0.3426071084133984
0.32608529516992546
0.31121183485861387
0.296545834200134
0.2825582962676907
0.2711267100103603
0.24992050166275656
0.39231465816359
0.3983554714032872
0.4033356135741107
0.40938782680914393
0.41083066602127527
0.4122051445654279
0.39700829264903187
0.3795145875137867
0.3600020016200488
0.34219346312425275
0.3245168499975571
0.30755218769369147
0.29360439362813656
0.25579642921090173
0.4233493818503502
0.43482856381869706
0.43764736135624327
0.442311346015582
0.4441960975478656
0.4452677011890759
0.4347191931173785
0.41595301754695396
0.39351165042198416
0.37260336352786705
0.3516769687402944
0.3314715116377392
0.314787177060037
0.29795886912772035
0.46606081410721006
0.47252460764270565
0.47761273945214533
0.4834577051488265
0.4847231264250581
0.4853854315546277
0.4689380711319774
0.44305173438853374
0.41738036188191735
0.391194166165489
0.3656770236324938
0.34448398794954577
0.3229958051310611
0.30403419392763503
0.49416349269536874
0.5005436927506062
0.5055897291257646
0.5107911910619501
0.5120183342475751
0.5132318285260737
0.5050667574062074
0.4787858869311467
0.44989500804774224
0.4196316183946233
0.38988577241543854
0.3650742748233895
0.3398540071051305
0.3175313775967751
0.49980363834093006
0.46935923357325865
0.4366324361851747
0.40421144435039447
0.37709581322824837
0.32504827270009706
0.5253203098764597
0.5369831477101243
0.5411580312534471
0.5416011016699473
0.5222645108468046
0.49080242264145046
0.45543993644314956
0.4199599937947084
0.3901812648794972
0.35983792972869066
0.3329263509473083
0.5421316166783486
0.5524940067112134
0.556056936330207
0.5468435866358166
0.5161287849311568
0.4779733478354628
0.43875601207346615
0.4056324660986815
0.3718267801363112
0.34182851440889406
0.312411188137524
0.5536300313517667
0.5624189709765797
0.5655326573326308
0.5619517670148543
0.5355600734796573
0.49585539252922334
0.45369414789717943
0.41780543840275525
0.38111292571070454
0.3485463416938627
0.31662486309482146
0.5712258918888766
0.5732836128954484
0.57295300718788
0.5696317078451921
0.5547473924390769
0.541454065423657
0.5147456927857826
0.46964056441555074
0.4307265637377296
0.39082394004827226
0.3553988164753845
0.3207085531996584
0.5709628158023979
0.5773027457470468
0.5779622719727809
0.5704292602727166
0.5328057108681237
0.48532541502845056
0.44342380213101534
0.4002406089538715
0.36188541500026944
0.32437012763556805
0.5804630989884346
0.5804855234569808
0.5793598171363553
0.5727188683489587
0.5686793610882259
0.5527742888678908
0.5313655302326982
0.5040837233523678
0.4587529690947378
0.41149672023169415
0.36942650021385137
0.3283529126323085
0.5785764609101832
0.5779130949216664
0.5746490827013707
0.5666461240572898
0.5553591216608249
0.5381968629180136
0.5205180181213931
0.47266349014503917
0.4216597808585848
0.3760598254799512
0.3315947975174277
0.33173004699572795
0.3366155673815006
0.3665861787743323
0.3744277700770541
0.37183710387279595
0.40354347624052544
0.4081874832474421
0.4375229353913309
0.4323846495607745
0.47166321324911553
0.4789245789020503
0.4668285349454721
0.5019856220609982
0.500705476536606
0.5004130983748618
0.5175612441513721
0.5185955148301924
0.5306622278709586
0.5191001871585591
0.5338011013078168
0.544627517193111
0.5411446340512633
0.5511514905469067
0.5533728677772737
0.5327938483115858
0.5501120851615227
0.5541181812877801
0.5648224087363527
0.5626036421941476
0.530630528811852
0.5661423328100288
0.548605326808014
0.5588448713287825
0.5184992331501229
0.3054291476860322
0.31355566797344636
0.3316226074752942
0.3403714866710977
0.3464025053341234
0.370587202016188
0.38006321508566865
0.38634556347358384
0.3902580414068155
0.39152272772099583
0.4099375387350642
0.4197197630234703
0.42589311907519556
0.42957319134160943
0.430058960834218
0.4242919456185009
0.43647183691175806
0.446151967888121
0.4522107671480242
0.4544932721349304
0.4552743613307524
0.4556234723202763
0.45516536969874366
0.45217451722408725
0.44754693102938453
0.46070082388979533
0.4703433153559267
0.47571306137360936
0.47815087133182105
0.47810071533140047
0.477130473663693
0.47295310114300076
0.46751120148733455
0.45542371782415864
0.44256239455478086
0.41593811426823996
0.40346101728862
0.3852643296108009
0.48694338768987144
0.49560204015062503
0.5001015155998727
0.5011431368618443
0.5013169381470551
0.500347914697705
0.49891660356714473
0.4931329341316727
0.48632407163207364
0.4739199944487411
0.4566737662730394
0.4444066533594517
0.42614115060501834
0.41131415382159303
0.39096877535330843
0.5004688727277498
0.5082728117183716
0.5120211309719719
0.5122720168718109
0.5109919482720707
0.5087168137088428
0.5018521273680595
0.49403463400535463
0.478053470995025
0.46134906680362947
0.4478057877792665
0.4278764461074876
0.41230172876352045
0.38991649534580836
0.5133239730523762
0.5196622397385988
0.5222332153216553
0.5210980977215225
0.5159523068164543
0.49864320805060836
0.4621951416326446
0.42524603947224054
0.3839219677653921
0.5227203523259615
0.526081625956756
0.5254288272383268
0.5214293987095244
0.517419038527655
0.507986559444015
0.4976403046275519
0.47835121484276794
0.45832342485280364
0.44515389780046827
0.41886052579882954
0.40188065100267195
0.3753010381683121
0.5223002764766981
0.5254727327990015
0.5249859668762743
0.5207411340693074
0.5164251174402031
0.5126787711350388
0.5015255423022497
0.4897127179897889
0.4667714273923078
0.44596016281306744
0.42718133249980983
0.40367670935163036
0.3829162337800765
0.35668478676484716
0.51925901069323
0.5207845201738942
0.5189846365765465
0.5133490859145218
0.5087805279432921
0.503206783714407
0.49069105531578405
0.4785068149524836
0.4550202712401515
0.43199365314955274
0.4174332156806005
0.38731065165927064
0.36639998193475143
0.3386522119559761
0.298674824002305
0.30755265057568665
0.3239027378919077
0.3334398670155377
0.34005824950821134
0.3612585111831597
0.3714289272645661
0.3782010828967884
0.3812234036270518
0.39856431717599994
0.40926369024290044
0.4135484314337293
0.41575292629426264
0.41735468451444807
0.4237392721899989
0.43391594212116397
0.43754348451328334
0.44016140478438165
0.44189997523225066
0.44040921114009257
0.43351309178687586
0.42381150044792143
0.44627110666173453
0.4563171011602994
0.459695950827695
0.46182300272858473
0.4625382122187261
0.4602050845487597
0.45149169934513206
0.44034685969543563
0.41519360732401306
0.3850460526235095
0.47027275969394283
0.4792469121870021
0.48237988544530175
0.48349966730990335
0.48275868792640364
0.4790405691703093
0.46967840204363587
0.45449415244863284
0.42541374637006285
0.3907592526896694
0.48247719342637224
0.4902548731883537
0.4924715470346341
0.4934766846394692
0.49163774972517427
0.48688242233982926
0.47422580462291875
0.459227410962684
0.4271819377060543
0.49342312416582357
0.49976456686005866
0.5012200456859365
0.49176559991694424
0.46017310981557
0.42459665328834006
0.3837417500727845
0.5012035094637485
0.5031835635305119
0.5038960916517317
0.5032022494111137
0.4985108386126104
0.4911385783474455
0.4748751384991657
0.45642554676398234
0.4182620593061448
0.3751369599622937
0.49903450059287907
0.5016909838436718
0.5010771868622552
0.4995494195174056
0.49280241550888015
0.4837413218732434
0.46375007755647574
0.44428135988085105
0.4131189146520514
0.40315569218305886
0.3565482161726633
0.4945840831453051
0.49552233762205383
0.4941028241031843
0.49126816715413313
0.48281134702761547
0.47304520896705315
0.45221086163495244
0.4304842309425779
0.38685845680252434
0.33853822122617916
