0.7557448792140156
0.7720388167690333
0.7600900192179415
0.7189972906450174
0.6707126947071894
0.628197900788175
0.5837334374728268
0.5439181326207805
0.4867936010564501
0.4038149176347299
0.8215701297528059
0.8460280815501474
0.8533454325595885
0.8536002956936516
0.8187761883959433
0.7648522481109717
0.7148206266560919
0.6617813335187612
0.6141079356996328
0.5669569937797694
0.5215699938139922
0.48408486454859906
0.4129034735549276
0.8903026706156232
0.9011788305171154
0.9095708212195097
0.9183489251960133
0.9199329727301278
0.9046113402649687
0.8499706886627153
0.7938470334741566
0.732904382589319
0.6777578690458446
0.6231348807352587
0.5705459127252974
0.5271199435207459
0.40715818560107847
0.9517791513536702
0.9713482845376965
0.9755419563922487
0.9810623326259815
0.981879778867387
0.9788420103425133
0.9336678653139868
0.8732992981762835
0.804682478241082
0.7418096279864556
0.679342829601636
0.6191743532841553
0.5695090018799043
0.5193015202571325
1.035124579468062
1.046150242265069
1.0540697429342025
1.061345208122313
1.062246355045266
1.0493311935312026
0.9918571791778384
0.9138639828067235
0.8393400067891688
0.764471713100794
0.6922093914808174
0.6325934869737355
0.5724100426298021
0.5196433148368712
1.0891750941431795
1.0998703550372386
1.1074739265982894
1.113322095060435
1.1138588077643996
1.1124581370022946
1.0754058295384206
0.9952193188839835
0.9127762414131347
0.8284675363764336
0.7467277769886279
0.6792711337928287
0.6112827207049597
0.5517302168838661
1.044260221305861
0.9578933711321439
0.8678850396831289
0.7801978261318261
0.7077940237279954
0.5710761217101602
1.148561824500508
1.1661538893939771
1.1685721757727932
1.1643771720384037
1.097828106441392
1.0086922731299441
0.9125576974742844
0.8180892910093625
0.7399776416860563
0.6613179273365797
0.5925637938329067
1.1802838179057966
1.1955192169680864
1.1963173327198093
1.1584401322275713
1.0702817968467921
0.967628702739725
0.8648647233029698
0.7795665397975285
0.6936902854573381
0.618728451582667
0.5463055101241957
1.2018665092170797
1.2146692356975204
1.2150861380407085
1.1968556227445062
1.1190030944334426
1.0126127366332864
0.9032955175267916
0.812035572442073
0.72011410575306
0.6399389773179481
0.5626050600351103
1.2310405654055292
1.2306697634000234
1.2262982522008343
1.2133093333345046
1.168820821013267
1.1322276246508796
1.0615138735329979
0.9455878857475377
0.8477467188644271
0.7490839079422975
0.663051245047656
0.5802186298167225
1.23418806757796
1.2426310446444975
1.2374746371318557
1.2119556873822912
1.1098016855777304
0.9885645339300114
0.8842438453544201
0.7785406235507198
0.6864444176663588
0.5979048309681468
1.2486181668400516
1.2453772926191624
1.2404448536652921
1.2198986397736495
1.208447121030609
1.165902348720952
1.110587846549047
1.0419763363866754
0.9301560121755306
0.8156887034308467
0.7157307845561149
0.619836379417438
1.2453420134878528
1.241473406066646
1.230913057714897
1.2087076927718192
1.1790260941047972
1.1353349513723077
1.0911130848328834
0.9737929115823255
0.8511672974849518
0.7436402632226145
0.6405061646299991
0.7584641620468396
0.7543230937799642
0.8302003793463555
0.8396243278220459
0.8146916519761667
0.9006462187929932
0.8959688594752564
0.9621341654894531
0.9287509594135115
1.0340748170142624
1.0355170381404208
0.9874641433210662
1.0883610384537654
1.0662192494433864
1.0928896648885575
1.1070119257547029
1.1264019093845954
1.140945057999835
1.0911850115025277
1.154989090088938
1.167684398719962
1.1463050031010995
1.183898767231115
1.1783830514833638
1.113134956648129
1.1588301265119536
1.1939661349457635
1.2085375762104424
1.1948071970002665
1.1051178272824431
1.2079377838222998
1.1566399364901425
1.1909517008828254
1.0865228369481685
0.6953510385514574
0.7098894450975292
0.7474197568508486
0.7627179895453313
0.7717572737759364
0.8234463920842466
0.8394889130865172
0.8483408231260144
0.8512223590301713
0.8477425486714102
0.8986376352159302
0.9145881532608968
0.922641783166387
0.9242050396215609
0.918346407374959
0.8925302983082021
0.9485810803143415
0.9639282058051715
0.9712406976057569
0.9722143791075077
0.9714292520170975
0.9686980867292565
0.9639542745266225
0.9502231676305195
0.9334961570772005
0.9936498249855139
1.0085097420964786
1.0143549353153736
1.012854901007612
1.0091350539720736
1.0033110848771623
0.9868038037337985
0.9685546829943221
0.9314539558415803
0.8939345942565231
0.818893962258961
0.7842199748199419
0.7342869540539434
1.0418955473369815
1.054786483573993
1.0586252688700042
1.0577256854990564
1.0545253374178323
1.0482488559727974
1.0421831163340338
1.0222249724129675
1.001247980013653
0.965295195357485
0.9173434449010311
0.8839454167942611
0.8349298579446486
0.7955708998347304
0.7421873178980972
1.066485751977197
1.077597420977493
1.080131535290972
1.0743765627044062
1.0681512606728532
1.0595277802858558
1.0375032152793684
1.014650859570483
0.9700989176801422
0.9250285973135548
0.8892111540941242
0.8370906667361357
0.7968760681802902
0.7396599236298267
1.0897261114121706
1.0982450811769588
1.098470632726963
1.0901217545061115
1.0724503096328732
1.022879606467731
0.9266159943375336
0.8325351489307621
0.7295953830536704
1.105219905930927
1.1062033066651664
1.1013099424150934
1.0872830065614147
1.075116635942925
1.0488054176287394
1.0209620882429784
0.970895006011084
0.9200234868785943
0.8870000428767596
0.8218262221722605
0.7801670853090807
0.7156636110020252
1.1055680148279654
1.108545838188865
1.1036056250437305
1.089859390588217
1.0774946251305446
1.0673418393316272
1.0380044068422287
1.007811862563789
0.950497549648555
0.899387483582524
0.8537185969803828
0.7970632522859651
0.7476786031556188
0.6857619432444855
1.0995362113159697
1.0999496698463502
1.0929824236380936
1.0770704929384654
1.0649408382771233
1.0506013194747033
1.0189619307019848
0.9888536070805699
0.9313973810845749
0.8760466538782719
0.8411230920492012
0.7700113232821516
0.7209942868895077
0.6566839155236528
0.673286752516243
0.688714868983475
0.7226652344189983
0.7388440730644904
0.747785622823484
0.7944177891500604
0.8110195689236533
0.8195110223618083
0.8132790703058036
0.8645840462549486
0.8813505034164512
0.886641973993707
0.888384399201919
0.878222087741481
0.9110879281520694
0.9265879914115733
0.9308771809445219
0.9326840349693003
0.928973163541466
0.918843601842508
0.8929332351002458
0.8617765407090673
0.9522934232447746
0.9671135906683188
0.9708578734232776
0.9714646060760465
0.9652974441356355
0.9535700430479166
0.9234890194812245
0.8895003354878321
0.8174403040797407
0.7338739260185954
0.9956143862675977
1.0081655227640944
1.0106406445526313
1.0099990795588651
1.0007153615544266
0.9862376988594667
0.9566362174805007
0.912947657218982
0.8334942016332895
0.7417847563456338
1.0174280824695894
1.0278784895559578
1.0291465732800227
1.02752918669842
1.0161895550653712
0.9998051378044975
0.9622304666954107
0.9207086408167792
0.8357029490435547
1.0367226717004667
1.0445676517135258
1.0411380608761571
1.0083964301903057
0.9224209635898891
0.8312063805315952
0.7292323497050422
1.0489195663913193
1.05054771876094
1.0494419430973057
1.0446210277818253
1.0284513176674939
1.0070588254100008
0.9635022109878946
0.9160073777638176
0.8205708125994822
0.7153219443818478
1.0459337225262233
1.0476095116508384
1.0434954317580496
1.0382805759978841
1.0187278605347583
0.9946550295801861
0.9438375234607909
0.8956882148097302
0.8198978777567495
0.7959129660460268
0.685457400538559
1.037506443109007
1.0365417314035568
1.0315692553252334
1.0234507816776994
1.0010316717646819
0.9764153119175223
0.9249792206063581
0.8725844448475086
0.7689595719321185
0.6564106650729029
