1.244333189309007
1.2797026662659938
1.2869073941123406
1.2414826863310402
1.183251267276599
1.1308298632020855
1.075575355286816
1.0259576750197394
0.9548208618046823
0.8522060971600038
1.3726109984725654
1.4234926458580404
1.4424434114745674
1.4550044105312347
1.4237010750808334
1.3588711336007535
1.2959158174927023
1.22807313244466
1.166644743878713
1.1056264693651854
1.0468373686673107
0.9982749293173778
0.9063794159450447
1.5107568975122607
1.5334565588924816
1.5520604023228048
1.5743880793498777
1.5796133320971808
1.5811327265469273
1.5180772820207282
1.4466861921794334
1.367009913727624
1.2940201893239036
1.2211688310220818
1.150750706869667
1.0923855893022807
0.9308971927254351
1.638367020930662
1.6818484802835687
1.6924263486994584
1.7096914333754187
1.716397609418975
1.7196309870818607
1.6746829072093687
1.5981626599426948
1.5069124896323023
1.4217345194767463
1.3361592829748665
1.253116337266364
1.1841221018947445
1.1141155128996445
1.8186664287711545
1.8433172060324017
1.8629508919664364
1.885281184531912
1.890036937751042
1.8909936442661306
1.8235629074284037
1.718740527754621
1.6148575636792184
1.5086482459462307
1.4049039928425382
1.3184188436935118
1.2304579060255338
1.152498210270709
1.9405784291266304
1.9657340791853466
1.9855923830773454
2.005954224825658
2.0106636623255727
2.015258167240715
1.9816537046035185
1.875582602138264
1.7590202183350334
1.6368147919027425
1.516469483649225
1.41587375531419
1.3134517353174313
1.2225524394966139
1.9695626265266586
1.8469635807389762
1.7150579272668072
1.5841798578305262
1.4745440317322573
1.2636879636179457
2.081983660277868
2.129467532536591
2.1466409244032865
2.148653235517117
2.071648359351773
1.9453778691047052
1.803068846157735
1.660104689799243
1.5399472502817497
1.4174545177121995
1.3086644163572632
2.1625720663817383
2.2058757863462852
2.2214330636062467
2.18627967217345
2.0637973857907186
1.9105714862252574
1.7527634657806925
1.6192954657200094
1.483061331388581
1.362050555445346
1.2433547233705156
2.2207768383875273
2.2585156160271787
2.2729030580949625
2.260626230237211
2.156594248766196
1.9976184972269893
1.828022909463787
1.683545569603814
1.535641134086572
1.4043373270783062
1.2756249354212807
2.309531623051545
2.319884854777002
2.3199030132836875
2.308189625085912
2.2506229704333474
2.1979159636542316
2.091223514873366
1.9099996375094297
1.753307971808922
1.5923968881716668
1.4494705213650005
1.3092817041784772
2.3211654647179305
2.3510038648194724
2.357522747174316
2.330737134841026
2.1827645389423633
1.9923243954650478
1.823501877530305
1.6491429891385252
1.4941470197003497
1.3425192775737886
2.386940998554904
2.390115728372367
2.387382656203355
2.36420277113683
2.3490546043360934
2.2873800411803686
2.2025095540599193
2.0932483426743063
1.9105177672317717
1.7192088474347444
1.5487428577065994
1.3821220164648316
2.402942765157703
2.4035372398146384
2.393958498482765
2.3652818580675707
2.3222076803323697
2.2547739476962443
2.1845084058756132
1.9918663495054794
1.784998148175987
1.5994429483256416
1.4181970483291508
1.2623090933821668
1.277033143507231
1.4027733695122528
1.4308365768647944
1.4164831852960846
1.5509979549941442
1.5657487711932763
1.6896816708433007
1.66567077542332
1.838758895412196
1.8655191930243842
1.81528698530301
1.9705506758528835
1.9643079219325859
1.9726785105381373
2.041059715316059
2.0550799235791253
2.1043609263676215
2.058802031208923
2.129283241248224
2.17540047682614
2.162840723423822
2.213240226056747
2.224956042651569
2.1450338473882695
2.2309999548904758
2.2509286288538997
2.3013789094670893
2.2971752000539465
2.1733412464305157
2.332678818117493
2.2689862972100734
2.330263923941626
2.1752779115414955
1.162032957831864
1.1917954402108466
1.2661925971167158
1.2984443676922128
1.3203063115797107
1.4235598183640625
1.4589057381694759
1.4819809376929518
1.49576031569986
1.4992609861138368
1.5863648194608526
1.6234858271893517
1.646574821553883
1.6597635333971252
1.6604536982023081
1.63559233316812
1.699382770583935
1.7366963631735177
1.7597909685338657
1.768241655899453
1.7709929039275893
1.7719294649885033
1.7696327049731595
1.7569264709969747
1.7378016269198882
1.8060079711034307
1.843967940826496
1.8649484521155706
1.874233614809867
1.8737664484850989
1.869668356181243
1.8525605850767277
1.8304512338873102
1.7815159923148318
1.7294970520025035
1.6219278117858187
1.5714188435588268
1.497775536732175
1.9275130301348113
1.9627665801525256
1.981320003680312
1.9856864170765887
1.9866352336952027
1.9828724591708398
1.977221838436075
1.9542241237472975
1.9269900764939571
1.8772134977873165
1.8079130081656922
1.7585532597737334
1.6850278788046265
1.6252123385655721
1.5431757628077636
1.9946603295768743
2.0274745491238306
2.043676651160045
2.0457139024456366
2.0410193764969407
2.032255139504624
2.0052711853014027
1.9742569951791273
1.9104130240484236
1.8434005338287196
1.7890095374525392
1.7088509236812381
1.6461067836162275
1.5559882390692448
2.0652996394187215
2.0935599406256262
2.106069877196994
2.103399152088503
2.0843039805714247
2.0164780141013536
1.8709058874438242
1.7224932243845092
1.5560062266329868
2.1217578858668635
2.1394524192197406
2.138387302662529
2.124726857960625
2.109508643048696
2.0732419320011046
2.0324865102234835
1.9557614636477407
1.8756088809047884
1.822755091985065
1.7169357591020595
1.6484624797786498
1.5413228461591448
2.1455105224303286
2.163212753801094
2.1653641656815554
2.1518086196326043
2.136142247385908
2.1220979447591
2.079081278610206
2.032674129042288
1.9413830984744551
1.8578156615513577
1.782176297928737
1.6872145443311253
1.6033453132503241
1.4969653829862168
2.1547136260483675
2.1670133107379193
2.16449876488537
2.146051985019161
2.129404518547573
2.108548822878073
2.060224906969501
2.0123284063950444
1.9185275169370646
1.8258964517530438
1.7671140177107036
1.6449183612217764
1.5598921734182918
1.4468336248747304
1.1347902288212255
1.1671654533769096
1.2350477952344836
1.2700586541143664
1.293762407254016
1.385927158999079
1.4237125032949134
1.4483231914272163
1.4570076481104293
1.540544032638246
1.5809968252629054
1.5969665047793136
1.6049959214397123
1.608725973057425
1.6480539440622042
1.6871843892481693
1.7009998702579792
1.710768919576062
1.7166247088356676
1.7096518824537172
1.6811571553769975
1.6414683755757373
1.7478543946064113
1.7873816520376105
1.8005498757779392
1.808766684523842
1.8111147449708
1.8013705636266042
1.7658591632502874
1.720671629822758
1.6189592015810028
1.4969039368085404
1.860317940987396
1.8970402420756387
1.909897654533133
1.9145865098093917
1.9120354234753998
1.8973443441007625
1.8599237601248095
1.7990109384024722
1.6820453007550855
1.542311758654887
1.9220763538666867
1.9549916946052328
1.9646551898369344
1.96937152858324
1.9630604347379645
1.9446574237694236
1.8945288838543557
1.8345703980238046
1.7059416820812847
1.9849859079376528
2.0135726526558537
2.0221322024710413
1.9873153662640217
1.862253789436549
1.7196842497532137
1.5552142496008639
2.0347248898117365
2.044827677107787
2.049405305336916
2.048576212711254
2.0322886236845052
2.0043201187181228
1.9406124433399525
1.867282427061621
1.7142701559940456
1.540575342609152
2.050755871005231
2.0673913355807145
2.067949603116069
2.063663406771535
2.040062366540395
2.005879542851961
1.9276649284432592
1.8501188162365232
1.7249908683924875
1.684768410370962
1.496299767136758
2.053940991896543
2.0648722853213903
2.06236166707087
2.053835098293617
2.0238668274256364
1.9868952525811916
1.9053119861417558
1.8186983435719355
1.6426882893202943
1.4462402495456192
