0.33054807600063724
0.34023403934806346
0.34291827987696677
0.33156963879111834
0.316983860219019
0.303987835602626
0.2904730248498061
0.27854501945652016
0.26189284028940313
0.2392612704078718
0.35978863778723236
0.3732921232110426
0.3783597976185362
0.3818503620174875
0.3741619486356179
0.35787900541352724
0.34214578660822687
0.32537386457688794
0.31038600972426295
0.29572008461209953
0.28187498876525346
0.27072761407125934
0.25039067464275966
0.3912637946646983
0.39713371790076235
0.4019476923276206
0.40772879172218385
0.4090812153905033
0.40961645184302936
0.3937096419827758
0.37577518710999164
0.3559343361592454
0.3379473919440959
0.32021420390272337
0.3033218895063551
0.28958655430638797
0.2530304927943171
0.41907122095807875
0.42998849851597964
0.43263375778947427
0.4369272522904596
0.43858791635365907
0.43932106600557996
0.42778367703561887
0.4084430861695146
0.38559404491131394
0.3644400327132373
0.3434029816681177
0.3232286876248567
0.30669734219158745
0.29010587069206617
0.4560849636363096
0.46205685331872237
0.4667039008467294
0.47189312169149866
0.47296217018454884
0.47250207012287726
0.45500393281539026
0.4285287624584626
0.4025534818962639
0.37620852462143806
0.35068236329004193
0.3296121009702589
0.30831195251629456
0.2896275668354315
0.479356835523467
0.4851008754377604
0.48956077620178673
0.49395327555682844
0.49491156533521413
0.4956567540271612
0.48602366233808025
0.45887034671298477
0.4295951264970419
0.3991992857895119
0.36946543064698495
0.344805034425939
0.31980085857435253
0.2977775369117479
0.47646754898462274
0.44556674423139164
0.4127221233093349
0.38035677930781175
0.353438240199064
0.3020061654084149
0.5036785012276667
0.513530335273858
0.5165271937328474
0.5162817130643965
0.4950232789681051
0.46298371881435474
0.4275125034018705
0.392162821190859
0.3626589015611761
0.33267426898154645
0.3062015955899706
0.5157503201590028
0.5241299161358717
0.5262984832435555
0.5149886083696893
0.4833006577846529
0.4450222301528024
0.40605117834091853
0.37334141192323456
0.34005934933972565
0.310665246611455
0.2819408672619995
0.5232698144039697
0.5300979645337222
0.5317365730572197
0.5265224858262919
0.4986884447635241
0.4587668314372302
0.4169562987696588
0.38162567582238943
0.34563453391204657
0.3138521379973386
0.2828177609740154
0.5342508059607677
0.5350821714600763
0.5339746894658719
0.5297079028290727
0.5136308364247595
0.4999921037909862
0.47313912398751024
0.4284791545492129
0.3903085876467756
0.3513438778371829
0.3169480993225096
0.28340907692261
0.5317054809366335
0.5358491608582366
0.5346245618372102
0.5254915833685119
0.4867299857379372
0.43971881578987443
0.3987667244536569
0.35680129216996337
0.3197675378332706
0.2837251049454104
0.5333802592034785
0.5321882587245278
0.5303624907854281
0.5225240345386494
0.5180750443697519
0.5014910129143497
0.4799609573184999
0.45303756803500356
0.40888119519749677
0.3632348441717795
0.3229224912958135
0.2837935623242037
0.5264278172413812
0.5246809406344273
0.5202806267081542
0.5113149870171594
0.4994458233390601
0.48206554325865597
0.4645522848135981
0.4179821063204011
0.36898262116251346
0.3255959365586487
0.2835851745514137
0.3356995633692077
0.3402650447859562
0.3679234561336199
0.37549300816776127
0.3722631548063607
0.40171873443225947
0.40565186322288227
0.43176134371949243
0.42551428878077097
0.4604389607939381
0.46629908501078743
0.45299870299568085
0.4850479264502708
0.4819324206419191
0.4824001808049893
0.49590528739327305
0.49649039057677113
0.5061872897381657
0.49214062613069326
0.507050465385529
0.5152718028143106
0.5098374941088919
0.5187904099936057
0.5188404524451883
0.4962412417726025
0.5095714657355833
0.5161468890596583
0.5231452905138299
0.5187042974859991
0.48487829796777654
0.5179340365947422
0.49798760583586926
0.5048314905426333
0.4629212683441152
0.30893507258523545
0.3170770056367503
0.3333757374813326
0.3420315181153994
0.34795065343138126
0.3688832203196573
0.3780744210068264
0.3840700423146425
0.3876729720337284
0.3886905377600803
0.40354944749470145
0.4127400606014801
0.418417342463136
0.42160529536682184
0.4216609851663757
0.4152856138889457
0.42597514095627964
0.4348380239513268
0.4401940001135399
0.44208246835314957
0.4426401943561163
0.44269268951325463
0.4419788866355076
0.43854468387023876
0.4335994853035788
0.44551731417561646
0.45405211858997135
0.4585695750845374
0.46018722113812055
0.4597928919948915
0.45850168846823564
0.4538086266280753
0.44801750778771576
0.43551673446624695
0.42242298894974567
0.39556757713773094
0.38306171688940843
0.3648720309780165
0.46514172711031043
0.472404534560505
0.4757653153560809
0.476307739007741
0.47598206189632153
0.47450554325477273
0.4727765192310206
0.4663822752666176
0.4592055571765329
0.44644781195353345
0.42897594846843723
0.41662360196016557
0.3984202087689989
0.3836191263384884
0.3634647180760864
0.47413622684204226
0.48033010746001825
0.4828289602784504
0.4819955693165299
0.48024253031502234
0.47754461926648367
0.47005761281389047
0.46187178364878184
0.4455403675386478
0.42873226301527784
0.41518723228487087
0.3953649534431737
0.3799425690712296
0.35790248968133714
0.4810669313650505
0.48554219344331945
0.4867412214122987
0.48441861375433365
0.47832891492172364
0.46007479169943394
0.4234128298458549
0.3869189259093129
0.34642121699616
0.4847962586296896
0.48602371461021
0.4844414299858586
0.4794406651188044
0.47490822051148013
0.46495523785803616
0.4543227044127725
0.4349334803711644
0.41505299746055596
0.40211521828034197
0.3764111158904377
0.35983912707301313
0.3340349770064711
0.4788166965658678
0.47994332047943605
0.4779163437942985
0.4724234152310943
0.467546029112316
0.46350064652264594
0.4518839215650272
0.4398878836262972
0.41714246022446133
0.39680914659558153
0.3785622776787504
0.3558397186415316
0.3358581935209615
0.31076963296707655
0.47118487990581953
0.4706693119897366
0.46737033911431697
0.46054799650053707
0.45550942979012243
0.4495804249839896
0.4367294520464687
0.42455313152673085
0.4015118437992472
0.3791923942166465
0.3651703625908307
0.3363624601472015
0.316482452486813
0.2902657412334965
0.3019301877315158
0.310821148321359
0.3253967353493178
0.3348231009223199
0.34130806638387073
0.3593170957058082
0.369112578787363
0.3755708476744256
0.3780493670234285
0.3919505474806761
0.4019615647444773
0.40588502145619393
0.4078436693211222
0.40860435863022515
0.41303320767436985
0.42229633094196717
0.4254898736609748
0.42771505652967134
0.4287950236063346
0.42683892495384274
0.41939326049024617
0.40934957958955076
0.43094334112521865
0.4397428146415342
0.4425779254386283
0.44420103044945153
0.4441033732746841
0.4412251213438196
0.4318769523413205
0.4203808406998412
0.3948876296327413
0.3646751259622939
0.44841956419176765
0.455804372484283
0.45810739577176113
0.45872474866664575
0.45696006257908833
0.45261151473362776
0.4426273978558421
0.4270263415697617
0.3977780350146473
0.3632831610005164
0.45617887105085164
0.4621990130370261
0.463620616980706
0.46389424551631364
0.46094705044500384
0.4555174684580001
0.4421644246792965
0.4268752378627009
0.394767198385053
0.46132980262266576
0.46567712728357574
0.46544798623695344
0.45412371401216317
0.42169667749328826
0.38638016293720207
0.3462766184001362
0.46354475696108827
0.46451841385250714
0.4643716203518879
0.4627797593314864
0.45688104234699795
0.4488229383832319
0.4320260537507043
0.413485202381811
0.3759306713011306
0.3339088892378815
0.45611150182760213
0.4565234793246933
0.45479216942882456
0.45262493710733687
0.4447182389290153
0.4350333278639891
0.4147215406622095
0.3954857249904747
0.3650740446467206
0.35544548306711626
0.3106730790604111
0.4473847622892179
0.44605582680819844
0.4436325034792913
0.43996919692040143
0.43046269792912073
0.4202447562442367
0.3993390137659911
0.3780506515194778
0.33603896551462076
0.29019186723152907
