0.4614067079396056
0.47350409222888473
0.4727973503413441
0.45320259900332865
0.4290900478438024
0.4076736210514059
0.3852624961882858
0.3652579542044115
0.3367436150230918
0.2959368546088689
0.5006845853269298
0.5178693261431329
0.5238620904763213
0.5268061096985143
0.5118201115111355
0.48496273022089753
0.4594681742267649
0.4322784110503356
0.40781691894232025
0.3836488158065388
0.3604510125612974
0.341349258106263
0.30534140760976974
0.5425243466525935
0.5500294689888666
0.5560527982978584
0.562963795137217
0.5644624070198693
0.5610691191035381
0.534400415639005
0.5056405603071593
0.4740119752786838
0.4452832765030756
0.41677478791742995
0.3893130779716978
0.366628528081962
0.3041131107222281
0.579462267617981
0.5932024683012608
0.596393738093903
0.6012502025085973
0.6028001992500042
0.6026254718510691
0.5819178409812171
0.5510230890421886
0.5151172878214685
0.4819530324303804
0.4488539021530392
0.41687612744290825
0.390401291009503
0.3635913324057154
0.6286700954795625
0.6362213937148801
0.6419287686723276
0.647911605545491
0.6489886879137394
0.6453401542596284
0.6167595439210718
0.5757168161426844
0.5358578148911257
0.4955219973318425
0.45633035807423133
0.42380504865287316
0.390812522290151
0.3617056674635275
0.6597179422958476
0.6669836866917963
0.6724473769315601
0.6773908535298847
0.6782861724620373
0.6784972447630848
0.6614175902192362
0.6193961075235204
0.5750309848807679
0.5291917911474486
0.4843730559921888
0.4471150341173119
0.40930840785292916
0.37593778217831936
0.6450788353939866
0.5985097700255543
0.5493684022940963
0.5010389403795045
0.4608087786584549
0.3839569449703023
0.692462399242638
0.704642717569526
0.7075882009354308
0.706295589096457
0.6725081064448831
0.6244172312660337
0.5717436088180166
0.5194337365042494
0.47579681690615594
0.43151587558609494
0.3924530349715938
0.7089315461725562
0.7193110631954845
0.7212500392926587
0.702527494188831
0.6550558991763783
0.5986329055169227
0.5414904740543642
0.4936137461456903
0.4450184037051882
0.4021859020070522
0.36037626454039334
0.719379547644276
0.727887236506668
0.7291996642547459
0.7203817152727598
0.6786043099586978
0.620113663385057
0.5591001750490266
0.5077284555674653
0.4555770018793212
0.4096319098002057
0.3648505229426456
0.7341945672613495
0.7346109550533809
0.7325875749139009
0.7258796351948722
0.7018559077056146
0.6818200924103986
0.6426933392442328
0.5779647170278964
0.5227964409977396
0.4666984508916921
0.41730821902861037
0.36926315029572304
0.731850352484309
0.7370735484455079
0.7346507855710465
0.7208845170534026
0.6644082718765854
0.5965952713516582
0.5376712086398635
0.47758022189496674
0.42466343308213733
0.3732945521029024
0.734903986698484
0.7330229580352896
0.7302732639448766
0.7187236074230143
0.712312052280225
0.6885083631122039
0.6575162268296644
0.6189556302607963
0.5557424379765822
0.4906589915215527
0.43330505742229314
0.3777606323282425
0.726768160776896
0.7242941802772142
0.7180214651211647
0.7052212963394577
0.6883135496212971
0.6635360031074146
0.638591644437054
0.5722133435588854
0.5025304741554482
0.44095163481602306
0.3814337002802919
0.4663949002523482
0.469173082879853
0.5095422605292486
0.5181153722429166
0.5092482398659621
0.5536602536233924
0.5556871443613793
0.592335332920355
0.5788552365117655
0.6318887689769316
0.636907244567289
0.6140530734422742
0.6639968348354285
0.6558538240145607
0.6623882672422624
0.6765342569821087
0.6811736539009724
0.6924232882448352
0.6685524757987638
0.6956732754115583
0.7052455420637104
0.6954223026252925
0.7112037930651184
0.7097124518055775
0.675210586852724
0.6961969369464844
0.709584146619623
0.7184589611825456
0.7113017404763329
0.6617865226705951
0.7123656868718454
0.6834823544128891
0.6958109799014592
0.636197178607439
0.42860395679657315
0.4389612111859276
0.4609027433770773
0.4718288646120989
0.4789457849433499
0.5076887563961248
0.5191620593942599
0.5262427878437159
0.5298980063328907
0.52981651469017
0.5532509683031233
0.5646439910542298
0.5712246424267445
0.5741515193931183
0.5726835989145173
0.5609656630216066
0.5828170777194924
0.5937335292859378
0.599840395472752
0.6015785260816197
0.6018051040496722
0.6011336488691083
0.5993467234335358
0.5930787942980839
0.5847763499546119
0.6087191837790468
0.619202770786468
0.6242323907508607
0.6250970790790531
0.623813044419684
0.6212831017932129
0.6133085434754852
0.6040262728534066
0.5845712209767611
0.5645261750455941
0.5238482506916058
0.5049143394276719
0.47747999666628915
0.6350263206260919
0.643965129533322
0.6475212329810636
0.6476900401684299
0.6465835571184981
0.6437898447000012
0.6408644655749858
0.6306608090522475
0.6195991041084378
0.60028413599396
0.5741522623607225
0.5557937034494095
0.528726996386443
0.506846801620607
0.4770136012132338
0.6473406890900365
0.6549336661367503
0.6574763416868897
0.6552766463158548
0.6522711267832267
0.6479155551817061
0.6363583816475037
0.6240429903813778
0.5997123377961214
0.5748521121777408
0.5549821591761027
0.5258958626166513
0.503330012429077
0.4710566759256628
0.6572791866505092
0.6628510043826961
0.6636954095190479
0.6596506996816637
0.6503035452063459
0.6232079873366837
0.5696598103127813
0.5167302111516546
0.4582106758467909
0.6628073758812174
0.6638325323081024
0.6613327760300413
0.653676466283513
0.6469667500113271
0.6323879043820079
0.6168848875675904
0.5888377223656945
0.560178324592809
0.5415319722184544
0.5045359721628032
0.4808048437320067
0.44385533083526646
0.6562310652192099
0.6576710031046564
0.654671456459436
0.6466663035429414
0.6396459358049935
0.633847824508295
0.6172002009204506
0.6000452940332759
0.5675276823128745
0.5384286536837921
0.5124697103555238
0.4800950806015332
0.4517264101651569
0.41599750421816417
0.6470524169796337
0.6464484987325234
0.6418938142087821
0.6323586058890222
0.6252078555990013
0.6168371940795584
0.5986375114270964
0.5813445006140155
0.5485735022972239
0.5169498527351161
0.4970133464596102
0.45618739170050715
0.42803058174950614
0.39084797497205365
0.4173669555758245
0.4285570075253024
0.44821197270245355
0.4599803446129536
0.46752597485065556
0.49265043071449804
0.5047696772635224
0.5121049714072485
0.5124849143385003
0.5353621586653572
0.5475981620524792
0.5520594837524139
0.5540553598369834
0.5520074819019012
0.5630052535477035
0.5742727388385895
0.577878863567291
0.5800877804222532
0.5799498678672551
0.5757673073155676
0.5631543075153737
0.5471152009746395
0.586655654118725
0.5973389390163614
0.6004634839685808
0.6019073561217055
0.6001886030385643
0.5948627912737118
0.5796793129799925
0.5617915663693267
0.5229446001671928
0.4772208512650861
0.61006565624223
0.618982864938735
0.6213775966317585
0.6216709522242557
0.6178112136021134
0.6106188576625571
0.5950923387751401
0.5715098862115079
0.5278607230690131
0.4767699688855468
0.6207369581038703
0.6280080878414447
0.6293862171782495
0.6291311912497686
0.6238335443204667
0.6153137294865941
0.5950811487281972
0.5723074407710509
0.5250784216671212
0.6282855558086307
0.633538792830953
0.6323589610991357
0.6149661626731167
0.5672656219571648
0.5159764265874968
0.45800710417966156
0.6318783885775092
0.6329285852328702
0.6324426365728401
0.6298684959564035
0.6209942109987671
0.6091159612659852
0.5847215157664248
0.557952338527911
0.5038485159868821
0.44367221986074945
0.6233847007183688
0.6238149277692309
0.6212864991685539
0.61817747361069
0.606847840462681
0.593009576346738
0.5639970113495335
0.5364856814093244
0.49322769461511773
0.4795054237280506
0.41584796575225025
0.6127122384665946
0.6111274097817874
0.6077834332767569
0.6027052562727324
0.5893636431623327
0.5749503414995455
0.5453170525882919
0.5152188974765978
0.4556812858350586
0.39072498336537564
