0.5217303312453874
0.5353492094822577
0.5344055402998664
0.512381629247286
0.48565827660155253
0.4623313046748313
0.4385057334277579
0.4179313219923539
0.39027262367698623
0.35677892180035553
0.570738536179684
0.5904417409352699
0.5973008022409909
0.600682233998528
0.5836780711421121
0.5534827099439766
0.5252194070624339
0.49568519077429657
0.46984817676529766
0.4452158344111375
0.4228052888669407
0.405597283549977
0.3779573042949284
0.622448985028174
0.6311739269882153
0.6381696720691538
0.6462131114558759
0.6479638465717581
0.6442270450788606
0.6139169006653016
0.581559716738321
0.5465954879464354
0.5155520211802158
0.4856840358370764
0.45810786108879986
0.43659463910430113
0.38741006745641
0.6686179513595147
0.6847774755497071
0.6885356602606749
0.6942748360345073
0.6961199737906303
0.6960097074999387
0.6723237542401211
0.6371019746613309
0.5967262411032176
0.5601479076663674
0.5245568281458824
0.4913720269277465
0.4651237514396128
0.4400853167195893
0.7305196739253336
0.7395282772217102
0.7463577741966928
0.7535341646129264
0.7548438164548897
0.750807752486112
0.7176911900655577
0.6705000027937879
0.6253205963049833
0.580454501170238
0.5379939270201411
0.5039101223918763
0.4707667528573714
0.4430478920008017
0.76975053219031
0.7784436103446083
0.7850004592202418
0.7910138002431681
0.7921119688824402
0.7924564317953892
0.7724903247886892
0.7234726496568069
0.6722801477092375
0.6201677608120293
0.5703217131436839
0.529952570635779
0.4903213381246014
0.4567285243288562
0.754520510717337
0.7002485451069971
0.6437258720359801
0.589205884853737
0.5448470866697214
0.46381708685475154
0.8109706364118673
0.8256141839864224
0.8291900996390545
0.8276712378028969
0.7875811976924882
0.7309489058849074
0.6696339147774937
0.6097732002467505
0.5608169837965186
0.5123514711769367
0.47083127570359207
0.8314507040234642
0.8438919244830387
0.846052672896772
0.8236207579918716
0.767020718717571
0.7004785537236202
0.6340810606074122
0.5793819676307244
0.5250179148364587
0.47834297429386086
0.4340705494446176
0.8442137113246274
0.8543060454678502
0.8557434578759919
0.8449145174509873
0.7945781586484703
0.7248154075915084
0.6532306321465404
0.5938131894655932
0.5345843884157846
0.48353029203908227
0.43516829107572325
0.8615748264185278
0.8618451496340873
0.8592246803032013
0.8508851345582665
0.8216233451917436
0.7973947675744693
0.750392195956433
0.6735349629632857
0.6089723259707643
0.5443878180460456
0.48863223301208336
0.43575418382518677
0.8583759232860703
0.864160103513188
0.8607412603167885
0.8435306023147888
0.774825231124898
0.6933901870203323
0.6237481171819709
0.5537550988012808
0.4932584409337893
0.4358841006302081
0.8598169046549147
0.8570751890641762
0.853421444804247
0.8387874179834599
0.8307805448504724
0.8014234049480191
0.7636617537019056
0.7170003628366518
0.6414644898132852
0.5648078999912385
0.4984325985136499
0.4355510752557089
0.8476673020101158
0.8441157915088753
0.8358552824659171
0.8195838980663729
0.7985351493342872
0.7680016728811866
0.7375354641496379
0.6574485866748196
0.5747052878980002
0.5028347094807794
0.434691255826505
0.5271852501526874
0.5302765280647918
0.5807860179076817
0.5906535605103918
0.5807045994578915
0.6353782263463688
0.6379430936623837
0.6838894781051044
0.6687105182673134
0.7344745176886996
0.74076057925384
0.7144632644704841
0.7750801586142553
0.7658238520513297
0.7739514269566863
0.7912930596086821
0.7973480578251887
0.8109765677190989
0.7828294287461836
0.8153922167523403
0.8268534911191111
0.8150822927236836
0.8340817401215401
0.8320978930907619
0.7905198171655609
0.8148451291514028
0.8314448004543618
0.8413957444502654
0.8321236904888638
0.7717358042667508
0.8317396173266342
0.7955378699206331
0.8086278352541543
0.7348056218938525
0.48412385035716066
0.49587125551102434
0.5237490532039819
0.5363159703188927
0.5445303273185242
0.5817842535404917
0.5952138064699594
0.6035808143792154
0.6079978285113048
0.6080992618501193
0.6389042633181987
0.6524782253912025
0.6604102062345674
0.664134329676694
0.6627074553647159
0.6496606574166472
0.6762102337838153
0.6893957313073209
0.6968400084154367
0.6990534209712344
0.6994399242116331
0.6988205378079967
0.696872925803965
0.6898545358034444
0.680529315141774
0.7089388189445626
0.7216794886761118
0.7279069170699428
0.7292069498993149
0.7278388433700096
0.7250101299397493
0.7159230993737284
0.7052811993327565
0.6829802762769152
0.6600853152863483
0.6140851049377234
0.5930059821346402
0.5627759066687882
0.7420286229760256
0.7528434129700875
0.7573177848605934
0.7576110835371129
0.7564164280805191
0.7531949743893613
0.7497841575862093
0.7379421552030256
0.7250488464614763
0.702580117989992
0.6723153456099126
0.6511983844855169
0.6204126827233756
0.595555792972912
0.5621378421075347
0.7572129251269094
0.7664105025445864
0.7695206968359226
0.7669805598829866
0.7634742425882952
0.7583391480937434
0.7447036768869956
0.7301699962756083
0.7016547856960547
0.6727113529577737
0.6496134399237895
0.6161789799297398
0.590398061062343
0.55399172749947
0.7689034831500657
0.7755417991831479
0.7764622198752209
0.7715191348304958
0.7602503565148419
0.7279152726607501
0.6646748697334721
0.6030318046953276
0.5361290757308494
0.7746585096275834
0.7755278778736129
0.772328831339103
0.7629459136603901
0.754785870221321
0.737151024032535
0.718609013615233
0.6851240148084605
0.6512357155629216
0.6292605767792209
0.5861117082067957
0.558618412912052
0.5163138645852537
0.7647701190108591
0.7658891179108597
0.7617100423525028
0.7516013936711669
0.7428906484158047
0.7357464551476774
0.7154014837682853
0.6946821917696165
0.65565467670948
0.6210967949037355
0.5903831459340096
0.5525334533932543
0.5195994396252346
0.4786962237568852
0.7515031365516824
0.749918625006613
0.7436981995753886
0.7314282272074667
0.7225321486697536
0.7121948008055937
0.6899052897876748
0.6689098380018426
0.6295524155408078
0.5918398189935776
0.568361880535742
0.5205343843857398
0.487950855829427
0.44555859344393833
0.47125898418309065
0.48401071173888016
0.5091586731552763
0.5227506016861418
0.5315335976597332
0.564356351977756
0.578640664493725
0.5874008576288823
0.5884655781235646
0.6179904616065233
0.6327098738079753
0.6381518048338699
0.6406492354412663
0.6390373499279267
0.6529419273300757
0.6666192267245622
0.6710921680952823
0.6739048483233183
0.6741884543057604
0.6696869295086563
0.6556555909775882
0.6376340495123984
0.6828824580646835
0.6959459383359835
0.6998592775146851
0.7017902804580286
0.7001963672500544
0.694294096277917
0.677110691355828
0.6568012841602222
0.6129971163414702
0.5624623822795459
0.7123018557822569
0.7232589244716475
0.7262790605816747
0.7267386746753239
0.7225201670876903
0.714275031925092
0.6963547233365643
0.6691487580210906
0.6193749671819583
0.5618461893757957
0.7253978259138779
0.7342612905270661
0.7360276679020016
0.7358230682254187
0.7297074518287283
0.7197299656817875
0.6961255207004111
0.6696790707499168
0.6152086388857433
0.7341207365663094
0.7403519930955197
0.7389013635038365
0.7180791789703387
0.6618582857171205
0.6021538671094933
0.535895650743405
0.7374130961167923
0.7385118900819163
0.7378127648571229
0.7345827673391673
0.7237338333169715
0.7094901903470288
0.6803222461218148
0.6486565743199886
0.585328233350187
0.516110829394093
0.7250897075112633
0.7249431843720969
0.7215502670482854
0.7175558949722571
0.7034615008095951
0.6866139274460005
0.6516521358692151
0.6189198451236687
0.5678994515056914
0.5518929780238362
0.4785425994542042
0.7100917167547336
0.7071214041452007
0.7026439259886856
0.6961263665425935
0.6794455266033054
0.6617539781572354
0.625965848670388
0.5899679550354536
0.5200130166557675
0.44544322434269057
