0.3541884965618997
0.35847516163366705
0.34283127613273323
0.3159901524417316
0.28671396639037267
0.261739936823162
0.2362021094072381
0.2137846718256273
0.1823692849962527
0.13854705948686877
0.3705706928934883
0.3775172564455337
0.37820998594755045
0.3737913184390183
0.34865835596548195
0.31621563752035275
0.28754369250412165
0.2579547233486062
0.2319172662058243
0.2066926118023218
0.18284527481306223
0.16351051920462278
0.12798342636729992
0.38635517784636997
0.38933305563462445
0.39123034957909614
0.3921448125366806
0.39185479840887116
0.3752149495625261
0.34166858449868814
0.3100082432461926
0.27681905102802207
0.24749760572538554
0.21907993814504728
0.19222317629591978
0.17045634819339048
0.1129012023577168
0.3979267752768236
0.40212473159476103
0.40253857401957055
0.40183322397982696
0.4001908430076784
0.3958034592946972
0.36558711055993454
0.331676592947831
0.2950709351501522
0.2624924447344219
0.2308740119453891
0.201019110327599
0.17685219766517632
0.15294898181580652
0.40931175676472353
0.4112655565939696
0.412060815717959
0.41115542477776484
0.4102769598506066
0.39647146327379035
0.36241567756543264
0.32153315610588484
0.284215554423991
0.24781462084224787
0.21346996858823472
0.18574216548130212
0.15841226218139592
0.1350938027415783
0.4130415026377079
0.41449274402251635
0.41477940943249
0.4129715103197745
0.4117087331385027
0.4084731184373217
0.382785348382412
0.3403248919995769
0.2998295790326232
0.25994710043578295
0.22229002792336364
0.1919539624916404
0.16214587711485967
0.1368006718932889
0.3512633449374129
0.30913124693842914
0.26719728350611033
0.22753600690489176
0.19562347118413928
0.13777754311090598
0.41236074617568236
0.4119231637209366
0.40757270025853204
0.4023564834870531
0.3628120154731071
0.3193494967151486
0.27522533063829824
0.23333374857187256
0.199649942895497
0.16670151070663383
0.13882883268895577
0.4084717828451599
0.4069650723263391
0.40137238719017504
0.37524545560889877
0.3313671556068508
0.28484699907515104
0.2402942514518865
0.20447762006524273
0.16951607552253875
0.14006914329525058
0.11263690800245738
0.40339268127584244
0.401316959955936
0.3956452160618229
0.380997310288237
0.3404828398052854
0.2924707602764356
0.2458450137880619
0.20830328460277514
0.17172216391181724
0.14098462245067
0.11248989318590115
0.392402032852972
0.3874864597186845
0.382642563162446
0.3733908904894925
0.3493272340812905
0.3319085896638649
0.3004501508534946
0.251729967132674
0.21233663893545263
0.17399592398131897
0.1418799419730968
0.11222649373403916
0.38593236215402027
0.3819020118540648
0.3730422172482427
0.3563318667530181
0.30803442727906866
0.25752080143970046
0.2163062453452719
0.1762091028259753
0.14270836161497608
0.11190396762251302
0.3654629011929978
0.36008210928032885
0.3556091991359509
0.3426639984877442
0.3365105329688643
0.31624018865706377
0.29224585821513965
0.2643704508339211
0.22103164140055828
0.178784176462006
0.14356918508575167
0.11129484158199439
0.34698489906165214
0.3419563174442389
0.3339292109266879
0.32147478145452635
0.3071336069159861
0.28812697690619965
0.27011634439267956
0.22512519972204326
0.1808820352795458
0.14405044535665057
0.11048232694576311
0.35022926093614726
0.3402930650766463
0.36830760128397005
0.3678933653412926
0.3469919212677257
0.3821327920243621
0.37181813604823605
0.38947553213817426
0.3637979722582359
0.4002871091460614
0.391700603936086
0.3609637291547523
0.40050261637773715
0.37986323061931315
0.4008136955866406
0.3888630605813325
0.39954985551296623
0.39524259066733586
0.36091631870288854
0.3950069281956377
0.3897589235951264
0.37189431086541963
0.3869833483240197
0.3760108494390687
0.33899956293197614
0.34686859578954243
0.37237506629433204
0.3658467374670787
0.3522201476600602
0.30700263248826
0.3438968043188047
0.31428032349425816
0.31782981742340777
0.26928369272453606
0.31946036347576146
0.324061681454126
0.33234880487661544
0.3367254882718293
0.3383028144493899
0.34809271202119313
0.35191781987877885
0.3527312744793603
0.35077034802875917
0.34597351118551767
0.3593914376751778
0.3622237307083553
0.36207759581267396
0.35890501341226405
0.352673134201239
0.33548393662459636
0.36385619303818284
0.36579452460796297
0.3647254987270314
0.36268462508120974
0.36080440484954923
0.35766168193962355
0.35367996212061625
0.34436888479538136
0.3344049707969189
0.36484353040716755
0.3657751308189045
0.3638999675054547
0.35880755197295827
0.3552065793259235
0.3507820271176158
0.3402814715921286
0.3299207782744237
0.3104081620324163
0.291710065687564
0.2558036899445821
0.23959012906034247
0.2167154351625593
0.3610266813213814
0.36063215994909203
0.3573178005435361
0.3546527740085945
0.35094116752872967
0.3458583909603195
0.34175058302760053
0.32995381617457314
0.3187906250723638
0.30092434745151153
0.27825538275921585
0.2629410103481614
0.2410274030372988
0.22370853371410473
0.2007010234265804
0.3554424701181961
0.3538815055629996
0.3499939994057583
0.3430433667358188
0.33832997950100124
0.33269330195466074
0.32040706867353164
0.30871822070958316
0.28748633473086377
0.26701425590658495
0.2512716751094688
0.22880772620902678
0.2118769091527875
0.18818962988247315
0.34497133586874484
0.3421314502681915
0.3370306359943618
0.3290716979893026
0.31792218130952477
0.29285758367007775
0.250296616939688
0.21145567018714767
0.17078592255522668
0.33246859081063784
0.3256509012072513
0.32065266916359064
0.31099461989537497
0.3041770870995926
0.2909265427630777
0.2779723532063095
0.2562606166024311
0.23516185845954854
0.22189040061107665
0.19629974599587005
0.18036173952638043
0.15626733549787786
0.3142162533825731
0.3091360018241201
0.3022420316991975
0.2925375414413222
0.28559941846954384
0.2803980358621136
0.26666697363593955
0.253493676967313
0.23016408030451932
0.210266301670075
0.19314749113548169
0.17235618998864918
0.15477432944652644
0.13334059146311852
0.29655468347658964
0.2905882762603925
0.2832298510128892
0.27313852785935533
0.266727087119332
0.2597583023244387
0.2457104395434998
0.23327172801658203
0.21097907504742097
0.1905025701959362
0.17790153567755235
0.15314278396463074
0.1366612971435365
0.11569297406936015
0.3058784232434259
0.3105268630983867
0.3175771694729276
0.32192537412469396
0.3228233014585784
0.331562890308247
0.33514576737644053
0.3351252404716065
0.32582620120213024
0.3410522966697336
0.3435687534385938
0.34321063508763683
0.34209292412361925
0.33056781905358223
0.3442524034202067
0.34573573262351837
0.3450543519358566
0.34333112787221987
0.33744578449812185
0.3297054112716555
0.3139612981545661
0.29704568977367213
0.3441258610356902
0.34444655416188175
0.34323657627909787
0.34094699612774326
0.3337614882205157
0.32545513446028224
0.3081099972102029
0.29047172885094297
0.25542620388249654
0.2166188388863
0.33895645559459353
0.33766203663008276
0.33520382233194
0.3327075225675416
0.3240419917008232
0.3147481200992089
0.2986677975539719
0.27716071613914456
0.24070047461823457
0.2006208379491743
0.3328014965399164
0.33052602662721003
0.32794098081161566
0.3243284476408212
0.3149311807795518
0.30499079759014325
0.2855941902430082
0.26602205245762517
0.22852069861255264
0.321441515006414
0.317815980789968
0.3103863154275593
0.2895561138740723
0.24943597737515955
0.21121607071988185
0.17073260687678185
0.30843308773480954
0.30574053618424774
0.3023746333172063
0.29736786474013144
0.2865167488394243
0.2750545375760769
0.25479551335330125
0.2344153514002726
0.19609966100457676
0.15622515080840638
0.2901027349682066
0.28389754064425027
0.2787582743495073
0.2746437894137319
0.2630208836685624
0.251103161744368
0.22903498339913078
0.20968680578940585
0.1810179143002357
0.17220937819660334
0.1333141250557456
0.27254551081848616
0.26558399112399794
0.2606276718202342
0.2549057604083057
0.24265226299720943
0.23124150178101047
0.21002084021212597
0.19003553185362274
0.15303444837932675
0.11567707107506281
