0.5360175577062638
0.5518904905630687
0.5569337981047321
0.5392501131041575
0.5165016704455201
0.4963942382478377
0.47573387608437556
0.45779071418467615
0.4334782360851418
0.4028357968291527
0.5856206998015613
0.6078726004673355
0.6163289970080831
0.6223440116516906
0.6106632432567646
0.5851308717878011
0.5605884537507805
0.534639484407038
0.5117519464827235
0.48975281032167634
0.46947919247378445
0.45361238142292787
0.42673304464899886
0.6389280941899537
0.648655637605891
0.6566662053456983
0.6663500094770647
0.668638449153945
0.6703847196204309
0.6454828722630451
0.6172854516696299
0.586281500387777
0.5584653814402778
0.5314207008555842
0.5061539561594522
0.4860832107554252
0.4367388371462788
0.6863473757864527
0.7046145182513139
0.7090742636106943
0.7163722443501409
0.7192694329145691
0.7207594233739018
0.702984827611654
0.6724212665895227
0.6363992234798038
0.6032900297086377
0.5707667086530056
0.5400142348581098
0.5152800266497012
0.4911218221167779
0.7498836113217932
0.7599536888732115
0.7678297610757115
0.776728528723282
0.7786025572004147
0.7786552968833523
0.7510399023507213
0.7088438822405803
0.667589864122589
0.6260636490187664
0.5862537930259927
0.5537376260617907
0.52153719661177
0.4938375377579466
0.7901037211025361
0.799844338638431
0.8074367148036513
0.8150772446862322
0.8167860239084361
0.8182890678461799
0.8034199068606109
0.7599291454779408
0.7130154835793525
0.6645125806733149
0.6174422962858245
0.5787289872360449
0.5400756989032318
0.5065038226039612
0.789501629701972
0.7397435243080558
0.6870018412884052
0.6353693452572612
0.5927250365622047
0.5127274209459745
0.8324002679817588
0.8492742424622001
0.8546670158934596
0.854544614216623
0.8206557183521516
0.7688164735219342
0.7114955618119
0.6546668143709058
0.6074981507976969
0.5600856678851943
0.5186128355547848
0.853502906491557
0.8679309861294792
0.87194948857448
0.8540904713725243
0.8026358128098487
0.7403651887875661
0.6772049458993534
0.6244351015958386
0.5711861450063344
0.5245159925730768
0.4793148521751637
0.8667532132963877
0.8785240844539863
0.8816057204177256
0.8734750357727032
0.8281865430130917
0.7629445041414757
0.6948015046188197
0.6374312266354819
0.5794033492884318
0.528493605068499
0.4791533305353
0.8860215094323874
0.8876873600647494
0.8860008461776292
0.8791617627071809
0.8529441073959443
0.8305508837629937
0.7864900410735386
0.7133229917985298
0.6509644718042499
0.587704730805172
0.5321740862458719
0.4783737342114131
0.8819565094218861
0.8891058603196317
0.8873892241553359
0.8725268759385805
0.8087100399254779
0.7313268387054368
0.6640458441418848
0.5955708138606209
0.5355465350950809
0.4771830529324076
0.885349863831959
0.88346267507855
0.8804914812134864
0.8675153225481452
0.8601303229240888
0.8327877023871746
0.7971904157960567
0.7526455509160485
0.6797731361216358
0.6048145781848906
0.5389321483180043
0.4753258914033315
0.8738154789165665
0.8709472991406569
0.8636344769801505
0.8487438292134616
0.8290146510038542
0.8001285000059922
0.771073255421281
0.6939074004579276
0.6131087749883658
0.5419092052849526
0.47333484340602405
0.5446492345757364
0.5526112552362186
0.5992516353185897
0.6119327660087083
0.6075466474009882
0.6566693519809242
0.6638508978471048
0.7082547623331674
0.6992220285353052
0.7577796363106608
0.7683291360576955
0.7476943899054351
0.8003983338847322
0.7965817852956142
0.7962984334012531
0.8202137501680747
0.8207636975878958
0.8376464281514703
0.8158074115920059
0.8393196849903815
0.8537014948451853
0.8454555263509936
0.8599081815838694
0.8605990662533604
0.8240839696011956
0.8461456497798956
0.8560252653982147
0.868178923160831
0.8611713417434315
0.8056175426735753
0.8598302238260318
0.8269512574403278
0.8379652231708961
0.7683790792246784
0.5012397181222711
0.5146092951563226
0.542494947480346
0.5567997017399787
0.5666618232666261
0.60288861624433
0.6182005480947589
0.6283203384999927
0.6345911218529003
0.6365990899437386
0.6622789650159441
0.677794966303663
0.6874904320444724
0.6931877560509686
0.6937346859801831
0.6841517109693743
0.7010006752324613
0.7160748539858338
0.7253247558532284
0.7287366580775531
0.7298314435048806
0.7301681574453525
0.7292375037059364
0.7240943162609222
0.716405856504437
0.7349552136114589
0.7495642980576519
0.7574672050795231
0.7606514332185641
0.7602563384469833
0.7583740692608874
0.7511294247158765
0.7420249522794027
0.7221898716065458
0.7013660176156316
0.658667346866461
0.638896230500051
0.6102735652696637
0.7692858090937574
0.7817894333403747
0.7878319180387168
0.7889429972600349
0.788659714331859
0.7865018168861564
0.783827706246341
0.7737458106389985
0.7623017888915491
0.7418097446247117
0.7137193991327814
0.6938650128314239
0.6646185453337222
0.6410124332199915
0.6087830493861341
0.7851649863354497
0.7959029954521872
0.8004483972443993
0.7995124605514442
0.7968189255811919
0.7925911414111598
0.7806246693686205
0.7674268663249888
0.7410255182239353
0.7138498844533695
0.6919297379657462
0.6599629190338533
0.6351055489814974
0.5996818385553732
0.7975864325552925
0.8054046915243164
0.8077805976011546
0.8042723107470869
0.7945229150462357
0.7648848043884933
0.7051157663052399
0.6456773060574849
0.5801953550203753
0.804466291637245
0.8068746180769898
0.8044344775957512
0.7963724935771104
0.7890132009343299
0.7727420933546716
0.7553678677685618
0.723559854011735
0.6910524966009931
0.6698835016447139
0.6278343191795493
0.6008461238892318
0.55897230773953
0.7947221594973585
0.7967650912985232
0.7935314502576276
0.7845480767169489
0.7765437649377515
0.7698615386430613
0.7506889016447721
0.7309467791430354
0.6934345563046697
0.6599417749142492
0.6299458999572595
0.592426337634686
0.5600496434821741
0.5190977550022534
0.7820541853607099
0.7812430441307923
0.7758197993096628
0.7644982610996672
0.7561289331736097
0.7463320176925974
0.7250623879179557
0.7048805803531093
0.6667688190406038
0.629930590894692
0.6066805413996454
0.559496193233776
0.526995364832864
0.48427355633714997
0.49007077890534434
0.5047059229121666
0.5297494377217239
0.5453839956014856
0.5562571144379163
0.5875231229354639
0.6039779962984109
0.614944676128659
0.6198592620180157
0.6435796658075899
0.6605736520465402
0.6673457629308988
0.6707758236149215
0.6730304856525566
0.6800789316790112
0.6959195569408024
0.7014803193807314
0.7054399025158281
0.7078155054267443
0.7051080290158065
0.6937074515826769
0.6779811740245297
0.711296695714009
0.7264628634753882
0.7314590848484546
0.7344432713631253
0.7348758800650489
0.7306410557409194
0.7160806509224562
0.6979330200943786
0.6575202292885474
0.609939565512974
0.7420112981342076
0.7548581995164984
0.7590065944660898
0.7602622570885121
0.7579350794344232
0.7512309712619312
0.7353899541414749
0.7104393022940627
0.6635355397038718
0.6084757162746053
0.7557679466104821
0.7663146582837664
0.768940729895276
0.7696932972265548
0.7653374927082736
0.7567612372838237
0.7353558083447143
0.7107291167785308
0.6589570081399931
0.7652015694428416
0.7728716295070258
0.7729459251766045
0.754916989310063
0.7022427039247178
0.6447761394846877
0.5799538753981989
0.7694815253319742
0.7712671432892028
0.7711773066795564
0.768740103037845
0.7591898504199626
0.7461843639204498
0.7187102206239397
0.6884405944438048
0.6270353664250219
0.5587641752966173
0.7572101384688062
0.7580796842333499
0.755318096232997
0.7517843325169447
0.7387948543971274
0.722893912362237
0.6894336342483078
0.6577615474895713
0.6078188151746999
0.5917830654594921
0.5189427079210249
0.7426872787425896
0.7405101481309069
0.7364905004024317
0.730455819795192
0.7147151771201169
0.6977957655804714
0.6632125398549672
0.62807232329794
0.5589775804659763
0.48415878229188664
