1.016455033897998
1.0473902383623173
1.0593009881812454
1.0273145662349046
0.9850497966353702
0.9471482719045641
0.907503735284646
0.8723712135895143
0.8230934213693479
0.7553460282248491
1.1153512837007964
1.158844799462954
1.1756258730692828
1.1883141872130527
1.1684789215875355
1.121514547896696
1.0755294820548138
1.026167431811386
0.9818816585413498
0.9384029808063503
0.8972183951318881
0.863835961046934
0.8028429257936031
1.2224048364833409
1.2415388215534497
1.2573738175815123
1.2767692235724457
1.2814477619416749
1.2877548403919874
1.2427250793762783
1.190249381572972
1.131676627092439
1.0783350838657921
1.0255645313840025
0.9751611745340699
0.9339893454272775
0.8241914888648066
1.3192573137981405
1.3556864031731015
1.364698201176696
1.3797503649929137
1.3859886813533635
1.389903455436188
1.3593913949206364
1.303046371796884
1.2354346679444281
1.1724707010969124
1.10960308311728
1.0491258469571019
0.9994081499214575
0.9495396440430571
1.4521470702297068
1.4725960681664538
1.4887857109047236
1.5075340236934642
1.5116665716327202
1.5152624869322653
1.4661271043770698
1.3878127035263195
1.3100317316379437
1.230751084868429
1.1536474586830958
1.0897796681319578
1.0252452233677465
0.968605722035916
1.5391613612431099
1.5593076404478279
1.575318156475784
1.5920124600820862
1.5960295679134817
1.6002436290345379
1.576530938847247
1.4969838403613271
1.4090802084186316
1.3170776321619229
1.2266704793551972
1.1514090641601564
1.0750848190283502
1.0076789462698128
1.5608516720012682
1.4680796668011267
1.3682971603332397
1.2695088808260973
1.1869822912041499
1.028977690213728
1.6349143049324881
1.671709243965761
1.6851755082277857
1.686930152974091
1.6287445991002503
1.5327491252282655
1.4246854524011185
1.3162861812033764
1.2253576391789387
1.1328330417171566
1.0508602182830071
1.6860293381665672
1.7186031526763943
1.7300545379551602
1.7025606009977547
1.6087143945616569
1.491836149690132
1.3716754066377856
1.2702179827160585
1.1667610846735188
1.0750111744010262
0.985103105100827
1.720614171289411
1.748133547703516
1.7579995020030292
1.7473523505645558
1.666658488902341
1.5448112812393522
1.4153879781709469
1.3052313527308104
1.1926769646287148
1.092813237464509
0.9949629904407671
1.7737393442028386
1.7802067708696259
1.7792534187138531
1.7691205700255135
1.7234397116795819
1.6825941750801667
1.6004639807629182
1.4617545894896165
1.3420934190663127
1.2194469734887685
1.1105855200390702
1.0039943428248634
1.771123521156653
1.7906014584443348
1.7925766095768887
1.7693062814932297
1.653338162968616
1.507082347519352
1.3780428796810444
1.2451213787272457
1.1270655807758279
1.0116037318982969
1.7975447593033285
1.7973932578822849
1.7937979964902298
1.7730535720641925
1.7607076567347095
1.7113372654233914
1.6451451921971219
1.5609249209365568
1.4211053267140399
1.2754156763185927
1.1458080693563006
1.0192471491429025
1.788613686998049
1.7862431075627838
1.7757997685040243
1.7507152097937813
1.7156127392617613
1.6622812236507747
1.6076959749697135
1.4598808845991522
1.3025107884929727
1.1619434621295448
1.0248747963826041
1.0341363107245762
1.0510901778995168
1.1430414496750494
1.1684271874502683
1.1625118123960634
1.2590153531652506
1.2751727746086114
1.3656797164231254
1.3520761311967313
1.4708950607246274
1.4949833506515227
1.4595260566335593
1.5651815275947216
1.5629216527210466
1.558614360796413
1.6139117070401017
1.6145708178081262
1.6529334339506179
1.6189028702075494
1.6606556002715012
1.6948633828513293
1.6848911892576532
1.71352276330709
1.7208238666892353
1.6581073440390501
1.7091591739755698
1.7193353912967542
1.7522066087797956
1.745279253182534
1.6466724241751163
1.7531995070201345
1.6986251802922496
1.7270406763335227
1.6015991901262745
0.9523728349148142
0.9781812575912204
1.0344760199738725
1.0622899027414967
1.0816396296825734
1.1564956225758676
1.186650158769048
1.2068427087738507
1.2197281819016044
1.2244168978372982
1.2794270089682926
1.3105531921314204
1.330418696502685
1.3426332934461886
1.3449228712135302
1.328451248640546
1.3619832042928721
1.3927712634302296
1.4122728781611296
1.419810694971283
1.4225095874469738
1.4239676088202307
1.4229452876310151
1.4144030190389043
1.4007099517843475
1.4369757617295529
1.4675824936543616
1.484858347316933
1.4931023353262063
1.4932976887089005
1.4906391961539147
1.4783710004414257
1.4620839533419607
1.4255953964592285
1.3866168458471864
1.305747319900988
1.2678820116326706
1.2126355905991912
1.5174535043156694
1.5448075884869696
1.559238147400551
1.5627180195009978
1.5635865083254863
1.5608606971298726
1.5566711082098397
1.5392963680473857
1.5186712787962846
1.4809347677034836
1.4283319925458102
1.3908905175512485
1.3351237650578995
1.2898659635974097
1.2277472055592427
1.5583489754545088
1.5828963460494805
1.5948514130425966
1.5960158312501447
1.5922661338738713
1.585449185635386
1.5646316925270607
1.54079310335135
1.4919463701430569
1.440879317097993
1.3993559545751943
1.3383414635319162
1.2906297421903539
1.2220934045053347
1.5963143634504955
1.6160652340827757
1.6241787538576853
1.6208504347153025
1.6051522801615283
1.5520811878886447
1.4401454447224347
1.3266254805095596
1.1997312904150952
1.6235336996723706
1.633864318592739
1.6318355525890815
1.6192452470129075
1.6069524798586063
1.5780602967566184
1.546221234796668
1.486801951112077
1.425187544818532
1.3846100657478528
1.3036606373542963
1.2514028752338808
1.1696396677778813
1.618945937111597
1.6283246608669806
1.6264898114748318
1.613109851074062
1.5996643043746348
1.5880088825962428
1.5538097449514876
1.5168891175201549
1.4460153674885556
1.381808438394589
1.3238547642580731
1.2514041426880147
1.187440743086485
1.1065437572302668
1.6066764192927645
1.6107290543000454
1.6046451793546617
1.5868100702433738
1.5724238312489196
1.5550291861992256
1.5161287208689915
1.4783573435145358
1.4057130029590632
1.3345475214641187
1.289638596522424
1.1966515005394927
1.1321736564349183
1.046669831864374
0.9320243890073103
0.9602852610932301
1.0111759607521384
1.0415769046729002
1.0629444991161725
1.1282714458290586
1.1607258049956954
1.1826473491189462
1.1936268832142263
1.2448873284474438
1.2790377134591926
1.2928752950549434
1.300101257199685
1.3066909709546009
1.3232679129458056
1.3557123789792722
1.3674175013513319
1.375997812401772
1.3822370470817735
1.3783523592955995
1.3581004534645091
1.3290431794224433
1.3929890039872224
1.424950083343648
1.4358381869452184
1.44283989675302
1.4458353140748503
1.4392510245203112
1.4132981872460053
1.3796828676855963
1.3034137144206561
1.2119500436058837
1.4664821021329126
1.4949432600389723
1.5049709652228493
1.5087118740263485
1.5070177502963709
1.4960051521864501
1.467731221004637
1.4215447441102658
1.3328572677911568
1.227093919428514
1.5032468437091426
1.5277490973336336
1.534840579262064
1.538193838873168
1.5329593169369777
1.51861591717532
1.4800780317626643
1.4343012369876535
1.3361886262319433
1.5352658875831664
1.5550251184124906
1.5597077482718746
1.5308786495468147
1.4339198275239151
1.3246295541024597
1.1991789212654258
1.5574058739387253
1.5634810247831323
1.5656554082793788
1.5636536401346746
1.5489601413765068
1.526286906668126
1.4761568153027598
1.4193829832467022
1.301836396387997
1.1691421706114395
1.5473297317598886
1.5550837089890852
1.5529066781577805
1.5480597460211802
1.527289062855752
1.4987781989588949
1.4368682045925785
1.3767388360772934
1.280538701837069
1.2498412188985817
1.1061386499050248
1.5307750482330935
1.5329140207802296
1.5280839793252108
1.5189969920861133
1.49239098758275
1.461933727045829
1.3972940021174063
1.3300437061422739
1.1953164039671489
1.0463393965487846
