1.4452921902564502
1.4771249846507788
1.454670193410782
1.3742717045117963
1.2778805257698373
1.1912988636762862
1.0988231849471022
1.0140969647356441
0.8889440835952103
0.698402468123571
1.5959650316260132
1.6442877248913907
1.6587666448971634
1.6592853030204677
1.589250557059899
1.4792362406874893
1.375461246374312
1.263454381483044
1.1607674398913213
1.057082206695936
0.9551346150457367
0.8692628023812996
0.7018021159530677
1.7509049230896119
1.7727276223449717
1.7895759408789924
1.8070511882691858
1.8101853032892083
1.77782437311074
1.6639521027579602
1.5456842825752366
1.4152856728242236
1.295413997892974
1.17421321684717
1.0555060348915177
0.9558027719199252
0.6724920728698028
1.8917020203283834
1.931235581684826
1.9396212219561317
1.950436338785694
1.9516655976104813
1.9447834162473692
1.848045662548992
1.7186580884955653
1.569956095491395
1.4317530163461867
1.292301616015271
1.1558466948384203
1.0415546119145536
0.9243719132088534
2.0837352829276505
2.1062117845512125
2.1221739618124666
2.1362015792354345
2.1376584996309256
2.107026664334128
1.9798823196957047
1.80746589948779
1.6412654243150993
1.4724199016998925
1.3074266714369556
1.1697860534783253
1.0293213828913932
0.9051175860924294
2.2084195722202753
2.230059552188916
2.2450926015040578
2.255866237298604
2.2562813911557393
2.251973384087691
2.166373888865848
1.9860533909948823
1.8001425912421853
1.6085598416162394
1.4210465215867119
1.2649707550966358
1.1062446190831252
0.9663685626598745
2.094289441591979
1.8981205210143264
1.6926490808521721
1.4909312413614202
1.3231717806204435
1.003183937281353
2.344075132150286
2.37821588032712
2.3803192818095
2.368806443921105
2.21307152099085
2.008752893286433
1.7881296378357623
1.5701353654531829
1.3888620467519774
1.2052549384380074
1.044205131948971
2.4150132448398716
2.443682336507063
2.4412675642040313
2.34849651486382
2.143367694912103
1.9060604832646508
1.6680059284508915
1.469718882739735
1.2692803998920295
1.0939919159073237
0.9247440339447965
2.4620230936387015
2.485262586692422
2.4816787740484942
2.434610875423834
2.2502215986754854
2.002570256364844
1.7484862102396426
1.536042408666164
1.3215079907809075
1.1343078629429626
0.9540890694921202
2.518557432010773
2.513559347811031
2.5007473588804974
2.4674201761630785
2.3600509873402347
2.2735348772415014
2.107762356646457
1.837192366773292
1.609034004187118
1.3787897770099935
1.178235668500411
0.9857814912452424
2.5270561540492547
2.5393721666844358
2.521127390671169
2.455893413835329
2.2117720168881845
1.9273852675223064
1.6836699424871562
1.437007569473039
1.2228005539623827
1.0175723030201962
2.543958146331966
2.532110265157724
2.5178889731910474
2.4647744439010757
2.436422300222539
2.33302437445462
2.201458998054362
2.0396285581199334
1.7775415915882964
1.5104370803909304
1.2782573307397491
1.0570029418505353
2.5257809726420675
2.5126588706038087
2.483247128923954
2.426587406722607
2.3536251318407784
2.2480846208534193
2.143072299101483
1.8669217079613
1.5805896985736074
1.3312523826607416
1.0942398287879356
1.4512191937820238
1.4435478318657555
1.6131768984451313
1.6317342268974193
1.5811928331723617
1.7712981019233622
1.7604804833944834
1.9107331611501832
1.8380495728759298
2.0791199013180757
2.078387637069677
1.9708197218953307
2.2014138489094326
2.1471925650603336
2.219615691287727
2.2399956096759035
2.293775850187637
2.3192057421736316
2.199146998181167
2.35721120166035
2.3777703726536923
2.322860594098376
2.4151597858845375
2.3953987521509084
2.2379081821883964
2.338984845252875
2.437922297543706
2.4594610234504795
2.419573644290302
2.201955530460002
2.4440558633801177
2.313652335425381
2.389319776307016
2.1336519139691243
1.3298813967369956
1.3578873699039917
1.44534209105815
1.4752042253814996
1.492732409553911
1.615946084419327
1.6476231952409701
1.664825001514268
1.669764712798781
1.6615960465354915
1.7860330519088956
1.8176707356716224
1.8329371662415452
1.8345538043658456
1.8205589548495928
1.7630061263172523
1.8991100797495095
1.929397738988893
1.9427960179149169
1.9434210348257064
1.9409044257236123
1.934000143164512
1.9226505901820092
1.8910816320088637
1.8532403814557163
2.0004862462277795
2.029315106710448
2.039257952469328
2.0329852343780437
2.0237383800404434
2.009344830009896
1.970719165638108
1.928668506638445
1.8439364486331937
1.7583728820758324
1.5870853259649436
1.5075605649596624
1.3925281767882816
2.1068099270947096
2.1308767902830805
2.135609077357854
2.1317387546312467
2.122719566292841
2.1065509779363336
2.0915471895131543
2.044067205911786
1.994846045551162
1.911258979436048
1.8002934471967342
1.723058333776296
1.6095163141372948
1.5182790772769654
1.394164969862388
2.1588778227516787
2.178555015307083
2.179790748683114
2.1626578534349443
2.1466949699393005
2.125263141189431
2.072298879151359
2.0181563257681225
1.9137686128397478
1.8087079007594908
1.7253125800546953
1.6039899007472236
1.5102977648408402
1.376828341185216
2.2046582337370886
2.2180615727164628
2.213328941334495
2.1895322274941225
2.1448910797440206
2.0254249294339055
1.7988865506249627
1.5791199468472275
1.3383788020243217
2.2291788865325666
2.223563890139411
2.2089284890314556
2.171969295966415
2.1416219605453373
2.0774505502298
2.0107223360911677
1.8920283633560027
1.772402640695202
1.6949665705862922
1.5424254316206618
1.4451421389651804
1.29456153518952
2.2196222230443574
2.2194087864507677
2.2018119958251128
2.164445930383732
2.1328540282021846
2.107538221278085
2.0357644959126078
1.9633123582684495
1.8272408529416009
1.706621001662541
1.5998464273935888
1.4675682036934952
1.3526215646469446
1.2090991047709778
2.194301497251986
2.1875910774687295
2.1650252690191056
2.1221801486680185
2.0912633587495577
2.055630818026664
1.9784758209808402
1.9061008156301702
1.7699113025578932
1.6398519153441071
1.5581866776217927
1.3927999369524284
1.2795692234596103
1.131471829819642
1.287348539707867
1.3169626701328407
1.396440552494604
1.4278404878924258
1.4448044365378498
1.5566130748089926
1.589110263080989
1.6049860281320825
1.5895492672475842
1.7141158984946312
1.7469435763145493
1.7566868466020729
1.759370026147925
1.7338734519806611
1.818278712839065
1.8482161641549217
1.8558849693052089
1.8581283830021715
1.8473644052185798
1.823134375983107
1.7637872790386593
1.6932505409509553
1.9096453220171612
1.9376488568911232
1.9437260757574766
1.9431275538227675
1.9261242301723926
1.897680523792971
1.8275518783214713
1.7493029387418726
1.5841508404589144
1.391710566154691
2.0030521301636566
2.0254566014515563
2.027796052397936
2.0242465625958643
1.9992512605806394
1.963681490186519
1.8933856637051203
1.7912934537707343
1.6066246542389662
1.3933733683779055
2.0475900400979445
2.0649296261697354
2.0648708840928918
2.05826799624864
2.0278635974047017
1.9873340814253466
1.8975489800958123
1.7998820122800558
1.601207611185439
2.08308660650115
2.0938636225060088
2.079423466205367
1.9954453827867915
1.7903657097546881
1.5764802827925106
1.3376804980284693
2.09891447232647
2.0987710426039228
2.0928701276826223
2.0780678247466993
2.03527685673585
1.982079382821488
1.8769536524574986
1.7643036274830588
1.5399567889969792
1.293913865167179
2.081264258334039
2.0765979400115246
2.062400038253583
2.0474808466613807
1.9962043110505914
1.9364964836791638
1.813843156241324
1.699271794436843
1.5214666036579934
1.4653509515257295
1.2085377386378975
2.0499538594937627
2.0386004666962156
2.0226959995420315
2.0000595077595285
1.9420662810687088
1.8810255837588359
1.7571583173935788
1.6330931326648674
1.3908118309654582
1.1309814793381614
