2.305567725180413
2.36029742577824
2.3574899580229345
2.265705484149282
2.1492055375537022
2.042213166133024
1.9265822508206667
1.8194920609893623
1.6595056260019996
1.4109148618660998
2.6621836301799906
2.7477955561705625
2.7784540131575093
2.7950732531540035
2.7245729062028263
2.590967980380434
2.4598405553995963
2.31583311053521
2.181983820351364
2.045317121388152
1.909582901970353
1.7940365778424534
1.5638432147165542
3.046603407607393
3.087437352976759
3.120594968385448
3.1596233866459134
3.1684936009490063
3.159854013745013
3.0252086140007712
2.873444372521318
2.7016719347101317
2.540751135768647
2.3762953811481515
2.213159568979242
2.0745557627903746
1.6685573325130212
3.439417233195676
3.522542928530999
3.542560890377246
3.5746875638429394
3.586211939598332
3.5904307160851574
3.489279997221544
3.3229065989581166
3.1227213238156275
2.9321513411429447
2.7367542016258612
2.542986234583365
2.3786230677183524
2.2076177545938243
4.0629457314072726
4.116731653165412
4.15881433427374
4.2062985779841515
4.216406440524572
4.216560991203591
4.065389940381575
3.8288673076149364
3.590385180184063
3.342394735273126
3.0958809527991447
2.8870735441607613
2.670425931267749
2.475450229294089
4.552192028041887
4.6107462638143994
4.6573606098157
4.706070978486
4.717426448901799
4.728996209504911
4.656074989364831
4.412890321057989
4.1398062735274115
3.8486375233532755
3.557417472323917
3.3106556387281088
3.0550260373406224
2.8254151024699143
4.792909406454596
4.502331093577843
4.183855891785843
3.86305126184458
3.590889265153393
3.056285197805773
5.217136169941007
5.345655990658177
5.396449484790062
5.406726050800089
5.237800821997009
4.935630709594377
4.586816733743239
4.230828084740173
3.9279672562995898
3.6144722739977766
3.333335031763234
5.669976263557373
5.799480540171252
5.854891665710696
5.794051699569704
5.501862589412009
5.1198989027695685
4.718798343475735
4.375256938398041
4.019389021840209
3.70061565696874
3.385262225072681
6.05044160113958
6.174607805838953
6.233519883690275
6.228105830057863
5.988540414042864
5.588260572381697
5.149995386512411
4.770895089728281
4.377429012734402
4.025033091161036
3.6767701125641645
6.606064186724245
6.657246371378467
6.672009566058341
6.660542764655363
6.536657501880494
6.408314285544713
6.136327602980673
5.659675023982695
5.239600201565989
4.801710025031809
4.4092990902331035
4.021835778056593
6.9243256837586395
7.0525908292956165
7.114848447503327
7.083362046251234
6.725931257253398
6.218485837650166
5.755849773135488
5.269586301175585
4.833024080973723
4.402150100343407
7.630853215104221
7.676170911881575
7.689883540267056
7.667981024703547
7.638825615973593
7.49696396330015
7.277942392350333
6.9809879154870975
6.467477163862912
5.916631242541503
5.4193405875137755
4.928362363797694
8.197560875984937
8.238614301568193
8.255244443938297
8.217991410025707
8.126976763457535
7.958293456439266
7.768394235910511
7.218894283810132
6.604758280439529
6.0441419796286855
5.489303142217688
2.3284524495147583
2.340988328237775
2.70827673058121
2.752267935183567
2.7117662811870575
3.1130015159680564
3.131034596178205
3.5311536936071866
3.4713775092118637
4.105759301900453
4.161380555467882
4.047365059777843
4.625475575069302
4.615636547958644
4.774844951164997
4.9527738614922105
5.156992548212404
5.293743048836116
5.2046049824112535
5.592129391193538
5.7354579725252535
5.729580168783063
6.061921416390985
6.124685352088101
5.954430899860539
6.475126856362325
6.711488935205783
6.929636416331823
6.971393745101975
6.693583542847622
7.523023258106885
7.428247270385779
8.075918655084294
7.7292112830903275
2.1576240095459442
2.2042006442402675
2.426859212899455
2.479780810461071
2.5144123647348016
2.871113648437458
2.9337353198521363
2.973690394124265
2.995501067463791
2.997192163832139
3.3910974538574794
3.463771132377447
3.5080507825862735
3.531547330116979
3.52934481694821
3.4702419585571285
3.8025067156014924
3.8816644988196845
3.9306059838302203
3.9478683108570785
3.9531885726815763
3.954432498333686
3.948167586145831
3.9183307904878597
3.874027572658102
4.24549624894412
4.334433250966308
4.383923468520959
4.406861678556482
4.405903007111423
4.396870219493255
4.3583275591856045
4.306904031962536
4.192691468864503
4.069560747568257
3.812886150797616
3.690964326450389
3.5119475565810263
4.847927842829045
4.9428508620361455
4.996873590348848
5.011319074687998
5.017419175363622
5.011786274006742
5.000102678126258
4.949235135275945
4.885465118274817
4.766329416755161
4.597369236033066
4.475751631416473
4.292401580639653
4.142860954692261
3.935792265752308
5.255109174962592
5.354919450636557
5.4090326413374585
5.426883595369833
5.4208618917212394
5.403690502236577
5.343628219830992
5.270772141507777
5.114694026029951
4.947257850263646
4.809756843897312
4.605071783308724
4.443647914566782
4.210130758747788
5.794881472163914
5.898016246431012
5.954023333537746
5.967667805596965
5.9354396184065825
5.777757375264046
5.4071107713837785
5.016625836563296
4.569429604365598
6.287534331510133
6.379948153230894
6.396346360277333
6.383679206930102
6.355150326822939
6.273739649691553
6.173881532860755
5.976645433028476
5.764530705481942
5.62209300701435
5.3338617157015475
5.1454985520434695
4.847413902054869
6.885072160025933
6.994804211919786
7.047202418409559
7.049951768018319
7.025658588409124
6.998323325014314
6.899593867344817
6.783483703971285
6.5390440857945
6.306867915390696
6.092600892702181
5.819919987524485
5.577020004144967
5.266024595771899
7.388129851557032
7.4975432778537385
7.547703572540059
7.544979679658088
7.5196206036379545
7.478944429555342
7.365610867351154
7.241280198520367
6.98248709872552
6.71567067685462
6.541722059177046
6.178292205177529
5.921252524180265
5.575503839600655
2.105595719086107
2.1558010545183484
2.365594235640825
2.42259623290075
2.458900523890723
2.793728194094097
2.8604303379770237
2.9016454022192266
2.9073333579601037
3.2924366458930168
3.3712023389094385
3.4015226542185832
3.4163133749842074
3.4153825409182827
3.688077264137801
3.7710014561783924
3.8001036337535146
3.8199860317933245
3.830415672674015
3.812872379482498
3.7458478127955703
3.6536537146553743
4.1110122424946915
4.2039489566973565
4.2346539960904765
4.25423951519914
4.260993301571236
4.238452084253287
4.155684065225321
4.048623056903179
3.805790425259511
3.5098456241053086
4.6854075329199345
4.785981520793413
4.822871104628782
4.837700729077357
4.8393687778909
4.807973192490608
4.720870325983489
4.573784869948634
4.284392865467996
3.933430720645252
5.073637690583455
5.175553537054791
5.208780143864704
5.228590303370483
5.225449846559425
5.187482129907766
5.069596794264793
4.921964385888615
4.596579681604182
5.586566821250688
5.693476301320406
5.744336076722779
5.68685278847012
5.379463002523601
5.007403731822311
4.566734391223147
6.054555269879288
6.102637569310397
6.13350588750738
6.151764560600438
6.1357848994813455
6.078180285076807
5.92438293043257
5.7353409940860915
5.324187105735193
4.844571516943446
6.618575105025047
6.731154399225333
6.766297168617524
6.775120168892295
6.748707836559525
6.678616668251635
6.484135237195512
6.27540982416752
5.924998868004266
5.809425541032381
5.262969513701156
7.088438753917975
7.203681203453978
7.235727292419305
7.245454250082295
7.2080543208170775
7.129822261490428
6.922818914410374
6.682258195534261
6.167279186570597
5.572307259064475
