1.3947241401186095
1.4319350509854138
1.4328125777009513
1.3758610753806588
1.3043744176000316
1.2400032515550035
1.1717832842383784
1.1100190194807587
1.0202642225327545
0.8869862354859042
1.540005589960464
1.594306272743025
1.6138026507868195
1.6247853282919273
1.5828219884910049
1.5033165066153378
1.4265994720573387
1.3437950611686176
1.268388916190545
1.1929111636021763
1.1194431147073016
1.0580795352873316
0.9393692958896858
1.6959107455724487
1.720296661076538
1.74008033967169
1.7633119447020758
1.7685621292003437
1.7636682780359727
1.6855529773599256
1.5990202260140918
1.5026064841670288
1.4139725763857918
1.3250145266635678
1.238331379294784
1.1658980083427404
0.9606158738631332
1.8413381989281223
1.8879420739415826
1.8990680247444915
1.9167431850050662
1.9230935430822687
1.9248702414161571
1.8669646076694923
1.77433948153956
1.6647022769790336
1.5621849673736148
1.4588119004618294
1.3579308794993892
1.273608459304731
1.1872504813390616
2.049238106527645
2.0764252323999965
2.0974770854581957
2.1208532428818154
2.1256416905192728
2.122285428615718
2.039601778812014
1.9144493594316316
1.7908114443673315
1.6642349021752803
1.5401756153584751
1.4364107458698556
1.330203210633233
1.2356497623997715
2.1934634593840756
2.2209957844515946
2.2425111701730045
2.2640098338035477
2.2687838110578933
2.272833229833896
2.229582757114965
2.1031106631543315
1.9651943842480473
1.8206693763106787
1.6780738501799926
1.5586551981874905
1.436485151492899
1.3277826383770477
2.2178598752121874
2.073215317032027
1.917822905067359
1.7634616327721697
1.6340009589377948
1.383812651837989
2.364863379854529
2.4174400584432947
2.4357023270720055
2.4369336229067087
2.344254268027213
2.195664474795106
2.0286439451199803
1.860768031844844
1.7195865767393965
1.5751883545464775
1.4468196565527962
2.4660519341415457
2.5147450381981273
2.5317387248046685
2.489098427871005
2.3454106226179774
2.166295572443477
1.9818011501337525
1.8257419100022136
1.666017123836344
1.5241025923229599
1.384702501312914
2.5416968742154666
2.5849045455549056
2.6011740368396548
2.586404427998859
2.4649640355778826
2.2796088473661307
2.081993978702683
1.913492218521384
1.7407607884924123
1.5873388529146677
1.4368009105309805
2.6560346995275586
2.668334864089967
2.668535240636173
2.6551760321246634
2.588681446404442
2.5275973874845947
2.4037663720299998
2.193140733272506
2.0108659942631038
1.8233967698820162
1.6569231320506073
1.4937449166522276
2.68242378059036
2.7186471338306237
2.7275696352317906
2.697799635235597
2.527591099951161
2.306948316574006
2.110970070765245
1.9082234945650585
1.7279902138111738
1.551531875790473
2.7816810451775664
2.787119252999607
2.784961290799838
2.7601735953921587
2.743253229972328
2.673399800087324
2.5758607462189707
2.4498135555108296
2.2381876993968524
2.016105739037294
1.817967768275569
1.6241861293737825
2.8243012801971386
2.827143721293817
2.818536408566654
2.7879774136672464
2.739995618577917
2.663447320297109
2.5829155303248883
2.360552825293846
2.120478767745226
1.904822027838522
1.6938536414655283
1.4112945936522603
1.421922061671389
1.5698203463569578
1.5980390966121505
1.5748707300189746
1.7356322913724294
1.7466490733682376
1.8915822718255906
1.8569863256998533
2.0682317791118425
2.093812006502744
2.0303778018854155
2.222485489036244
2.2100794951188885
2.2331835459677607
2.305002590058742
2.3327396138754466
2.3865148524456594
2.329638154832159
2.4268160349475356
2.4779191613239693
2.4621723902269115
2.532118683016186
2.545089699412032
2.451549713697694
2.5656750101553087
2.599983112315129
2.6611672807690994
2.658024984588962
2.5163613167973837
2.72071451215091
2.651130264223147
2.744921919903932
2.57142957800061
1.2987378560261706
1.3303135797531753
1.4152199280109499
1.4494118058002454
1.4719857585039777
1.592410982799749
1.6299230238177786
1.6537409112716337
1.6669066899077771
1.6684315530903504
1.7780579589183312
1.8176469788063252
1.841538547717653
1.8539743026342292
1.852285194284445
1.8196487951005533
1.9091858389129623
1.9491843247516942
1.9732291536900146
1.981413759259757
1.983676844453629
1.9835987565667297
1.9797550308872047
1.9630684602600315
1.939308955814651
2.035467791612468
2.076571678604633
2.0985988236199087
2.1071428957480314
2.105562480143186
2.0998517075758154
2.0783384879949534
2.0514174260370095
1.992736678047629
1.9308183651520303
1.8032584419458824
1.7433160661174114
1.655952636771508
2.184102402230436
2.223034467615351
2.2429816317714644
2.2473002464481535
2.2476173565224222
2.2424643585242023
2.2353802255780852
2.207562941139946
2.175123308337664
2.116276034775248
2.034670064616835
1.9766067107709568
1.8900683597911634
1.819812987802286
1.7233506764993667
2.269905548952631
2.306799378592649
2.3246611900177347
2.3261745311832582
2.3203096876374487
2.309715862095548
2.277728864277578
2.2412718201507067
2.166393922651449
2.0879445785445516
2.0243003194329026
1.930457626885736
1.8570865535271168
1.7515347887478094
2.3658308183385435
2.3985611729800245
2.4130881841556215
2.410058305817788
2.3879442529527632
2.3091896002702814
2.13977099002733
1.9670384397481775
1.7728961729364092
2.44545101715557
2.4672884672067186
2.4666418284728735
2.4515573026946935
2.4342455344168394
2.3926814219981307
2.345633847031759
2.256917648999672
2.1640178357395774
2.1026468667946188
1.9797551693462598
1.900229160478151
1.7755059418969767
2.4971476076198327
2.521039046046808
2.5259200516975353
2.512337297999461
2.4952514968013233
2.4795760647365084
2.430945115514863
2.37797673019374
2.2729646711479807
2.1763721264156684
2.088824818639739
1.9786165038544008
1.8812998987555858
1.757671863830975
2.530458851878057
2.5490480765348007
2.549537285181066
2.5312113699645953
2.513406960186372
2.4905492930757713
2.436222826639064
2.3817519020835394
2.2746168381854455
2.1672324821643865
2.0989210426937976
1.9574566397686652
1.8586295727396072
1.7270561029100018
1.2659645621790174
1.3000889281525172
1.3778577272088448
1.414735582276246
1.4387548324084376
1.5474916424208884
1.587308165944007
1.6122298596027522
1.6168323790322738
1.7237317271372763
1.7665537436671426
1.7829187145315961
1.790804686844477
1.7899384338577917
1.84845524931957
1.890168457233065
1.9044944102933283
1.9141411330655875
1.9181906674836207
1.908169594351974
1.8721431110668294
1.8238899617202649
1.9669303821980013
2.0095363809372415
2.0233068001956633
2.031454333369067
2.0318244856184307
2.0188019074673806
1.9751978903652423
1.9209438099928235
1.7999449435673058
1.654982760894323
2.105290792010877
2.1456817885719155
2.159443441774604
2.164126964502224
2.1595761431862144
2.1414072955656467
2.0966162106917507
2.0245488373855602
1.8866780059843535
1.7223682552794197
2.1849540712650173
2.2219195521487163
2.2325431655095693
2.2374329244626017
2.2291919126311335
2.207224321340212
2.1481111887531394
2.0777744742707145
1.9271005037827096
2.2718956274434188
2.305231474128182
2.315319717903227
2.275019465947686
2.1296016166785043
1.9637200147655498
1.7719534811837765
2.344033761140585
2.3564035009091033
2.362347058725041
2.3620116425437905
2.3440415290487797
2.312153068854277
2.238838177067143
2.154046213230452
1.976536466595407
1.7745923226341636
2.387129557116393
2.4098649726221866
2.4122845071722656
2.4084539418055706
2.3833084953527632
2.345164813115288
2.256064200132923
2.1668348756788944
2.0222171150404575
1.9755425140504814
1.7568172653133287
2.4127717708835474
2.4304609357078766
2.4300371216724885
2.422356272638489
2.390716972414047
2.3498780864981756
2.257870044801176
2.1580354985554884
1.9545491659128253
1.7262582952468961
