0.1740304271212238
0.17624735038617195
0.16894696929869776
0.15608580001816058
0.14200580056092652
0.1299712183068503
0.1176432132292641
0.10680008599822725
0.0915517666350874
0.07008219497078942
0.18205807543014724
0.18558516329014732
0.18600981370282285
0.18399916445804224
0.17202750536938444
0.15644452969974332
0.14263356907537822
0.1283533832115301
0.11575875952534617
0.10352849579559897
0.09192627877788441
0.08247927089706947
0.06496011013844503
0.18987328594035435
0.19137995560163165
0.19235908490460957
0.19289501460089864
0.1927826852697936
0.18496459710019172
0.16888698760348367
0.1536453123032692
0.13763210795308636
0.12344985244884914
0.10967477328355632
0.09661329938160775
0.08598323681677403
0.05754131769912052
0.1956374741962091
0.1978001451596985
0.19804350810571214
0.19778191352253444
0.19703854166722282
0.19498583381822893
0.1805665142778746
0.16425931469962934
0.14660338784713944
0.1308494556866673
0.11552367605203814
0.10100768392599845
0.08921398160618983
0.07749667770770038
0.2014015322479511
0.20241654815698276
0.2028652130091222
0.20252276576399378
0.20212349570942817
0.19562339764776807
0.17930070117112043
0.15959955503999412
0.14156044751401853
0.12391936153480089
0.10722349365222074
0.0936959821686608
0.08030785676382377
0.0688154824665943
0.20340167855977304
0.20417565755292394
0.20437772483185018
0.20359135536180026
0.2030136753436328
0.2015021056207221
0.18925565240127754
0.16882243881516332
0.14925417452210385
0.1299261933013438
0.11162244993554397
0.09682367109127113
0.08222183936219471
0.06973491336534138
0.1741861638550672
0.15383579948155265
0.13351671892963346
0.11423687040119408
0.0986686918749881
0.07025709327974322
0.20332427329319097
0.2032521926142651
0.20125557816155218
0.19879730416239602
0.1798495150417017
0.1588659334779235
0.13748867459100353
0.11712437952542121
0.10069065545498687
0.08454903695929616
0.07081523978159186
0.20160504404490975
0.20101528649705075
0.19841636075150437
0.18593499708917421
0.16477534318011183
0.14224676962250457
0.1205881021080167
0.10311171322321071
0.08597909327783064
0.07145924938386962
0.057845486122913056
0.19927591741658673
0.19839428111685065
0.19574407329501453
0.18876557139374348
0.16926099519797685
0.1460141154358339
0.1233476600479462
0.10502725446319838
0.08709892367810437
0.07195578850362463
0.057792076920907286
0.19420475268115092
0.1918994496548964
0.1896019345527195
0.18518073999138587
0.17360349656679716
0.16518888505593815
0.14995297579851224
0.12627415661215333
0.10704282265914547
0.08824754452107024
0.07241098526051265
0.05767464802398196
0.19108184552668783
0.1892389271336241
0.18504325663047924
0.17703402675129068
0.15369319293889117
0.12914211875330667
0.10902346690645458
0.08936218868992821
0.07283667459648142
0.05752190609259601
0.18140461539331146
0.17884933332330336
0.17671298438602412
0.17049808043535747
0.1675321422962701
0.15773188800441132
0.14609299014473262
0.1325326934671497
0.1113747413128316
0.09065302498445882
0.07327503040909347
0.05721815884890668
0.17254282914240415
0.1701538547640282
0.16629610554767538
0.16029194430566865
0.15335213862621688
0.14411634795191233
0.1353677576383198
0.11340394377659513
0.09169676752519298
0.07351256720249875
0.0568034309260753
0.1722775917607908
0.1676991582650544
0.1811540120478076
0.18110440712612239
0.17120781133150653
0.1880786127518106
0.1832959361062895
0.19188027071936833
0.17968635184181686
0.1972269196376467
0.1932798397995267
0.1785856109232008
0.19758924071083958
0.18781784884452749
0.19763520849490493
0.19220516911381189
0.19717967165732492
0.19530075833991623
0.17891261409033005
0.19514145018384577
0.192785073978815
0.18428391380186734
0.1914825214804488
0.18630848986517964
0.16852748454054084
0.17238818199519956
0.1844792235490695
0.18150422755493362
0.17500244650372915
0.15318094055999024
0.17101338671127297
0.15675936359604128
0.15848401715339874
0.13495220238177932
0.15726016204576587
0.15959240494921
0.16363937961068475
0.1658662473344975
0.16672234064632133
0.1714802054894669
0.1734435465913654
0.1739317931352717
0.17307260039294614
0.1708309628505937
0.17719312038665996
0.17867738850389345
0.17870157042389498
0.17725806797181246
0.17431968791080396
0.1661071927407732
0.1795364972614954
0.18058773381141352
0.1801653646463527
0.1792025378464212
0.17836926852130017
0.17687944449105408
0.1749880691263202
0.17053721158593785
0.16575844127673695
0.18021018753976223
0.1807660722343937
0.17994802492430712
0.17756908847770875
0.17586471930101982
0.173752037953258
0.16873034178805896
0.16375142578530721
0.15434583370198743
0.1453101380715907
0.12791203422202188
0.12003685031148625
0.1089154686048681
0.17859120592624536
0.17850553387456786
0.1769866864130441
0.17573708991624395
0.17397705526205692
0.17155876151065264
0.16959521373393172
0.1639294136102591
0.1585520129594158
0.14992261842883833
0.13894537854545758
0.1315152928145707
0.12086592995626051
0.11243245746676937
0.10121252229550261
0.17603135643116247
0.17537923930172877
0.1735781606651032
0.17028343515650146
0.1680313613754149
0.16532933516715947
0.1594188063965982
0.15377828339406166
0.14350517614963243
0.13357456619948924
0.12592417065554282
0.11498678805208797
0.1067253586551589
0.09513988691591302
0.17113007039488687
0.16984856283741392
0.1674535042463396
0.1636604224713644
0.15830807428113178
0.14620034556734823
0.12554245031024247
0.10658806312648104
0.08665556461100195
0.16523728474672164
0.16202856286933487
0.15964605417152158
0.1550114476040594
0.15172491419760703
0.1453193086659137
0.13904157964322414
0.12849161540629142
0.1182116456385297
0.11173315592504503
0.09921106510313002
0.09139076028905332
0.07953165695182163
0.15648228141251097
0.15410092080688165
0.15080306552674855
0.14613494574256713
0.14278607883645825
0.1402685506667576
0.13360926677516866
0.12720198950141262
0.1158270249788627
0.10607509005815162
0.09770488501804825
0.08748658338200001
0.07881546169673928
0.06820305921470872
0.14798489435790022
0.14515028823260315
0.14162459448345047
0.13675208209708672
0.13364680373825485
0.1302629089871076
0.12342941460261592
0.11736388385277252
0.10646420416667542
0.09641945521163116
0.09022500765230579
0.07801159779212341
0.06983618667165385
0.059408674040842775
0.15073146206378552
0.15309964621698735
0.15653914455625884
0.1587652159120894
0.15931137725873382
0.16353219194110952
0.16539157695923515
0.16549406031773026
0.16115197437694914
0.16836950726811042
0.1697161474496807
0.16960904235837312
0.16911240641085573
0.16368411185784595
0.170102543080462
0.17094065620739082
0.1706619020061417
0.16989036034395058
0.16712464455830722
0.16343972343729576
0.15588640450897684
0.14773763718376404
0.1702194610439006
0.17049755217224488
0.16996777083267908
0.16890949124895044
0.16551324113777902
0.1615457761041312
0.1532085876656849
0.14469616704705773
0.12772406051749924
0.10886704909995654
0.1679410297638853
0.16742955020985434
0.16630142511301724
0.16513094222707073
0.16100755643409448
0.15655158629561627
0.1488038698517748
0.13840125365768366
0.12070256467599853
0.10117212218614026
0.16509876104026872
0.16410358053984725
0.16289928207018306
0.1611944670776775
0.1567083333058581
0.15193092040450873
0.14256513115390315
0.1330803375636126
0.11484293547891572
0.15975135934562684
0.15809292249617765
0.1545725443266894
0.1445601693647983
0.12511230891412994
0.10646742502357329
0.08662836004132479
0.15359524577335557
0.15233387840149315
0.15073773438622964
0.14834057920094407
0.14312725188298675
0.13758868899416107
0.12775980566547826
0.11783744219285584
0.09910985714711694
0.07950956069526469
0.14476503207589742
0.141840957125298
0.13938223036731368
0.1374091152785719
0.13178094442145064
0.12600710832546236
0.11526019815366402
0.10578281852783519
0.09174437296876238
0.08741164572100793
0.06818916095384499
0.13630542411105692
0.13298693862695923
0.13060389201188272
0.12783583990157638
0.12189794893027882
0.11634516926886099
0.10598115010093168
0.09618267880010617
0.0779557503580789
0.05940006764943458
