1.913172220445673
1.960310604184804
1.9526573500938145
1.8681053870910354
1.7633668016530648
1.668799618949575
1.5680361384676351
1.476133695907588
1.3413959955500403
1.137826791025518
2.143283569875626
2.2145638432820376
2.2392764673632843
2.250761831483701
2.1849613413087905
2.0671921798335338
1.953897442992755
1.8312498815670335
1.7189419075584447
1.605990027021616
1.4952214425741481
1.4021253319288998
1.2202559614461206
2.38918343555409
2.4220123149926565
2.4484190045353884
2.478838790852875
2.48550750317303
2.4713967633626277
2.353882489586174
2.2252433138689285
2.081906647146748
1.9496052430083892
1.8163428648636817
1.685723271093406
1.576096724156667
1.2624474835729296
2.6270381230683153
2.6908763566584883
2.705910275521033
2.729303314249994
2.7370615032366796
2.7377988992685642
2.647951583203442
2.5091539195400405
2.345363198604288
2.1918412331972243
2.036625261822382
1.8844760362476418
1.7569024363053432
1.6257373766788332
2.981874880013205
3.0207118342154478
3.05060242236438
3.083276607738792
3.0898023893621316
3.081413541951173
2.9553943689905235
2.7668299732480057
2.5803639201925486
2.38923805199372
2.201385699036249
2.0439908772931497
1.8824922627690037
1.7385586605406245
3.2414917178898603
3.2819405222620675
3.3134584096867292
3.3448146665113963
3.351571972807456
3.357076617997723
3.2901427369750937
3.0982943696422893
2.889122562271149
2.6696879107859615
2.4527420688504864
2.2708645521871493
2.0844680237652677
1.918581648404717
3.3061386947191727
3.0859901972761863
2.849168089347099
2.6134921133769082
2.4156729156181216
2.032841426187893
3.5696149198252702
3.650906720564452
3.6795111812433308
3.681712693452315
3.5415166328733783
3.314641195484442
3.0589890414464556
2.801538458961353
2.584880515199667
2.362981505569657
2.165819398095197
3.7773271841185165
3.855466490327573
3.884112666329783
3.822296753438008
3.60295582763642
3.327434712259252
3.0428232622009275
2.8018640179907948
2.5548969765696943
2.335656024226379
2.120491447079386
3.942212889912366
4.014126849323001
4.043301452146854
4.024958294474696
3.8412061573899026
3.5553150942955245
3.248959074073411
2.987332054916866
2.7187652378534968
2.4803609798839563
2.246669356831155
4.186618335897662
4.21050337801919
4.213643498939109
4.19648356605933
4.097887054523228
4.004412238582853
3.8129307235420296
3.4847694767112842
3.199941234432295
2.9064922458816542
2.645910385830074
2.3907769175484455
4.2868683640347625
4.353494078586289
4.376906757292546
4.33840848144612
4.079351079640209
3.734375813853534
3.426104651476671
3.106321878054871
2.8219547072183024
2.543739626302992
4.550867747948093
4.567299510399452
4.568388035971558
4.538120758343208
4.514056130455996
4.409519011972323
4.258717327594644
4.060748724973854
3.7254501532188917
3.3715715017062586
3.055560066214602
2.7464499396151605
4.723641322358349
4.736779678942591
4.732514377498015
4.693334697975618
4.623761394353431
4.506828882478261
4.380792387285815
4.027085605001048
3.6410794098753962
3.2932346165286064
2.9527462043349675
1.9310371596290836
1.938145772662929
2.1794183460527683
2.2143851799961034
2.17416873064649
2.438581104938197
2.447848109973799
2.6908426843692674
2.6338923707396735
3.0063907733399295
3.0400439677096003
2.9419947158453517
3.282198085542644
3.2611146126575097
3.3316401637990984
3.438914310486103
3.5209039938487243
3.6042231549551778
3.518990747264385
3.7174274404817864
3.8004514666616322
3.779857530925888
3.9326342132438024
3.95860021407595
3.819553112884077
4.059927464414557
4.151979995546351
4.265240281874739
4.271280820858917
4.060220893660933
4.463130453382721
4.370389435429648
4.615356787798791
4.359652090684621
1.7788157522781505
1.8191874868918385
1.957606224622412
2.002004006288647
2.030567895913657
2.238066657329253
2.2880231272069973
2.3190371642719203
2.3349188061608186
2.334289227654134
2.5451462599754335
2.599671278340365
2.6318380535716948
2.647320613832086
2.642503874186968
2.5910325335892734
2.7727427625069043
2.8293746215391717
2.862892228577336
2.8737170359106834
2.8763632279632594
2.8753411937614493
2.8686715597750534
2.8423915178761194
2.8058073815005753
3.003108528063359
3.0634054990278057
3.09530910932041
3.107101972968097
3.104103084727419
3.0950223933231897
3.0619329220602123
3.0207071351899772
2.931349233169905
2.837123899905163
2.643306169231706
2.5520812935327566
2.4191343638213825
3.2935055855715847
3.3535649584114338
3.384864402763788
3.3917529375577513
3.3925766515082265
3.3848785429385044
3.374145288312985
3.3321099316024463
3.28267236750608
3.1928382112788247
3.068087169677231
2.9791589590215097
2.846381687400022
2.7386588611618308
2.590618956796752
3.4750893989452845
3.5346560102926277
3.564235325642652
3.568538011321844
3.5604096573578405
3.544794757576722
3.4966690837808843
3.4413228107088414
3.326772025938795
3.206119258203778
3.1081003588602374
2.963364812320072
2.8500578603888695
2.6871129306719537
3.697611173334261
3.7545654313121597
3.781739579173806
3.780974520383604
3.7499886987927296
3.631202285914736
3.369839249504449
3.101398925896034
2.798685553097544
3.892959899434979
3.9365398650126036
3.939551725452424
3.921970175440835
3.8963750577890695
3.8345078559235093
3.7627516646846466
3.625658250518066
3.4810502786262725
3.3851183955141964
3.192476212677288
3.067641435994394
2.871384200869166
4.083074342071689
4.133938471927436
4.1517767516571205
4.139204686988481
4.116098832034246
4.093993524111039
4.02161017742295
3.9407734742949354
3.777040598703971
3.624814975777897
3.486098373927754
3.310999211339485
3.1560109565028975
2.9590699398575637
4.23209796494253
4.278044412760127
4.2914718245288554
4.273292316335843
4.249776920325055
4.217462433130526
4.136580990798504
4.0526939726839375
3.883814832892073
3.713780987839665
3.6043150575390484
3.3772528354251836
3.217994271337179
3.005654047056191
1.7315680568974607
1.7749493880313443
1.903309832876528
1.950937522686897
1.980698801772628
2.1720317066328745
2.224834401893337
2.256610352946823
2.2572886126769185
2.464375806368068
2.5230804677374117
2.5449823234930404
2.555157123210289
2.548854962637926
2.681608050132051
2.7405167089375015
2.7604182485463484
2.773353320099585
2.777201867785848
2.7605799001611726
2.7049123037580434
2.6313811527017514
2.899342830680559
2.9617895245464947
2.9816330238237168
2.9931711273251485
2.992645113908312
2.972110570758579
2.905204233066478
2.822397846212323
2.6383596416865194
2.417684451238935
3.1728368585029294
3.2354868453929706
3.25687856300457
3.264252152146326
3.2580248814905044
3.2305750619456486
3.1624177905177717
3.0523968000161186
2.841107106488995
2.589082749967264
3.3438828233949236
3.4039129110470077
3.4217285848871164
3.430615392082216
3.4206733509606764
3.3873327792827266
3.2977066378307835
3.1899089544561114
2.957983111405326
3.5514463206637403
3.609696116068513
3.6310726825094073
3.5750619671631005
3.3529804048036076
3.095847554361893
2.7970885366388964
3.733613618640816
3.7574419833041754
3.770643393407111
3.7745615356864852
3.7522379993623853
3.7059120723153245
3.5948314659345826
3.463953494462445
3.186889938410524
2.8697716679218424
3.9078143801484515
3.9583617229007273
3.969476764708803
3.968049583038219
3.9368960667477557
3.8821706309959634
3.746612136974793
3.6075134293096855
3.3794745097632366
3.3053236755568527
2.957452013329483
4.041683650162732
4.088493951594244
4.096463231054347
4.091723887941002
4.052196678610966
3.9932893987656604
3.852300536388457
3.696291258404005
3.3715952123140926
3.004050469166291
