0.3792288767866065
0.38963796408928086
0.3906370839992801
0.3757883121077413
0.3570607566717754
0.34025491889357057
0.32254371084732636
0.30662284937284917
0.28373795717040673
0.2505021022421552
0.41697571361301666
0.431976391021522
0.43742967396027094
0.4406998360409463
0.4299736309967513
0.40911982541138464
0.38902396575380943
0.36740475894244395
0.3478361283555383
0.32837737078495133
0.30958610841013173
0.2940277703120444
0.2644198360826674
0.4574781096857538
0.464154482315651
0.4695870977607741
0.4760069120824777
0.47747262667502294
0.4766786988740756
0.45622842874717745
0.43349933896273446
0.4082299797224821
0.38511198927015156
0.36203188880167714
0.33968499716940787
0.3211361308267468
0.2695035582036163
0.4946651732967053
0.507329772832707
0.5103659653249153
0.5152176866192322
0.5169986193815858
0.5175842107308775
0.5025092288671894
0.4781422165985417
0.4493186624141357
0.4224735943512726
0.39551420539486665
0.369343707837258
0.34758791390332094
0.32545346394848756
0.5467321862671749
0.5539859304387915
0.5596130636348913
0.5658697526114104
0.5671551135872207
0.5663442820049726
0.5445284531004536
0.5115136170314305
0.47898554328708604
0.44579470419972217
0.4133888521912879
0.38637416453298296
0.35888108464038765
0.3345051680803013
0.5818519651611946
0.5890957984972958
0.5947445704523882
0.6003684503853077
0.6016048627921303
0.6026474054241122
0.5910704502802533
0.5575761212089012
0.5212074113558657
0.48320776090262985
0.44583577302480254
0.4146171521590803
0.3828319521032859
0.35463342992466546
0.5851927380882992
0.5469866673770803
0.5060785425944578
0.4655661349168006
0.4316642965968647
0.36650902410364816
0.6221400784073986
0.6355602131208341
0.6400774503222644
0.6402275112454207
0.6152100279757782
0.5758600286963537
0.5318355121565222
0.4877278976734303
0.45071074325265215
0.41300051689429884
0.37954693934509043
0.6448930848839227
0.6570409181031184
0.6610076765583107
0.6489400835892192
0.6106381942728871
0.5633465450585982
0.5148316496005284
0.47388260707611063
0.4321306536300688
0.3951007337324139
0.3588094079081916
0.6611968486119526
0.6717366207840556
0.675365194946796
0.6707103621834132
0.6379339589603803
0.5889429466357471
0.5368938551744251
0.4926732963348522
0.4475200888586003
0.40748365936478176
0.36828140084452926
0.6857755510286516
0.688320428569311
0.6879462408589676
0.6838874143800299
0.6656318880288541
0.6492690086997122
0.6164504635821572
0.5609748731145844
0.5131545397114875
0.4641894949645915
0.42076152725739685
0.37829500116886705
0.6888575132833987
0.697029777864194
0.6982015529888443
0.6892815660076518
0.6434026054330375
0.5852124934544726
0.5338445112876287
0.48091909847528935
0.43397097767525217
0.38811907304912485
0.7064065656788255
0.7069151743269184
0.7057916668242243
0.698202982925736
0.6934187733988671
0.6743086397730004
0.648287841297937
0.6150058971929152
0.5595517195866503
0.5016600782796821
0.4502012636629922
0.3999231880378314
0.7100399886967281
0.7098387190892581
0.7065197063872213
0.697427512562296
0.6840590149881611
0.6634546489033449
0.6420307456932538
0.5836627139418695
0.5212154693716075
0.4653609318562115
0.4109119894764549
0.384117640105721
0.3876454032048169
0.425433079650207
0.43340124186812407
0.42780115351035
0.4686337417471128
0.47205997019530493
0.5086136118161899
0.4998192430298455
0.5518586349525711
0.5587722831801165
0.5420730659562605
0.589365379036283
0.5859315513428648
0.5901219900688623
0.6085119944482337
0.6135172473712113
0.6271232617165882
0.6114230440065719
0.6343948548261349
0.6469416472462484
0.642033654359289
0.6577660334445324
0.6602041326860805
0.6345396834035558
0.6598696893348598
0.6678515961375309
0.6816901245674448
0.6794242353802101
0.640644081692018
0.6893197594808187
0.668919828818565
0.6871584796302906
0.6393316107906718
0.3534001157843292
0.36221202427665755
0.3840007384894801
0.3934961912314394
0.3998307318135996
0.42993794730817764
0.44025873317367153
0.44686631099154667
0.4506235787425825
0.4512459320205204
0.47708024370877344
0.48781385122358534
0.49433803028887263
0.49781436673631485
0.4975102364511048
0.489078809581657
0.5095588058567161
0.5202679813229353
0.5267129869282696
0.5289304434332289
0.5295595888743302
0.5295685325611309
0.5285888841189278
0.5242273371415018
0.5179443013589261
0.5399823993625271
0.5507882614623109
0.5565621520660459
0.5587645225595339
0.5583323242238943
0.5568035127159003
0.551089512961497
0.5439704060594323
0.5284802555313358
0.5121736343079446
0.4786395672398802
0.46292368819697555
0.44004682167509723
0.5743317059194283
0.5842682911893234
0.5892373277536903
0.5902503521817244
0.5902092275714382
0.5887217263398206
0.5867739075798947
0.5792753794164992
0.570627175851811
0.5550265286652074
0.533476698231105
0.5181849166532756
0.4954411409999483
0.47700009722498204
0.4517193600844034
0.5931089758522895
0.602265825389574
0.6065262352284431
0.6065225688920736
0.6048000988337444
0.6018517461548065
0.5931971235624596
0.5834130531796661
0.5635373813083335
0.5428149689928373
0.5260529629259328
0.5013936205236826
0.482136641935184
0.45449119682331063
0.61261031611565
0.6203870613149731
0.6235129360499333
0.6221005218527443
0.6157679070533327
0.5944577155986441
0.5496048968717513
0.5041937352023054
0.453400857179138
0.62792516384922
0.6323989782086341
0.6317558295346241
0.6270413580665989
0.6221583888964215
0.6107848505544305
0.5981500277690704
0.5745788023821901
0.5500671154927811
0.5339467266928584
0.5017300876305021
0.4809240966478306
0.4483954391145471
0.6337600373405302
0.6384012646377676
0.6384873176609224
0.6338769929182565
0.6288730682703191
0.6244714813055078
0.6111503072215362
0.5969036868940518
0.5690622071390177
0.5436751766382265
0.5207640160889863
0.49202482522171265
0.4666884037439452
0.43459553406338264
0.6354567077512622
0.638526673846618
0.6372749971030732
0.6312383401478535
0.6260319582538468
0.6195658410847771
0.6047232519179402
0.5900885000368141
0.5616354863339273
0.5336350293262194
0.5158740665645596
0.4790631363463955
0.45348680233474403
0.4195092639545321
0.34470044473583805
0.35425361678942785
0.3740897964098571
0.38436123203088596
0.39116188413972713
0.41803128233477416
0.4290151277292067
0.43598504225040513
0.4376939446599401
0.46268682752212337
0.47432608065863596
0.4788076185961325
0.4809909123962873
0.4810942702409048
0.4934878712873566
0.5046630365756408
0.5085077954966102
0.5111224216147651
0.5122829996735745
0.5097047498155843
0.5002783092389043
0.4876209526485784
0.5218672481032797
0.533056438622124
0.5366720651464414
0.5387970511725096
0.5388505675283679
0.535392543053497
0.5238715446500976
0.5095810355778567
0.4777711707172704
0.4397932460018788
0.5535273024370221
0.5637946706604671
0.567220947155338
0.5683282831131531
0.5668666841006862
0.561917392203272
0.549956027810672
0.5308719490892798
0.4945721516405156
0.45146898702712346
0.5707182841996876
0.5798330881400496
0.5823469274990347
0.5833733074046454
0.5808080787971203
0.5747353301466201
0.5588918400005036
0.5402366783605466
0.5005477012049752
0.587940778998856
0.5957358818403325
0.5975400878469126
0.585926793904507
0.5470836765984698
0.5033785188633464
0.45317221752683307
0.6013538798329168
0.6039366545834608
0.6049743732605749
0.6043179546949934
0.5988054819442467
0.5899211847280313
0.5701610096703388
0.5476436460394587
0.50095721262963
0.44817978104956346
0.60491442838945
0.6091675375896466
0.6089243685120842
0.607384065595311
0.5997520225803166
0.5890838225258204
0.5650656292570236
0.5414364429018063
0.5035434327614131
0.4913156983731865
0.4344034399808216
0.6049054707952707
0.6074867447204113
0.6064248671295348
0.6035716063038206
0.5941014449095863
0.582687404826672
0.5577835479676697
0.5315406034328207
0.47841618793581975
0.4193377549892167
