1.5382840885007045
1.5844950505706556
1.6010420792848428
1.5516266714388012
1.486881973340862
1.4288583676821938
1.368429657292065
1.3150615626311637
1.2407777436360063
1.1405590845436149
1.6973144216189897
1.763150846735837
1.7884635362119197
1.8073572197099024
1.7763033576792635
1.7040937113970906
1.6336175071416936
1.5582049314367643
1.4908132129434037
1.4249672941683915
1.363016016291269
1.3132462997302772
1.224084973334421
1.869072896671112
1.8983447125821011
1.9225517307595401
1.9521716557049136
1.9593137823972533
1.9685902259390045
1.8992209277347012
1.818626872342819
1.7289295740864898
1.6475392512383211
1.5673065704693252
1.4912838690961585
1.429643207673391
1.2691513726237225
2.026649196724473
2.0829591303631227
2.0968941033794013
2.1201817753763104
2.1298201868690003
2.1359399589887467
2.089054622426186
2.0023770225580995
1.898575320980328
1.80220901983243
1.7063633114176182
1.6146898394303482
1.539869836015335
1.4654745809952385
2.2462995330677096
2.2784854938012806
2.3039709800918153
2.333603190093887
2.340179949764226
2.346675144578824
2.2713425622371592
2.150739149797362
2.0311041096702223
1.9094947508254303
1.791833221558011
1.6949134496011906
1.5976502462485132
1.5128168449055657
2.393073422758253
2.425140541762508
2.4507024586352193
2.47764929636166
2.484191631592369
2.4911509205693894
2.4560392293898965
2.3335407528738985
2.197929390870652
2.056130268333489
1.9174088275344714
1.8024633842371076
1.6865477214531723
1.584836401336291
2.4413561783915485
2.297968812230472
2.1438473233067135
1.9917198840213
1.8651765453786517
1.6247382259130925
2.5583527760225637
2.6183860886486294
2.6410692734322385
2.6447978004592256
2.556779868926775
2.4083277818966673
2.2409023079175583
2.0733510008280422
1.9333110854591375
1.7914226997839955
1.666313558522611
2.6490504083711235
2.7032136379232625
2.723292030321818
2.68359338007715
2.538766805471869
2.3571614796111633
2.170610149113088
2.01353428809776
1.8539166867324697
1.712901089056746
1.575469458031763
2.712457582911715
2.7587034754062976
2.7766435540671988
2.76268768254487
2.638949562585696
2.449380278123577
2.2477800642259664
2.076530512656739
1.9020468640578139
1.746923131111727
1.597215736030208
2.8095151250493022
2.8218073916255215
2.82170004427561
2.8074441163119332
2.7380241088751034
2.6747481852877413
2.5467636460527374
2.3300196622532687
2.143189731706103
1.9521067495866713
1.7833544911181307
1.61790396505415
2.8120044067259946
2.8464525843568618
2.8529370991578564
2.819294354139437
2.639919150141585
2.4107363690654044
2.2084542188481886
2.000352767579685
1.8158893217210574
1.6360360880488662
2.8702814360924487
2.872274298156023
2.86790382442799
2.8377257312796784
2.8187497788977343
2.7426875855403
2.6394043236969504
2.5070590268333555
2.2869437438214657
2.057606236104786
1.8537763155173639
1.655231216884018
2.867796350968254
2.866141396876939
2.85186496988386
2.814312910261427
2.7603063679700903
2.6770977707007253
2.591283300766003
2.3579236930996608
2.109074473600642
1.8867474271878417
1.6703572347354974
1.5641850402228494
1.5886500706452753
1.7388484989046653
1.7770731522745893
1.7672139401042621
1.9247922674205127
1.949268950776452
2.098447088409313
2.0777218399011095
2.2763239941293394
2.314888527961804
2.260980509582358
2.4357233548108366
2.434491789024615
2.43060361880138
2.521588681472575
2.527066015162412
2.5904016946105517
2.540988809217347
2.6099003191182137
2.667487562924781
2.6550527238224158
2.704523774792547
2.7196060982556767
2.6250137390794155
2.7146197035014747
2.7283396906512314
2.786547650599646
2.7797043927047485
2.6288742407166947
2.8026381819675423
2.7214923751495532
2.774610649603372
2.580979850846054
1.4404446536627045
1.479108743870771
1.570923137693945
1.6129387423702803
1.6420989425607073
1.7672609111374813
1.8134113312000808
1.8443308519200494
1.8640158882480595
1.8711376567200906
1.9685153637252228
2.0169406900009976
2.0479327607650437
2.0671156915409363
2.070923920085149
2.045913533692302
2.1062203311199315
2.154784598681425
2.1857314400067294
2.1978042164805602
2.202097273485278
2.2047903955039456
2.203493854388977
2.1907462274955773
2.169904079681841
2.233757953430235
2.2828054663798283
2.3107972639900507
2.3247003793217504
2.325446079279528
2.3217601725855896
2.3034477539160374
2.278687582067577
2.2227915217608314
2.1628650692393756
2.0386000899261765
1.9803082290461949
1.8959026028718242
2.374602332697521
2.419402975296424
2.443717091952316
2.4499256601240402
2.4520856817664147
2.4486426920258975
2.4425627027588153
2.416598637397341
2.3851643507649793
2.32719001747037
2.2460964205396903
2.1883160607458496
2.1022353410200707
2.0325109981492844
1.9369260118900435
2.4489364622355625
2.489949699336837
2.5107238754385635
2.514399657357105
2.5093860509218624
2.499490849442021
2.4681458678608337
2.431736085478212
2.3564790889856813
2.277467821158087
2.213208668153722
2.1187757189532475
2.044938007755462
1.9391163030739926
2.5218905481753517
2.5560886232844306
2.5713537172345835
2.5682990456194146
2.545544879543833
2.4645744635298885
2.291019544984346
2.114502063070983
1.9174191485211212
2.5770841829657805
2.5972047336678465
2.595704195819853
2.5779525174872475
2.5596874577452544
2.515697732477743
2.466626053229488
2.374296589984528
2.2782123198243394
2.2148973490656862
2.08851569162491
2.006952364571887
1.8794535466178266
2.5830488535330844
2.601660730576988
2.6018397546694083
2.58326624893403
2.563327386674599
2.545692039016878
2.493135487451808
2.4359051053555856
2.3251343643627798
2.224416045837168
2.1333595058845605
2.0195648425420254
1.9189690392824192
1.7920630354109095
2.574213985882258
2.584573710617795
2.5779571962599044
2.5523778248523867
2.5307769907769813
2.5042988630670497
2.444166195432825
2.3852137481945848
2.2711801040947495
2.158979301173655
2.0881680547076447
1.941368919563815
1.839604142346629
1.7046801485191794
1.4091476327387378
1.4514787955776949
1.5350470363662208
1.5809668573224034
1.6131336461514
1.7236749725754117
1.7733944773156942
1.8069715264805377
1.8237589448849871
1.9150157232620981
1.9682558772395375
1.989885546158321
2.001222617534778
2.0120476256435973
2.046152102461189
2.0973081640947875
2.116069018429234
2.1298016599309544
2.140227820300404
2.1347706703878204
2.1041813602999544
2.0598076105341736
2.165350866268641
2.2167381332195997
2.234394369435157
2.2459890972601513
2.251832924698206
2.2424389992779594
2.2032418301604655
2.1518260309107378
2.0348728398054927
1.894802516729067
2.295021892581709
2.3419566691077676
2.358927988533818
2.36554931621735
2.3647073008221344
2.348690435225975
2.3059085929759666
2.235132041615745
2.0985577320641555
1.93585912915699
2.3626725427337685
2.403962486316975
2.416435207225079
2.4229563971319057
2.4167842747966977
2.3957285678370397
2.3371653709031617
2.2667371674206604
2.1152447187873697
2.426107251033518
2.460651132543725
2.4711191584672205
2.4297441914978655
2.280732410810467
2.1111809101662447
1.91649059840767
2.472904023641629
2.4844892627394697
2.489532733802748
2.487883949289898
2.4675342050844087
2.433572024230759
2.3565870771129327
2.2685207741638194
2.085514397529844
1.8786052478474606
2.4698172737846638
2.4863155969251474
2.485112388822567
2.4788081514326814
2.4480772550655088
2.4054499961269906
2.309677104151939
2.2158098043884555
2.0650692223555334
2.0168815727673963
1.791355015528085
2.45360231472461
2.461443189619675
2.45587563179571
2.443345170856002
2.4038954765716527
2.357276482665992
2.256781344821275
2.151228510263874
1.9390374922092721
1.7040893070692147
