2.2506249245285392
2.287712171327439
2.234743643342506
2.104335848891906
1.9517863434937035
1.8155934836740975
1.6708491843834894
1.5387626751567411
1.344987399031735
1.0535315436059303
2.574326119259968
2.6368247720941835
2.6531932432884524
2.6458012793114207
2.526404380465806
2.349515955604656
2.184334457776107
2.0070379662741944
1.8451010347669077
1.6824513283508136
1.5236468920101014
1.390731821576569
1.1331529506833442
2.9132247152069826
2.9434620423581084
2.9662314182148837
2.988428486288255
2.9918099026976708
2.9290345765367585
2.742560991329235
2.5516937903044203
2.342614120027037
2.1507970055524406
1.9582633387109531
1.7706947979012762
1.6141364347762015
1.1730220158763907
3.257150099458522
3.3149911992356187
3.326872895081709
3.3410781267289855
3.3410238931562706
3.3276794102552247
3.165631948100852
2.953838298088696
2.7118242360571423
2.487432508914117
2.261892539136508
2.0424779542052502
1.8597593556095728
1.6732684736538526
3.798604882414232
3.836045598057015
3.862678530643649
3.8860242531920655
3.888484782639502
3.837757286246523
3.626148566060424
3.3388307734598075
3.061405704116814
2.780022355460704
2.506151129911313
2.278635797814076
2.047182608535817
1.8433844956810215
4.2214893910163145
4.261329807569409
4.289850946647438
4.312288589924115
4.31421951500221
4.309044665696058
4.169951878572274
3.8654796667877362
3.548366725685036
3.220929371397006
2.9009950908962288
2.635343075631788
2.3655855171765343
2.128557838195257
4.212522466171258
3.873743999503104
3.5168287244300314
3.166332686909653
2.875143556849544
2.32032119845488
4.797338338691247
4.8768513315146595
4.892734899845297
4.879440836175684
4.62376913505801
4.267035628099889
3.876696580238309
3.489670221828037
3.167533312220739
2.8408038071311266
2.5542935560792692
5.191160256963266
5.270125263954221
5.2854956135932385
5.147204203428067
4.78861858197499
4.359812016471084
3.9254070271241153
3.5620477487314406
3.193358280697439
2.8703473845520455
2.5575937982007977
5.524596018112159
5.600065780410558
5.61861373328589
5.5599302008511415
5.24452265673573
4.79099053373071
4.316759771824492
3.917068429773873
3.5109231215686862
3.1551697653922384
2.8110042523019128
5.979249584150645
5.996171369811326
5.987840484606415
5.944873518514823
5.768017964279084
5.612774624611073
5.303802651420174
4.78690482313054
4.344837754839448
3.894089354063
3.4990838129746376
3.1171713848626426
6.302207949805425
6.378475118288629
6.3900969022168725
6.304656636570867
5.866164507258834
5.311805173115803
4.8248464021929625
4.324982949613099
3.886252685834195
3.4621305334940047
6.904620319211496
6.918427451052696
6.911703500794065
6.847139567414355
6.802215386332579
6.62127323960715
6.3690672599650275
6.044276776605466
5.50147184930405
4.934842209533136
4.435175481959795
3.9518140506917963
7.435070768124783
7.447930788367274
7.430850632205822
7.3563759869183984
7.233878271001255
7.034019954838288
6.821783455655767
6.234582818431817
5.600659518831209
5.036228838531691
4.488871239036869
2.2474450718640004
2.219395286868718
2.5876983267097278
2.6062078884021624
2.514816618985167
2.930929500685393
2.9030455002530906
3.2743907889048463
3.149894614087954
3.7899415508958914
3.7892474113071835
3.6106335882857095
4.218151286227605
4.135052877345402
4.388587757275107
4.452202783160704
4.711491642592739
4.781377445011122
4.5955801356860695
5.089242959770064
5.163055338002814
5.092127905833883
5.470044410395032
5.471171477620816
5.215791136186457
5.715790765775225
6.098377470361773
6.230134060156332
6.208724345038999
5.838979209767358
6.743762234210025
6.562708833825128
7.233494258903718
6.7884749589909354
2.0746003942729083
2.108860479472725
2.310239390310805
2.3482114898600566
2.3685830742430762
2.693946780294307
2.737230951765547
2.7592222680883514
2.7623876484510475
2.7453805985366997
3.137304675980992
3.185498208568239
3.207924215548252
3.2083487807055096
3.1839448867780242
3.0879177922281733
3.4858024101626053
3.5368516405524826
3.5601184207545855
3.5616529905868157
3.5577406684400787
3.5466655476404183
3.5279808643421773
3.4760302986996647
3.4131991453668045
3.860429043530886
3.916151236273328
3.938064612471304
3.9323414403029546
3.917818275366437
3.8955988082104307
3.8330980953740417
3.762902326519426
3.620391079877226
3.475202944436274
3.183524150623766
3.0481189338669568
2.852282006328912
4.371188245158237
4.428942794884102
4.450713640984868
4.449703327352304
4.43944603572368
4.416263546860026
4.392977439126721
4.316149588358984
4.233103092248376
4.089192709820091
3.8951746100186835
3.759259188825209
3.5583045199909393
3.3967930555683497
3.1764882078848493
4.718668789778345
4.778028702636756
4.798314398342063
4.783581592659155
4.761864056062065
4.7292158672064515
4.642659273132875
4.550372456928226
4.366580605045764
4.1781963161910225
4.027327458491078
3.8065680956530175
3.6352168939677307
3.390727639721077
5.185260008902069
5.245582173008683
5.264509910976524
5.243650539743802
5.179421624505134
4.975684634105048
4.559168736049862
4.143285099004074
3.681030203943854
5.601112205790684
5.640735728705441
5.633584193498839
5.588154002599219
5.542386046082968
5.4345259346191845
5.31483299047653
5.092681024713206
4.862741225081436
4.711436226556034
4.4104401138397815
4.216729576189971
3.9143746942473268
6.157556128772371
6.220448788191343
6.2336798300516785
6.1999454556944
6.155901395432679
6.1163391384647
5.991651338285377
5.856735690752833
5.588058770219173
5.341522072484275
5.118736458971517
4.839106833428273
4.59388318875411
4.283693950349798
6.625122298883695
6.687713755772262
6.69924256287214
6.660070909479611
6.617064573875164
6.560517941179043
6.422083557751568
6.280886176518386
6.00033276821396
5.7207363050752615
5.541080760379477
5.172513202779587
4.915278209088486
4.573691576981176
2.0068792444662793
2.042644378200888
2.2316906062335993
2.2712292996332133
2.2894549223775265
2.5970527375999883
2.6414097480479004
2.660388572917153
2.6280388903212284
3.017378255141965
3.0675401295736524
3.0819062354219033
3.0854206975700063
3.0407579827475937
3.348443015672487
3.3996935362352567
3.4132361685295773
3.4175638482549577
3.4008560859167907
3.361277574731082
3.263645333587726
3.14668085499491
3.702366115954953
3.758262604976864
3.771329322782116
3.7740241201488156
3.7507461946122187
3.7053769877334255
3.5896683923941297
3.458022973483175
3.177838833538032
2.8506463834944094
4.1844979757324365
4.242798691636129
4.256366727289084
4.255910532163758
4.22409658615337
4.168594886259816
4.051730235905921
3.8759880302147782
3.551934744161944
3.174661097888125
4.512881294057002
4.570908602448394
4.582972797697383
4.582034902854467
4.544022293880373
4.481291011600908
4.3295941301095136
4.15767850073327
3.79982849752283
4.952709969748831
5.012268396250428
5.019167533536
4.90041121431866
4.536747657653331
4.135958349455189
3.678940786764666
5.344292486181662
5.36809590371094
5.377536228144791
5.371745394620137
5.319507009645053
5.235512978216668
5.0497892864461855
4.839018894410974
4.402728314775177
3.912159803220665
5.868589600865138
5.929723167971449
5.936757319682645
5.928165196789147
5.8651884825235685
5.769286672623483
5.542712693468826
5.315753789039087
4.949270084309356
4.830659500673509
4.281283150879853
6.305703160260504
6.3689256681209745
6.3755206984603205
6.362395211518732
6.289100234835849
6.1872472478593465
5.950618413565905
5.693118983803277
5.1635505945118965
4.571135975329801
