0.37119892263034043
0.38106328500033
0.38094743571901046
0.3657834676351383
0.3472949412276864
0.33114783955878524
0.3146344014371103
0.30035590673870655
0.28101321679109376
0.25685323887083605
0.40349771778913995
0.41752083757210845
0.4224418719340673
0.42499970710222884
0.4134245567215968
0.3925707838935372
0.37301182797359717
0.3525357831733866
0.33456814757331466
0.3173568924105066
0.30154570073173453
0.28920779905624
0.2685263341464997
0.4376923296613024
0.4438211315829479
0.4487384250010384
0.45441783343072867
0.4556593388272942
0.45327941556182305
0.43238537244225367
0.4100162977847655
0.3857810589218823
0.36420014482559265
0.34331856096127916
0.3238939252642642
0.30850511142829307
0.27128430004178783
0.4676905431731591
0.4788935723383908
0.4814972211693409
0.4854882825165504
0.48678119879904125
0.48671507017774757
0.4703907157488689
0.4460622914893429
0.41810859241572823
0.39271022373920994
0.3678682102785556
0.3445352608391219
0.32584136257162655
0.3076920025618006
0.5070706870439747
0.5131790227747978
0.5177971819869456
0.5226267930439028
0.5235041636925984
0.5205558526624973
0.4976297010051357
0.4650244932043363
0.43375020918423024
0.4025661821668587
0.3728752413862693
0.3487923846033238
0.32505734207126363
0.3048407970091432
0.5313268866287303
0.5371211568844718
0.5414735102861272
0.5453804809075475
0.5460746281965664
0.5461839325784662
0.5321548302251424
0.49828913153467325
0.46294056890850116
0.4268804887339653
0.39218748233541695
0.36385757532021606
0.33574188903147906
0.3115703674729092
0.5176167555977024
0.4802033481314121
0.44119052084599686
0.40337161068742755
0.3723776701005053
0.31490289200509614
0.5558640479318938
0.5652985529102844
0.567354143981081
0.5660965907367667
0.538073569312982
0.4990580276929093
0.45685576481849965
0.415506244925928
0.38145836000437555
0.34749079046884507
0.3180972480018391
0.5674304158376833
0.5752016518729532
0.5761784031371171
0.5601325004885179
0.5210987623507413
0.47543027085808165
0.42976606886005
0.3919675980065591
0.35416004746949165
0.3213790589847064
0.2900148915618945
0.5741277718137912
0.5802697842038977
0.5806964817416027
0.5727127350440063
0.5378358059068498
0.49003980750904286
0.4409924753984679
0.40013340161661404
0.35918547320629535
0.3236605338070483
0.2896602777860446
0.5829589953203063
0.5826441325916041
0.5805658570184699
0.5745281755569084
0.5541557165641752
0.5375155690333618
0.5053492694262212
0.45288229555168336
0.40871032609173863
0.3643397420243804
0.32583906095403076
0.28901808742387347
0.5794823533263518
0.5825661348179287
0.5794824967636831
0.567159292368108
0.5198694244616676
0.46451863915466096
0.4170956697744488
0.36929835220741736
0.32782275255704657
0.2882207021135822
0.577028947267353
0.5746810327247078
0.5719394030939501
0.5615784620096573
0.5559653799874218
0.5357119077954917
0.5099997357451712
0.47842972455899446
0.42717325509755927
0.37519785176613335
0.3300651938407442
0.2870869144448694
0.5666018930294665
0.5637606438514456
0.5577262309344724
0.546344346171806
0.5318180076306203
0.5110297758500054
0.49039642605313644
0.4363440213678168
0.38057843912362804
0.332005122825706
0.28591756358199627
0.37535687602252704
0.3780063745681736
0.410805504925637
0.41793217706751284
0.41132932375574865
0.4469165176410716
0.44889470171424145
0.4783374395430331
0.4678955334685481
0.5096213912717855
0.5137143658758128
0.4954358037724982
0.534470068340668
0.5276700364268327
0.5325516275248005
0.5433370208568101
0.5464830915050515
0.5550023835404275
0.5349283470860661
0.5563968387216319
0.5632723095902328
0.5545237355212347
0.5665212917345108
0.5643442136662611
0.5352000893914324
0.5497801570636038
0.5617476739990146
0.5670279368610229
0.5598369176558984
0.517919422481432
0.557567270115295
0.5319889913577194
0.5394483366893545
0.488698626637131
0.3448210583812629
0.353300230761001
0.3713405803905141
0.38032510639251726
0.38622889519554626
0.4095845445045272
0.4190273403847242
0.42492536803499414
0.42807756849486994
0.42822800392496674
0.4463856318115366
0.45573219243575613
0.4611866959611864
0.46372564272898503
0.46271825763114127
0.45367611975981825
0.46979852823602003
0.47871149973136135
0.4836868724072608
0.4851532252133879
0.4853764973759055
0.48487990959589206
0.48349522249249693
0.47857514270753077
0.47209034029481334
0.489737582421983
0.49815997529164713
0.5021863592798481
0.5028450047684833
0.5018075576135282
0.4997716155499668
0.4933779600122707
0.48595521528075747
0.47047340460676623
0.4546122413016531
0.4226942368431346
0.40802193892877103
0.38691414268046415
0.5089150199628707
0.5158384482995118
0.5184639876039255
0.5184897230974166
0.5174769122482904
0.5151001201592579
0.512649676835447
0.5043034344598182
0.49531522212489787
0.47974440784430444
0.4588107010108617
0.4442016559489109
0.42281062908827194
0.4056571793271678
0.3824014754013638
0.5169829796403137
0.5226434425488086
0.5242908249921469
0.5221260971541667
0.5195395450952396
0.5158583208522078
0.5062782879190362
0.4961744407506617
0.4764389771523337
0.45646972394185686
0.4405468470201402
0.41746151378353813
0.39963290647306127
0.37437709293731697
0.5220469076998293
0.5257640381483398
0.5258703165810734
0.5220136702997604
0.5139198854761373
0.4913838200426079
0.44790051477445014
0.4055407806788763
0.3594044769186799
0.5233218592924896
0.5230456085648808
0.5204982620737966
0.5136566314908843
0.5078896792350841
0.49559751267846736
0.48279980009058915
0.45982545033282224
0.4366129537822168
0.4215915276038894
0.392068456545269
0.3732176112200865
0.34415572889093066
0.5140597329338283
0.5139829828840474
0.5104953339264455
0.503076878469406
0.49692456206800756
0.49193541739932917
0.4778759682859401
0.4636525048622902
0.4370401509500225
0.41353712930653014
0.3926747771630698
0.366922993459279
0.34451385940983725
0.31648252874704963
0.5031030017224982
0.5011889713283126
0.4963525486131745
0.4875713628422581
0.4812972758805127
0.4741097261965796
0.4587944948831112
0.4444810845707138
0.41776738120880674
0.39225261824390706
0.3763396474328053
0.3440183264512815
0.32195796768738244
0.29321151640449733
0.3358862365979397
0.3451044783151592
0.36123520757371275
0.3709545207384561
0.3773013658893753
0.39755036391900767
0.407595726933023
0.413783908724774
0.41467264745017907
0.43200345196921963
0.44211451837240867
0.44584569156672493
0.44755460029348243
0.44637967160665226
0.453814376682037
0.46305290765541124
0.4660265020391505
0.46788357966184047
0.46793451268024944
0.46473141128191375
0.4548995118311541
0.44239181671682415
0.4718941269485896
0.4804839461096572
0.4830063734568005
0.48417650086577124
0.48282701565185465
0.47859165142012206
0.4665475629263184
0.45242036460361196
0.42197172320163584
0.3867075244651674
0.4886288785884657
0.49553253216777393
0.4972960129544043
0.497416154824925
0.49412487651201065
0.4882152546558421
0.47565169477095426
0.45673663371905415
0.4221361272095414
0.38221400391104965
0.49533266892601463
0.5006827337276448
0.5015669474127258
0.5011279115655474
0.49648664484049154
0.4893702953687914
0.47284867502897915
0.45450858347544215
0.4168397645424701
0.4984317759451071
0.5018506134960374
0.5001235413999301
0.4850666838275049
0.44610905418538443
0.4049892326724411
0.3592606855185946
0.4981060722682991
0.4984222869659215
0.49758093869682407
0.4949867758848155
0.4870536837701761
0.47701039943607715
0.45679360090784155
0.43499474895501894
0.3915843373610879
0.344033379659684
0.48733651742951256
0.48627922129408113
0.48349185137343037
0.48050924616793717
0.47039784325152323
0.4586195007060386
0.43456272155115194
0.4122004371899236
0.37743309564008776
0.3665379930401667
0.31639378931218687
0.4753285461374664
0.47241200859319066
0.4689196691837438
0.464131686552715
0.45232908935172816
0.4400774258300725
0.41558050950827413
0.39112859368564806
0.34371263192858736
0.2931476768415854
