1.8933947673773956
1.9517796285996647
1.97970722932489
1.9253314624710214
1.8505891538789496
1.7818104287059977
1.708421225320397
1.6418315880667
1.5451740030951309
1.4028096643632273
2.128532524866095
2.2135227183298896
2.2472876711290395
2.2749520680109443
2.2454032240234714
2.162858246366258
2.0793724850577577
1.9879987724733506
1.904321619621739
1.8203373636496478
1.7386994880636957
1.6707053550316255
1.5399557913030337
2.385291528565222
2.4240551692926418
2.4564687081465086
2.497054935212959
2.5071659981180705
2.5301672579084498
2.4531767918713725
2.3581648833008413
2.2496388832682603
2.148876105419237
2.047236631780209
1.948111901489464
1.8653435160090452
1.6320360918428585
2.632799413756988
2.710404283014687
2.7301202224465766
2.764146324867286
2.7791649344998497
2.7913171303118274
2.74590057937695
2.6448770452684642
2.5195029829880093
2.4004061374669297
2.279331161265555
2.160803623988863
2.0616043918809965
1.9599724961974119
3.0001199407212376
3.0469486588289016
3.0847761919434746
3.130612061066993
3.1414887875976865
3.1650175393723394
3.084165697698833
2.9399705858638487
2.792266615964189
2.6389265062863934
2.487595344599965
2.3604656446721637
2.229944306731507
2.113324615315081
3.265840215464427
3.3148017755324948
3.3549778266919965
3.399813714805144
3.4116988848089944
3.4266956970547775
3.4028790818747505
3.2604430575618433
3.09348882428278
2.914570666131181
2.7361697500426425
2.5857866185877145
2.431167147234766
2.292808008263335
3.456503089518112
3.2808459804708736
3.0862768271119507
2.890393223191093
2.724786622447945
2.401746461634182
3.5950529600275964
3.6968557918140124
3.742156523802795
3.7568855142218984
3.6734543365683083
3.49381017672184
3.282470435509416
3.0662693498331857
2.882650609718968
2.693443665296191
2.5239052363203034
3.7982869170777485
3.895820445318235
3.9421502451754806
3.923652938551282
3.7549942286521047
3.5265929296892673
3.285048444075386
3.078226793319991
2.864640356423591
2.6730864560931766
2.483681160054779
3.9556641686936103
4.044371769818443
4.089924706506897
4.097657677930114
3.964111878595413
3.7276557957445795
3.466071123031577
3.2395973117203436
3.0050352209857154
2.794523953753326
2.586370461741071
4.202706696972425
4.239089181898454
4.251707466052503
4.2492149472715495
4.181257495327064
4.107190414510385
3.948066763624719
3.6667509961670857
3.418361441246461
3.1598275510511113
2.927501064271015
2.6978137740503665
4.267840205744598
4.348393789365233
4.388695663309051
4.373774967318149
4.167928881329933
3.8719336481026465
3.6016196853414293
3.3179347739120333
3.0624493945737457
2.809889589495363
4.509403615053055
4.533968485643721
4.5413707570301645
4.527018460712709
4.510597694373571
4.427111682988635
4.300391027289055
4.129049517159768
3.833754798968639
3.5179191657624074
3.232093111524773
2.9494345111355007
4.63494402974162
4.653776022355798
4.6581892115479455
4.631215029791541
4.5757014376152405
4.477113379429376
4.368152055148923
4.056202982462783
3.7104935467464526
3.394647013564247
3.08186641104714
1.9289144445054682
1.9646567973359093
2.185744835324033
2.237288634102639
2.2340331506489113
2.465318114047136
2.505445018960751
2.7422255196194363
2.730943573395042
3.0546115904368896
3.121504408526807
3.0698429087108816
3.348585863100413
3.3722117064566905
3.3690006417235465
3.5342449947538834
3.5628331125033714
3.676469849384398
3.6497184223874477
3.7544370688762867
3.8659950023714535
3.879583590856234
3.9770212840569763
4.0295877808470895
3.941640089751282
4.142513245354945
4.141142844463723
4.277196679876003
4.306478312408987
4.148567463431316
4.446147193689549
4.388549677808146
4.556461206469294
4.347808703132443
1.7810309526031733
1.8292985122513346
1.9701893214830095
2.023917934478334
2.061829718568313
2.2677988313376014
2.3292762174712274
2.371553526393676
2.3997887275177274
2.4122938224080968
2.5932796937531655
2.661471752456403
2.7066218015532044
2.7368331388905887
2.7471406341696367
2.723467385423607
2.8326714993017346
2.904173468129192
2.952163960168591
2.972463181353843
2.980882373698465
2.9878670654434405
2.98963776429253
2.9792264868545777
2.9569976885230616
3.071968957320023
3.1485494800641787
3.1951833243595686
3.223571808085343
3.229074653324065
3.2286741192080313
3.2124547550851217
3.1856791407110534
3.120279908279827
3.0471304574928864
2.8914063238336443
2.8171872981026977
2.7080064043762375
3.367058737573533
3.4432913063912456
3.490087102442349
3.5050207596050797
3.5148432042184794
3.5174989679908006
3.514036286261963
3.4896831282722705
3.4549442381991966
3.386253558614084
3.286071156392727
3.21311726060318
3.1026923782394604
3.012347757655401
2.886928828246504
3.546102826653749
3.6217411150904257
3.666347355381442
3.68697790063605
3.6875849882192404
3.6812817193121212
3.6506660227137497
3.609902738075354
3.5194097640545063
3.4204522098609993
3.3383069046535203
3.2158807412952317
3.1189844514231884
2.9787662602122875
3.7566220006857973
3.828235942813785
3.869960719157623
3.8848407526413817
3.870917625135052
3.7833396130542774
3.566546523609847
3.335307962875874
3.0704239356402803
3.942197361286488
4.003036617558513
4.015168151041226
4.011306545005859
3.9956411705963437
3.949796939111204
3.892208259895396
3.777900771714296
3.653890777001373
3.5705453192146006
3.401519338043077
3.2909180159511346
3.1162216923874935
4.086216149431872
4.14621919570704
4.174419259471685
4.174090190068135
4.1594026672515465
4.142963260235307
4.08519925012029
4.017498759579579
3.8762858276642875
3.742662501509489
3.619316592571867
3.4628494259946407
3.323003445440729
3.144244175038109
4.192426274267547
4.245006600093417
4.2660369923508625
4.257792204596862
4.240477929764183
4.214710062766052
4.147072017685635
4.074713780616699
3.926364381612961
3.7745347315867734
3.6766679416780623
3.470817374953292
3.3258186878869838
3.131011739200083
1.7457931129941069
1.798666691040122
1.9292766673925668
1.9880923504031645
2.0300901609556057
2.217135506977042
2.283602174131022
2.3298616442739313
2.3577023071559218
2.529742386766093
2.604964279482014
2.6365950200173045
2.6539220542713813
2.6779473241668454
2.7604394273786954
2.836539804600051
2.865445934858679
2.8878122882171886
2.909191086980028
2.9081397826437287
2.8763455957838535
2.8244106255759265
2.988262768847531
3.0694287974512364
3.09883708511696
3.1200736461647702
3.138164390187738
3.1333081577214785
3.091842333689958
3.0309685476067383
2.885876514096998
2.70634746341219
3.2677105098760157
3.3493821601292955
3.3823121008006796
3.397739681706765
3.410875508911158
3.399269532500789
3.353509184973928
3.2690246206684703
3.096866437840073
2.885196874141219
3.4369556046220024
3.514951052918994
3.5423584948573827
3.561267688076831
3.569610729394977
3.5527249070064606
3.488395227533802
3.4030248927509428
3.210007979548955
3.6334600814069904
3.708375598917934
3.747940370623797
3.7248427781080715
3.548761402526975
3.3293800937724436
3.068693848512032
3.8063417070356955
3.8379166064604253
3.858569013467939
3.871556334826477
3.86572218447276
3.834350294443297
3.746143550068033
3.6361921733241456
3.3956819821583193
3.1145189707987333
3.9339642176285086
3.995644989798638
4.014459409564265
4.018382123298012
4.001231121287886
3.95931226214273
3.8459912885111347
3.72539048677708
3.523310206183598
3.457161653658776
3.1426179063967647
4.0259899225743645
4.080054358968509
4.09296123344761
4.093678111163959
4.065786034075918
4.017461195790722
3.895972485770357
3.7577199060942745
3.4653661450108495
3.1294730706214784
