1.070924140619152
1.1006570720783737
1.1047650398961353
1.0638980320401523
1.0118644239177237
0.9649235947796342
0.9152312263527635
0.8703502201741721
0.805420676232358
0.7099745337952562
1.1847322236194027
1.2278322649171416
1.2436881309115162
1.2536700021876583
1.2247578401336237
1.1668584801675104
1.1106247948029462
1.049899618808872
0.9946723160055453
0.9395129417203254
0.8860105398619347
0.84150159187709
0.7560331152481309
1.307113735206725
1.3264652301574231
1.3422764725376728
1.3611227309595424
1.3654873421717184
1.3651066206339304
1.308577926667685
1.2449586893217783
1.1738831819734838
1.1085574136763618
1.0430807018480641
0.9794379222185574
0.9264153926177379
0.7773445297173011
1.4213456782162561
1.4585623857808316
1.4675710772839046
1.4821643329183716
1.4877102422146857
1.490099261152493
1.4493244095123299
1.381188911829907
1.3000192854883463
1.2240476390777206
1.147476319644935
1.072871389010661
1.0106435198126413
0.9470760457322849
1.5845759757583082
1.606278654036322
1.6232486716679158
1.6424367665497466
1.6465082320663027
1.6465965470962118
1.5864689684223245
1.4934896992354028
1.4012238743139684
1.3066920860492461
1.2140883410412764
1.1367159723728912
1.057628792445373
0.9873148605665247
1.6975898047798952
1.7195915243496043
1.7369413645377234
1.7546870596460225
1.7587811938410682
1.7626957152953273
1.732680467311066
1.638769495712068
1.5355018432293335
1.4270288719500868
1.3199726376102252
1.2303586839130645
1.1387393676586868
1.057263053286304
1.7267607412389272
1.6182764019081672
1.5013576560786461
1.3851253227975104
1.2876321006544602
1.0993161303574521
1.8313052989481577
1.873577814691749
1.8889737041211792
1.8908641334852558
1.823270909168212
1.71173792757805
1.5857584023072386
1.4589621618750581
1.352283454662039
1.2431742469979752
1.1461662366795358
1.9097473864619157
1.9488414229597824
1.9632500632753096
1.9332086441435894
1.8254408136174292
1.690009802919753
1.5502137767803192
1.4318677607572299
1.310708084873132
1.2029998784529414
1.0971967220644583
1.9679709540988433
2.002560601929973
2.0162442983209643
2.0065027487814215
1.915681714415651
1.775331684352202
1.6252603007930133
1.4971506249695676
1.3657757180234005
1.2489932753509752
1.1343755284149326
2.0566042697893034
2.0668825219078526
2.0675895567202485
2.058108812364124
2.008418353836121
1.9622541606561787
1.8683329745230672
1.7079482475225634
1.5690841151770216
1.4261645113901988
1.2990819239201699
1.174485370871863
2.0746201237217448
2.1032995521017646
2.111138402147163
2.0893261797553624
1.9603939939387918
1.7920640179793759
1.642468562708818
1.487540622488145
1.3496813058908972
1.2146336278813823
2.149121953146962
2.1536157191385574
2.1521844438374464
2.133625335993636
2.1208328396533793
2.0676480093986296
1.993227834499726
1.8968488647676875
1.7349058961865444
1.5648483279963592
1.4129688505957858
1.2643452808021431
2.1780678848492894
2.180365272725047
2.1738658663957184
2.1504316520971583
2.1137632111918125
2.0551301166490443
1.9934054420442535
1.8229174011582043
1.6388037668133015
1.4732455914425129
1.3112143682670505
1.0854109098221492
1.096335504409568
1.2096444970854603
1.232940774477613
1.2185757213088746
1.3405408426165266
1.3518664554707185
1.4641939551898524
1.4415358747676628
1.60180124297531
1.624388813377426
1.5792561201826862
1.723455430026802
1.7174511854803882
1.7298107125451818
1.7899665047860989
1.807657614530606
1.8515898381171016
1.8118632484098016
1.88047802028461
1.9220764319110228
1.9122420937955218
1.962608341283756
1.97439715405812
1.9052467394125572
1.990573887729095
2.0112809764286865
2.059799579384428
2.058572862815413
1.9517110396340953
2.1030033659425666
2.0505147473858507
2.117472665611613
1.9846314441882515
0.9992480241119565
1.0242813316493236
1.090804001926761
1.1180155520101425
1.136285271750783
1.2303042635290309
1.2602994830333276
1.2797104620410291
1.2910161385110794
1.2933920459338661
1.3765597443301338
1.4083535889803527
1.4279603094646725
1.438871706035802
1.4389038197982986
1.416148397366445
1.4797499327880483
1.5119510437105723
1.5317778280077137
1.5389101582746199
1.5411555522538476
1.5417726580525817
1.5395168692953862
1.5279619598924834
1.5108083296757788
1.5788666511278555
1.6120067914538994
1.6302510710606009
1.6382068797657179
1.6376683265169485
1.6339485126398339
1.6186696922551926
1.5989901738361294
1.5555469961395023
1.5093609493640434
1.4138409803708305
1.3688960736628089
1.3033458131815734
1.6949048342189903
1.7262705522797699
1.7428831678687262
1.7468300820447864
1.7477611965470812
1.7445215025470624
1.7395719633423214
1.7193554218349598
1.6953283569295705
1.6513441331510237
1.5900130081913089
1.5462786641918531
1.480996315346633
1.4279667233857614
1.355086707664348
1.7613404744860193
1.7910522417661243
1.8059580594351468
1.8081958195367556
1.8043046211343317
1.7967434773598678
1.7731819893826428
1.745958464926974
1.6896543047298478
1.6304370617339636
1.5822655701424817
1.511215947941869
1.455572964426678
1.3755432945699795
1.8345963279817776
1.8609653960748354
1.8731256822194733
1.8717241810850695
1.855643559622883
1.7965418323726112
1.6681852900608154
1.5367757800008428
1.3889680414397616
1.895272499954992
1.9130905934204576
1.9130704414487232
1.9021817505687548
1.8892533987495705
1.8579180314828594
1.822298703895363
1.7548315520819995
1.6840589896554192
1.6372798554578145
1.5434622449392055
1.482735719544214
1.3874655142851542
1.931644721317378
1.9501139224773016
1.954227098840598
1.9441432988976086
1.9311852945479717
1.919315685760228
1.8822547384754535
1.8418038294262846
1.7615061898581224
1.6875860889061773
1.6205152475263793
1.5361283755396589
1.461542247442965
1.3667506358860595
1.953378633755901
1.9676530226478823
1.9680687863444217
1.953991716224441
1.9403360624244033
1.9227598833263881
1.8811177387198879
1.8392733831132522
1.756757138973654
1.6746919168526062
1.6223076526789806
1.5136651504285061
1.437728996652489
1.3367479954305352
0.9751834579438438
1.002344751481427
1.0632817471402372
1.0927456016351311
1.1124077357996398
1.1970450569524866
1.2290314815497176
1.2495850417436667
1.2556606918520954
1.3360857595994924
1.370638040703499
1.3841456045904694
1.3908725356479406
1.3928929522673292
1.4343753664381416
1.4681050556394075
1.4799497025197679
1.4882137999611882
1.4928401833731972
1.486416742760901
1.460611789426399
1.4251608149981119
1.5274450756959628
1.561943803017414
1.5733753858440354
1.5804662199937682
1.582268306057249
1.5734463432238952
1.5417915883714775
1.5016059212673385
1.4112313396911096
1.3025792032582657
1.6354804553685447
1.6682032380235252
1.679704772793908
1.6839283221465697
1.681856122330882
1.668965339277979
1.6359577089006334
1.5820825027734717
1.4783341612031735
1.3543132990758189
1.6971403622888594
1.7269984990960499
1.7358997334997341
1.7403919600090088
1.7353242612434665
1.719390071230074
1.6753762647440589
1.6224884559382486
1.5085881896505313
1.7634725602761245
1.7902950074797903
1.799214699727298
1.7700047789073488
1.6602744437751695
1.5341931787337357
1.3882341266392344
1.8181465244829271
1.8281203709707903
1.8331101000395276
1.833325411341212
1.8202574965354086
1.7963542193507958
1.7408337072455866
1.6763395691904257
1.540971816877657
1.3867594205139853
1.8474534688659536
1.8653331153923354
1.8674344070844915
1.8646330073730584
1.845644209095047
1.8165965070507633
1.7485345939730517
1.6802726586404217
1.5695166583616365
1.5337768542695784
1.3660995080756095
1.8634839022439342
1.8769920107950029
1.8766424310973817
1.8706960212735897
1.8463944193726267
1.8149727797511699
1.744012532358595
1.6677032463385852
1.5114652887899893
1.3361484717299132
