0.4695604804804512
0.4798647053260982
0.4728489442745011
0.447738215389239
0.41826078484637236
0.3923988048371544
0.36546488369235547
0.34147939326617427
0.30734611585746185
0.2586286311124043
0.5082506953201211
0.523477494947169
0.5280730052210144
0.5283675519810208
0.5071427910150089
0.47419864474436735
0.4437101570591671
0.4114934835054678
0.3826635928737414
0.35429368166105246
0.32714877185867747
0.3048802953672326
0.26305504018492126
0.5485406555454239
0.5552616669379768
0.5604559647400098
0.5658962420014501
0.5668811250390791
0.557582362585547
0.5241854582954223
0.4899340330919988
0.45285580152625154
0.4194233019471419
0.38644435559162305
0.3548438353894001
0.32887526717200233
0.2581906234422717
0.5839288941926254
0.5958910250278581
0.5984497282020684
0.6018070036623411
0.6022991809628715
0.6004127209172376
0.5727288017384591
0.5358514417388517
0.4940513499171251
0.4558690613112141
0.41806320757028437
0.38178622179091437
0.3519631971494742
0.32196781842187855
0.6306409771221357
0.6372369543089131
0.6419569956920135
0.6462288003250359
0.6467260533620763
0.6385587681089908
0.6032769501266482
0.5556815269107627
0.5103451297312369
0.4649496675343657
0.4212513645302185
0.3853060393192723
0.3491524549048551
0.31757897079034214
0.6597745041670596
0.6660590458899943
0.670480321536382
0.6737409966728558
0.6739695310513664
0.6729501713390843
0.6498572068646128
0.600781655251399
0.5505914069106633
0.49944059185300305
0.4499687581243318
0.40924918100746416
0.36831611322359037
0.33258520477090103
0.6276105568336411
0.574990268825568
0.5203750054003778
0.4672997646729204
0.4235817412529374
0.34132955904432694
0.6900869910330184
0.6998979226717332
0.7007925783037143
0.6979174210071732
0.6565541083649633
0.6021597639792357
0.5438224102917496
0.48665555644816866
0.43948500554460507
0.39212889353825636
0.35084068577637806
0.7049968289876918
0.713166855986454
0.7129547029299886
0.6887056202266757
0.6346458366806227
0.5723978385562715
0.5101734023943196
0.458720283243687
0.4070501531169578
0.36206688010959637
0.31872546959438236
0.7142158997417108
0.7208053752577455
0.7201658439920783
0.7080830337752176
0.6599346345025845
0.5952673983339596
0.5291889493479999
0.47419750597720745
0.41895789886256607
0.37090595984884706
0.3246925873191932
0.7259110413299444
0.7248179142049227
0.7216434885331002
0.7131177994715959
0.6853131135107499
0.6628517804052143
0.6199302740622958
0.5497964090352385
0.49093416184098043
0.43172735935637235
0.3802649310191203
0.3308701906882907
0.7242295457171136
0.7277641905366009
0.7232422215309027
0.7065747204988088
0.643675130040186
0.5703929493448492
0.5077016911946143
0.444437108961111
0.3894702772561895
0.3368071465350668
0.7244102032976466
0.721448601760677
0.7179069739002539
0.7043152950985405
0.6970238459463071
0.6706498263561719
0.6369012244787398
0.5954648111178426
0.5283415808805401
0.4600058264220956
0.40060298836787167
0.3438127618496701
0.7153761986552604
0.7121393152532836
0.7045802325645948
0.6901470080564727
0.671531070949588
0.6446358156673061
0.6178861665185991
0.5474150039630812
0.47446336317647203
0.4108395770458528
0.349933814030549
0.47145628857603167
0.4692465255078351
0.5137111857888317
0.5196950469297262
0.5046077504572472
0.5550092054576783
0.5522541469960254
0.5901823508069334
0.5697207132567363
0.6296691998801385
0.6302042814652136
0.6006252000539036
0.6585095978788236
0.6443649938386166
0.659413113862577
0.6664636656699788
0.6763800062799982
0.6840851949152332
0.652651782689431
0.6894405657349779
0.6957133531069004
0.6816437638759151
0.7021066908680094
0.6974187908752738
0.6565707812442109
0.6796399548998568
0.7007621374179546
0.7068977646090683
0.6969310646303567
0.6410560130025378
0.6987155059951412
0.6655741120332518
0.6805464506611775
0.6154522152498553
0.432127701452361
0.4413013465611822
0.4630418300232538
0.4726365012005798
0.4783489565488922
0.5074500622853491
0.5173919139209272
0.5228969574459874
0.5247373101452678
0.5226732611187418
0.5502238610995467
0.5599284548320013
0.5648089873456454
0.5657280165473212
0.5621010200616999
0.5463325399821451
0.577694452129523
0.5868681734938115
0.5911385117090902
0.5916629350502689
0.5911282391312678
0.5893952892297688
0.586451239572564
0.5779920831155715
0.5677485137428528
0.6014798528067559
0.610102636611497
0.6133920601316575
0.6121874966528673
0.6098138556907421
0.6061609502293311
0.5959441071410883
0.5847410217451519
0.562068269874669
0.5392258447701014
0.493668044868609
0.47265749740992896
0.44245250692301896
0.6252131617572676
0.6323656134779896
0.6341467857450768
0.6333612425219002
0.6311736704402942
0.627128233675586
0.6233054316309276
0.6108957220385538
0.5979916632230942
0.5760111856159587
0.5468324541289237
0.5265593438285058
0.4968797722642205
0.473071903729912
0.4408406302015903
0.6359394753626533
0.6417988277649886
0.6426531242710295
0.6385590838145863
0.6345196303127272
0.6290561901692798
0.6153768264744661
0.6012751459343658
0.574063252214038
0.5466686258955269
0.5249712473949547
0.49345638920777524
0.4691730986666838
0.43471137763797835
0.6440771536463189
0.6480849078580739
0.6473085086844993
0.6414787921177967
0.6301379336734843
0.5994510640267902
0.5409141790657761
0.484178631570339
0.4222863830240473
0.6476338410221448
0.6467208023225772
0.6431273077826417
0.633858635565634
0.6261258833936526
0.6097382026115161
0.5926207557312544
0.5621511450391872
0.5313741408817346
0.5115032280841941
0.47230165509208133
0.4473330310941427
0.40875102286794046
0.640452114681803
0.6405658709214027
0.6362918669260503
0.626877885218529
0.6189026380407062
0.6124657847444726
0.5942318502199341
0.5757106551329214
0.5409720518586263
0.5102118201718212
0.4828692638525682
0.44904185007624436
0.4196261966943235
0.3828544231531662
0.6303583249871164
0.6287313721114084
0.6231105330733003
0.6123177543071092
0.6044639218746289
0.5953665578620265
0.5757739622565035
0.5573670041877632
0.5226902105068149
0.48955476442398943
0.4687324045463716
0.42647915792984664
0.39749016368201384
0.3595695396271116
0.41855116751868177
0.42831425105595744
0.44783021238124915
0.4579997076540373
0.46370167776521404
0.4896530034220797
0.4999536658781398
0.5052702933767521
0.5016211576012829
0.5293949088552441
0.5395959770320518
0.5428102280347005
0.5438521804189412
0.5376168799407371
0.5547996706766122
0.564041719384678
0.566556758329157
0.567574422967413
0.5651731548806133
0.5589151239576229
0.5430448889198313
0.5240444925977448
0.5762847250535017
0.5848628223135428
0.5868688759349704
0.5871552422749319
0.58312358185704
0.5758174587158393
0.5573341969239983
0.5365954236224914
0.49280947659213
0.44221007217394714
0.597075601605915
0.6039370672999658
0.6050531227097826
0.604426786943567
0.5983016188276271
0.5892176243517965
0.5709634786668129
0.544279511184888
0.49605206380245837
0.44061102054856643
0.6062023153316262
0.6115765110228829
0.6119084683790689
0.6105271917391603
0.6030625481290405
0.5927303060638585
0.5695465833511711
0.5441996809869488
0.4926711457511155
0.6120204490330015
0.6155194149646898
0.6123470455293388
0.5913323901928729
0.538573305843824
0.4834476175222185
0.42209080747961886
0.6136998187524862
0.6140079790570577
0.6126670753190016
0.6090859886830545
0.5984046414774312
0.5849170121717017
0.5580823336048675
0.529181170489242
0.4716285708431741
0.4085727797645535
0.6047029530386843
0.6038373391678021
0.600406904338087
0.5966923920096399
0.583827811731726
0.568649053229823
0.537435880163564
0.5082686212310432
0.46277797046050645
0.44845324026380506
0.38270493661263416
0.5934105001201143
0.5907346698658154
0.5867500300622299
0.5810053710611855
0.5663566134784628
0.5508519979453165
0.5193861931244926
0.48779798442608036
0.4259638871115016
0.35944301417738084
