0.9065156103278741
0.9284974475531813
0.9215858685392642
0.8785230378233236
0.8266981671584993
0.7808531705070076
0.7328727177687104
0.6899612632190972
0.6285553727677761
0.5398450734618524
0.9833149374437937
1.015112529618456
1.0255893910694662
1.029041174870442
0.9944166087709024
0.9366832720876094
0.8824662244411563
0.8247774234344153
0.772880873984423
0.7215502234203834
0.6721595649079075
0.631383655183364
0.5540723831118862
1.064462564582622
1.0784393362110283
1.089487714111676
1.1017281360628373
1.1042181843732373
1.092593370745602
1.0347700305247516
0.9738299945106281
0.9071804541992691
0.8467277958970265
0.7867451256032181
0.7289238495642207
0.6811147165891239
0.5487818621886984
1.1363462042462196
1.1617205006227076
1.1674341294542494
1.1756885926792946
1.1778438172917818
1.176092671489001
1.1298319532123322
1.064408733795849
0.9891097215540021
0.9197913904553551
0.8507193424383762
0.7840156401896868
0.7288096040944585
0.6728820044701339
1.2325377533735649
1.246583502746899
1.2569957355364807
1.2673768377362171
1.2690384559111476
1.2583644389535447
1.1970690735341984
1.111355242516834
1.0287222034065042
0.9453336334464262
0.8645944420138764
0.7974826334617446
0.7296536142833682
0.6698810725833562
1.2937048759310397
1.3072506700171467
1.3172132256742464
1.3256803115271643
1.3269476532117213
1.3264825626377776
1.2884667552007576
1.2006353882198662
1.1090172315551072
1.0147569738557056
0.9228786996135688
0.8466654256057825
0.7695499213613644
0.7016224531980576
1.2536375637032635
1.157616085448682
1.0568269051655008
0.9580729288883669
0.8760476752198775
0.7200788869906245
1.3590380993371212
1.3814993501655186
1.385948974776025
1.3823653506946552
1.3107336754395418
1.2116565631543552
1.1038920365222413
0.9973027622846619
0.9086623889277022
0.8189863250350714
0.7401224749691174
1.3925402562124405
1.4117567992312057
1.4141551389060978
1.3740216430533738
1.276209169754887
1.1611760300502614
1.0449233148118962
0.9479750226425355
0.8499035478604784
0.7637428436821424
0.6799310310638299
1.4142852485891213
1.430166157384847
1.4317596380570892
1.4125682985663608
1.326375446242843
1.2069712606933172
1.0833838249956351
0.9796131526180664
0.8745364523473528
0.7823191128602772
0.6927590913768231
1.4444677437676037
1.4446582880127474
1.4401450017038335
1.426019246458443
1.3766051284695477
1.3355237790021348
1.2563063092743894
1.1250273238667625
1.0137519386815166
0.9009430628063425
0.8019754846090976
0.7060479919753634
1.4424959671717277
1.452448095855932
1.4469913217786896
1.4185973196668122
1.3037962720690344
1.1666185042587522
1.0479267694463472
0.9271944182528747
0.8212943867319393
0.7186853335574563
1.4515421043818972
1.4477099683756436
1.442071328482764
1.4186791824377651
1.4056772094562886
1.3575036325397836
1.294947649290454
1.2172018354458003
1.090016043541615
0.9593606808136226
0.8446634339111319
0.7339290792176445
1.4392269583995652
1.4346012159034172
1.4219344024873748
1.396380760318693
1.3623889383274295
1.3125929587233378
1.2623950513825888
1.1289370438764734
0.9892334768170341
0.866037451958988
0.7473218050873704
0.9135370777094741
0.9145549265953791
0.9976679878699412
1.012132873393655
0.9894400204166851
1.082255547500088
1.0821443506404598
1.156045780247541
1.1238948462423244
1.2355810082207075
1.2419046432303984
1.1918078537334855
1.298041294669518
1.277583555929561
1.2979343109236356
1.320772421127971
1.335163340614273
1.355010683257696
1.3029541792828294
1.3648913003758127
1.381890009538582
1.3599585137010155
1.3959480656436525
1.3913467822576524
1.3196302297347606
1.3652419951864456
1.3974067640143937
1.4144060686955697
1.3993020408439907
1.298507716392409
1.4056915274027952
1.3472695393087466
1.3770441220542653
1.2574425172976003
0.8386785537875568
0.8577884377660892
0.9009577860641981
0.921071241487095
0.9336985293066474
0.9912727676911807
1.0123387964577701
1.0248012095668253
1.0303696539082126
1.0285058111040086
1.079530594594091
1.1004186811233105
1.1118791091354012
1.115939399705156
1.111291559910861
1.0849773134091918
1.1371765762187487
1.1572002554482361
1.1677117410003963
1.1701442667351547
1.1699885917593666
1.167835635750452
1.1633968877830374
1.1493752258338363
1.1316280146456903
1.1881151738992497
1.2073384388618573
1.2159190068933035
1.2160833627831733
1.2127090526998239
1.2069362906764627
1.1895883476745082
1.169902585516471
1.1292270217875848
1.087679278708807
1.0039063056972566
0.9650094945942634
0.9088081850114536
1.2407269598334665
1.257195313787928
1.263055696556731
1.2627610269184
1.2598714656085286
1.2535360428738047
1.2471750046654855
1.2255890547995771
1.2025407849507923
1.162652114966197
1.109035228246161
1.0715161982626409
1.016283191830171
0.9717547195834911
0.9111707157069965
1.2660525149882753
1.2800860767382103
1.2841377016642777
1.2786957301835342
1.272147846322032
1.2628799316043282
1.23881685459865
1.2133745531297517
1.1635169616422776
1.1128310790292242
1.0723966114594237
1.0133642624061276
0.9676798395778716
0.9024457460474766
1.2876673237577916
1.298091337942913
1.2990546643049188
1.290276971112027
1.2707412742024262
1.2152499197882753
1.1065851816348493
0.9995932976528794
0.8819175064105818
1.3005396085607288
1.3020323460359093
1.2966226224899822
1.2809600564972212
1.2672732606274137
1.2375901091488644
1.2061489647016121
1.1494300772923345
1.0916109524176942
1.0540492259470544
0.9796066587017535
0.9319553424099771
0.8579055749344887
1.291840787891955
1.2946441785323723
1.288634147421094
1.2726542854139595
1.258487898605703
1.246837800368067
1.2133553767937466
1.1788820767865014
1.1135389479196627
1.0552382324866816
1.0030402617268603
0.9381389723753933
0.8814460220451397
0.8101595014066986
1.2770037654764828
1.2763201332563052
1.2675355545629008
1.2487182598807665
1.2345177494830077
1.2178544225048944
1.1815003387761
1.146913916643491
1.0812495128194035
1.0179423285365878
0.9780743750071808
0.8964137779934864
0.8401330342711678
0.7658699478034928
0.8147599808517244
0.8352631273421733
0.8740533355565195
0.8955600028954183
0.9086210668327392
0.959592679948027
0.981661752621721
0.9942295876600846
0.9914694290516468
1.04214292854809
1.0643754267747176
1.0720587649838833
1.0751713272700982
1.0676605378314423
1.0959142643226427
1.116386665823601
1.1225894040331463
1.125953598605497
1.12388556770587
1.1140215303911312
1.0866578083881102
1.0528009370965628
1.1424181816553012
1.1618473452695472
1.167144129001816
1.169118859985123
1.1640120225338142
1.1520585598915856
1.1197197992261432
1.0823746756163615
1.0021600254844292
0.9083096255023506
1.189334347299504
1.2055859647843505
1.2094751894882094
1.2094542904735064
1.2003564142988539
1.1849236641320422
1.1524750058706974
1.1038621068465604
1.0145906776250537
0.9106956290206428
1.2114544402056033
1.2247725740017061
1.226904011752013
1.225753045341983
1.2140722186764625
1.196135746785949
1.1543766156704733
1.1078114932386787
1.0117524585643969
1.2284334508269399
1.2382014550000617
1.234991942645822
1.198870957038487
1.1018045531055698
0.9980847959991092
0.8815083773290704
1.237562654759161
1.2395504564364523
1.238273665162861
1.23289001082702
1.2146651130979562
1.1905064822444342
1.1411306956048317
1.0871147988127128
0.9782114522078623
0.8575306520019509
1.2249201556025247
1.2260536301936222
1.2210223579821162
1.2148467973474435
1.1921856867168799
1.1644693211010637
1.1062798282621227
1.0512276479331046
0.9644149505799234
0.9369092612965892
0.8098417165531884
1.2073545172906752
1.204892581296896
1.1984927193839054
1.1885984926213058
1.1622490552150426
1.133584901309253
1.0744342841944152
1.0142965792641911
0.8953297532245409
0.7655984585875678
