0.9725756708425785
0.9973514129965677
0.9943361251492961
0.9516709017049209
0.8990504696283659
0.8519429760880511
0.8022260614818679
0.757394299778568
0.6926381138171025
0.5977968144450649
1.0758322571516805
1.1124828576426984
1.125226424481203
1.1313000725125004
1.0983666221880781
1.0394160423605512
0.9831058262475496
0.9226484224124248
0.8678330238365431
0.8132252657229944
0.7603778194307196
0.7165307187115229
0.6327433390568125
1.185732966144899
1.2022861869407369
1.215599349962849
1.2309205739893179
1.234272759625613
1.2272084521989588
1.1685140346270562
1.1047529515135823
1.0342141275782686
0.9696852012281464
0.9052328136888314
0.8427820767188249
0.7909263194806966
0.6463060349549263
1.2883260020630936
1.3198313725261337
1.3272212939112118
1.338638073133283
1.342398386548527
1.3425491282093778
1.2975098365431812
1.2288434190665318
1.1484002355030936
1.0736558937091771
0.9986470447108801
0.9258536573891366
0.8653757440211148
0.8038506810320751
1.4347448670795915
1.453195602550615
1.4673162310368504
1.4825668197735704
1.4855188197093727
1.4800258869185783
1.4173163125004333
1.3249634537594372
1.2345023989554833
1.1424340348631656
1.0527058424554832
0.9780899475386754
0.9021870572846581
0.8351510211236524
1.5360225515129065
1.5546693064833847
1.5690380894337976
1.5829419269270801
1.5858073533546544
1.5877340507653381
1.5528671351728516
1.4587210488639855
1.3575055009991193
1.2521710193607078
1.1488567552944509
1.0628294429939324
0.9753416584439436
0.8980196966316023
1.540248003189723
1.4338191065883064
1.3204083650827787
1.2084494745859655
1.1150899558702136
0.9362698237567461
1.6558053654921954
1.690922204156105
1.7021301560437592
1.701690370249833
1.6302054220803948
1.5204277270833346
1.3983136856020855
1.276401770052826
1.1744738682557507
1.0708105426711283
0.9792644268231235
1.7260195038319883
1.758402164021826
1.768483992580816
1.7335462901768108
1.6264868400981691
1.495169341012685
1.36097280560844
1.2481498734699372
1.1333324285128537
1.0319684522611918
0.9330803922414301
1.7781664279865848
1.8067893041250565
1.8164102482291404
1.8028975477316371
1.711282523009177
1.5749665575593192
1.431015567567837
1.3090574762776137
1.1847702070259276
1.075064421859351
0.9681457694126445
1.8552114890218199
1.8623253816070469
1.8612498483476325
1.8499485718295503
1.7991776206452683
1.753692946193559
1.6624700624074344
1.5087480867902194
1.3766631329595587
1.2416227749765927
1.1224567040470244
1.0064270956296417
1.8738060653552346
1.8972527709682474
1.9011806737753918
1.876894631503679
1.7498060634288604
1.588364380509319
1.4461581003458526
1.299959828976019
1.170820745912545
1.045224080659053
1.9386265534238194
1.9409658629951971
1.9383593405791824
1.9182779304471544
1.905237028565491
1.8527700094347528
1.7806766729047985
1.6883399426947585
1.5344700962856288
1.374117177848055
1.231999256442053
1.093929033520698
1.9651076167029282
1.9657655603724633
1.9578409448676617
1.9337921268033922
1.897617030477526
1.8407678717003964
1.7815201401727976
1.6194049386546487
1.4458282678563978
1.290997695950472
1.1405595750033355
0.9822664948345347
0.9867835422758606
1.094546165997591
1.1126656890451285
1.0928433325693307
1.2105863269900154
1.215340986375699
1.3192572798685431
1.2905510838288652
1.4452008367996376
1.4600720343678557
1.4108740482582316
1.5523517189440776
1.5392018684377482
1.5622113184902855
1.6073115196093233
1.6312356249203654
1.6662281963905508
1.6199682915463771
1.6964149847614909
1.7294972834717814
1.7146468738444158
1.767778214505674
1.773858107849295
1.7018934970719077
1.7830500882866853
1.8146331218894447
1.854465143335357
1.8489722587445367
1.7419657554500958
1.8918466190000047
1.8371996693724937
1.9036489275213324
1.7735298875063827
0.9032188831473098
0.9244539582981184
0.9850321804777622
1.0080528260968127
1.0229488577892456
1.1094697560202214
1.1347434920217643
1.1504309402420603
1.1585371017919337
1.1583821089972934
1.2396680415230468
1.2663269813721338
1.281980297573692
1.2894053686702287
1.2868333024954421
1.2613317569451274
1.3314270553805472
1.358326804108295
1.373980218992252
1.3788813954186938
1.3799492058940706
1.3791692711626673
1.3756821877846843
1.3624586635274705
1.3443970304804742
1.419496054160732
1.447059522576631
1.461267724742261
1.4657558089108864
1.4638348295772394
1.4589915157099762
1.4422236967740356
1.4218750152257331
1.3782829908834369
1.332735270416061
1.2396409238832975
1.196121528738094
1.132925105474162
1.522529745623946
1.5484926208255756
1.5610890086360898
1.5633471783282233
1.5626929437995523
1.5580109249126435
1.5522758994963377
1.5308939215925348
1.5065440421682703
1.4629505748562606
1.4030571474059752
1.360672092864238
1.2977395173238422
1.2468497132500012
1.1771502066638069
1.5814967941047808
1.605927439261199
1.6169826819901008
1.616343383554723
1.6112957324201915
1.6028428420406506
1.5783761931549278
1.5511601138026114
1.4958668950127338
1.4384165302814345
1.3920290424120652
1.3239025396317532
1.2708103060722906
1.194753981739477
1.6465947941695624
1.6681146654737284
1.6766837536643933
1.6727067030351175
1.655120097404326
1.595971791939406
1.4717946421836308
1.346420216295767
1.2065847998910166
1.699614686018005
1.7127034586706384
1.7110499160368509
1.698497231599632
1.6851470048770085
1.6538222366804518
1.6189307235809567
1.5537515706663627
1.486025893427482
1.441485427374098
1.3526209099558564
1.295279640685205
1.2057421802198898
1.7328790775374867
1.747812786700064
1.7493872113739213
1.7377802823612458
1.72445370231932
1.7125458873837158
1.6761603835434846
1.6370673327698744
1.5602027810277714
1.490044226274276
1.426687406750952
1.3472648326655021
1.2774136060376398
1.1889578478318161
1.7527682734517245
1.7639071174900427
1.7623487225524832
1.747303785390284
1.7335852012396622
1.7163144389745326
1.6759270101096417
1.635842479320005
1.5573356147695836
1.4798439504755412
1.4305182384357513
1.3287898300145438
1.2580461717646132
1.164190885005021
0.8790908373167825
0.9019704866166821
0.9575045580189413
0.9822547729357198
0.9979066589762267
1.076350850286685
1.1030850552504927
1.1192680134122863
1.120069974412571
1.199632147554477
1.2283591348835763
1.2390277089405082
1.2439462249494888
1.2406506134203323
1.2866412560154497
1.3145593680033407
1.323881343153557
1.3298502222242767
1.3311475515934927
1.322695579193855
1.2951968699840235
1.2593456604003208
1.3690005762576163
1.3974306181769804
1.4062889450811864
1.4111700448853037
1.409743393702201
1.399126087563298
1.366075018533147
1.325875593205574
1.2373481489214437
1.1322571856982333
1.4645267609445416
1.491287570789161
1.4998999702804086
1.502429287539377
1.4973703954804138
1.4830194189410832
1.449259923257502
1.3960264152422517
1.295394618772746
1.1764743927441876
1.5190004806236062
1.5433121902335252
1.549855617963221
1.5522791335955806
1.5444761981526083
1.527410059474971
1.4831438141955093
1.4313556162378633
1.3215827302964471
1.5777016283499607
1.5993146130119114
1.6043502291203422
1.5721768767322448
1.4647184915896452
1.3441313830846036
1.2059388667200714
1.6252191824994513
1.6329219109370794
1.636135455040865
1.634698384774737
1.6199096797439492
1.5956058671268751
1.541201136512508
1.4791230013854857
1.3504054303715896
1.2051179244344836
1.6523500990105202
1.666247418521263
1.666599611297851
1.6629841373052137
1.6430283058523696
1.6142858020831663
1.548508136092015
1.4834645474232653
1.378797671330901
1.345158051160961
1.1883772009111446
1.6669203078581185
1.677123917375444
1.6755701458956158
1.6689128578373575
1.644359555000027
1.613773289548021
1.5457815174196559
1.4735203964394623
1.3268056350576856
1.1636517918403493
