0.8032072638447938
0.8210258643191615
0.8095390117068767
0.7670516311731645
0.7169950722701798
0.6730740662393583
0.6273754413258414
0.5867444581489559
0.5291186820163812
0.447705476049438
0.8713550482162604
0.8977287623750114
0.9057638374750226
0.9065135307894481
0.8706686833881906
0.8145810861229771
0.7626372579959751
0.7077783939180623
0.6587510785178369
0.6106006530324786
0.5646814886759556
0.5271748748544088
0.4575724219638491
0.9422542952118057
0.9539269858088801
0.9629659216682327
0.972494572906669
0.9742429044891311
0.958872179316748
0.9019369866185324
0.8434298015764212
0.7801083194949774
0.7230681662036194
0.6668920085455214
0.6132104047259886
0.5692540161119602
0.45101441873245796
1.0047542248936032
1.0256265726611749
1.0301160407853673
1.0360972986183252
1.0370927454201926
1.0340434167337476
0.9868894367640406
0.9237651948712755
0.8521879104125232
0.7868477813438733
0.7222343008965103
0.6603722794684385
0.6096447403359289
0.5588578400618411
1.0875890334779854
1.0991640394962294
1.1074684836637958
1.1150647303487116
1.115986710965979
1.1022980117216858
1.0418257450036308
0.9600397716721869
0.8821497806619129
0.8042163562915072
0.7293196856594336
0.6678422605931668
0.6061819436055572
0.5525420757551355
1.13940407325134
1.1504319535666234
1.1582282498151464
1.1640872980927022
1.16456236082151
1.1629253989006523
1.1234368169502111
1.0389697012872208
0.9525033063492826
0.8644306311313747
0.7793591434942815
0.7094580284545473
0.6393498353524518
0.5783392064107415
1.0858978878251968
0.995120531175283
0.9009301332525476
0.8094970163770393
0.7342836882718916
0.5932752024531867
1.1933884940906163
1.2107659216648072
1.212568568253734
1.20771457462195
1.136505168087697
1.0425423500415014
0.941763679428401
0.8430976399259469
0.7617944412115624
0.6803086286796263
0.6094354658067269
1.2200634592405377
1.2345481069675375
1.2342571710872003
1.1926909295471646
1.0991991355320112
0.9913259963533467
0.8838376833514356
0.7949303092673616
0.7058281782884089
0.6283911995528717
0.5539975235144832
1.2365868702644403
1.2482648757105104
1.2473215767287158
1.226582714274469
1.1432331765414798
1.0311627867186284
0.9167084148578494
0.8215514586546031
0.7261040145809742
0.6432249120488595
0.563716250212296
1.2575158188684625
1.255741822768032
1.2502890230119807
1.235560747648432
1.1873571454318785
1.1483016396756056
1.0737446180776693
0.9522587960799606
0.8502338046453705
0.7477506132246681
0.6588414131389244
0.5736951340998863
1.2546472260960915
1.2609279014591575
1.2531889050271083
1.2242743400952412
1.1150575682054038
0.9877153142597566
0.8788591226598811
0.7692302602369085
0.6741077303951175
0.5831646632595822
1.2551057847567955
1.249969617313436
1.2437502999153256
1.2201733259328
1.2074875067987982
1.1615289560520325
1.102857134749335
1.0307610409440977
0.9140393560076703
0.7954246156588055
0.6924469377919936
0.5942214242452468
1.23912318188651
1.2333093355041582
1.2202741495993705
1.195128838307913
1.1626303006147705
1.1158081533281492
1.0691325981415851
0.946467126035026
0.8196351734339187
0.709087120853908
0.6038562027595176
0.806716017253314
0.8033570528712797
0.8810511546408983
0.8915851109200769
0.8663005489550044
0.9538553902790551
0.949669194767893
1.0163353196190388
0.9816783896970784
1.0863749869053492
1.0877885640651583
1.0372173837962864
1.1378055710586945
1.1138789628079326
1.1395888202965962
1.1526452191291718
1.1698029888114634
1.1836095923585825
1.1297025741794207
1.1931728689925145
1.2044556907786947
1.180397637035231
1.215817279893793
1.2079796263034521
1.1373658474951613
1.1774629382932802
1.2137645722490125
1.224678459153046
1.2074587907706444
1.110494037103385
1.210420266755145
1.1526935411318957
1.178430880555299
1.0649088521006047
0.7393903506124572
0.7552218934412083
0.7936730026812393
0.8102903235198208
0.8202408760940343
0.871935563986352
0.8892891339613868
0.898986929527948
0.9023616851383045
0.8989834612165352
0.9477050435503733
0.9646826554123982
0.9733187055117539
0.9751369719189441
0.969122553943094
0.9422585451814579
0.9964717104599441
1.0125903794982698
1.020234409723525
1.0212520148363406
1.0204146469601105
1.0175346407933366
1.0125551997809816
0.9981394154317446
0.9806071437804748
1.0388210330382543
1.054055718412306
1.0599500019530985
1.0581304670425904
1.0540979180647154
1.0478819461690347
1.030396695764327
1.0111581533509653
0.9721803134752979
0.932872259692157
0.8544764522839657
0.8183492468995575
0.7664440694547187
1.081173962286947
1.0938652777057913
1.0971780555263198
1.0959188182396522
1.0922371530399593
1.0853350441261704
1.0787758886113834
1.0574424473631527
1.0352019745266228
0.9972819841695738
0.9469172544591311
0.9119329511798908
0.8607176345409061
0.8196670687351274
0.7641214433405804
1.100433724446241
1.1108422386326289
1.1125125868565453
1.1055874544897746
1.0986683357859637
1.0892703481946213
1.0657107769683014
1.04131133206632
0.994272981872679
0.9468986673696788
0.9093977138725873
0.8549266330179289
0.8130076079070935
0.7534817589132896
1.115088753490283
1.122249063002788
1.1210530919782309
1.1110952723347585
1.0914815581237352
1.0383095366401158
0.9369305191714877
0.8386843703206522
0.7316521839682796
1.1215645013736597
1.1200996402250252
1.1139370705286282
1.097904356434324
1.0845096131265417
1.056060995275475
1.0263875799619804
0.9735066272903146
0.9201182081669755
0.8855828442694395
0.817682384747456
0.7744551978078199
0.7076797973591467
1.1087861541352098
1.1091912899215324
1.1017694065606543
1.0854132026561638
1.0715466024224272
1.060348928190631
1.0286259178575472
0.9964244212460782
0.9360242579538907
0.8824825268632351
0.8351036877708289
0.7763806341474937
0.7254050953432182
0.6617193881440765
1.0910898712525021
1.0882360672484315
1.078420035244386
1.0595264165748643
1.0458653771183546
1.0300125996497533
0.9958892898058467
0.9638431256655967
0.9034817943071116
0.8458501088153664
0.8097562109323371
0.7363327375984988
0.6860534678382846
0.6203946858554605
0.7162934613540045
0.7331620339091758
0.7677331208374786
0.7853803430659356
0.7954235085279834
0.8415656847405671
0.8595472158819952
0.8689083420420377
0.8630687031570656
0.9119342605647228
0.9298311786957035
0.9355294992119968
0.9374501289220768
0.9271361218939342
0.9570819777757171
0.973353811860991
0.9778497236459829
0.9797506855661962
0.9758570250415904
0.9652489427347397
0.9381251222096146
0.9055678253519557
0.9953749165977619
1.0105698893128965
1.0141589153322934
1.0147967141494443
1.008074152318974
0.9956179922742141
0.9639331122851184
0.928288191457613
0.8529790551108449
0.7660207682170695
1.0325616169874543
1.0447587086931338
1.0468519912279002
1.0458640277550533
1.03548408281464
1.0199026074814663
0.9884788980066886
0.9424639490835448
0.8592732626521153
0.7637205653567942
1.0489414028579935
1.0585279529993183
1.0592322936476668
1.0569535869284374
1.044231981001867
1.0263860322055371
0.9863948384632676
0.9425914400994945
0.8535569412263969
1.0595039552346637
1.065817065778579
1.060455149531294
1.0240514703204455
0.9328511494281216
0.8374113131853699
0.7313119878804804
1.0626334938835165
1.0631541398839615
1.0609667923382495
1.0548120748688405
1.036330425834462
1.0129629164824483
0.9664226495050139
0.9163022857553391
0.8165128806954179
0.7073708973731797
1.0467820456327415
1.0453213222279694
1.0393718327340005
1.0329151657659288
1.01054036042621
0.9841558485362543
0.9298874197274012
0.879114425837343
0.8002357229542221
0.7753633108778933
0.661462358662529
1.0267831514553396
1.0221161648893
1.0151218974853293
1.0050981354856017
0.979564731721522
0.9526042995192949
0.8977687133626796
0.8428180451729115
0.7354476101924602
0.6201791844280637
