1.6656558571429652
1.7080985852787827
1.7054391706491376
1.635035355356745
1.5470706796625686
1.4676096277516262
1.3830677669052143
1.306166781445001
1.1938385468058261
1.0259734381827998
1.86737346782387
1.9312098759671672
1.9538004651469305
1.965594123906866
1.9119744636483664
1.8128831898772801
1.7172270901571616
1.6137035059891378
1.5191028439297032
1.4240871909592174
1.3313537715108466
1.2537590305870436
1.103345278466304
2.0830631412382434
2.1124006936226953
2.1361372185453584
2.1638111667824766
2.1700024637154662
2.161459261458239
2.062830204181844
1.9538736337815945
1.83234101071256
1.7203009034822119
1.6075562193762838
1.4974877339345405
1.4054155509251127
1.144378056934778
2.29091539161154
2.3481625694148223
2.3617832300011594
2.3832873544100153
2.3907784148230267
2.3925234025788544
2.3181578429086045
2.2004096318830757
2.061014961583937
1.930404751974416
1.7984290865305987
1.6694736933227003
1.5616319898678022
1.4511204359260903
2.59917459663994
2.6338678364474966
2.660721308759313
2.6904461056190683
2.6965257151988142
2.69189889555474
2.5854286672067825
2.4243212479392504
2.264793203307892
2.10126829262476
1.940899089308092
1.8067755849139928
1.6694814635255781
1.547424178960994
2.822750129477536
2.8587670794152453
2.8869875539517498
2.9154219490483264
2.9217262067027288
2.927214854721492
2.8718111922979612
2.7077421368595616
2.528225049960447
2.339783157703503
2.1537794197898394
1.9980551914136047
1.8387599986086456
1.697254813761097
2.884345595052813
2.6951176185482213
2.49135254356589
2.2888425873217435
2.119056318048259
1.791253627153937
3.101942519792233
3.174027122990541
3.199907655197058
3.2025064648371124
3.0831510741656185
2.887876587414873
2.66749671650947
2.445801209549899
2.259411458018797
2.0687861798771032
1.8996280504963845
3.276133235117707
3.3449844613171
3.37057953736601
3.318304812508842
3.129205320564341
2.891222763288636
2.6456003215781143
2.4378226834739465
2.225148590742877
2.036517947309144
1.8516910282928563
3.4126508300357106
3.4755143874907626
3.501197015463203
3.485729621388119
3.3270254094542726
3.079693441322097
2.8149127510368257
2.5889734066821717
2.3573168164808416
2.151873111510334
1.9507639144268127
3.615434098975628
3.6360610416981927
3.638721388644941
3.6237539735778457
3.5381707325129
3.457157828925912
3.2911158628905444
3.007074657210151
2.7607735196610594
2.5073261823198294
2.282480395617739
2.0625716146995616
3.690988479700064
3.747974904659904
3.7674758565003055
3.7333153678268873
3.5077850395292245
3.2087120439820223
2.941869574891575
2.665432228034463
2.4198619151062113
2.1798506771073116
3.900252256047395
3.913253773652166
3.9135420724814844
3.8859556212892317
3.8646626156769552
3.772905025571658
3.6415822012698844
3.4695855406122837
3.1789865972337354
2.8729101394236802
2.599910387843746
2.333170367283484
4.027511420467663
4.037409952580669
4.032034493655078
3.996099863994062
3.9344915325454273
3.8319329531390607
3.722104369595909
3.415059469148913
3.0810850226868474
2.780627023202821
2.486737480255192
1.6832252396300753
1.6926881454280331
1.901222909153464
1.9336120898172757
1.9024634169993684
2.129415016160376
2.140711782564227
2.3511768580897554
2.305754835197294
2.6231727608262014
2.6554888707412596
2.5736200412181467
2.861459267045674
2.846301263681078
2.899201125914444
2.9967665561450247
3.0602732168404847
3.1347056274798124
3.063437664334087
3.2245995732475494
3.298001376506873
3.2813050090892704
3.40500727350905
3.4280720640101046
3.308226435366128
3.505360287631133
3.57452296760678
3.6713322221663645
3.6755687982873377
3.491366433845979
3.8227483153653083
3.7395608656079844
3.9301285552977343
3.7043025806219885
1.5506129641695687
1.586797294696376
1.7079085310974216
1.7477832221399459
1.7738095371384615
1.954083510219012
1.9990269081376018
2.0273629516232776
2.042572520680251
2.0433927904458065
2.222246023894621
2.271296373933893
2.3006978005495595
2.3156803561457426
2.312913149020307
2.2705581424444157
2.4195375657995437
2.470419626828355
2.5010094547793247
2.511300836234621
2.5141134084798042
2.513923817760885
2.5088247527868854
2.4872076406345673
2.4564629739253534
2.6174602527501603
2.6714336404486745
2.7004647661850307
2.7120052083543884
2.710021211806256
2.7027346108824206
2.6750881856748574
2.64015319635557
2.563916465455935
2.4831982087060327
2.317026523855858
2.238877759811002
2.1249488095245703
2.8635804114861094
2.9169103028436694
2.945068208434827
2.9515212360570073
2.952722506933521
2.946591158334781
2.9376201198806546
2.9019364113972053
2.859643298229728
2.7825181162918304
2.6751221261392204
2.598601190503088
2.4843269829313135
2.391648860169185
2.2643175894683023
3.014912726218791
3.0674058489765135
3.0937556232124392
3.098070537546524
3.091325226716843
3.078087480448163
3.0368558652817614
2.989235276327865
2.89042940059342
2.786407520008809
2.7018378256369724
2.5770385387595978
2.47934567732397
2.3389402810195907
3.1966658001237627
3.2461819130806115
3.269907924453985
3.2692506282765437
3.2424636642394575
3.1395999861782866
2.9135542475842504
2.681544346333735
2.4202641281127635
3.3542214772981085
3.3913525118832935
3.393666014888977
3.3770373096204156
3.355592486372919
3.301724192321417
3.2394504310400585
3.1205375375634525
2.995294644866064
2.9122722986176637
2.7456702016979087
2.637715353892056
2.4682658036455805
3.4969775424991267
3.5391547674825587
3.5531016277239327
3.540837063722934
3.5202498045958963
3.500672678956902
3.4371544579747573
3.366623595751983
3.2242852963384774
3.092326722226093
2.972168582211124
2.8207025053576733
2.6867441345821637
2.5166883310760872
3.605124121539757
3.6420916464734456
3.651447234851964
3.633595941184577
3.612280299932211
3.583466840455902
3.5122829662494457
3.4388680076014126
3.29192569991963
3.1444657357684056
3.0497105112845126
2.8532862979297753
2.715863948337656
2.5327250663353853
1.5106490680929419
1.5496655296520825
1.6618531271050943
1.7047781148357106
1.732191002719842
1.8978353985169694
1.9455208279527687
1.9748633561526954
1.9783733776616224
2.153108579783106
2.2061342748873742
2.2262549211812024
2.235852911000269
2.2333045953332267
2.341388363991992
2.3944504537381075
2.4126734252441238
2.424830982055114
2.4297327182227613
2.4165691494305914
2.3699954753385097
2.307644200313658
2.528241399188373
2.584274961814864
2.602353888144
2.6131799551178267
2.6141455369281736
2.597396887736598
2.5409007327465294
2.470227359208657
2.3126648257310345
2.1236684474918297
2.7595254882454645
2.8152450728824987
2.8345690218882353
2.841442018173409
2.837093453215468
2.8140420405106044
2.755888731574507
2.6613823514881414
2.4797086113989018
2.262972357846917
2.9016607386683777
2.954568931020518
2.9704452672967263
2.9784665073787777
2.9698765179575313
2.9421909751960245
2.8651100247057033
2.7722901663955537
2.572354669738778
3.0703828639836424
3.1209094776268285
3.1395147393211964
3.091039626629309
2.8989948976582722
2.676758873862302
2.418891077199478
3.216342538784649
3.2366652142539984
3.2477857304104756
3.2508047197503056
3.231003495037804
3.19062344465001
3.094089253624359
2.9806455712240005
2.7408976274091477
2.4668938115750305
3.3452355758076795
3.386995577594983
3.3955169468517665
3.3935770329653225
3.365204832204098
3.316906995199812
3.198529701336565
3.0777113185216938
2.8800558994698457
2.8159310845359324
2.5153373137919344
3.4406339916888786
3.4778251656754127
3.4831465470538387
3.4776425547173155
3.4413757987592124
3.389025458163788
3.265558678260247
3.1298754423182116
2.848597143573807
2.5314079611371048
