0.8025404103203589
0.8226104283596329
0.8198613272128842
0.7846432557104115
0.7410039726422613
0.7016721547752821
0.6598480318359343
0.6217937180335329
0.5661254950265926
0.4825079524252467
0.8951646493393998
0.9252656143566378
0.9357470026542095
0.9407394903976481
0.9135373793171422
0.8646103477900005
0.8175897085677921
0.7667697926808326
0.7203285481118583
0.6736644697442995
0.6280497758234651
0.5897971784979333
0.5152969338078146
0.9941520133077696
1.007919326171366
1.0190064658724778
1.0318022568187786
1.0346158592984667
1.0290293222996971
0.9803559120788264
0.927078806362721
0.8677858198962303
0.8131603764922245
0.7581799930362964
0.7044429525557399
0.6594143115647904
0.5310271548375091
1.0889472929738657
1.1155671009369967
1.121841032133726
1.1316192470660793
1.1348892265099393
1.1352423179928515
1.0981619063764796
1.040802269204589
0.9731750196829666
0.9098928738307999
0.8459560997354298
0.7834339556944476
0.7310802985737294
0.677335718592872
1.2287541127402009
1.244768613001654
1.2570915743992874
1.2705639637554929
1.2732523545229963
1.2697845186802934
1.2178253559988728
1.1401944643417867
1.0635400293394242
0.9850261506458631
0.908006582284099
0.8435415906965706
0.7774762308104218
0.7186525475588673
1.3296317112845526
1.346179042571911
1.3590565528102339
1.3718349424031888
1.37458387342924
1.3767765603931759
1.3490811281492343
1.2702144850556227
1.1844079273508041
1.0944668305269583
1.0056990816189275
0.9313472809859007
0.8552290159608728
0.7875379243200274
1.3511327755168836
1.2609281014614755
1.16399638411375
1.0676956430375557
0.9869334547014142
0.8308430226452017
1.4551744517963312
1.4879273847033396
1.4993060151915254
1.5000241159391074
1.4421367022294378
1.349272938871645
1.2447968946268375
1.1397683476167026
1.051457645569756
0.9610967208637005
0.8808586905079852
1.5333183445503693
1.564497116409864
1.5756665294768906
1.5496591329690423
1.459840303191715
1.3474362621349214
1.2315644461928394
1.1335589778249422
1.0332177391022368
0.944169060922164
0.8568270425643224
1.5944964718378931
1.6229347196954977
1.6341490837985446
1.6259367196175987
1.5504505382942
1.4339243070661585
1.3094072460669488
1.2031913531273475
1.0942655508834371
0.9976340459428836
0.9029496298046823
1.6855029271042257
1.694521555864747
1.6953863353623682
1.6878923570799687
1.6471397824018779
1.6089598747696663
1.5309710277570139
1.3978135063599755
1.2824190950791776
1.163666621734376
1.058284927008738
0.9551393093079095
1.719193342346779
1.744901374694396
1.7531535694904894
1.7364810654032234
1.630479014053889
1.4906672690525504
1.366038001078836
1.2369328751861728
1.122221104313476
1.0100396983211921
1.8131836554939635
1.8188002812461526
1.8186883069505486
1.805371744056617
1.7953131389893826
1.7523307886938848
1.6910355068363343
1.6109331522896082
1.4756923690917951
1.3332645092986521
1.2062106439895368
1.0820078209753663
1.870483439939039
1.8747785847580922
1.8719763728407164
1.855023947699055
1.826228765064097
1.7785352088339828
1.7275124973447167
1.585054434233016
1.4301197934913557
1.2907225413692591
1.1543094678139068
0.8103237745150133
0.8137257322224801
0.9105781485209457
0.9254455953621478
0.9090004343328864
1.015042297967501
1.0191816327579133
1.1157087637020122
1.0923152248867443
1.2388361561972576
1.2527210106411175
1.2123013139267347
1.3460852823053442
1.337190579405995
1.3625946679892205
1.405871967212178
1.4350846326637046
1.4685489694646376
1.4329977680266794
1.5087377312729406
1.5416787781434818
1.5325415697287688
1.5896969569987285
1.5993022674789987
1.5417736601771816
1.632013374659649
1.6652336009800794
1.708863952538869
1.7098850463325475
1.6229194055734875
1.776588286218768
1.7369876693125312
1.8246835735681093
1.719318536072797
0.7460702742370169
0.7632431441484093
0.8185534758717957
0.8373507491078301
0.8494870612204032
0.931275233734157
0.9522666674093063
0.9653252086266405
0.9720846382189894
0.9719530320320385
1.0532132244533654
1.0759018171750785
1.0893030809081412
1.0958022880195222
1.0938851719391078
1.072735417631187
1.1424480291962034
1.1658242715671592
1.1796505322013535
1.1841248742564783
1.1852184556576284
1.1848048740549144
1.1820698972550197
1.1712583240292438
1.1562139124106372
1.2316201800592383
1.2562665555709303
1.269285203507432
1.274030505852501
1.2727746124053332
1.2690143261752316
1.2553723362857465
1.2384339056333553
1.2017468994430403
1.1630874533266158
1.0836709919287584
1.0463383311784549
0.9919519120801185
1.3421521619644734
1.3663710274909873
1.3788541051737837
1.381539473502275
1.381740965486437
1.378483561294966
1.374025002747882
1.3566757014466262
1.3363863817908697
1.299602519801647
1.2485633897758697
1.2122495408377347
1.1580783076301338
1.114138804868575
1.0538009457521167
1.4099820472926645
1.4337111126962188
1.4453506740915874
1.4467131955025125
1.4432312868388357
1.4367466296145517
1.416873087127734
1.3941682496520393
1.3473136958161978
1.2981148355315957
1.2581824213964863
1.1992656520917668
1.1531790894015936
1.0869292535558792
1.4914170041064352
1.513707964619548
1.5241099098808917
1.52317890216082
1.510103711796247
1.4612880828976382
1.354893945451493
1.2459363722755343
1.123291057357843
1.562096390845322
1.578527737362391
1.5792223809137627
1.570969080776382
1.5607205770387582
1.5352360720404121
1.5059218317582213
1.4501615708208955
1.3915035534904174
1.3526552325464012
1.274737516682199
1.2242414156018246
1.1449811492541901
1.6261719380381923
1.6451345055410858
1.6511314783339528
1.6449842825511503
1.6351985248879233
1.6259673294725303
1.596211708405655
1.5632427094440384
1.4968926799211362
1.435430878777365
1.379517155473234
1.3089934273390644
1.2466416099433943
1.167465421204483
1.6750263395763108
1.691658619941375
1.6956254686863166
1.6870491671156933
1.677028679280826
1.6635411079578908
1.6303751429641065
1.5962465165852477
1.528000375882894
1.459587311846938
1.4155979512500403
1.3244587904280058
1.2607040272328067
1.175645271227939
0.7263068340818107
0.744777753155673
0.7959075151685503
0.816088483641463
0.8287794362880615
0.9038504465476378
0.9260527370664832
0.9394723333799937
0.9400574549991887
1.0198137993950083
1.0442565836778321
1.0533964760339654
1.0576495474678316
1.055241554014358
1.1048916758946485
1.129203392638653
1.1374229979313193
1.1427778668037583
1.1443877143572894
1.1375742093039045
1.114685026142648
1.0844698389629488
1.1890116341319739
1.214519325746368
1.222623553012111
1.2273117239730462
1.2270092872975908
1.2185458328740006
1.1910514027230898
1.157065333036108
1.0816497648660033
0.9913600114520933
1.292804299978975
1.3180074636431331
1.3265634721002
1.3294560844054701
1.3266422662516026
1.3152737744822116
1.287281487277528
1.242213096069276
1.1559463610250327
1.053181102421821
1.3564955141070834
1.3803570969179155
1.387345825543958
1.3906988283108674
1.3859241105535893
1.3724380536399041
1.3356253681033001
1.291601576714653
1.1971071773322537
1.4320633347242708
1.454759195716692
1.4626315948119002
1.4389057136779553
1.3481880330306153
1.2437336883555705
1.1226595117285596
1.4975405246731086
1.506606660809525
1.5114375930397401
1.5124599619974946
1.5026690528129056
1.4834394772209216
1.4379852997951903
1.3847604024915785
1.2725410411372253
1.144349796797075
1.5554840411227489
1.5741923284110964
1.5777951175963265
1.5766819913221277
1.5630978184974869
1.540359127891564
1.4850356870933201
1.4287009579366199
1.3366514267393366
1.306795079380218
1.1668423412927567
1.5986222679091162
1.6153604912424258
1.6175920863723445
1.6148276160564163
1.597726189649327
1.5732912297887534
1.5158509592029588
1.4528608755401484
1.3222941839813962
1.1750360732339185
