1.266714557296744
1.300520292351935
1.3013188669366098
1.2496389039124087
1.1848524084187015
1.126610573968508
1.0650140402316224
1.0093895808352136
0.9288676026050247
0.8103179500078821
1.3996147177290568
1.4490095463524888
1.466735858340036
1.4767147192122856
1.4385402166414545
1.3663113217680303
1.2967153465717103
1.2217322147574428
1.1536010892891106
1.0855715569080993
1.019576848215647
0.9646581979035872
0.8591283088610251
1.5420095055959324
1.5642078536753405
1.582216459848398
1.6033510044355836
1.6081260303814366
1.6036040520676926
1.532478723403294
1.453805502165719
1.3662888421210546
1.2859944236714764
1.205576063650783
1.127443347516754
1.0623595827918835
0.8793779803904987
1.6747297098404068
1.7171431463958433
1.727284721452583
1.7433513875534952
1.7491103615388275
1.7506905604772582
1.697800847853153
1.6134066212848361
1.5136637557867867
1.4205693524150398
1.3268784096822763
1.2356728152666712
1.1596423333684847
1.0820182633004023
1.8640652469603334
1.8888064013944115
1.907955249394598
1.9291888927727283
1.9335157417183435
1.9302218991767615
1.8545775184340563
1.7403685882915716
1.6277225528873989
1.5126047604054251
1.4001731254438685
1.3060369742316977
1.2100915418463867
1.1249047253701334
1.9949745804287304
2.0199916743330175
2.039520791025059
2.0589918811919965
2.063285153645159
2.0668807897100843
2.0269854443554047
1.9112460177153119
1.7853352955091994
1.6536034266058406
1.5238728225727896
1.4154357831514386
1.30473947064764
1.2065694835962661
2.0150322257332705
1.882788305355456
1.740977255961484
1.60036003052294
1.482639127010504
1.2558148372231244
2.149767950863708
2.197339805245499
2.213700881168099
2.214600864482127
2.12916217774571
1.993083021851769
1.8404570229649002
1.6873285028097973
1.5587747247068469
1.4275283111100896
1.3110762471563133
2.2405527411055006
2.284456361158837
2.2995127880936446
2.2596541334507143
2.1276926522589674
1.9637464427425053
1.7952149718500625
1.6529045718551774
1.5074971455179127
1.3785340033228455
1.2521120162690829
2.3079624295846717
2.3467891971299792
2.3611189735695377
2.3468773207375864
2.234916911705232
2.065001365781403
1.8842854847738657
1.7304605123962982
1.5730495543028982
1.4336174629716554
1.2967763057230628
2.409406353674635
2.420125044408633
2.419896295978802
2.4071782764681164
2.3455771478661536
2.289353691029938
2.175689186201923
1.9828433183934917
1.8162781713731053
1.6453031910056852
1.4936627794624047
1.3453309818446757
2.4316608968295665
2.4637005981437223
2.470979492941003
2.442775962407611
2.285776445091721
2.083481449904051
1.904227988063764
1.719106508818606
1.5548633774624485
1.3943262639885412
2.5172082916323006
2.5214575367803396
2.519027424527973
2.4954174786601713
2.4796129864068415
2.414933394643331
2.325167219213128
2.2093969438213836
2.0155909511702386
1.8126840173633132
1.6319672932256188
1.4555538997707986
2.5514652576339487
2.5533460758119166
2.5446283776939174
2.515599847199368
2.4710457576120644
2.400341765023559
2.326226936780587
2.1222916697272547
1.9028232183321627
1.705992902830025
1.5138823518175857
1.2817379899411374
1.2914132809698835
1.4266894855641163
1.4523604311086833
1.4312988982133905
1.5780983296431004
1.5880940023860426
1.720339444312258
1.6887034982043074
1.881154827222113
1.9042576301938807
1.8461686655321379
2.0209773381990135
2.009211087587502
2.030401732814039
2.0951440450768755
2.1201682457585886
2.16868170287955
2.1158622879691036
2.204420011878938
2.250307291000282
2.2351727168889473
2.2983310471964833
2.3093440685135245
2.2227461967050366
2.3247271323045102
2.356544188679796
2.4108236294400682
2.4067734021543625
2.275633891850958
2.460368964343972
2.394859223749307
2.4768706957554185
2.315930871520692
1.1793690157330259
1.2080802658544887
1.2857786345433824
1.3168987179709362
1.3374522399620206
1.4475555385140932
1.4817251937643745
1.5034243230489666
1.5154342418178386
1.5168257016524456
1.616761020650517
1.6528176744895207
1.6745678602346727
1.6858864921393972
1.684324482743053
1.6545699571235801
1.7359498251677077
1.772357910494172
1.7942124049671175
1.801628671127144
1.803671549278303
1.8035640384560037
1.8000261902486256
1.784755884098576
1.7630552084335722
1.8503207797783472
1.8876662436657594
1.9076290066821935
1.9152783208695499
1.9137652311794306
1.9084902120845473
1.8887540636062683
1.8641146978870557
1.8105036830841132
1.7539991479785222
1.637768805821938
1.583202756921978
1.5037734895388217
1.98412365149924
2.0193544578102784
2.0372933834980924
2.041103586076697
2.04125176987637
2.036395865877717
2.0298278506427265
2.004232837299842
1.9744739261582114
1.9206008871693643
1.8460046188988055
1.7929949426279794
1.714050561462955
1.6500271129063904
1.5621113719415047
2.0607263200560815
2.0939764941842327
2.1099061172087974
2.1109236691478452
2.105399969655216
2.0955586295828974
2.0660646373632714
2.0325810613740876
1.963970776175904
1.8922192190148857
1.8340571133597767
1.7484013811246861
1.6814716328239094
1.5853158836215502
2.145294797529219
2.1746999147034107
2.187435539667092
2.1841392992033066
2.163471930802711
2.0908579001430696
1.9356841346856688
1.77780422142821
1.6007734222102994
2.2149543384703185
2.233953294341112
2.232936468668469
2.2185721584900637
2.202455236470038
2.1640105494937543
2.1207420956426386
2.0392928281209075
1.9542167165245894
1.8980613891583074
1.7858638411376706
1.7132171973628156
1.5995325451644795
2.257909711584247
2.278296517523544
2.281861592676438
2.2686065246176255
2.252543641596784
2.237946097526487
2.1929311741653335
2.14414129595792
2.0477384398902556
1.9592681392250018
1.8792178169631153
1.7785362071716033
1.6897212470003324
1.5769114560286355
2.2836110786030996
2.2992980952405384
2.298678071819414
2.2809129614516666
2.2641143762034606
2.2428348179398765
2.192581713715678
2.1422883441641862
2.0436038907646012
1.9457033729534317
1.8832578829040412
1.754058575077296
1.6639670331532297
1.5441222673521524
1.1495574410903746
1.1806039809744513
1.2517604594719023
1.2853427810011886
1.3072314079142227
1.4065963331171445
1.4428812854741724
1.4656053241845024
1.4698734956593387
1.567148006810896
1.6061769892440707
1.6210867497339434
1.6282687251081238
1.6274822428848503
1.6804450682645689
1.718417763813857
1.7314463180036015
1.740210056664444
1.743847092544237
1.7346720374992648
1.7018023543703877
1.657831436375269
1.7876305351923076
1.8263357141015066
1.8388167138163387
1.8461739251108635
1.8463824441407406
1.8344082410246791
1.7945333137206192
1.7450097997837741
1.6347537849950624
1.5028914345180489
1.911968139380103
1.9484935436440964
1.96086140152214
1.9650074730527178
1.960591262304095
1.9438190627699978
1.9027335094772506
1.8368113057408395
1.710973976066923
1.5612210423226882
1.9829096670349808
2.016183695115727
2.0256577975713097
2.029897228916833
2.0219924076117692
2.0016763404907607
1.9473865873248708
1.8830000810112622
1.7453624230332783
2.059373595976668
2.089103199115073
2.097664556755132
2.0599602051258783
1.9264964295218936
1.7748124137564745
1.5999258800332874
2.1220033600706887
2.1328566938700653
2.1379018114821298
2.137160674897999
2.1200743311882237
2.090494223396076
2.022991937574804
1.9452372304200305
1.7829730909669754
1.59871506970678
2.156771376963963
2.1763205446974436
2.1778636891827707
2.1739485090051245
2.1501078565948806
2.1146709567339217
2.0325864053306626
1.9507319069576337
1.8184244567680088
1.7757954055020846
1.5761537691909888
2.1758748744710523
2.1905324750239217
2.1893707402323064
2.181745266418898
2.1518560271553384
2.1137965336691655
2.0286684244086866
1.9375172005922865
1.7514835044905959
1.543420699048883
