1.041811428622815
1.0651992450680856
1.0526268639799523
0.9993774626137636
0.9356443990415485
0.8788858284837513
0.8189372722402852
0.764687375304069
0.685769187767308
0.5681351418239056
1.148690554574124
1.184109936010592
1.195360189491266
1.1977345899599074
1.153771521505074
1.0825426018114344
1.0154894572630728
0.9436781132036616
0.8784953937746484
0.8133607212719117
0.7499868141532514
0.6970644562354565
0.5946142752632585
1.2616427989795085
1.277729724260957
1.290371766784442
1.3041498127255258
1.3068707596498832
1.2905429630705945
1.218858364995377
1.143435550912597
1.0605994203794549
0.9848985709870208
0.9091840519093313
0.8355716262857427
0.7741827981899546
0.6006914195390238
1.3676134078239517
1.3977530800356164
1.4044954027677585
1.4141420263911908
1.4164699875761606
1.414034049257821
1.3564394007496159
1.27536929394245
1.181769107838947
1.095078329514062
1.0081208608248957
0.9235887221087856
0.8531788757366687
0.7812775845072056
1.5203395055847193
1.5381357647550045
1.5513727549073368
1.5647164905960746
1.566932591305026
1.55452981201486
1.4789877039671595
1.372371502257528
1.2688968010738966
1.1638992910498402
1.0616203486624265
0.976528409063207
0.8898366889892751
0.8131124207792312
1.6277438871402719
1.645795025320084
1.659291710123681
1.6713565563849122
1.6734040426275174
1.6735657237658217
1.6285416506801436
1.5196937201296319
1.4047837457717898
1.2858116165189926
1.1693419206106759
1.0724339726979581
0.9738467835134716
0.8867431758625122
1.6109376467493939
1.4904760181498438
1.3630044252297366
1.2375080931843805
1.1330023650508403
0.9329771717976929
1.7580717024238592
1.7918215096556325
1.8008484203296515
1.798263505893398
1.7131288859914175
1.5891091513108444
1.452484456462374
1.3165865047216934
1.203188890404493
1.0879489546332224
0.9863347130990617
1.8372164881204476
1.8685992758946706
1.8766556019501608
1.8331544877469865
1.7121056258259606
1.565828903606863
1.417074988736087
1.2923289349229663
1.1655155819823122
1.0538224274474801
0.9449790363224488
1.897915589831823
1.9261295501119562
1.934218878317608
1.9164685128433903
1.812505760663972
1.6610716421274707
1.5021001536897496
1.3677969624504291
1.23110611680479
1.1107710381275973
0.9936596106817808
1.9860437389163927
1.992321818097752
1.9901819631720106
1.976592883627534
1.9191473272920674
1.8685186869393005
1.7676374596428808
1.5984506440933428
1.4535079987536144
1.3055589326823251
1.1753096119383724
1.0487138477811822
2.01748297239579
2.04171348991078
2.0447867001936384
2.0170354976247626
1.876579497105304
1.6994428423328611
1.5438331525918039
1.3840839281075161
1.2432991473226764
1.1066160255565562
2.1032666029451557
2.1057711453650154
2.1029035876975377
2.081004686118619
2.0667020955659114
2.0094074022890283
1.9307503294476562
1.8299258472952091
1.6620681369863517
1.487200973355941
1.33252527788601
1.182505489834209
2.1522639714527476
2.153647532181871
2.1458077050626443
2.1205144815880237
2.081696822480017
2.0202750764520867
1.9559813562319848
1.7796768248163564
1.5906291265999581
1.4221821598312188
1.2586434326885547
1.0474651716495236
1.0447393533893297
1.1632470119996647
1.178296451533208
1.1480589076463001
1.2805845257401696
1.278259861516754
1.3898927465252013
1.3492814698196258
1.525060522927793
1.5338849909327201
1.472363787286358
1.6367766635068743
1.614394908404621
1.6545515029863382
1.6916978000996483
1.729260836300076
1.761160172595908
1.7024592702090597
1.8032326196565382
1.8340771538916936
1.8132753887431758
1.8826236558956773
1.8856782225672695
1.8025607083034851
1.9018795062551077
1.9528906774106318
1.9942183495097767
1.9867904043355653
1.8680632138212956
2.051770270490622
1.9921942083279587
2.086594910867171
1.9469076896097406
0.962266893064196
0.9827836500580326
1.0457268109781241
1.0677896406745846
1.0812305381147962
1.1728311255240473
1.196837644487752
1.210756259918633
1.2164009072080606
1.213131969561486
1.3067465985440443
1.3319032529463999
1.3455848591308635
1.3501769927451823
1.344146438726346
1.3111320452701807
1.4023809920350216
1.4277051746148572
1.4412548563648508
1.4444960461641234
1.4444341987632452
1.4419607460925243
1.4365481512965328
1.419337324144573
1.3973296221508658
1.4958265398103765
1.5218479488412446
1.5340583580558536
1.5356639041386775
1.5320284068298062
1.5252711372629444
1.50438221008321
1.480170082428823
1.4295943726566738
1.3775106558919827
1.2719452061726468
1.222737651329383
1.1514643207349555
1.6085595870374472
1.6333633006995163
1.644149697200313
1.6452175558384767
1.6430519775397114
1.6364082898399652
1.6291464280623098
1.6036114739903529
1.575425866867413
1.5258216445145996
1.4583567998586708
1.410858257582199
1.340543265189776
1.2837847226358556
1.2062961672498957
1.6758330978054758
1.6994142546905069
1.7089901666339733
1.705966985027252
1.699344688380043
1.6890698018110701
1.6605878217864702
1.629576562599692
1.5674033226678639
1.5033305296491986
1.4517410473614945
1.3761793666913962
1.3174434305177518
1.2334364398809223
1.7543579037263048
1.7757154945201135
1.7833071570910062
1.777294498843373
1.7566720061146843
1.6901016584094462
1.5525755140132589
1.4146455479279625
1.2611358691483416
1.8204897134797833
1.8333015553719894
1.8308715917161569
1.816276346755813
1.8013224634331406
1.7664973533315314
1.72789412556033
1.6562079284061226
1.5818960938847795
1.5331048011167219
1.435823012313485
1.3731963118132742
1.2753407429232524
1.8766090535158717
1.8932291102112395
1.8952358497106074
1.8828551484336506
1.8683883957928162
1.8554932154588504
1.8159664611723527
1.7734501183285907
1.6897880895089283
1.61332149877807
1.5443706943902973
1.4578457545608638
1.3818512397553437
1.2856657596577186
1.917286386995787
1.931025902932456
1.9306533058544524
1.9155158750442707
1.90113529161035
1.8828105407207405
1.839529277655
1.7963156094286257
1.7113241324141524
1.6273099479067732
1.5736060547120765
1.463102873257131
1.386238775700643
1.2842135950553768
0.9334720442303831
0.9553114575760375
1.0131352276339207
1.0365664410045374
1.0500892728416638
1.134102099263103
1.1591499142872497
1.1728506064850523
1.1672813049407866
1.2606066459067449
1.287310479496152
1.296453944785173
1.3000827904986074
1.2899844495835713
1.3510822555544761
1.3770431587135754
1.3850379846779273
1.3894124917114539
1.3872057353901153
1.3751115356528316
1.3412143902722566
1.2989396020056805
1.4385195331438845
1.4650253742022143
1.4725842924150112
1.475916434599115
1.47092287064404
1.456775141083319
1.4170784078293222
1.3704987438959468
1.2696156643235232
1.1507907478207258
1.5433910931757804
1.5686226871086129
1.5758771105573883
1.577249645301276
1.5687531222224596
1.5509918298659695
1.5116255535639032
1.4510819543835356
1.3381255526773845
1.2056020898955409
1.6059735399207367
1.6292326562672217
1.6348124186114112
1.6359814165562092
1.6250198749898952
1.6046746104727088
1.5540772518030097
1.4959420751830794
1.373755656790668
1.6778746301019185
1.6991227063821341
1.7025948629650962
1.6647562421805369
1.5450573972745205
1.4122009443998418
1.2604436336267217
1.7382403964642836
1.7459720584253338
1.748939098387233
1.7468250771139584
1.7298342372793072
1.7026574689775107
1.6426067391231607
1.5744010332791059
1.4334060438894762
1.2746544147312275
1.787956757817347
1.803641314457042
1.8042119821399834
1.8005106464368554
1.7791355099145727
1.748071101124237
1.6767043936143022
1.6059295208898658
1.4920976444086924
1.45545433741714
1.2849959823723394
1.8227696916725793
1.8359806999860913
1.8352834968031104
1.8289237455257341
1.8035214120583472
1.7710637881432065
1.6980232816403902
1.6199800493323055
1.4607663776626187
1.2835635578756739
