0.9847469358109077
1.0082583885739753
0.9996340651822847
0.9518257465909674
0.8945917670122
0.8438466003301186
0.7907262902014611
0.7432157878052496
0.6753168538573694
0.5777776264846681
1.076045463794232
1.11067568011836
1.1219971841900023
1.1254560074863595
1.086640695492373
1.022578912324212
0.9623048276969364
0.8982107003193002
0.8405781167439614
0.7836279677176933
0.7289598015126751
0.6839627826148674
0.5992846633513466
1.1721703805429817
1.1876012099619506
1.1997853627665216
1.2132471191819938
1.2159759301677375
1.2026696222581552
1.1382461089050533
1.0702418803955536
0.995947217168365
0.9285781370729366
0.8618221108124455
0.7976299998287674
0.7447107698356218
0.5997722025698294
1.2589938778933283
1.2873819989603104
1.2937757298998174
1.303007235821972
1.3053855483784291
1.3034583083886926
1.2518121214475881
1.178549515732502
1.094298705589535
1.0167838538192584
0.9396398047330801
0.8653240817479875
0.8039932847931717
0.7421352527400699
1.3778209378019268
1.393912574521542
1.405869791475155
1.4179168807162903
1.41990978482279
1.4082826612065145
1.3396072683155307
1.243222588603142
1.1502827879710529
1.0566593801806237
0.9659797642698537
0.8911126540299408
0.8155385068619895
0.749244463359127
1.4558218233288367
1.4715992795738466
1.4833348326460911
1.4934066389559169
1.4949890276967532
1.4947453138216498
1.4525421342532714
1.3535856076244164
1.250127937101678
1.1437412506883025
1.0402577623005755
0.9546698313590001
0.8682778878291496
0.7924883274412633
1.4197744981388105
1.311141457677634
1.1970740669287494
1.0854941417815989
0.9930787583634415
0.8180691333917565
1.5422080997662218
1.5693234807868621
1.5753787156267964
1.5718341820649928
1.4917754307426476
1.3795207942248182
1.2571939460062838
1.1363652270492104
1.0360779491752887
0.9349235473074209
0.8462153396170303
1.5888162756570678
1.6126231536291067
1.6166629017098546
1.5727313280191606
1.4619681926829025
1.3308216725729465
1.1986646051129675
1.0884762203362948
0.9773050720189402
0.8798777609886288
0.7854952500845651
1.62078012543732
1.6409448183882311
1.6442542007663246
1.6239289001111263
1.526724392528572
1.390550304726582
1.2494353338616757
1.131031715260943
1.0114567584387166
0.9067380156714172
0.805405446050636
1.6657476727107994
1.6673595750667238
1.6629994817070677
1.6478049499102507
1.5924735139485642
1.5459102344813012
1.4550665444819013
1.3048995678205204
1.1774575272691201
1.048493234518685
0.93557890682205
0.8264826874659209
1.669541650155977
1.6834889111340667
1.679415479203277
1.6486543591082226
1.5181993616785232
1.3607779930263983
1.2243456679314086
1.0857269106388112
0.9643190237775131
0.847201056701243
1.6934998518820925
1.690608466693222
1.6849025206746322
1.6596787607333452
1.6452060279205412
1.5906930646937503
1.5190382899390862
1.4295161661746731
1.2827418665459283
1.131917631422091
0.9997872636337827
0.8722718279911603
1.6898892197928628
1.685781919718752
1.6729547767374573
1.6448796215998833
1.6065444367784452
1.549681608449625
1.491888387119837
1.3375723418740808
1.1754939453949498
1.0327158853115053
0.895278512836468
0.9918018147935515
0.9920054642499748
1.0913535345509233
1.1068974805892866
1.0811775530422605
1.1915512285790097
1.1910809696924516
1.281003150273218
1.2451559460850976
1.3818752914248595
1.3896270494924206
1.3336138073603854
1.4620451510857928
1.4400123482255653
1.4661214305408192
1.4947919030457022
1.5153168442417029
1.539913889650794
1.482670994431068
1.5574808045002213
1.5793368823541911
1.5561325341781982
1.6017494334891882
1.5986991396084371
1.5186738361320462
1.5788064937874162
1.6161646320292213
1.640016390841697
1.625270620471762
1.5117505679693939
1.6421991718037245
1.5780900509979157
1.620851780192914
1.4856745354836154
0.9103172618953539
0.9308182398866408
0.9831361637932814
1.004946075327855
1.0185600950714193
1.090542100833484
1.1137519822571886
1.1274815537213696
1.1335866355215176
1.131453316498643
1.198116531263706
1.221717916272622
1.2346753796181504
1.239325746998156
1.2341998472980589
1.2047727114916098
1.2703759746436079
1.2933346802873757
1.3055411100901522
1.3084461679115813
1.3083334132359759
1.3061036622654834
1.3012121224540778
1.2856079598973436
1.2657381568541113
1.3361144972102479
1.3586510499069466
1.368946665575601
1.369692167542424
1.3661188173836945
1.3597584081009828
1.3404723418401314
1.3184225441177757
1.2726777561482816
1.2258532421504085
1.131447543504195
1.0875606712115995
1.0244328251232144
1.4072738768301913
1.4272168089641624
1.4349074877621275
1.4350008596157253
1.4321545380024063
1.425375240654133
1.4183667180304544
1.394373278769587
1.3684930092978107
1.3234737603760296
1.2628100828100302
1.2203379973332564
1.1577686220385321
1.1074052679031612
1.0389065035295473
1.4440084315313164
1.4615927488188856
1.4674087013779022
1.4622544995420246
1.4552568722254293
1.4450875921609987
1.4182036570913739
1.389591073319542
1.3332085640359115
1.2757027506233471
1.2297447768619316
1.1627076375160736
1.110767925628389
1.0368016127039534
1.4792160737818405
1.4931440906903486
1.4957854703843223
1.4869740718949438
1.465717104966056
1.4035075814839988
1.2796990860362782
1.1577521104033717
1.0234488887524393
1.5036953818102519
1.5078644045973513
1.5028587657709642
1.4859719263423936
1.470863482304913
1.4375925511960126
1.4019765154242854
1.3373104847279482
1.2712247790144195
1.2281415452436417
1.1429637868175835
1.0883761423333915
1.0036381133680505
1.5052412131518043
1.511200008461152
1.506177008359097
1.4894525331440207
1.4739649370787757
1.4610166130488134
1.4232597169941987
1.384075073331897
1.3092080505708235
1.2419993671127265
1.182012511981914
1.107283721075223
1.0419776162466916
0.9595188349455583
1.497725249984208
1.499770220942575
1.4917338969494585
1.4717363541464776
1.4561914164233425
1.4376600359605565
1.396458674641145
1.356920917050852
1.2814435827381703
1.208307528763912
1.1621381843807546
1.067740749834286
1.0025747940210978
0.9169083423617006
0.8838922066735582
0.9058637543872743
0.9532848059670812
0.9765874463863851
0.990574801681214
1.0551575046483184
1.079555875705995
1.0934229885520754
1.0901053521632356
1.1561815143402978
1.1812700260025346
1.189969635808311
1.1935191207214129
1.185256828048273
1.2238235655753904
1.247306535835142
1.2545750520214027
1.258559771365801
1.2565570311487397
1.2456615975483116
1.2151155078876141
1.1771581707766865
1.284317866461389
1.3072083376577606
1.31356942116668
1.3161616790835793
1.3109648729213856
1.2978212301080683
1.2616864125620137
1.2197119753854884
1.1294191447281876
1.0238509603189105
1.3487102736760737
1.3686289439602866
1.3737865941832215
1.374184112325446
1.3647839825369876
1.3478068654612163
1.3115065249723676
1.2567159055529111
1.1557641251954989
1.0383398258936452
1.381552959098444
1.3984937368396728
1.4017265330557154
1.401132426211788
1.3888689299904287
1.3691275969702152
1.3223308155169924
1.2697134405751695
1.1607726208004743
1.411225071817312
1.4245379698244922
1.4227406084477887
1.38356617422446
1.2738989973909816
1.1559072105523411
1.022942416093435
1.431201087697796
1.4344914203301657
1.4341693009619274
1.4290901873061133
1.4096795624076572
1.3829019371046511
1.3271444647126007
1.2656934467459446
1.1412299881039802
1.0031651183055879
1.4276978085619807
1.4319588485001347
1.42765441566487
1.4214245609369238
1.3969835096729415
1.366135955182876
1.3001221764051594
1.2369520672029835
1.1373707285700234
1.105714628229435
0.9591046717136769
1.4166651511614
1.4168723340457579
1.4110157593466999
1.4009067777554411
1.3721901227059272
1.340086999164007
1.2727642912587174
1.203630601811561
1.0663251192850491
0.9165434263534905
