0.3175401788909517
0.32177327467541833
0.308593693479868
0.284910036720559
0.2587893364300865
0.23633972205323603
0.2132225344348979
0.19278491144900628
0.16387064887887468
0.1227822371341239
0.335398867343666
0.34225486758012497
0.3431955418948922
0.3396763299360652
0.3176690883417427
0.28868688770898515
0.26286164803285184
0.2360450263730215
0.21231108951428618
0.18916124134647597
0.16715387474969626
0.149197619233514
0.11576433582013179
0.35285731646301366
0.3558543484845715
0.3578502393054082
0.35908150010965434
0.3589446732854671
0.34481665592857935
0.3148990796672125
0.2863349739893244
0.2561933005664824
0.22943091889134995
0.20333688308256295
0.17856949612521317
0.1583960999984658
0.10431640211360549
0.3666153923759532
0.37114177229905926
0.3717362720975052
0.37151333817103877
0.3702626401276192
0.3666095118257208
0.33990302428647623
0.30929011723207495
0.2759540563777823
0.2461610821268961
0.21707730347123136
0.18951021565872567
0.16709595838822167
0.14480426434737734
0.3820256960009349
0.3842980736202581
0.3854530344012231
0.3852541495513123
0.38459939765267975
0.3729160282801313
0.3423754101529427
0.3050752485021861
0.27078452460884445
0.23714484385103443
0.20529387038555108
0.17947988685538652
0.1538923391883828
0.1319189693306494
0.3892518269076845
0.39112970495719934
0.39187667382909386
0.3908875426624202
0.38994098842879527
0.38732307520706893
0.3647298809637663
0.3260318108258937
0.28870960630568493
0.25171308577262275
0.2166251745308096
0.18824929705322135
0.160206225221009
0.1361968982076257
0.3383635284176922
0.2994752683469438
0.2604678852716546
0.22340772857733193
0.1934570935366165
0.13865936094462591
0.3935200025785916
0.3944700138381139
0.3912920402126952
0.3869447724855094
0.35151259678641955
0.3113822027773937
0.27022392757711283
0.2309335683195366
0.1991954999197343
0.1679503119796
0.1413106509211144
0.39308900998618956
0.3930594841672869
0.3888621895996201
0.36587213344018193
0.3254605488511152
0.2819688779232792
0.24000749970715463
0.20607866950459183
0.17274006971897948
0.14439814002845489
0.1177873926161949
0.39091457940122093
0.39028340620312946
0.385957671446656
0.37332431055169735
0.33628736424082534
0.29134284347175554
0.24728685251962793
0.21156787188591158
0.17651208722120007
0.1467859705901071
0.11895258114617219
0.3847936438977499
0.38096003815644036
0.3769024333525643
0.36880906619586334
0.34695094317997127
0.330794296828822
0.30126493744605015
0.25507383587431814
0.2174163146621433
0.18048710551449826
0.14925535849636085
0.12003966974148156
0.3800591945884213
0.3776059319256556
0.37039168464731637
0.35564542595913307
0.310765815148901
0.2627752698214463
0.22321494572411127
0.1843775589558001
0.15158546234130893
0.1210729447830206
0.36540257007741794
0.3610350072984976
0.35720657692837804
0.34575713495947213
0.3401136451972653
0.32128866203580897
0.2986640276522143
0.272016429091978
0.23024740373637556
0.18905530241079438
0.15432255684458263
0.1221190004483923
0.3508619210374426
0.3467611180570237
0.3397305709298375
0.3284689742893725
0.3151964384574213
0.29721410294933903
0.28004006703610906
0.2365592411304188
0.19319912249812685
0.15662795727925402
0.12279095377298226
0.3145079948780336
0.3062804545036291
0.3340618251201285
0.3342248809216073
0.3161209399759823
0.35011364738353157
0.34162044830297106
0.36058177959507093
0.3381856723250738
0.3748965096855407
0.3682540093017799
0.3409424603006379
0.37942632358109507
0.36180771426327
0.3802857633413682
0.3720281439048465
0.3819818689276024
0.3797194234396304
0.34955190943063913
0.3808020770404641
0.3777117172216122
0.3623628999831439
0.3769233603944306
0.3680811994542745
0.3346967697584984
0.34429214302062056
0.3665462242876023
0.36265260999080995
0.3511639269979815
0.309607134401051
0.34571587456753805
0.3190675809496986
0.3243018215913696
0.27904505833190263
0.2867930059961166
0.29116301924966637
0.30065239032836183
0.30492693432815626
0.3066372999344896
0.318622530374222
0.3225711152429842
0.3237093569692886
0.32229479149681833
0.3182453199051279
0.3332216284699747
0.3364495551070192
0.3368280750147618
0.3344083280699193
0.3291132460495166
0.31387088149129305
0.3406310884899112
0.3431672336976036
0.34281755247777856
0.3412241231185581
0.3397458066350957
0.337101182959121
0.33366209952349773
0.325431184995056
0.3164407353668063
0.3450262996421744
0.34677484271990566
0.34572726383742414
0.3416748025060216
0.3385865650354113
0.33472548061390867
0.325399254379151
0.31605083405035916
0.29825139609031864
0.2810463798751017
0.2477981359886875
0.23274717864125985
0.21141100204851582
0.3459605904423316
0.3466101202589801
0.3443338192338102
0.34221402981647364
0.3391190677429362
0.3347277197228878
0.3311072999555017
0.32053885008853855
0.31037684465364074
0.293921243059504
0.27290752735517976
0.25863700818861024
0.23810285900978848
0.22184714471976963
0.20016293621803946
0.3436612179308959
0.34328895874815857
0.3404955065864092
0.3347197810864643
0.3306348409448762
0.32569735266678357
0.31455301884168213
0.30385990793016016
0.28417936506252184
0.26506869019128854
0.25026633056633274
0.22909009905814423
0.2130564273612006
0.1905558601498122
0.33746946521714566
0.3359582154955031
0.33206817545163203
0.32530638830348363
0.315451027369848
0.2924394009234722
0.25249097516687347
0.21556611135922052
0.1765496069869974
0.32909054763307705
0.32394724251917023
0.31976618976388416
0.31128246029381
0.30513162220571677
0.29296748683089757
0.28092497245167425
0.2604527888784542
0.24040527566752273
0.22770755121396874
0.2031272776234065
0.18772306286837265
0.16429569981282183
0.315018714906604
0.31139703206610253
0.3057415255289292
0.29724902988685775
0.2909863476567192
0.2862234736086035
0.27344700810556816
0.2610594895140463
0.2387788768828432
0.21961654554637058
0.20299346662048756
0.18265126075330798
0.1654149917866033
0.1441595319790166
0.3009079750239762
0.2963898861033426
0.29021502202253624
0.2812570357262021
0.27541140682274373
0.26897129982800133
0.2557840347673693
0.2439378013857122
0.22239278819786498
0.2024787565291915
0.19014402951908485
0.16565912829447585
0.1491861581570843
0.1280536078045256
0.274800947295027
0.27923703708540687
0.2875204032377515
0.2918069162598313
0.2929415226124274
0.30378934445081773
0.3075646938076387
0.3079980760819813
0.30015893713481184
0.31658275831898647
0.3196056274776258
0.3196506992258781
0.3188728586428327
0.30908578684025045
0.3227501576954193
0.3249588976059169
0.3246750259598491
0.32344950309938264
0.318575542386484
0.31177035449670226
0.2977225063532878
0.28235538630633406
0.3259607958610075
0.3272659902313362
0.3265539489809184
0.32481759761051504
0.31879927532382296
0.3115097715133614
0.29589356256102683
0.27976394044669556
0.24739838350640947
0.21130498200526712
0.3254796701824146
0.32541970535528814
0.32370282534368533
0.3217279622652766
0.3143683791194225
0.30613170680306223
0.2915278265884095
0.27172930607274215
0.23773993796695314
0.20006921515526585
0.32251353610458
0.32155903494185556
0.3196759173484202
0.31678033250636756
0.30871277911899886
0.29985546735327534
0.28211778593612263
0.2639704633696144
0.22875988018030535
0.31529474594594303
0.31317880430472955
0.30723942786710506
0.28877796596616795
0.2514995247751975
0.21527554814051275
0.17647868626282256
0.30632638866236545
0.30438862196691036
0.30171316510403895
0.29752541886463146
0.2879945665698735
0.2775972745406166
0.25874612734596447
0.23951834529952729
0.20287228907328034
0.1642349100583565
0.291929277466708
0.2873220544730429
0.28308890006142906
0.2795421243637291
0.2691231282633148
0.2581786218004123
0.23738696462632408
0.2188517985329042
0.19108816437209764
0.18244570510549912
0.1441139105895333
0.277724857745101
0.27231331148939897
0.26814593826381194
0.2631419612458675
0.2520515758657219
0.24141104854656698
0.22115442743480102
0.20184701871068453
0.16549165667124646
0.12801896323401968
