1.5300523974768878
1.5726368900206598
1.5812172214220421
1.5256368481641591
1.4536628838377885
1.388075041011022
1.318050282048229
1.2542238535839423
1.160785149985779
1.0205093321298582
1.7164824756028647
1.7794366216059072
1.8030387003435648
1.8189237207384874
1.780889682027799
1.700559599817739
1.6215278843495013
1.5354479498081401
1.4564959856911177
1.376981208308931
1.299152688405222
1.2338458724616967
1.1065665656678125
1.9180101432331658
1.9468089456022073
1.970489188625068
1.9990985556578944
2.0058645399608532
2.009692534248899
1.9317171290809032
1.8418980556532132
1.7406002121768205
1.6467178223801435
1.5518810147334945
1.4589798968917131
1.3809916818091144
1.1580060895751916
2.1124787837383288
2.1693742572138053
2.183352140982046
2.2064760932712586
2.2156661080021856
2.2209005128362436
2.1667420056751014
2.070451839772561
1.954190901511268
1.8443973583553244
1.7329030463022823
1.6235037973153639
1.5316372381658856
1.437089392522708
2.401730439245793
2.4361686982500954
2.4633714103921136
2.4949400765013827
2.5019455183070427
2.5081505031598725
2.425129715250388
2.2914119569585476
2.1569498707500983
2.0180913225694583
1.8811616056313254
1.7660679137136368
1.647671049182394
1.5417864737029727
2.612095707775105
2.64801568693413
2.6768252298987645
2.707441495699046
2.7149544241937056
2.723190590360825
2.686853347283894
2.5525972108115784
2.4013771663675527
2.240948180341959
2.081519718459825
1.9472858900928922
1.8092346631224785
1.685816265641227
2.714442598043778
2.5553935965611587
2.381764051252303
2.207853957179097
2.0611512735115967
1.775425192674723
2.875285408870386
2.948896487211708
2.9785523343804
2.9853898231505136
2.8956942953134597
2.7324563510099527
2.544627669321105
2.353909304029971
2.192484062752224
2.026408068171446
1.8780253080571587
3.0398242933079582
3.110423935689633
3.140574931049006
3.1084744420816257
2.9527858426475038
2.7502641200908253
2.538657818005745
2.358284412915819
2.1724839567807828
2.0065010060235293
1.8427346714137196
3.168888936885602
3.233435431520478
3.2635033231296338
3.2593734963008556
3.132201100064079
2.9224193288129574
2.694196576011316
2.4977645608424623
2.2949973388592837
2.1138337514539667
1.9352278585571585
3.365929393094048
3.390208432600826
3.3966404114969073
3.3888376215547105
3.3221777326411495
3.2550352910394977
3.1143061689593927
2.8695918375086626
2.655212235266403
2.4329888340726065
2.2343339252156706
2.038622853803289
3.4318804792641155
3.491165076158526
3.516892945493297
3.4956998661338283
3.3094814261564505
3.052334249762907
2.8199375384563803
2.577260042036931
2.3603304032339043
2.145964987446535
3.6347483176584863
3.6512914712721245
3.6548120870688265
3.6371740887795134
3.620854661964619
3.5457752061206
3.4347119460073383
3.28669327397381
3.033702398249059
2.7647509866162503
2.522799628391383
2.2845956266868805
3.75409158707009
3.7671064140659323
3.76745195154045
3.7411677927369924
3.6913150517520474
3.6051233152002466
3.5110691547252744
3.2443750403523466
2.9508273391962985
2.684325100415371
2.421621082009074
1.551763882496584
1.569328372382083
1.7542480312494386
1.789167013893886
1.77198283876734
1.9702552151288069
1.9903034648287723
2.1823374968147786
2.1550937545724103
2.43360915927933
2.474090392994933
2.41400805343453
2.661816579895624
2.6629084793469335
2.6895188002736314
2.7989807754829843
2.8429801937108787
2.9220548840753366
2.877141648475733
2.9983472985811304
3.0765168865217984
3.073777444988221
3.1738217993867326
3.205450276252046
3.1145021265886093
3.291403290676045
3.3270103579906722
3.427340818145363
3.4417540738968704
3.2940324703687955
3.574490533401976
3.514579770419397
3.6798056877420984
3.494398655584841
1.4311816151994523
1.466915635919771
1.578746741900745
1.6182712452808385
1.6450625636650817
1.810457191633735
1.855289370434534
1.8847864874820741
1.902581645734093
1.907380696878349
2.063889773776396
2.1131816022609686
2.144262591845735
2.16262314941156
2.1648436178583967
2.1346521145529405
2.2508868459760434
2.302335128745074
2.3350666475024995
2.3475646682595817
2.3520018895914903
2.354389947845605
2.352415311997278
2.3376561585535502
2.31400799583821
2.4389411096694036
2.493872172505822
2.525387697590056
2.5414955072581953
2.5424887735946
2.5386562857456862
2.518825773558932
2.4914736572658147
2.4292220181431126
2.361846043047843
2.2210374379056423
2.1543002040778427
2.056584426282738
2.673355644222747
2.7280510137584573
2.7593718762000927
2.7681639336816652
2.772375118858536
2.770348996896285
2.764633081466091
2.737924004814593
2.704069078948881
2.6403218226612073
2.549787014174267
2.484628939669756
2.3866775299690275
2.30683559014433
2.1965952396431856
2.8177668253729755
2.8720233161436957
2.901795240154002
2.9117929555022593
2.9087613918413235
2.8999304330783002
2.868312689467995
2.8296881149085022
2.747213643977992
2.6589034276416257
2.5864007948291317
2.4788242319420073
2.394158337636929
2.2718915366020855
2.9912315292420755
3.0428174694278023
3.070549840472834
3.0762015772388067
3.058192657713547
2.9752817211934817
2.783171494221319
2.5821659666474357
2.353526378319304
3.143873644813279
3.185888075932083
3.192004024668295
3.18299986992871
3.16689757919424
3.123740721021153
3.071976042378284
2.970892049598581
2.862978152448366
2.790933308871562
2.645471593395316
2.5507652185044964
2.401401362725473
3.2773900354232683
3.3222509742688033
3.340894497291001
3.335858494199277
3.3208547746502846
3.305409701621221
3.2533070509937896
3.193775700588771
3.0714735141602074
2.9567516273483454
2.851524929962082
2.718261843141272
2.599891018382643
2.4486206144849287
3.3797724014706567
3.4196939776726247
3.433664261991702
3.4233054101922304
3.4070634521419025
3.383872809340756
3.3244684502030055
3.2619169670515125
3.13477176805547
3.0056904289141
2.9224528427494008
2.7486396196323173
2.6264827285397843
2.4628928291041894
1.3981756373342624
1.4369744992783797
1.5406281090836942
1.5834953719362697
1.6124261009090906
1.7637133024059626
1.8116975267558109
1.8430734959682087
1.8545895410611217
2.0060418436325875
2.059826652967455
2.0813274444299554
2.0923735695989296
2.0994602246972187
2.18540213498535
2.2395787063112444
2.2591677738417046
2.2733246859838756
2.2834110375348127
2.2762695922909586
2.241031975470275
2.190502343511237
2.3637818732555957
2.421385284156994
2.441132295047428
2.4543007920417463
2.4612470248138663
2.4509868151362975
2.407339250371616
2.349465594876744
2.216840744799522
2.0553402088821064
2.5851577777968213
2.6430193346041464
2.6648048255879733
2.6739282856035183
2.676617990660085
2.6608586950368784
2.6150002197942395
2.536666524818466
2.382230902184418
2.1952871480052676
2.7214296513817082
2.7767747889107075
2.794900246855485
2.805981587067036
2.804987042211227
2.7851110288167176
2.723125970390832
2.645419642885006
2.4743148196960747
2.883287884339574
2.9367192049994055
2.9611559182727665
2.929297710366215
2.769277281612501
2.5775633964558433
2.352193116581783
3.0255631877436255
3.047812580497886
3.0614345053343843
3.0682185506371584
3.056969957369089
3.0257838015582808
2.9457768908361976
2.8490150851562177
2.640888006589108
2.400071501534162
3.1463794216527448
3.191619589302728
3.2037276815506095
3.204799027437424
3.185556616195702
3.146864033273882
3.047079484549676
2.9428623421021034
2.770088473653314
2.7136955975213595
2.447316690138392
3.2368614814341443
3.2776307008529804
3.2861745269203033
3.2846995800663836
3.257878145755838
3.215020794677518
3.10987936963171
2.9918715001572456
2.7441694355977266
2.461627495161421
