0.7010725271026766
0.7183465309996312
0.7140615132375667
0.6815408403572374
0.6419722388314765
0.6067311629599313
0.5696046371436108
0.5361544183244136
0.4878165831959917
0.4166436841445118
0.767005486174734
0.7922948625181613
0.8008091170793965
0.8041213194554809
0.7784188414283886
0.734385987321786
0.6926730527086575
0.648020774605519
0.6075877837760043
0.5673271221712662
0.5283084617422168
0.49585433658276407
0.4334863719065809
0.8370382016134147
0.8483095956280718
0.8572845352471697
0.8673966214122918
0.8695230525018594
0.8620922405845856
0.8182106636648359
0.7713278599910978
0.7197111403331322
0.6725839957850032
0.6255530692794027
0.5799392482424691
0.5419910991677019
0.43539008686664205
0.9009430336338659
0.9218837082856829
0.926700766775511
0.93388256494306
0.9359974621086941
0.9352730684296987
0.9008761343678257
0.8506203471597522
0.7922561328115912
0.7381702025214011
0.6839779840101321
0.6313622198602239
0.5875882903656122
0.542972230175232
0.9898459398338308
1.0018130524488347
1.0108252380993035
1.0202088201954835
1.0218879636236686
1.015641418231612
0.9693330597007674
0.9029217577895318
0.8383254100857847
0.7727359640399848
0.7088432060126217
0.6556809526628216
0.60154856085114
0.5536182903209635
1.049481293484043
1.061346284737694
1.0703008881393148
1.0784990810146924
1.0800001540126527
1.0804933435169222
1.053309086087721
0.9856540426410192
0.9139665459131499
0.8396478023748051
0.7668487662359856
0.706232577346301
0.6445613134030083
0.5900063583597448
1.035621551815316
0.960511752638231
0.88093434913628
0.802523849749823
0.7371671716838062
0.6119448180190086
1.1177214654466667
1.1389894912247713
1.1447678598038968
1.1432673600580536
1.09030477668278
1.013003666787466
0.9277911549319358
0.8429676572904954
0.7721159492531458
0.7000823858588334
0.6364536962801077
1.1562012421006198
1.1753243146237844
1.179995387275144
1.152388205792099
1.0767797793357123
0.985650418556425
0.8929742458436589
0.8151940872784891
0.7360997876481431
0.6662933789310249
0.5981290098109802
1.1838153200934591
1.200377689129109
1.2046342019599503
1.1927435779184001
1.1273312329546785
1.0329933491634218
0.9341287122876981
0.8505825385447521
0.7655385315049743
0.6905316106809386
0.6173878065739159
1.2241822568198146
1.2270379612008475
1.2250946893612122
1.2158740759228475
1.179175260265293
1.1474063113295188
1.0845452410297993
0.979513821751952
0.8895819362395581
0.7978937980375064
0.7170099155543971
0.6382619285336413
1.230901782765455
1.2435488522409996
1.2433329610794448
1.224271163685147
1.135600180365818
1.025712436837381
0.9295049663214235
0.8308546594788141
0.7438646667421231
0.6592748428450669
1.2599696682206702
1.2597189219697311
1.2568853653386542
1.2412444801639892
1.231841580946845
1.19510509561488
1.1457375286631488
1.0832806621887998
0.9798506518172636
0.872526935731365
0.7775853297767791
0.6854336761266181
1.2670321461952125
1.2658132882889614
1.258861800449167
1.240903822033126
1.2153823466929299
1.1765304129199674
1.1363871416609164
1.027864363427702
0.9124683435120693
0.8098829700089126
0.71022896097988
0.7070446384602729
0.7086337979170269
0.7790306793794785
0.7909175579555918
0.7745221598542857
0.8525062959044096
0.853820556729395
0.9192269662316825
0.896104459589785
0.9946092754520022
1.0021794774497426
0.9650073386801429
1.0569078972980193
1.0442372614134834
1.0605473778276069
1.0854700947508296
1.099813436923889
1.120049277732242
1.0836411162984887
1.1350826390267448
1.1536818029861562
1.140190669888355
1.1733835008537286
1.174132297972075
1.1213485428873848
1.1689715673910814
1.1923710618300325
1.2138966876685913
1.2067270298053843
1.1307085625769646
1.2263114465058786
1.1854713851171792
1.2223990878769018
1.1315244517662697
0.6495899437592486
0.6645089113742455
0.7024426169446082
0.7183589318806555
0.7284575139848134
0.7811295108642933
0.7981892020241338
0.8084866968306399
0.813389562162018
0.8124437141188906
0.8611724185488923
0.8786397202220447
0.8885479427459828
0.8926313163891733
0.8897763723822215
0.8702175853020502
0.915973892099373
0.9332132304051631
0.9427750242366403
0.9454085122109745
0.9456899687692935
0.9445311991463551
0.9415150297384686
0.9312712289701569
0.9178643357415414
0.9671074481360923
0.9843097711272715
0.9926536343863005
0.9942888524940405
0.9922774610753619
0.9883345475717411
0.9755423535858883
0.9606268223405356
0.9292517095750948
0.8968299595282035
0.8309584451583142
0.8002135267813755
0.7556479605115365
1.0246727662900883
1.0403406322663813
1.047143201822556
1.047858965918435
1.0465480769184454
1.042453363115507
1.0379815139415012
1.0220474312893537
1.0044883215921052
0.9735505293910544
0.9314610746966487
0.9018154336580303
0.8579470526317684
0.8224903485431233
0.7740637688660754
1.0561269127534847
1.070390712974349
1.0760397625769487
1.0738059359065104
1.069555601946711
1.0630269503766854
1.0451196148095623
1.0256649273843903
0.9868049379101144
0.9467948415206561
0.9146515533903323
0.8675349867912506
0.8308928668847719
0.7784701949816837
1.088923855073433
1.1008917317448956
1.1045564034808673
1.0999684271457482
1.0864211944736555
1.044308982428448
0.9583754828194779
0.8725307236456873
0.7771193070909124
1.1143119810869664
1.1200174031732715
1.117562079701671
1.1073642271538358
1.0974946510067582
1.0751627279632967
1.0507832765330782
1.0059362635635842
0.9596629554161067
0.9293799647301914
0.8690523081067215
0.8302279968720897
0.7696938619802409
1.1251951505035265
1.1320991960275337
1.1308415114637396
1.1210291199634161
1.1110764234043429
1.102521745823537
1.0770208146542903
1.0500693873365181
0.997853925888078
0.9505004476793218
0.9079885419934122
0.8547423439319836
0.8079646694202527
0.748813983129919
1.1287496839280773
1.1331714027008066
1.1298357011287172
1.1178085069998864
1.1077692438431848
1.0954781946091823
1.0674828273256556
1.0401762330089221
0.9872595016213127
0.9354789559858624
0.9025888675561826
0.8349861911817148
0.7880234594639977
0.7258956428988267
0.6314869035585257
0.647501159832602
0.6819823310376817
0.6990208739349754
0.7095080899052766
0.7568603419990136
0.7747909765612132
0.7852552661716471
0.7841090245470589
0.8322843973970582
0.850976283275813
0.8576639566618426
0.8605561768835072
0.85616939970321
0.8839475045803847
0.9017057307816421
0.9073708594767814
0.9107353757591654
0.9102786897194739
0.9033380538615017
0.8827586247908319
0.8566766018114513
0.9313903151117652
0.9490065251941636
0.9541557805502572
0.9566805408102212
0.9540839054778943
0.9456225996900627
0.9212246474926238
0.8923330750813708
0.8294650230216145
0.7552165746311852
0.9841746737527017
1.0000598072080493
1.0046594456099693
1.0055864977767222
1.0003057993949183
0.9892592422867293
0.9647133437049932
0.926941349193575
0.8564499278988886
0.773636370827569
1.012868011579102
1.0268017067845847
1.0300479381078793
1.030546609107951
1.0233885204403435
1.0104708373884785
0.9786944957488839
0.9423102004308715
0.8660729578054529
1.0416546077975104
1.0534128375405667
1.054284612009036
1.0293144895481539
0.9539664508575701
0.8711118317291331
0.776723485182624
1.0636626202742838
1.0673830296391595
1.068279998870438
1.0659177771446904
1.053987378735564
1.036253564954443
0.9981500075783206
0.9553989697730672
0.8676965932781687
0.7693166299183472
1.0708306006747195
1.0768824344483514
1.075445675552021
1.0720137904787503
1.0566796640427343
1.0361199159524168
0.9907283048279237
0.946509871946273
0.8760186870269214
0.8534779479704995
0.7484706940421063
1.0715200400975593
1.0750204032988702
1.0724464612402709
1.0666616701802132
1.0483479881276199
1.0268344362240167
0.9803122800662188
0.9316960440166554
0.8338131990277051
0.7255822285990645
