0.9627371725171464
0.9889344747238009
0.9926269727299929
0.9562927601374225
0.9096751342960602
0.8672770485848007
0.8220401292923988
0.7808141917202873
0.7204737619232715
0.6299531933368495
1.0810894176425419
1.120041605023926
1.134454666433049
1.1436874575821865
1.1180460945271185
1.065843861632619
1.0147240971785592
0.9591270008919413
0.9081625007151405
0.856853380560362
0.8066666737903585
0.7645740631188028
0.682632266747777
1.2086805221887014
1.226555092414547
1.2411928592840817
1.2587404568385006
1.2628421959038685
1.2635048928701236
1.212460848046567
1.154286520623353
1.0888520746872095
1.0282699123970598
0.9671170335130557
0.9072519736330918
0.8570350506253208
0.7137309595717923
1.3320442168845015
1.3673024462877563
1.3759052855663594
1.3899972702872527
1.3954517489539096
1.3982219466223755
1.3619530134764668
1.2994150512626117
1.2242739586536002
1.1534315081321433
1.081566051723028
1.011113138765195
0.952005573419559
0.8912300125762929
1.5158321046741128
1.5372301749707733
1.5540698264640815
1.57341242083272
1.5776378329664218
1.5800527421615354
1.5254279803554232
1.438813224605898
1.3520212948811192
1.2625388913686526
1.1744072420883176
1.1004150947849274
1.024383168483751
0.9564857164677804
1.6497758300711138
1.672102739000863
1.689947730817018
1.7087005934768673
1.7132142109164692
1.7179788896943278
1.6929234126833228
1.6055984560658698
1.5079063811745848
1.4045075929110247
1.30191273581597
1.215644893656814
1.1270307839850233
1.0479350033776527
1.709238298605334
1.60638669991154
1.4944553268470315
1.382540724055436
1.2882691734433724
1.1050349765598717
1.8177551995812453
1.8634163494730573
1.8814592707595834
1.8851865333082822
1.8255971139053966
1.7198544106149591
1.5987170612716257
1.4759721621973632
1.3722434634306462
1.2656649044414832
1.1706004656152882
1.9230348630417127
1.9668905693533962
1.9851724295454
1.9626950773800778
1.8614587970152296
1.730714144167648
1.5944860827778353
1.478569874597869
1.359334349898175
1.2530033325748982
1.14827086479264
2.0057928870332358
2.0459532732686574
2.0642402086405016
2.060329242031803
1.9771071824632176
1.841526482774915
1.6945442758891778
1.5682832134572144
1.4381423942030478
1.3220831572461804
1.20785635923288
2.131214244302742
2.1460066768388484
2.1496139897443625
2.1439056851577045
2.1000161840960336
2.0563879896593154
1.96538510157845
1.807684931834601
1.6698413878997782
1.5271912528271605
1.3999000652353837
1.2747174710698863
2.175160854600205
2.212110023142231
2.2275838674374673
2.212880317187749
2.091776399770714
1.9259164874983596
1.7764244202189496
1.6205838622670787
1.4813000217914358
1.3443970337889628
2.305332960938718
2.315391420188005
2.3172718167430624
2.305177920037286
2.2944075040940133
2.2455001024691024
2.173613267997972
2.078095111543157
1.915234121987427
1.7424275517795276
1.5872857576566968
1.4348113833847842
2.3834550424753775
2.3913737734199527
2.3910027412773367
2.373601756605074
2.341070507801499
2.2852187018715657
2.2244517902648844
2.05259960583088
1.8638741827767198
1.6928833563463275
1.5246384629614584
0.9755163678944943
0.9851837362924446
1.1038330730502801
1.1250202864297263
1.1124663514862356
1.2401549826059155
1.2513361399710883
1.3739758645073648
1.3546400061282087
1.5345733778163342
1.5586070137252481
1.518435148912199
1.6792577945825067
1.6778339130126507
1.6987852898507065
1.7653977895055417
1.7964283823495544
1.8451543996944637
1.8138877205221704
1.8959089294857792
1.9441419228323826
1.9407511843153762
2.007395306393947
2.0261698281367266
1.9659092284719935
2.080506755842887
2.1080848096951557
2.1706659209327563
2.178611026927437
2.0819746005867485
2.2656767942777454
2.225652677869028
2.334454862462025
2.2138268600556317
0.8995675238925803
0.9216314722634837
0.9927628333375327
1.0171791382680428
1.0335890780976191
1.1392724051096978
1.1669838565811672
1.1850505876113935
1.1956898010318426
1.198101181141248
1.2997773063402644
1.3302685238415464
1.3492800906447509
1.3602050775009202
1.3609049452911064
1.3405516602549137
1.4184250536213923
1.4502697085397043
1.4702962998597822
1.4777561802115313
1.4802912467925884
1.4814350441158155
1.4797932350954033
1.469724333326882
1.4541049065465046
1.5379684316823963
1.5719911447342412
1.5912606035203252
1.6006865934776107
1.6009151750258983
1.5980849788153493
1.5847463167887
1.5667552336384711
1.5262418562937539
1.4826145878669679
1.3917422785274947
1.3487723065773456
1.285902892789497
1.6873538568985194
1.7212691833559934
1.74040832625646
1.745571276353859
1.747841452226246
1.7460652313523874
1.7420941514536337
1.7243362733263599
1.7021792411525896
1.6607776053868324
1.6022409781821128
1.5602094934661541
1.4971142927429695
1.4457498223945144
1.3749032950883686
1.7796449799846923
1.813305423201487
1.831485876058872
1.8370368855872656
1.8347016500183886
1.8286495845206865
1.8077463819582846
1.782548220270786
1.7290803934464598
1.6720353360779763
1.6253194629967291
1.556076035648108
1.5016499979621691
1.4231262639918616
1.8908762235632375
1.9229441609566211
1.9398263339242978
1.9426399073451723
1.9303665650251236
1.8761838946297011
1.7520659464667647
1.6227372301881828
1.475946651157521
1.9885742174348229
2.014389945214893
2.0178141177777698
2.0113426704488275
2.0006549203864505
1.9724132206184517
1.938811940457739
1.8734832652670195
1.8039370465469207
1.7575696407287362
1.6640787112937272
1.6032780304686336
1.5074809044580308
2.075833122414133
2.103802417224164
2.115067098341808
2.1111917134774445
2.1011859862354285
2.091074506570479
2.057159735840541
2.018631549253216
1.9398065650695533
1.865867088414752
1.798219965725604
1.7126353240224546
1.636622855968897
1.5397757304606836
2.142822215804856
2.167684385391069
2.1761645685084696
2.1689641560005795
2.1582657060829264
2.143142654847123
2.10461406967879
2.064194746646735
1.9822434448075283
1.899217311507405
1.845704946450992
1.7341514683925394
1.6557894800790145
1.5509759621680466
0.8782497818210623
0.902168207543168
0.9681367735431118
0.9945749002562093
1.0121940717787994
1.1090672202794918
1.1386705441162566
1.1577773101840896
1.1637786899297569
1.2624011793031527
1.2956187601429212
1.3087478110403323
1.315393193214977
1.3184718206467863
1.3761060408756365
1.40957127075698
1.4215454367350333
1.4300618687034006
1.435632366982284
1.430398484120944
1.4070141213347243
1.374085750590053
1.4894153939076482
1.5250237011907954
1.5370807725661437
1.5449396156960347
1.5485099650764047
1.5412871380998425
1.5124879145125494
1.474839413002577
1.389110982611396
1.285124335605228
1.6304013006345786
1.6661964528592081
1.67946690972201
1.684891082486599
1.685678712358888
1.6749442371233918
1.6448286793136329
1.593984259591846
1.4943203708227575
1.3740829463394637
1.717434912491682
1.7517004123824897
1.7627526313192259
1.769300917844785
1.7677724621284971
1.7544119446972055
1.7138882588560904
1.6635374759951558
1.553238290715707
1.8211988836174513
1.854300277261353
1.8689435346253283
1.8471011581819385
1.7432906889202462
1.6198342923154072
1.4751070962359307
1.912223818211545
1.9259675988994347
1.9342486806006065
1.9380885817401066
1.9301051107412786
1.9095475078482145
1.8575820377052195
1.7951020804502569
1.6611820604825425
1.5066416770608013
1.991313919338871
2.0194552977877467
2.0267285447071077
2.0271010980566877
2.0140999876954875
1.9888277867364297
1.9242299132561693
1.8570496871354385
1.7459610426039915
1.7097398013854852
1.5389497634430107
2.0506719989379945
2.07610568081732
2.0812142314550495
2.0799412084720172
2.0621893585346207
2.0343245127450413
1.966395154386722
1.8904226661419465
1.7313085204234324
1.5501718291064335
