0.5897103905336373
0.604543754572098
0.6017133661807186
0.5750369466125784
0.5425686634455823
0.5137436158457407
0.483528065147008
0.4564652047112533
0.4176858156501887
0.3615427756822478
0.6410717198445913
0.6624370382612667
0.669685239790966
0.6726819033673516
0.6517330658562281
0.6155867143236181
0.5814239923278428
0.5449766981808487
0.512131808093385
0.47959622286888104
0.44825373047053024
0.42234716344644524
0.3731342340557387
0.6955881015173193
0.7049874240465178
0.7124781601520133
0.7209368498787172
0.7227206488261166
0.7167971133434835
0.6807756104065915
0.6423368363273967
0.6001268503149213
0.5617557393138929
0.5236168388570074
0.48680073503376897
0.45631760826521794
0.3717081324375481
0.744169937971086
0.7613977814135933
0.7653483427663749
0.7712311037683851
0.77296739129025
0.7723360906608745
0.7440082012613044
0.7027542771349545
0.6549834166123338
0.6108801868771593
0.5668353699967802
0.52423066731182
0.4889143173986346
0.45308029742045214
0.8096932578422157
0.819280808528188
0.8264722617812634
0.8338816357195821
0.835171079076455
0.8295915109986932
0.7913211088232993
0.7368876785926222
0.6841442763406377
0.6307614741406469
0.5789776316218334
0.5358423934045865
0.4921759712836624
0.4536133893714351
0.8517934215967228
0.8610961558390228
0.8680488275189244
0.8742424629465859
0.8753097977941757
0.8754368304999344
0.8523650171518175
0.7967053443236815
0.7381363700127618
0.6776536127763393
0.6185613711990235
0.569425126432562
0.5196200500799999
0.4756457240896443
0.8322155414694942
0.7708104525148926
0.7060580233669287
0.642427771130763
0.5894732358048186
0.48843637687749464
0.8973396957191228
0.913160856375729
0.9169101160525841
0.9151236808467594
0.8704660596822469
0.8071413522945459
0.7378211418697813
0.6690411656486824
0.6116799339330397
0.5535655869677788
0.5023041447383626
0.9211251061698275
0.9348251814438305
0.9373012569600859
0.9128624304633428
0.8505050668766325
0.7763583029961182
0.7013078486967163
0.6384808706437627
0.5747468540751224
0.5186172381101437
0.46388274540991886
0.9368840917137783
0.9483138616778799
0.9502381375961114
0.9388708746820053
0.8841957017536841
0.8073237338129542
0.7273445457040231
0.659980657056233
0.5915847906902961
0.5314083906883731
0.4728149727333107
0.9593465378421415
0.9601872006709148
0.9577115337697988
0.9491277440361203
0.9179152263460035
0.8916884165835616
0.8404197804679048
0.7555131028937662
0.6831581699332344
0.6096308539643183
0.5449198828835633
0.48204224639524995
0.9586296781369543
0.966169967843262
0.9636051521005324
0.9460857408996931
0.8725220176055624
0.7836156305397102
0.7063511067999584
0.6275278821236039
0.5581662007550567
0.4908875538420511
0.9675157065985732
0.9655803624313888
0.962272543807975
0.9477253653616347
0.9394994584194909
0.9086345995691626
0.8682309540554707
0.8177542570262362
0.7348578031788988
0.6494093544625705
0.5741526231602353
0.501282461306386
0.9611373686996628
0.9585931844575907
0.9508685940200151
0.9347040341748328
0.9129641969958174
0.8808088773812607
0.8482162919787303
0.761175898496664
0.6696845738542998
0.588726677389011
0.5104671602642723
0.595123093088751
0.5971152740165931
0.6514148272687864
0.6616048641626249
0.6484634218395766
0.7086166940691366
0.7099222848257183
0.759128093471153
0.7400844722499802
0.8130640366388411
0.8186961823971566
0.7878278160379694
0.8565835694523054
0.8451330666954697
0.8562828883850745
0.8740068970537213
0.8823830883329284
0.8969255563660313
0.8652721163697648
0.9036318350189102
0.9163059872893853
0.9034704205290268
0.9263432715965004
0.9246890218930086
0.8796725982614929
0.910294075128277
0.928946063969458
0.9417832796101511
0.9331433176600819
0.8689602858588151
0.9384534311185464
0.9017428554703278
0.921686261352091
0.8448671811520329
0.5466464387546629
0.5594398467418387
0.5884139286469737
0.6019394449281401
0.6105848130053287
0.6493538853989432
0.6636197698133967
0.6722552600673266
0.6764326831499292
0.6757744268137542
0.7094228676890414
0.7236954925414409
0.7317707084737655
0.7350639390745133
0.7326679662171441
0.7165904533602766
0.749027228676006
0.7628198917715198
0.7703538772305748
0.7724895577197081
0.7725607065894673
0.7714387483574577
0.7688841212775098
0.7603505107029741
0.7492946730517807
0.7843928008906309
0.7977693635741895
0.8040635368359017
0.8049041860271923
0.8030494425904284
0.7996266568604702
0.7889380116772574
0.7765904269401042
0.7508103531525445
0.7243078140616361
0.6706224782706837
0.6456476342288557
0.6094770032202501
0.8215345023544571
0.8331568316302762
0.8377503328982645
0.8379261798530545
0.8364320331621193
0.8327140039077154
0.8288385549472899
0.8153773073402394
0.8008000334293788
0.7753683851019217
0.7409882580379592
0.7168564551631428
0.6812506376373465
0.6524998379756004
0.61331015671049
0.8398766351351
0.8499540193766109
0.8533628132300525
0.8505461104859896
0.8466285183826266
0.8409280458744242
0.825815241505589
0.8096413680757977
0.7777139925854337
0.7450998091310761
0.718999572298358
0.6808227737429569
0.6512220919413151
0.6088870066089966
0.8562353247642828
0.8639578819086641
0.8653715532072257
0.8603296740339202
0.8482640766649671
0.8129533183475088
0.7428745378026553
0.6735191860545581
0.5968297667877133
0.8668027107426017
0.8688317396291315
0.8657617015843377
0.8561657081284642
0.8475449237946382
0.8286442375897269
0.8084642902304412
0.7718282361431162
0.734333952567106
0.7099170528811465
0.6614416342432966
0.6303199385113729
0.5819241611610744
0.8629039513810062
0.8655966726158519
0.8623953874086989
0.8525531184841397
0.8436272339033798
0.8362126301510935
0.814722723987124
0.7924554545404604
0.7500275767093362
0.7120331807076601
0.677934118433485
0.6354669027258126
0.5983012068303127
0.5514668275051191
0.8547064344977396
0.8550596396485457
0.8499501093150701
0.838210460354114
0.8291815608611878
0.8185038355575835
0.7950423453048928
0.7725918889803045
0.729821127555069
0.6884154508672051
0.662252126551928
0.6086966399844919
0.5716579308049086
0.5228222240812667
0.5316418714060539
0.5454086803118546
0.5714925705648751
0.5860016892981604
0.5950482980084428
0.6293477747165898
0.6443565932842088
0.6531816749001953
0.6525207128306
0.6856947743375772
0.7009659398431469
0.7064144225012886
0.7087591574922855
0.7051051015093506
0.7227791352238071
0.7369588433249364
0.7414161167863381
0.7440544597639474
0.7434097947310504
0.7375809535251483
0.7205917707169607
0.6992186596863392
0.7552194955530958
0.7688283368849796
0.7727267076275749
0.7744449938988001
0.7718877009603602
0.7646822582946212
0.7444534306802707
0.7207542203921156
0.6694479508687854
0.609139943682503
0.7885846782030325
0.800192026109222
0.8032810205458584
0.8036289488750876
0.7984927783922345
0.7889950091396953
0.7685386985665908
0.7375085690346745
0.6801073009068235
0.6129873927331113
0.8047820943857729
0.8144683702093145
0.8163404828734406
0.8160582921285235
0.8092187048858833
0.7980656900534677
0.7715633005099346
0.7417148077312473
0.6797308667053206
0.8180417470456359
0.825394279777695
0.8242254252875791
0.801814126618693
0.739640454428918
0.6724937828328119
0.5965497780519639
0.8260770457183975
0.8278628302515136
0.8274515923037857
0.8243995923814759
0.813190350050107
0.7979061327412259
0.7662136260967947
0.7312849519677369
0.6604905329778189
0.5816667749765855
0.8194572270575439
0.8211378255917933
0.8183507708377948
0.8146128708114962
0.8004091876449274
0.7826970387450265
0.745099781107535
0.7093040287470823
0.6526235504566126
0.6346253711215528
0.5512475784349267
0.809356977576462
0.8086012752240714
0.80482545914529
0.7987094635142312
0.7819971853301535
0.7635758526976367
0.7251845698186251
0.6859284655857214
0.6079525957373745
0.5226341532876939
