1.446135746744022
1.4845192252539587
1.486002213483297
1.427753874667756
1.3543011121866644
1.2879539813744896
1.217505508029013
1.153608467449747
1.0606534306248794
0.9227752523527714
1.6141797920046295
1.6711443987006225
1.6917284910194703
1.7036342007842682
1.6607729006749572
1.5784468005177215
1.4986965498199258
1.4124530145423486
1.3337836832043048
1.2549606610047777
1.1782474409031836
1.1142367443688221
0.990729717911762
1.7943640497899045
1.8203366113286668
1.8414631576503029
1.8663954086564234
1.872083939356103
1.8683309754679807
1.7871467912644499
1.696523019085101
1.595331390456258
1.5021663411521387
1.4085606392965597
1.3173664473195028
1.2412375658651913
1.0263809932615877
1.9661501463313715
2.0166853239284737
2.028830620155106
2.048301059921228
2.0554307514497965
2.0579588289965094
1.998167937297963
1.9006169835569824
1.7847228183519326
1.676143539512235
1.5665406617605844
1.4595986909376626
1.370290005960712
1.2789268577155901
2.2177183521912234
2.247975106696819
2.2715169240489392
2.2979605721729164
2.303493650754803
2.30215990387349
2.215161014847694
2.0816967007467135
1.9492757341957925
1.81354065610704
1.6805019965570347
1.5693034729666628
1.4555813478960655
1.354515493367939
2.3973158831824364
2.4284893800314133
2.4530370566850044
2.4780950534815007
2.4838037455482485
2.4891675194427227
2.4457446271177212
2.3100444724952265
2.1613101773552965
2.0050562425506984
1.8508303984749492
1.7217303729295022
1.5897317865405611
1.4724597734920442
2.450782929630342
2.2942308555808215
2.1254248113841485
1.9576141389282626
1.8169100919879266
1.5452750357435459
2.617401150281039
2.6791689799962244
2.7018078111833943
2.704733728111295
2.6076290589777367
2.4463830062860734
2.264035925176849
2.0804962591694487
1.9261426689977077
1.7682949372653856
1.6281305920434537
2.7517905081125815
2.810221200854193
2.83230333046476
2.790442838754568
2.6347161743494625
2.438138528349279
2.23508135374775
2.063232084416448
1.8873233905676128
1.7311582801265515
1.5780305292820918
2.85526693582148
2.907984855041875
2.929744839951635
2.9175746109918985
2.787119237342542
2.583104761107825
2.364502862466828
2.177875859259863
1.9865014180736766
1.8166091446680817
1.6501610642500049
3.0106982715980286
3.027819279210891
3.03010211691629
3.0178365947808152
2.9473576472541483
2.8806055252770593
2.7437938145662324
2.5096533206354388
2.30654576578118
2.0975221824359815
1.9118827223200023
1.730169395257407
3.058683866298599
3.105153952035658
3.1206581858863625
3.0921499718592766
2.9061857180780435
2.6599975350070366
2.4403518374663054
2.212806291698385
2.0104802665047807
1.8125716390805182
3.208761981024481
3.2185413024571425
3.218335328122321
3.194718854824021
3.1769836830675895
3.100999026912364
2.9928267787096146
2.8514198485992823
2.6127475677407763
2.361522540873057
2.1376265133371137
1.918007629668741
3.289128451829204
3.296053161707483
3.290339695608661
3.2595247874832203
3.208071630964757
3.1233673564092914
3.032997382098745
2.781230504407001
2.5078468846963635
2.261841880618691
2.0211383000389906
1.4634155917550187
1.4747864994798459
1.6457988461039974
1.6756830768859627
1.652446409915496
1.837467219182828
1.8502776202079554
2.022201835550135
1.987424468166306
2.240638056228268
2.2709369165520683
2.2050209613490943
2.433205898790665
2.4236254413461564
2.455840329548938
2.5420083171567867
2.5833522966293425
2.6475931228912835
2.591009981328203
2.709535904259764
2.7720490740037738
2.7594922087017375
2.849797751934238
2.869657483896896
2.77149943401016
2.920307700345987
2.9632196325341753
3.0419927424039748
3.0449281544346354
2.8927793643865396
3.1442400538911865
3.074079769802613
3.2068621134720945
3.0188407115199456
1.34777817581001
1.3803272276329392
1.4803828840841233
1.5161158364897087
1.5397841795098275
1.6861216878052208
1.726159607339291
1.7517780143936459
1.7661617036706097
1.7682087902673664
1.907424118710016
1.9507633488982037
1.9771728578002414
1.991383194817742
1.9904004099883728
1.9566877649361816
2.067950689816924
2.1126069780543792
2.139894088820286
2.149473688508744
2.1523581747375315
2.1528630886043403
2.1492512253891967
2.132166303754735
2.1072077092220334
2.226649201229688
2.2735640370271057
2.2992691730506407
2.310263868596835
2.3092410225300064
2.3037139201837027
2.2815399668311085
2.253062013858217
2.1903448238958174
2.1237189835370924
1.9860694384697983
1.921317255675184
1.8268900323694242
2.419908186710828
2.465673749195123
2.490181240444998
2.4960550059180324
2.497576788530551
2.4930349539651098
2.485940699529266
2.456963402927929
2.4223030727880532
2.3587887076400063
2.2701075719152963
2.206841753512489
2.1123234039451564
2.035596730748725
1.930180723192857
2.5359042732362793
2.5804253283190945
2.6030608257694428
2.6073701791110904
2.602116896259555
2.59145661989785
2.5577800297111577
2.5186317250482357
2.4372119917256834
2.351397987551838
2.2814775970047942
2.178341779845964
2.0975852963204664
1.9814206172180102
2.6712956036970863
2.712483902740089
2.73239579327967
2.732094196337895
2.710142967202179
2.6255063148670876
2.43912928134687
2.247653050074271
2.0319907898497314
2.787165682262657
2.8174435537066964
2.8191906690758786
2.8053959686169896
2.787558638938653
2.7430848262724967
2.6917480658556303
2.593733471562157
2.490514416910998
2.4220996976093527
2.2847909120449987
2.1958434003549128
2.056188250089757
2.879910738985293
2.9130706959169093
2.923420113140504
2.9123331516370765
2.894991114514091
2.878599066105322
2.8259322667794136
2.7675979433615776
2.650428074654658
2.541931157837383
2.4431860145512023
2.3187734419398898
2.2086744244759635
2.068940377948789
2.9467801423982265
2.9746916367298777
2.980531994293824
2.964274699836607
2.9460901484676074
2.921844957981597
2.862617980920645
2.8020271499360265
2.6817962111450533
2.5601038767119517
2.482509974377583
2.32149000309317
2.2089396661863994
2.058878481499458
1.3141473093333291
1.3493480562174986
1.4417225246459968
1.4803070449125662
1.5055105630284822
1.6390641677943514
1.6816705911755503
1.7085148123442018
1.7143184575553683
1.8497399021495144
1.896755074686613
1.9149096573970046
1.9238009496610093
1.9244558583590958
2.002952937116819
2.0496578073510885
2.0659470989405917
2.0771273383626583
2.0827923354464164
2.072920072046288
2.0353013699693787
1.984091067675673
2.152592218847325
2.2014379642067676
2.2174914544831617
2.227384933142223
2.2295775390818093
2.216592377432734
2.1706997590455237
2.112640237967418
1.98233863257431
1.8257928718227159
2.3337856467785936
2.3816805197594406
2.3985866880155253
2.404843209333253
2.4022769634677754
2.3838370919642786
2.3363190654838615
2.2585125856888664
2.108422337690152
1.9290435978037046
2.4423616045903174
2.487318923591827
2.5009877101107287
2.5081133103099686
2.501739726071076
2.47926940521426
2.416025615392224
2.339584279845487
2.174422211522943
2.5671990275705854
2.6093460785133775
2.6249722136054006
2.585347463048983
2.4270986243497115
2.243702952081621
2.0308592683836553
2.673814779798594
2.6904155679243376
2.699464099371303
2.701700019816933
2.6851649032134666
2.651776429616082
2.5720993630744236
2.4785426402391657
2.2808988354412043
2.0550727817065315
2.7556149485101327
2.7882327035126155
2.794407894711608
2.7922796505234113
2.767989587103525
2.727598062928092
2.629741180220707
2.5302116099848844
2.367629523916667
2.3149625985191595
2.067867678562776
2.8125732717605607
2.8402965626808427
2.8433753355333566
2.8377277804407464
2.8063316568796544
2.762510311209663
2.6609369673262164
2.5485935963979496
2.3178123806884763
2.05785421663096
