0.8381405388845022
0.8580115005819667
0.8503524244535061
0.8094071126102119
0.7602123833542589
0.7165766278317406
0.6707485387896766
0.6295694310881064
0.5702234338784367
0.4833627967224025
0.9137188323113341
0.9429090534239646
0.9524155956388474
0.9552090815765606
0.922038864722586
0.8672501213306717
0.8157377907012563
0.7607978128575684
0.7111967825134166
0.6619376279127619
0.6143217207614945
0.5748194988843414
0.4992341553080542
0.9935631885652487
1.0065371875396096
1.016776050639981
1.0280647826311726
1.0303431995012944
1.0188645438288353
0.9639474757856233
0.9061316146081064
0.8427800133156467
0.785137543065758
0.7277735192135738
0.6722862444944779
0.6262443888319574
0.4976352577809439
1.0656783357038324
1.089491713679962
1.0948487364583708
1.1025725344179345
1.1045524481436957
1.1028570766227395
1.058959196416254
0.996924079997105
0.9254260834691811
0.8594505709202115
0.7935467350850761
0.7297388852415109
0.6767948673389238
0.6229828619132133
1.1646705667407515
1.1781528688418168
1.1881584199687543
1.1982062633101433
1.1998495280633705
1.1900613376345492
1.132205215859701
1.0509436288170595
0.9723818700245052
0.8929503207653502
0.8158074221777224
0.7518033774966454
0.6868160343529518
0.629454540224785
1.229922441852
1.243154071558131
1.2529462207089557
1.2614786084125953
1.2628280022530323
1.2626478016910738
1.2273505835064562
1.144287101775273
1.0572565761394837
0.9674955032770802
0.8798731536712541
0.8071321234348737
0.7333438525356881
0.6682803337822041
1.2004661822515266
1.1093151376053494
1.0133296357053103
0.9191212964067107
0.8408443541557561
0.6915528638874058
1.303024025935823
1.3259600772397928
1.3312057696415904
1.3283604975883645
1.2617510590069372
1.1678567538727274
1.0651977444320095
0.9634780227808779
0.8788006394828847
0.7929837654521542
0.717425222485242
1.3431251175883216
1.3634054115145016
1.3671005675418253
1.3309585687654477
1.2387228285060186
1.129023737885519
1.018120862778525
0.9253948980294895
0.8314163043208187
0.7487584648733043
0.6682036820600772
1.371118219517177
1.388451259937967
1.3916251115154612
1.3751704287231943
1.2946557196345336
1.18106172595897
1.062915608944915
0.9635116447159225
0.862681751911282
0.7741629613448662
0.6879444368485751
1.4111298480701002
1.4129187539543575
1.4096014157292418
1.397304226288757
1.3517121598523278
1.3131237692227593
1.2375273027977052
1.1121284082871206
1.0053411923134354
0.896877219309789
0.8016665654816116
0.7090713440245408
1.4159269976573552
1.4283913077784403
1.4257893897854477
1.4009453561225658
1.2932021767072652
1.1620176674409917
1.0479843474823607
0.9315408677078233
0.8292840250919218
0.7301822464499503
1.4404795945691282
1.438692970437583
1.4344174262864136
1.4141284398871605
1.4023467865351125
1.3575788595159222
1.2982741473889372
1.2238628865916357
1.1014737312693221
0.9751133621658745
0.8638391162663337
0.7562214695669658
1.4417110627123233
1.438946526649414
1.4290659250315216
1.4065098434383436
1.3752406491027724
1.328432927714038
1.2805223407884356
1.1521490853457572
1.0165657544120694
0.8966275346559441
0.7806207359075112
0.8440016791111413
0.8438881923824687
0.926530877506026
0.9395366974778407
0.9174284713510553
1.0097256282622036
1.0091072891063502
1.0839870484314187
1.0533677007091575
1.1679516186090733
1.1743552855669483
1.1271768858929534
1.2352324823598588
1.2168398234719768
1.2388427672701219
1.2631746256805951
1.2806648358230581
1.301571289181199
1.2540983961066174
1.317097072317394
1.3361339394362775
1.31699001967313
1.3558492912185152
1.3539110579765277
1.2878545808264867
1.3401433336102728
1.3711419605813404
1.392422628297032
1.3811071942862487
1.2877053248988586
1.3986228984423208
1.3467478280303706
1.3858646294450188
1.2751406028509904
0.7748435582526989
0.7921654732837666
0.835363026689334
0.8537298163061483
0.8651517537046021
0.9245822322267352
0.944073186968286
0.9555378903776769
0.9605196165341726
0.9585127686423337
1.0140552903433842
1.0337509582150126
1.0445530289921072
1.04831130992201
1.0439207342842562
1.0189162461775145
1.0743650683545207
1.0935874911519818
1.103776252140767
1.10618174841457
1.1061034861055565
1.104155686031949
1.1000023808295494
1.0868106247128904
1.0700268216736617
1.1296757239504231
1.1485879815423312
1.1572246962005055
1.1578562866343332
1.1548582380019177
1.1495163278322797
1.1333075417113274
1.1147653987486992
1.0762678839547635
1.0367878777265398
0.9571185697251011
0.9200477461321551
0.8664414608965245
1.190359403165717
1.2072218164206354
1.2137949275596545
1.2139392649434984
1.2116189556454044
1.2060095328086924
1.2001968457899954
1.1801647729662124
1.1585214936092212
1.1208088473454125
1.0698979427550368
1.0341909258685322
0.9815177715998417
0.9390364263614072
0.8811570212619366
1.2223771309700557
1.237381338146114
1.2425012089178429
1.238422632962569
1.232665660420441
1.2242552840714587
1.2019152575731895
1.1780618190137004
1.1309365540323113
1.0827624808257126
1.044210779976121
0.98785943952902
0.9441904935292477
0.8817407448061467
1.2541934162298174
1.266302541967877
1.268929623348919
1.261948951311352
1.2445334716540881
1.1928177240313556
1.0895954471474731
0.9873522318919749
0.8742975838360162
1.2773918728732216
1.281661784509912
1.2776871945996278
1.2641989462386647
1.2518154134527808
1.2243590301661353
1.1948082335255654
1.140987432393366
1.0857994667670416
1.0497714191539924
0.9783299940091927
0.9324810411596378
0.8611020666297026
1.2828064042924443
1.2886803683695371
1.2853755773663191
1.272166103169877
1.2595904958983017
1.2490061123053764
1.217947946717956
1.1855137887326457
1.123267658166763
1.0673149604577827
1.0170064250330904
0.9543146568429152
0.8994628484337541
0.8302849094471416
1.2805368589365118
1.283430737264772
1.2776842601649199
1.2619014252513843
1.249341007011699
1.234231272141805
1.200362012742737
1.1676904244170725
1.1049073997785568
1.0438722433764989
1.0052156321177952
0.926034868368751
0.8711830602933689
0.7988627420554101
0.7523231403549118
0.7708588587674617
0.8099939431656898
0.829587485990555
0.8412990170934556
0.8946462765268892
0.9150356509894206
0.9265071932549769
0.9233657338572857
0.9786451131443036
0.9996058728467582
1.0068411896788714
1.0097664165847926
1.0025336739260637
1.0352284206364109
1.0549049561515604
1.0609262678298925
1.064218606296027
1.0624364801657982
1.0531814998942954
1.0273199631076915
0.9951964357258546
1.0862345178991255
1.1054269628487148
1.1107637780640724
1.1129299711044198
1.1085392201067978
1.0974692376477106
1.06703660332127
1.031628331147443
0.9554132405118226
0.8659518942570598
1.1413767936251702
1.1582436640337495
1.1626368525308561
1.1630428635671788
1.155269564843415
1.1411086247488924
1.1107275258246856
1.0647560760388026
0.9798242475894583
0.8806770113152773
1.1702216979558409
1.1847121295856367
1.1875580841541253
1.187202428505995
1.1771677170931072
1.1607859329432042
1.1217411946739733
1.0776926094166406
0.986216618744144
1.1974864357170254
1.2091308903733216
1.2081390929993792
1.175899324068451
1.0846524153615835
0.9857725227937796
0.8738609711038298
1.2168422773111736
1.220266894074211
1.2201586809496574
1.2162691696980636
1.2005711079575965
1.1785185351828906
1.1322881566698044
1.0810527402648862
0.9768319953385395
0.8606896759292192
1.218202834400066
1.222844927715126
1.219832639986825
1.2149970565362536
1.1953264833286954
1.170036545511846
1.115395873688961
1.062923771699307
0.9794937853612478
0.9529363910299716
0.8299154765264567
1.212895803175528
1.2144640785897938
1.2102296747741683
1.2023673009246703
1.1792599759812976
1.1530140631783494
1.0973012804539775
1.0397506244011092
0.9247707042923583
0.798530134811361
