0.45764409617168633
0.46821026127494875
0.46307499337554153
0.4400434764855041
0.4127091440502845
0.3886484917245294
0.36354043486804194
0.3411375104400709
0.30915706084923683
0.2631158552424409
0.49356957357218684
0.5088569094003905
0.5136777130072152
0.5146384366128315
0.49561954860809976
0.46518690110765776
0.43684188744338015
0.406800331083307
0.3798470709380843
0.35324984970772805
0.3277020891463425
0.3066423537175452
0.26681138402124444
0.531300518744483
0.5379753359432808
0.5431864978114018
0.5487887744185175
0.5498610998700729
0.5422860778980879
0.511649619151537
0.47985218396669904
0.4452765635914044
0.4140233857026867
0.38309591104629687
0.35333336123842024
0.3287653236752003
0.260975407312527
0.564105789610451
0.5759806364776779
0.5785745088979168
0.5821255343243057
0.5828344018053421
0.5813900357504794
0.5563340767659701
0.5222095081263908
0.4832779690885067
0.4475943082294228
0.4121449930709169
0.3779784334685979
0.34975326809531243
0.3212141955655338
0.6069435649810916
0.6134030635948837
0.6180794883089403
0.6224683824637052
0.6230491031875736
0.6161221667177618
0.5837508048026256
0.5395389300167001
0.49723130733148535
0.4547183507671442
0.4136043653097011
0.37962182933479816
0.3452675014710186
0.31507798658066105
0.6332566440371804
0.6393710913758442
0.6437315401939092
0.6470771055900608
0.6474111819532525
0.6466434125975353
0.6257201937523607
0.5802951590982814
0.5335303780796975
0.48568972435781727
0.4392066222272745
0.40074773140503095
0.36193320341429064
0.32783480373728247
0.6043531719055681
0.5553853874646005
0.5043564061080834
0.4545380800855352
0.4133106027451896
0.33516341612796613
0.6600913596218401
0.6695981850068147
0.6706860366395425
0.6681686863844185
0.6301332511558233
0.579590854009835
0.5251521722790322
0.47156800955991
0.4271480310720332
0.3823316652514529
0.34304920716593484
0.672889091968785
0.6807265686266952
0.6807217331529476
0.6584977489904569
0.6083464399346205
0.5502758138786946
0.4921106803871148
0.4437418098992608
0.3949547374630015
0.3522453392575166
0.31083116029564734
0.6805005525414806
0.6867451497070668
0.6862453077828895
0.6751598380957899
0.6305573536574477
0.570375347394563
0.5086214626565426
0.457006450988042
0.4049350255222385
0.35940034412662547
0.3153319575286275
0.6902215177423731
0.6892319768571786
0.6863070016868861
0.6784298253003895
0.6526054298996524
0.6317114672304366
0.5917517276082195
0.5264024817478219
0.4712480930597278
0.4155400046427891
0.366885150242093
0.31988558213092216
0.6873819320089539
0.6905926658107658
0.6863308608885463
0.6708113746578424
0.6123514337179281
0.5440653116523845
0.48542136358331905
0.42602131176904556
0.37416135455431865
0.32411643628202425
0.6856574475506583
0.6827922342392434
0.6793776362678824
0.6667385964908465
0.6600322446430152
0.6353897237154209
0.6039803753329979
0.5653950269625391
0.5027433184706249
0.4387353013511003
0.3828394526666935
0.3291235815998819
0.6754399598427668
0.6723065587547008
0.6651390812591751
0.6516241688573499
0.6342165055190383
0.6091507079106261
0.5842533378931599
0.5185806357151338
0.450399786161815
0.3906263901180727
0.3333449031654744
0.46034943261529576
0.45955039114612334
0.49974945884835636
0.5062184832322383
0.4931516611952517
0.5386619117028464
0.5371347883540349
0.5715641493615663
0.5534381716232916
0.6068111139493352
0.6081594832197964
0.5812189362951224
0.6329745797052958
0.6205151435391514
0.6324115222166141
0.6400525142107724
0.6475298316161928
0.6551798797073352
0.6264653961352413
0.6585741731580049
0.6647207271865655
0.6519000362627501
0.6694556361732438
0.6652441865902744
0.6274297535027884
0.6473583716197931
0.6657518736064182
0.6712899603998733
0.6619402543963886
0.6099454401689539
0.6617924833494385
0.6307591021427157
0.6429191732221697
0.5820548661831573
0.42233972762246386
0.4316323252599351
0.4515413624713789
0.461217807857717
0.4671359005811576
0.493162531121193
0.5031218508736827
0.5087997491568069
0.5110033135225567
0.5094765158007533
0.5327971718895625
0.5424399647681276
0.5474643870531122
0.5487507214270083
0.5457112501739289
0.531432953319685
0.5579064574837088
0.5669608105446964
0.5713496172564446
0.5721691223445315
0.5717379338054817
0.570228634429277
0.5676406456208807
0.5599596006486792
0.5505530193100092
0.5793070523815963
0.5877614984275925
0.5911239225902597
0.590288177258828
0.5882059707291952
0.5849088686684307
0.575551996151294
0.5652071640796144
0.5441670444709203
0.522885646369025
0.48026672237523194
0.46053972136860016
0.4321160508427087
0.6000807531698764
0.6070030744703442
0.6088456347512466
0.6082075692722615
0.6062605187824381
0.6025818411788927
0.5990814607077566
0.5876077370976003
0.5756334274429838
0.5551822174315781
0.527946432551877
0.5089811390989005
0.4811647404541067
0.4587843029939652
0.42841533508450197
0.6090319825490481
0.614631859442988
0.6155458962185111
0.6118317876043607
0.6081097272028486
0.6030651985269205
0.5904000310211914
0.5772540085024122
0.551889671413513
0.5262955287413834
0.5059853476230989
0.4764128805277674
0.45359163971092115
0.4211075948237839
0.6150950602941145
0.6188152542749895
0.6181036084241124
0.6127104308527467
0.6021501515531985
0.5735140159128953
0.5188423192867563
0.46562643889050487
0.40732896895282406
0.6170375458731294
0.6160882677674554
0.6127338923867424
0.6040134814740556
0.5967888696189653
0.5814670394004547
0.5654976165209651
0.5370337258938978
0.5082269675605893
0.4895740726086035
0.4528293723936757
0.4293307336012145
0.39293999023699594
0.6083083971056992
0.6081678001582133
0.604006320448898
0.5950783391695916
0.5875800083483456
0.5815376564255403
0.5644720922922315
0.5471320544710846
0.5146422409663843
0.48585890607262083
0.4602318278534902
0.4284599705663475
0.40078721893926855
0.36609316735721803
0.5972656790402093
0.5953923268053534
0.5899143192408245
0.5796513291969831
0.5722394675851706
0.5636976332935084
0.5452989662210873
0.528042215244071
0.4956165859353574
0.46460292212218907
0.44509229265147743
0.4054157873051153
0.3781239401428018
0.34234034981749123
0.40972624482417586
0.4196567254555192
0.4374216426834988
0.44771984868035464
0.4537416534276144
0.4766571841917051
0.48702371119933424
0.49262502576031353
0.4900290117330794
0.513488098055376
0.52366421383737
0.5269861074316784
0.5281786136082571
0.5230488300605131
0.5366795633505334
0.5458520110114318
0.5484307490845926
0.5496180924437466
0.5477138615057449
0.542109915887435
0.5275307587784787
0.5099149762106528
0.5559673590146395
0.5643828103450906
0.5664477721979332
0.5668822077230589
0.5633865163969284
0.5567363151001947
0.5396702887118985
0.5203857298077141
0.47945009073982947
0.4318853423911254
0.5740112015188011
0.5806610699498385
0.5818307369210632
0.5813332196329718
0.5757655617355307
0.5673820246609681
0.5504343685797868
0.525544952698489
0.480386320869108
0.4281996460942687
0.5814887458824611
0.5866190182121311
0.5869811183116963
0.5857504563513581
0.5788919552048103
0.5692577755198632
0.547669790064737
0.5239895659905325
0.47568031591929316
0.5853861878910255
0.5886426974715234
0.5856591620166873
0.5659385505316429
0.5166773373039384
0.46495212180582307
0.4071494170168657
0.5856194626375936
0.5858087183914367
0.5844991991206705
0.5810996022530485
0.5710512178554993
0.558409795374406
0.5332962252231369
0.5062156490243351
0.45221449077257797
0.3927783701178687
0.575204014194585
0.5740731505657101
0.5707269479243973
0.567171196098323
0.5550056903112105
0.54071425833309
0.5114357316234917
0.4841015798833371
0.44139359364265074
0.4279313704902074
0.36596058486486127
0.5630251975775156
0.5601466826143471
0.5562356320501567
0.5507326830294561
0.5368150957451894
0.5222015984541648
0.4926531603755293
0.4630332694364248
0.40496010795600823
0.3422305203438558
