1.6191425915210436
1.6582440847584186
1.6487380437278838
1.5744537972051256
1.4832093838955651
1.401113229547376
1.3138781376390303
1.2345543410253317
1.1186630382582383
0.9453437481399387
1.8120472209988496
1.8714051408961607
1.8915853266818388
1.89987182551525
1.8406946595014648
1.737629683874427
1.63904779472481
1.5326836751246453
1.4355935793097898
1.3381599763582124
1.2431042916814783
1.1635732746920515
1.009476315948389
2.0169995537840175
2.044328375329305
2.0661874843493653
2.0910422631129353
2.0963710461979215
2.0807443709824915
1.977073698184514
1.864846661697278
1.740342413846625
1.6258346059058113
1.5107665869043578
1.3985374614692498
1.3047392120621037
1.0392556550717535
2.2139384389483894
2.2667038186618287
2.278979982196971
2.297695914417581
2.3035078837543295
2.302907971742877
2.2219465902201545
2.1003669539850867
1.9578600640110795
1.8248294291457337
1.6907003329873949
1.5598460194727048
1.450570654140463
1.3387399326618723
2.5048319993873127
2.5367622760870367
2.561116994229476
2.5871746653777827
2.5921593108978365
2.581104125136385
2.4688708765504246
2.304150292473858
2.1422980328209666
1.9769916298009138
1.8152803903709764
1.6803244382988085
1.542462207850167
1.4201874599959807
2.714965357329795
2.7479584818392615
2.773378544911694
2.797994621511852
2.8029817909584023
2.8062953748033412
2.743708786240541
2.574977606693844
2.393094433944875
2.2031943487024566
2.0163724683309168
1.8603786137962826
1.7011982400337935
1.560202279759586
2.7440654705385117
2.5523086917821254
2.3472738787033465
2.144299863690073
1.9746325167157392
1.648414734031832
2.9764776680598275
3.0413210452661086
3.062529425121186
3.062251488834926
2.934762520146026
2.736530173207811
2.515041974846548
2.293298083969028
2.107497391444759
1.9180308339630092
1.7504664210161687
3.1390777455214613
3.2007397432459657
3.221206888724786
3.160937052318227
2.967699743602573
2.728639293266305
2.48347450067932
2.2768997428082485
2.066142342813222
1.8798883879860526
1.6980161781096506
3.2662565531039696
3.322436124644286
3.3430615421237575
3.321882942014713
3.1576831380386334
2.9090316090751975
2.645072419648854
2.4208582884654897
2.191772714674203
1.9893848029404413
1.7919797909138135
3.4522687886945977
3.468745199483684
3.468833764734594
3.4507327595115225
3.361066578024705
3.2787215138137906
3.1118964918610135
2.8289601818802357
2.584948933132498
2.3348320669302534
2.113816879546475
1.8984807819451819
3.5248793738039534
3.575211953071214
3.588980298090499
3.549865324587255
3.3204155987607478
3.0224785318335847
2.7584607343800336
2.4861270721769104
2.2452117013316713
2.010708357778187
3.716166425005698
3.72569538731835
3.723969547592641
3.692712035190219
3.6702777212667606
3.57661730600442
3.4447948394959873
3.2737295660849703
2.986474793219917
2.685445983893111
2.4181632438375202
2.1581156474367895
3.8338108487538745
3.8408093157753993
3.8323750736675852
3.793756472568398
3.73054182477558
3.62744121919662
3.517958492668869
3.214419431462338
2.886298953766569
2.592573803349919
2.3065448079261817
1.632783398636334
1.6364354567117767
1.840796274621204
1.8690299157148016
1.8315610548652277
2.0559423259998812
2.0608249230648497
2.263221586281041
2.2100937464023174
2.521853204861237
2.5462962622814724
2.4576292653251874
2.74343967398497
2.719409168005158
2.7825924311862433
2.8642617852908883
2.932621277902993
2.9975930325126736
2.9160469298077456
3.085829039638621
3.149733581708889
3.1257721904016784
3.2514059197401286
3.26704363956893
3.139873154662847
3.329940500845161
3.4117682336110087
3.4974832815382872
3.495003301044042
3.304881180249638
3.6350310844096403
3.5449975881855176
3.7310536233660474
3.5011008834185975
1.5028992227209375
1.5365762624050052
1.6522474907689497
1.6892029057112392
1.7126998776086544
1.8850475783389777
1.926430607126498
1.9517360350836173
1.9640830288747648
1.9623252356539174
2.1373956303542316
2.182218254690324
2.2081339809851848
2.21972383583271
2.214038352305843
2.1675121366037833
2.3222943007365697
2.368521819549864
2.395175869931563
2.4032267113362638
2.4047763921551057
2.4029627055768175
2.39632934994688
2.372221893807743
2.339609994888947
2.5071481797343775
2.5558767851194504
2.580831759723929
2.5885346034015217
2.584858566644888
2.576026868028932
2.5458306032961886
2.509134944009465
2.4306615205804003
2.3485906977033024
2.1806152357298094
2.1019415604473317
1.987559353712511
2.736154949141272
2.7839654012021464
2.8076624978693974
2.812110258271124
2.8112936241561006
2.803132538520221
2.792918157127959
2.7547430115587153
2.710851800633513
2.6320995991969096
2.5235349395248123
2.4465852856577808
2.3320703134022893
2.2394319198467447
2.1124709351750477
2.876480909023455
2.9232125904369233
2.9450417300931506
2.945477545481521
2.937024911930037
2.9222566361023636
2.878604350275861
2.8295752639252267
2.7293145446814737
2.6246861134950645
2.54004271700527
2.4155048648608797
2.318300668929744
2.1789166765028507
3.0446116850901137
3.0883518839366473
3.1073890289458674
3.102945603228201
3.0730908582271357
2.9670434357587885
2.740137393617082
2.50958214929891
2.2513283349795667
3.188970683081904
3.219693668591209
3.2194196163557587
3.1996434619010365
3.1767423792273877
3.121114126802571
3.0579407197302158
2.9387283033171334
2.8140518351011097
2.7317027647912844
2.566974924427472
2.4605990208503394
2.293950398697413
3.3213398078612943
3.3579556243351947
3.3677042274316666
3.3521112942131364
3.3299455928239965
3.30956674398399
3.244829053851876
3.1739473077893092
3.0322678285989477
2.901725612866515
2.783337564581451
2.6344626330421206
2.5031872921583194
2.336942358355726
3.4207230467921317
3.4524768780335044
3.458004655875963
3.4371541662787783
3.4146923704436043
3.3850430748827125
3.3131390582342375
3.2398389861112893
3.0942552903507647
2.949090145544938
2.855975600137038
2.6636914486332497
2.5296118750014007
2.3512148441570786
1.4616854743922374
1.4978171298096736
1.604862189197019
1.644431221537216
1.6687249669856583
1.8273950273855093
1.871038071334537
1.8967049672998775
1.8948606731859845
2.0669257503638785
2.115045616648001
2.1326248760520032
2.1405049129102545
2.1320642191820367
2.242798080019321
2.290682443736663
2.306489774801893
2.316353965902315
2.3175808048152966
2.3017378675555937
2.251943780471204
2.187394858045295
2.416770136342298
2.466996880538903
2.4824811977471977
2.490934019030135
2.488012335216536
2.468626965865205
2.408911036129212
2.3363629187080988
2.176523992130069
1.986365916699495
2.6312688618868347
2.680758677120122
2.6968527685915795
2.701723935893545
2.6933538507190296
2.667738008892833
2.606974374656474
2.510610936347648
2.3277461369112102
2.1112190180746766
2.7626144298879542
2.8093616867925695
2.822444394346362
2.827898473760126
2.815256195605892
2.7851405838555148
2.7054567648977623
2.611415093430408
2.4111226916266717
2.918102722503743
2.9623771300462245
2.9756673652177974
2.9212132115943557
2.7264584007853343
2.505106291577373
2.250051137204577
3.0513589339577236
3.06864496599008
3.077282997094161
3.077614347983504
3.0543032606624974
3.011872074063595
2.913827248859865
2.8002890920336436
2.5625107094194743
2.29267340297851
3.1706125016689706
3.2063126640891433
3.2118770565906276
3.2082452240396275
3.1768436546473593
3.1270225995687793
3.0080092664115488
2.8879845779536777
2.6930293372425216
2.6299934189333514
2.3356824343593043
3.2580332061462483
3.2895375020223927
3.292387021572887
3.2848721297787495
3.246095195817822
3.192759360663241
3.0693943444553864
2.9353576619400625
2.659292060676068
2.3499836954821554
