1.0318562280208659
1.0598884048721564
1.0637445190722767
1.0247115272481209
0.9746154926111422
0.9290124887048502
0.880294841103284
0.8358467012254674
0.7706125424350382
0.6722451496863012
1.1584664450933
1.200135344894021
1.2155476145338737
1.2253991716379762
1.1978630815466609
1.1418441807817097
1.0869507402978364
1.0271842292128663
0.972344569092117
0.9170301590085183
0.8628151568484844
0.8172404364761144
0.7281596130446747
1.2950756668968297
1.3141887114683748
1.329843717352344
1.3486104924804818
1.3529967552612252
1.3536640735111738
1.298950950833794
1.2365673207435322
1.1663317680878065
1.1012457594325407
1.0354389362441871
0.9709027737675033
0.9166604051310255
0.7611070245611312
1.4272908974286789
1.4650102966568808
1.4742139526877072
1.4892924900644953
1.4951300932953455
1.4980949077426262
1.4592762859150195
1.392300818789303
1.3117557898041685
1.235756748680524
1.1585475074076976
1.082736480076679
1.0190242408969035
0.9533853692310423
1.6246652493672973
1.6475754170271033
1.665608869758228
1.6863367700541634
1.6908697041147833
1.6935394181968573
1.6351884708845692
1.5425263588697438
1.449594962796226
1.3536609993798765
1.2590491481030512
1.1795033224785083
1.0976330862305697
1.0243972510019885
1.768914564130306
1.7928589156731054
1.8119920933259175
1.832124333036827
1.8369843044718643
1.842134706772118
1.8155461934911463
1.7222893644020207
1.6178228488873898
1.5071165479905557
1.3971374804358068
1.3045433370311563
1.2092964477447148
1.1241567459953097
1.8341653497530945
1.7242743504923768
1.6045232670253782
1.4846464292456718
1.3835469628393877
1.1866572644333482
1.9505047961054471
1.9996078927487615
2.0190987040504575
2.023214752772495
1.9599567482032507
1.8471028927099507
1.7176078982506084
1.5862337455049427
1.4750824427028675
1.3607386125182959
1.2586214184843956
2.0648355624655554
2.112101471383547
2.131955517775466
2.1084880882999175
2.0006701903803727
1.8610499471524256
1.7153695386486802
1.5912661357891469
1.463458896553225
1.349358592462912
1.236821823047729
2.155049248772727
2.198456717057564
2.218378555769591
2.214687215350655
2.1263498357206947
1.9817124915066395
1.8246358596252932
1.6895374033726507
1.550129759750156
1.4256692070529593
1.3030219059358281
2.2920229663561824
2.308230211640926
2.3123278044925364
2.3066065958608917
2.260237447124588
2.213854506118053
2.116856326645804
1.9484523248238095
1.801047409642126
1.6483199662573687
1.511889375693884
1.3775601871689847
2.34113502634635
2.381388372031812
2.3986285365694147
2.383621358144258
2.2550907267033096
2.07813592081271
1.9183618947413683
1.7515825346586815
1.6023610378464728
1.455523445838149
2.4853246527772535
2.4966247431417496
2.4989730903250615
2.4867474273387784
2.475468266518743
2.423770679871823
2.3473279161751064
2.245530842966237
2.0715934259787847
1.8867314123187078
1.7205726068517873
1.5570717657802318
2.573636210565838
2.5827007500802925
2.5830414935445978
2.565117209281689
2.5309094637014433
2.4717114605793054
2.4070676717588806
2.223718730880558
2.021903946049703
1.8387969984008954
1.6583963766249534
1.0455119287902117
1.0557785125728674
1.18278381255258
1.2054295397911186
1.1918951077140183
1.328728555632065
1.3406507579230404
1.4721668857259458
1.451456167627067
1.644807204184753
1.6705984936886777
1.6277071629503457
1.8006944124767859
1.7993933205756587
1.8222147383491523
1.8939252905134398
1.9278475795136012
1.9803205075964931
1.947403486533822
2.0359891485783526
2.088089795338677
2.0849415410633485
2.1573524993690536
2.178001818029807
2.114314231141072
2.239245310332338
2.2692048382425076
2.337344041162169
2.346703383235612
2.244517148177242
2.443710392641889
2.402320791465659
2.5227306336137323
2.395539055805955
0.9641973680668205
0.9877994950433625
1.0639203390095051
1.0900274953698523
1.107562398807416
1.220828679623702
1.250454667795386
1.2697596003569078
1.2811075898479354
1.2836615985015112
1.3930298324506902
1.425644302776346
1.445981077753053
1.45765213400777
1.4583908911111434
1.4365750668935082
1.5206297144952219
1.5547160457922053
1.5761645764942624
1.5841612009150667
1.5868813248336722
1.5881131262903876
1.5863641681930893
1.5756052124064082
1.558899193683166
1.6495550219899309
1.686032696193114
1.7067085679186336
1.716868594686375
1.7171477875552863
1.7141511061906318
1.6999315361219196
1.6807228151121445
1.6374369693390645
1.5907474188917483
1.4934405433617475
1.4473845136854058
1.3799564751017521
1.811359605822658
1.8478290126015016
1.8684725080312186
1.8740685866738371
1.8765825649763288
1.874776764563223
1.8706125371545406
1.8517195289767239
1.8281029544049585
1.7839101915718676
1.7213470087028273
1.676391196730816
1.6088635890201366
1.5538529698680956
1.4779336134552508
1.911855461464338
1.948145369613863
1.967848054460056
1.9740233790974338
1.971633376248132
1.965269664756103
1.9430919299696705
1.916260820639872
1.8592158883787062
1.798268985709044
1.7483275907160896
1.6742417051570948
1.6159644649812774
1.5318571148494158
2.0337262365755553
2.068470719550176
2.086918883734609
2.0902807936547574
2.07747429904205
2.0199468990096614
1.8875091377894455
1.7492255160684462
1.5920388818590923
2.141315966684211
2.1696216661370205
2.173589545238097
2.167041961049443
2.155870035378851
2.125979204796063
2.090251635185589
2.0206289148428658
1.9463771684236322
1.896834510087483
1.796844974228316
1.7317704244319312
1.6291592766288663
2.2393721738791474
2.270137770904554
2.282888331099665
2.279380348567447
2.2689872673189346
2.2583936204937523
2.222538700860932
2.181607897082405
2.0976400426294393
2.0186604941674915
1.9463308534586607
1.8547857079272387
1.7734002899500094
1.6696282746707312
2.315531614039571
2.343160759909049
2.3530695229341525
2.3461626281626216
2.3350802597556752
2.3192225147324286
2.2785259373155164
2.235555751466855
2.148219851546072
2.059576354648258
2.002331137131635
1.882958874477212
1.7990530915414205
1.6866270393851126
0.9413470121339523
0.9669206307622736
1.0375406846690285
1.0657973546435446
1.0846094501619332
1.188502647053758
1.2201375252545927
1.2405413068548061
1.246866602289276
1.353070169046569
1.3885821596164336
1.4026172335468845
1.409719425059212
1.4129626329439005
1.475402622896926
1.5112242779599183
1.5240414622102894
1.533159081992347
1.5391305519679568
1.5335351057355642
1.50850121143299
1.473254726197573
1.5976873193015417
1.6358678988263604
1.64880713274087
1.657251566777724
1.6611320503398228
1.6534510561053215
1.6227070003816322
1.5824194262241071
1.4908658573575706
1.3791221759281354
1.75055761732383
1.7890550831061143
1.8033732814749046
1.8092552074141615
1.8102627472705315
1.7988913203454535
1.766799566153716
1.7124861659467874
1.6058636372024002
1.4770521876281288
1.8454524303209772
1.882425080124896
1.894404518123199
1.9015479479540658
1.9001508901171256
1.8860393579626844
1.8428915301665914
1.7891343089359737
1.6711888974110884
1.9593650998685461
1.9952681660011153
2.0113905354287547
1.9886373412080118
1.8780514721273815
1.746093157871344
1.5911316039982657
2.0598277429669003
2.074848155671511
2.083954568214052
2.088423130314915
2.0803516477793873
2.0586785999055004
2.003461286395581
1.9368317192906954
1.7937106045647024
1.628249369315092
2.1491386905864345
2.180187187275312
2.188450560811766
2.189185670861901
2.1759273972410997
2.1493243239300046
2.0807240637178106
2.009091730553544
1.8903890251747513
1.8516367893039467
1.6687274389057971
2.2170471480115297
2.2454466136994924
2.2514845479035834
2.2506289304629004
2.2324483410783933
2.2030932546101734
2.1309752271276317
2.049994902135643
1.8798533010184084
1.6857454339581806
