0.5416397701682054
0.5542804419480707
0.5486053286274188
0.5216466059710723
0.4895560452063124
0.4612659827793992
0.4317109025169507
0.4053436671425914
0.36765672356945306
0.313317969121205
0.5852435243430555
0.6035587887058325
0.6093937850247714
0.6107371823533925
0.5885999715715883
0.5528614794547322
0.5195119666527218
0.4841305429561457
0.4523624214905487
0.4209925562252127
0.39084360245434
0.36597986923787834
0.3189148984908886
0.6310968144543408
0.6391160001218297
0.6453958121852965
0.6521961615288536
0.6535196896328576
0.6450068693579021
0.6090584517254346
0.5716429746290371
0.5309000237273968
0.49401534343499864
0.4575037285020693
0.42235084484281626
0.39332118346363115
0.3131525265787002
0.671216058824987
0.6855716845464866
0.6887301582193773
0.6931219989695312
0.6940713269799839
0.692518989914256
0.6632844251062938
0.6231122763302165
0.5771935144091247
0.5350474803123139
0.49315516034685747
0.4527594420115097
0.4193748609605065
0.3856032686063901
0.7240353007748108
0.731895120134553
0.7376208140211965
0.7430889030630694
0.7438567968878882
0.7360996258408558
0.6981220878435395
0.6459389376283889
0.5959084075841803
0.5455865036258961
0.49689383007648263
0.45662881924560894
0.41590434031505
0.3800982684783945
0.7568620628467913
0.7643480938264634
0.7697342754378815
0.7739996277390345
0.774495025032937
0.773749022373349
0.7494591709869279
0.6958807476165225
0.6405430632714351
0.5838487757241176
0.528723818665246
0.4830912374404325
0.4370096078412139
0.3965051590895234
0.7254279428026981
0.6674656071040139
0.6069528372843442
0.5478220890226847
0.4988397355405457
0.4059711411004058
0.7908772671636781
0.8027634875440492
0.8044383670285754
0.8016787572353931
0.7571435078359973
0.6973259723197369
0.6327275444925132
0.5690715307262822
0.5162367384157523
0.46295092146857214
0.4161878281451297
0.8075204240594624
0.8174499047291426
0.8178787431577197
0.7921349267095579
0.7328598898961979
0.6639135483643309
0.594743644680628
0.5371705444889437
0.4790527633138574
0.4281398114098208
0.3787313913831197
0.8177500384081804
0.82576372201323
0.8256281812511477
0.8129224374224304
0.7603587662462016
0.6889996214712121
0.6154071770003781
0.5538962776537828
0.49181449176313446
0.4374626634516466
0.3848238974149208
0.8312248266874839
0.830423053578424
0.8271745273146925
0.8180728535382827
0.787742708270919
0.7630630294689659
0.7156383786218039
0.6376939518860615
0.5719098165881221
0.5054114446719365
0.44725368303984403
0.39103312740735297
0.828524882328429
0.8329658005351596
0.8284332846393911
0.8104327714759046
0.7412478845652294
0.6598622176242015
0.589838801633042
0.5188512375040205
0.4567963208391295
0.3969343061474767
0.8286985417178312
0.8256225343314605
0.8218155901175364
0.8071968353467929
0.7992011761791156
0.7700332214529244
0.7326973241929674
0.6866817815148033
0.6117926716971648
0.535228089540128
0.468211992530612
0.4037492942595018
0.8179807123230192
0.8145507691980318
0.8063154832380824
0.7904634665405662
0.7699522209564414
0.7401887846390373
0.7104597724276346
0.6319512860391345
0.5502451299267983
0.478573987442132
0.4096226613861986
0.5450504066579843
0.5444262299129062
0.5928455160652191
0.6007291904289463
0.5856636656158914
0.6402709437000147
0.6388643460025458
0.6807771854446799
0.6598193910261057
0.7243841637272098
0.7265423669533521
0.6950787183074787
0.7573034136671992
0.7431881234156565
0.7568953650028307
0.7672192614359764
0.7761260867941735
0.7859864423673112
0.7527025904864049
0.7906416478456357
0.7987553176411001
0.784132264706643
0.8052536854216915
0.8008766116229943
0.756550036953448
0.7813439404977075
0.8024501512596398
0.8100844758540805
0.799596502314175
0.7382985509271719
0.8006191962744137
0.7643463665850372
0.7797826286465137
0.7077425130183693
0.5001049774100603
0.5111926091500205
0.535484242843459
0.5470701335488859
0.5541983168014855
0.5862004000164578
0.5981940544978426
0.6050956984570228
0.6078753273618641
0.6062230538047448
0.634915307110339
0.6466207489142063
0.6528045961691911
0.6545549172504305
0.6511631582556302
0.6345037223696516
0.666099757728194
0.6771673245174618
0.6826689236146333
0.6836678030598343
0.6833138748530538
0.6816884347883616
0.6787254725557171
0.6697927039598617
0.658766176176459
0.6930109954684134
0.7034263155739722
0.7077419768702182
0.7070417418132128
0.7046967558215579
0.700900074107785
0.6899851020508422
0.6778368133913837
0.6530264889253683
0.6278675520124172
0.5773899147962388
0.5540160627689363
0.5203072620002377
0.7197240125567205
0.7283880733542533
0.7309454090996621
0.7303497803408402
0.7281996153073276
0.7239942807593408
0.7199341806231284
0.706508592609348
0.692409321324608
0.6682417140160932
0.6359759236542917
0.613479098936252
0.5804501042659403
0.5538645446057023
0.5177601801920032
0.7316954874675893
0.7388208172874365
0.740312476788322
0.7362322420918176
0.73195601839608
0.7260926762607152
0.7112359801531801
0.6957575788172892
0.6657042186302339
0.6353327601746106
0.6112048801637426
0.5760395262988274
0.5488895802201866
0.5101721709452394
0.7406174174124054
0.7455674560912766
0.7451367788397567
0.739041738249424
0.7267568565520892
0.6931105115854664
0.6280838456584575
0.564696893461992
0.49515197102265746
0.7445397282841796
0.7440114587908419
0.7402788001810517
0.7301886982473832
0.7217267100175044
0.703665437347477
0.6847523005937821
0.6509230853587097
0.61661672236024
0.5943639619311394
0.5505128316212985
0.5224392202538733
0.47893883703124723
0.7357226483317267
0.7361101279372451
0.7315971441171215
0.7212776611033321
0.7125165871027335
0.705405371544982
0.6852175442137747
0.6646263015744754
0.6259096764574847
0.5915394017216017
0.560887089551629
0.522848106082916
0.4897192102854073
0.44811379452174116
0.7238787670522436
0.7221989539431838
0.7160718288063169
0.7041821241036227
0.6954622814803575
0.6853555532537122
0.6635726732777996
0.6430247911893258
0.6043086341371804
0.5671839346564594
0.5438219866902777
0.4962336753415921
0.4635092736609292
0.420486452854846
0.48530128400829997
0.4971597913698915
0.5188911850884822
0.5312350219838062
0.5385136035191224
0.5667667269895562
0.5792714956568995
0.5861150018905987
0.583356656777865
0.6121279605140341
0.6245095420459271
0.6286153674346203
0.6301410906669735
0.6244491295204474
0.6410336038931768
0.6522637566829214
0.6554919173941811
0.6570627487069899
0.6550656655381217
0.6486069646206017
0.6315406941639291
0.6107965977037266
0.6653770449491605
0.6758167915130691
0.6784633532264078
0.6791591341356624
0.6753037119179404
0.6676079964032374
0.6475904955416215
0.6248421152046573
0.5763993314930893
0.5200264421114758
0.6887976021956245
0.6972066721732882
0.698861034653451
0.6984316207778786
0.6921499592280543
0.6823972571279917
0.6624740498500253
0.6330539901091797
0.579500091415529
0.517495801256172
0.6989852028221885
0.7056166391511756
0.706289742101968
0.7050503442554481
0.6972379658081485
0.6860225343892382
0.6605590530331373
0.632516507263232
0.5751416483763155
0.7052798655586391
0.7097002795987879
0.7066628069785803
0.6838455750259629
0.6254263769154141
0.5638654891258006
0.49492913755323753
0.7071154387113531
0.707625669081252
0.7063081635269123
0.7025150333620501
0.690885739065538
0.6760527586681443
0.6463260939906438
0.6141371848847047
0.5497508077146858
0.4787369535009144
0.6961979092604021
0.6954522106453906
0.6917786270537092
0.6877174248960158
0.673545667084688
0.6567018226939425
0.6219396122903451
0.5893573208005974
0.538312628180206
0.52218724563318
0.4479462133902503
0.6829133730593113
0.6800853782503781
0.6756869874365771
0.6693219632758171
0.6530568341242895
0.6357775885287805
0.6006195853036319
0.5652231236280316
0.49565950926536156
0.42034609132514617
