0.8980271300493294
0.914667023572829
0.8913734100436748
0.8351337338227509
0.7706205570462784
0.7142798815675115
0.6556088810331009
0.6032446231481826
0.5284065079818464
0.4205522024472456
0.9687451008054686
0.9942839165711062
1.0006842396451965
0.996935053744533
0.946820310734976
0.8746080778444482
0.8086717946537035
0.7392621428553526
0.6771769793480473
0.6160384686312902
0.5574434593998371
0.509274968061038
0.4187353434724861
1.0407502785806144
1.0520949269829676
1.0604919336779592
1.068291587540505
1.06928901328886
1.0420827871477247
0.9679559277869073
0.8941458250013483
0.814891243005546
0.7436485572894181
0.6734652955061583
0.6062528297353822
0.5510626441950063
0.40095721585615135
1.1031992679278242
1.1226373264562162
1.126364849373837
1.130149878567615
1.1293281591987283
1.122922375406834
1.0590401405807957
0.9794826224834043
0.890665723293982
0.810021811600341
0.7304338102590764
0.6542517814468813
0.59176755130115
0.5290540458412365
1.184122028836032
1.1947966984995082
1.201887078306811
1.2068635887717867
1.2067594412130347
1.1835303708710783
1.1056720937137685
1.0049035304735614
0.9101256098041346
0.8158321483038046
0.7255146368333127
0.6515515543668302
0.5775054065891088
0.5132144114702051
1.2332196837087572
1.2431450569388867
1.2494930349492375
1.2524996471691363
1.251729471957715
1.247517274859253
1.1936135548746176
1.0892352689032068
0.9847843783372485
0.8793566761361205
0.7780905117454708
0.6952213845706414
0.6124225020907625
0.5406584754695934
1.139659973757739
1.0303579050663527
0.9183137434929031
0.8101132849585089
0.7216597399594794
0.5569602792353388
1.282489757272145
1.2961831235755137
1.2939810350529861
1.2856089996062459
1.1944172990009139
1.0813633381594097
0.9619901045648269
0.8461337744109116
0.7512680381772282
0.6567016649645878
0.5749591208567979
1.30529083164765
1.3160952853836
1.311340060669564
1.2557825914635041
1.1427735218453121
1.0155796260227123
0.8902679164552687
0.7873999144205237
0.684957063329781
0.596567753072735
0.5123201091544705
1.3184562925371182
1.3266865495809517
1.321508354766766
1.2926590883567386
1.190929868931675
1.0590506224092804
0.9262437953916212
0.8167702624195802
0.7077702541277203
0.6138652125737238
0.5245475337279454
1.3317374190963902
1.3265564989736653
1.3182966342920857
1.2988028892801116
1.2396557565979955
1.1933039215147965
1.1058937762112475
0.9655236084966692
0.8487903473529008
0.7325227385243804
0.6325322499685214
0.5373875924725656
1.3282461798257728
1.3309775730148017
1.3180631052947844
1.281106582861278
1.1517330063758136
1.0050971427178337
0.8811835250963642
0.7574446504012542
0.6510240979298875
0.5502571702267183
1.3195734079624777
1.3115834133781563
1.30305448646904
1.2737115166239925
1.2583832745403514
1.2042565110395416
1.1362603409144765
1.0537505256206576
0.921511910408645
0.7883916008236952
0.6738847119303011
0.5657233558153325
1.2983076166911849
1.2900930970512177
1.2734968927179842
1.2431830832096402
1.2051006699506641
1.1510206559002025
1.097803557723795
0.9592473285515578
0.8175034326003671
0.6952177884883386
0.5798554147648024
0.8967386425544095
0.8846071455510257
0.9735601357753376
0.9806277261377113
0.9421052279625892
1.0451993053308477
1.0321577558433497
1.1038420408887473
1.0534988371389706
1.1749850087534661
1.16806974674886
1.1008184922005206
1.220756091999459
1.1835252238378307
1.225836415849301
1.2257657738547025
1.2525732738447848
1.2600753300306942
1.1872958930081075
1.272149369644496
1.2772351351299955
1.2428425854920426
1.2881766774573455
1.2730651829652189
1.1848092979847418
1.2292886828422616
1.2828052244817398
1.2878454653238915
1.2634134352093898
1.146972500614069
1.2655740386540884
1.1949687629181693
1.2254813892255032
1.0933553179600508
0.8200381887214983
0.8354739912483556
0.8751674480471772
0.8910930729824429
0.8995735766449698
0.9531843338494544
0.9693766325219226
0.9771245076258779
0.9775551781344695
0.9703097358218368
1.0267760013299045
1.0420238555240642
1.0482332392434182
1.0464688369393922
1.0359624994223224
0.9992638171393822
1.0728135164283
1.0868264183307208
1.0916203734158658
1.0903796255767033
1.0880228546523547
1.0828665140569789
1.0753708126892454
1.055562264251216
1.0327910921953947
1.1115385332715717
1.1242087321051109
1.127083595271156
1.1210261574853781
1.1145978937456125
1.1057161554989978
1.082529044950557
1.0580796137452788
1.0098294071866893
0.9620048709168493
0.8677716523794751
0.8245098451987181
0.7628386854570295
1.1481989159361046
1.1580728030583876
1.1579397087113183
1.1546438579449467
1.1485001782188973
1.1385857642666382
1.1297483424036543
1.1024448275097316
1.0749139698592571
1.0289310086827936
0.9687698191205836
0.9273286947936001
0.8670069940314902
0.818873144257687
0.7540521785193728
1.1632617309023905
1.1705633751006947
1.168820649348371
1.1574543388907164
1.147912062490942
1.1355918161393097
1.106022317210039
1.0763847424155537
1.0201569392509413
0.9642968306537122
0.920375743497979
0.856949234598272
0.8083875852006366
0.7397504080872405
1.1722928875964778
1.1763032524249788
1.171442977763679
1.15692448232386
1.1318761030878721
1.0676454711630703
0.949123469259804
0.8360244861382135
0.7141654169515966
1.1726001393168966
1.1665626467254269
1.157792264153171
1.1367651487576909
1.120461625921719
1.0863566981535016
1.0513554152422175
0.9899554986727792
0.9285781311111435
0.8891555906511264
0.8120135654493997
0.7631323557275612
0.6880207692566659
1.154738014988565
1.1518553607455977
1.1409673824094275
1.12022928092896
1.103464514785018
1.0901254928825672
1.0529848982730916
1.0158252743425182
0.946861871656023
0.8863571292017896
0.8329701103242896
0.7672083465695715
0.7104846273059089
0.6397209768010133
1.1318685542088969
1.1260589114659452
1.112984136150962
1.0900379984945434
1.073846857400397
1.0553625506114
1.0160596072128305
0.9795062797421692
0.911419473574556
0.8469207150533541
0.8066267262504399
0.725309445356776
0.6698826713029344
0.5979035682720057
0.7906738638322461
0.8068159668633235
0.8424007402644016
0.8589698499111765
0.8667735478359576
0.9152222684445313
0.9315535243975189
0.9381178968688962
0.9244224429808254
0.9826832153132585
0.9982580300616655
1.0020725647066417
1.002390583095431
0.9833634390933548
1.0245928208880462
1.038241444302492
1.0409667153305455
1.040755060407821
1.0321814579847313
1.0167389235265567
0.9811731074178603
0.9402479558021056
1.0588972271919308
1.0709790978183866
1.072647042957379
1.071033204166909
1.0592261893860326
1.0419188293901858
1.0013130320708883
0.957303696495778
0.8662579842916069
0.7624187380763158
1.0900480199345186
1.0987781790462188
1.0983692303813386
1.095407384912735
1.0796254416903972
1.059072009670915
1.0198675062749212
0.9642187517929285
0.8655505381561129
0.7536548310202469
1.1021661667389724
1.1082618368136998
1.10675933508766
1.1019318392828097
1.0837368821242748
1.0609507638815001
1.0120605794854705
0.9598982888751794
0.855567650105341
1.1069849563516012
1.1096411676966091
1.0995783163775994
1.052899059213602
0.9449497490541967
0.8347358495445082
0.7138254505522102
1.1039822522861416
1.1026655158382217
1.0982116636579735
1.0895161656295596
1.065845912998953
1.037447829406306
0.9826506613408204
0.9246611831336587
0.810823453594444
0.6877094374345176
1.0831814302970488
1.078218998917559
1.0697284359682828
1.0614184838203375
1.034096785565084
1.0030476917439153
0.9404881650256726
0.8828675968819829
0.7940099874086994
0.7661591938898215
0.6394565794503594
1.0585199536018688
1.0505341847497132
1.0414618785254033
1.029137493760277
0.9989011716805195
0.967783944686879
0.9054305154397957
0.8437450951722075
0.7243819962339115
0.5976760055669204
