0.7566654984090184
0.7716184325143083
0.7550875763052266
0.7100375281893231
0.6577759817805734
0.6118401114384842
0.5637614337524091
0.5206381406945716
0.4586184146884621
0.3682483450655745
0.8236577948695832
0.8465796434792209
0.8528351100485281
0.8511150061665722
0.811557218512021
0.7528769245241838
0.6988101703517479
0.6415769444848236
0.5901298708527869
0.5392209789659402
0.4901962399981744
0.44970651955438407
0.37290601815871777
0.8925715984714209
0.9028626198277043
0.9106370530366569
0.9182920331009932
0.9194809115464531
0.8995131048278234
0.8393858968989866
0.7786309158963005
0.7129367085135863
0.6535757611894519
0.5948179859290845
0.5382908548303087
0.4916653264362303
0.3634637903918879
0.9542312625022691
0.972449135169891
0.9761501183121222
0.9804877430965881
0.9804535478685863
0.9760233190052896
0.9249489276649491
0.8593335774718882
0.785372535545429
0.7178195570656686
0.650825482058934
0.5864117394002251
0.5333527522477192
0.47984243697697543
1.0374640253011007
1.0477540789864142
1.054887932176047
1.0607567198378771
1.061158781109493
1.0442931727862519
0.9806347249735022
0.8963408717886743
0.8163632993926477
0.73635631970663
0.6593516342520335
0.596037988600596
0.5323468039226761
0.4767683220415174
1.0911398858121213
1.1010378774962366
1.10777900701218
1.1121690767754975
1.1121180213011828
1.109585872501033
1.0668682062213841
0.9796424727678906
0.8911507925580483
0.8011832469187746
0.7143028427960357
0.6429105348330647
0.5712401614675338
0.5088106874421654
1.0301468094224535
0.9373334503090996
0.8413331525554987
0.748244983151247
0.6717471051441727
0.5282694017286945
1.1496867124943118
1.1651875440635053
1.1656874947772242
1.1599472224486636
1.085582946621237
0.9895567837078725
0.8870235569008553
0.7868561320177818
0.7044437525425847
0.6218702788544727
0.5501331665590078
1.1806145225569096
1.193808717907439
1.192491218240334
1.1487863176770625
1.0532315103594911
0.943657292610237
0.8347878630422859
0.7449347600308254
0.654961943660419
0.5769294388894411
0.5021152040918412
1.2014578426644544
1.212388868851374
1.2107892426235496
1.1890307802069915
1.103893676750228
0.9901639519526485
0.8743890246304907
0.7783457147939494
0.682162488885936
0.5988357353964963
0.5190857678985106
1.2278006236836287
1.225803329469835
1.2201408660731272
1.2050748500154773
1.1560871156923411
1.11658862029555
1.0409848883821469
0.9182187566066906
0.8153467697386737
0.7121885436021813
0.6228984907187834
0.5376115385880851
1.2318534688184568
1.2384270814270602
1.2308425573395043
1.2018101253869928
1.0915220959565644
0.963010144588226
0.8533248053748496
0.7429338402070164
0.6474515102269469
0.5563982005011714
1.2431050135018418
1.2384698288410438
1.2325006100382006
1.209351431018829
1.1967504384265268
1.1507232552103885
1.0917179677719078
1.019079768727904
0.901480033992672
0.7819816867940419
0.6784837685351001
0.5799819633563722
1.2385427089089875
1.2335202967529362
1.2212919194919247
1.1968106265545724
1.164709450230416
1.117912228963814
1.0710977581945587
0.9476467846140785
0.8196854841538961
0.7084288898136767
0.6025137459480746
0.7571495022372604
0.7493630381040369
0.8296944755347163
0.8371728890367712
0.8075059429476392
0.8993424067776447
0.8909037095782955
0.9593135549806641
0.9200623801169904
1.0328761910409638
1.030476303201264
0.9762682056611506
1.0853934520473447
1.057692791695263
1.0926396736736852
1.1003195943061237
1.1251178183182606
1.1363979223826373
1.0789520907305583
1.1529132063987624
1.1624222749981254
1.1366229246217578
1.1793427757740063
1.1704568982043349
1.098029293588061
1.146062819396327
1.190087749954126
1.2016179814462637
1.184534206694884
1.086804543292077
1.19839439231903
1.1414018928353966
1.178845761957461
1.0664805622947533
0.6931933214358361
0.7067911936927703
0.745167750876605
0.7594290213010317
0.7673859823808252
0.8208253147445842
0.8356739740978905
0.8432902734015838
0.8447286758965054
0.8396419741516918
0.8952681603626158
0.9098814530107677
0.916544194481219
0.9164281952799619
0.9087303484643067
0.8793250731863369
0.9444562593429625
0.9583653955507149
0.9641458493315528
0.9640454429647465
0.9625840725831503
0.9589096475532428
0.9531199317046152
0.9373601384087733
0.9187671825345749
0.9885533571389947
1.0018096854963932
1.0061154383733997
1.0027077544539125
0.997955824536053
0.9910546039245339
0.972359670703511
0.9521877031816358
0.911815922019654
0.8713833839816475
0.7911149017589804
0.7541828630280661
0.7011559244604549
1.0352679895982344
1.04653837781787
1.048679921343292
1.046841688779419
1.042553798937536
1.0349998431775391
1.0279972514932685
1.0057171265161147
0.9827488854798119
0.9438610097074779
0.8924692128194499
0.8568649503322621
0.8048054734693814
0.7631263847436047
0.7068136411422862
1.0587120897841527
1.0681386361610945
1.0689654905295036
1.061221028936215
1.0538960925757228
1.0440575963569017
1.0196822239829293
0.9947932610342235
0.9468624087520993
0.8987694496965041
0.8607312867231857
0.8055804387664143
0.7631924953070304
0.7030954515128743
1.0804396560772074
1.0872586924309342
1.085708053319111
1.0753399497662774
1.0553566968291055
1.001368833784946
0.8988276600194723
0.7997432651503131
0.6919567060680071
1.0937672536965464
1.0924880093823832
1.086361623421624
1.070262248287751
1.0568238156414727
1.0282024753415062
0.998094823827116
0.944981185928972
0.8912028488661978
0.8564942984282615
0.7881299254134522
0.7446665712479517
0.677573205826424
1.0930714129147139
1.0944596985982045
1.087848584019028
1.0721498401859666
1.0585127962965915
1.0474517864792234
1.015885888463235
0.983715729592202
0.9231504509862273
0.8694654026961892
0.8217176028931689
0.7627024146688673
0.7115265908970074
0.6475490225303443
1.0857102228348732
1.0846398162906516
1.0760998084532172
1.0583179576839472
1.0450937905373627
1.0296319260328184
0.9958737277734419
0.9639907222138607
0.9035711266599576
0.8457295638614319
0.8093521487112071
0.7356620337849218
0.6850971739293122
0.619067533143571
0.6695185319665014
0.6838177127623155
0.7185611950064652
0.7334879740920168
0.740990773458316
0.7895842123287257
0.8047542857029649
0.8116239581942731
0.8021064147673657
0.8586469607433536
0.8737694927790159
0.8780217016612496
0.8789658269041029
0.8651711707247848
0.9041080667043218
0.9179095962825595
0.9212663770514047
0.9220313127721235
0.9162808838025648
0.9042634641353079
0.8752482430148896
0.8412070679849314
0.9441155779575533
0.9570981179100526
0.959679121609965
0.9594195992147695
0.9510104390633959
0.9373440853859467
0.9039565551045196
0.8670245644348762
0.7896972545928534
0.7007571893514656
0.9856525551395244
0.9962702229951078
0.9975015739189937
0.9959353761931802
0.9843391726138555
0.9678618851850347
0.9353015794422587
0.8881426335023926
0.8034033004332637
0.7064243101937586
1.0061894988266982
1.0147545914205063
1.0149572694041769
1.0121504058214015
0.9984774885222846
0.9800549989048802
0.9390801080216065
0.8945126988852502
0.804223375185704
1.0237751492992198
1.0297525695402574
1.0240884609622785
0.9869676500254254
0.894685889981228
0.7984408265680111
0.6916039764182607
1.0338135512918776
1.034485968782196
1.0323835854804113
1.0263272773361216
1.0078909924384183
0.9844273949473487
0.9376436478353244
0.8872302363775946
0.7868964506580621
0.6772402191871559
1.0300029843503407
1.0297052350637934
1.024372458309748
1.0183082037156248
0.9965926304478776
0.970572238700571
0.916518737406662
0.8657921854539041
0.7865635181502968
0.7615667316396101
0.6472503273421683
1.0201485403942758
1.0175660156732114
1.011517066063156
1.0023394940868937
0.9778809673747478
0.9515284116308234
0.897157849734823
0.8422785557081532
0.7346184824320959
0.6187976317693508
