0.777660640444232
0.7920609548566961
0.7719888465711212
0.7233910238415662
0.6678192646248448
0.6193602545771617
0.5689520966864916
0.5240290424897891
0.4599224819332546
0.367740464508416
0.8376075070039637
0.8596641929098409
0.8652016967805436
0.8620046062055621
0.8188028799704072
0.7567095730133698
0.7000710902202719
0.6405151337725445
0.5873018717425612
0.5349580750486265
0.48483805323756374
0.44367472710633754
0.3663102142970518
0.8987502273040666
0.9085313511155869
0.9157764514114716
0.9225145658595433
0.923383130062106
0.8999778280674675
0.8363420447611679
0.7730259154251469
0.7050941364487708
0.644082725255914
0.5840323765180475
0.5265651930277343
0.47939217881687635
0.35111365246388637
0.9516373084421684
0.9683797567992196
0.9715980246750874
0.9748552984410601
0.9741327566041985
0.9686275207513236
0.9139047459233286
0.8457440642282921
0.7696949051418962
0.7006897593634566
0.6326360019162058
0.5675298768327173
0.5141509909581061
0.4605855856592642
1.0199264629748523
1.0290819788672163
1.0351752164022374
1.039481553143763
1.0394098574735984
1.0196106442248893
0.9530575966117846
0.8669128212878895
0.7859131164537757
0.705364478416275
0.6282361035034624
0.5650944904376108
0.5018668225061682
0.44695681935835885
1.0612447529010223
1.069775084522498
1.0752406646467259
1.0778618962321287
1.0772166381451942
1.0736748898065978
1.027668139329908
0.9385473560303195
0.8493712290949692
0.7593774558498527
0.6729459677605054
0.602227144235158
0.531557821605264
0.4702831014535684
0.9813597876835841
0.8880444589158322
0.7923736146634426
0.7001457630860445
0.6246852505056865
0.484118935937253
1.1025767148939056
1.1143536873071467
1.1125273378776537
1.105426052005173
1.027757406060136
0.9313060181156521
0.8296323178649562
0.7307214048794386
0.6498153493185588
0.5691435118069144
0.49937770341349197
1.1215881814258286
1.1308834893025084
1.1268909270030258
1.0796269899389823
0.9833469499256403
0.8749526051677904
0.7681478849332811
0.6804617300271318
0.5930891548393153
0.5176719816871752
0.44571654117772824
1.1324632083929167
1.1395596430967505
1.135204361682789
1.1106976563745545
1.024092815488985
0.9117485456530622
0.7986154192193494
0.7053374801818876
0.6124006803908768
0.5322951227031069
0.45602817490640246
1.1434950945272395
1.1391341110304465
1.1321268522297443
1.1155684555757688
1.0652483905606802
1.025805704956706
0.9513631939140799
0.8318507074271485
0.7324169684451602
0.6333229030967492
0.5480538823238991
0.4668215611117333
1.1401119446120638
1.142496118843224
1.1315639177693189
1.1001792303685463
0.990151536126386
0.8652990603742405
0.759783834609294
0.6543380613024907
0.5637124130339256
0.477624653763883
1.1323601620646284
1.125590992687166
1.1183753786371728
1.0934333511639724
1.0804066247869313
1.0343862835242996
0.9765656884649253
0.9063620383921392
0.7938236063653078
0.6804461181003324
0.5828910317612798
0.4904646460521651
1.113855785734192
1.1068925047204015
1.092813879797978
1.0670587494259018
1.034691975785279
0.9887957554406847
0.9434635727445816
0.8255895798592441
0.7049198384397204
0.600733479929694
0.5023260000319649
0.776558930795222
0.766135684616993
0.8417913712468785
0.8479298945031919
0.814733364668912
0.902649333457697
0.8914274220822156
0.9522179898552445
0.9091334473694725
1.0121449490882448
1.0063416403758672
0.9488904205615659
1.0507418896424976
1.0190204403247944
1.0545691994212096
1.0547293908832145
1.0770399177719052
1.083580894571542
1.021661231846325
1.0933300675512132
1.0977907431701246
1.0685642936766198
1.1067383895774239
1.093960095724167
1.0188616846544887
1.0563965170764602
1.101395984698778
1.1058736178917141
1.0850789455065417
0.9860878304136409
1.0864624306446775
1.026467624526977
1.0519996256008157
0.9396727423902522
0.7102240164520651
0.7235951565097491
0.7571486882736496
0.770926084528631
0.7782804592935073
0.8234045732800352
0.8373415570664149
0.8440152567590363
0.84442713509247
0.8382616162556373
0.8856524686974382
0.8988126431036422
0.9042002090442822
0.9027568427494269
0.8938003726961462
0.8624391746656338
0.9245564926035205
0.9366385161945477
0.9408082094886303
0.939791318467244
0.9377952325761031
0.9334223385118088
0.9269869813614537
0.9101302329928561
0.890689439425607
0.9571725957421048
0.968099473878309
0.9706289090449883
0.9655236080874403
0.9600626984419117
0.9525019767155857
0.9327382969897159
0.911883771057123
0.8707139039462877
0.8299011182271269
0.749480179457976
0.7126258000315694
0.6599263159927184
0.9879245868451111
0.9964388656387952
0.996393919032826
0.9936176389508296
0.988415246300839
0.9799776420852379
0.9724738833939972
0.9492196873245488
0.9257543026210715
0.8865706710426846
0.8353888901589168
0.7999467275906738
0.7485143102008057
0.7074701890983423
0.6521874703697986
1.0004380813899214
1.0067558139653325
1.0053366264203454
0.9957089272166362
0.9875996792301108
0.9771257032858841
0.9519593254816949
0.9267242122586278
0.8788251960752979
0.8312239444825852
0.7937964823325282
0.7397375158893396
0.6983425763822222
0.6398181762707104
1.0077304003317629
1.0112265250649062
1.0071529631961647
0.9948424879207545
0.9735571639006471
0.9189358211623143
0.8179767098864148
0.7216275138599746
0.6177571800464497
1.0077453178625178
1.0026804941323324
0.9952566193232838
0.977530143546724
0.9635316567638219
0.9345236780464257
0.9047443329495989
0.8524838960679341
0.8002303231099668
0.7666606569397476
0.7009465330509917
0.6592842772639672
0.5952561886723242
0.9920754409354762
0.9896645669896341
0.9804424518621387
0.9628518392322958
0.948596435273688
0.9372701404054936
0.9056727765521985
0.8740596199483345
0.8153821707521931
0.7638919485987606
0.7184177962262164
0.6624276581057568
0.6140197218900723
0.5537113525574704
0.9722772195320151
0.9673860591336667
0.9562790134082161
0.9367972386295432
0.9230366066196904
0.9073245792581971
0.873914820521157
0.8428885537374792
0.7848808215300854
0.729974644096459
0.6956057201172954
0.6263813263792057
0.5791283172072553
0.5177256179198849
0.684863106976942
0.6988561660498404
0.7289056339524986
0.7432416816758499
0.7499643067557744
0.7906868614109149
0.8047940097547468
0.8105247999798553
0.7988769988847138
0.8478572999440924
0.8613106894896975
0.8646282266778682
0.8649360810125938
0.848764875547725
0.8832751876249709
0.8950606044160463
0.8974508278210926
0.8973109465425715
0.8900532896061653
0.87680392614468
0.8465507984171169
0.8116068069187433
0.9121805463545443
0.9226183702919454
0.9240955727357401
0.9227637022161931
0.9127542369404654
0.8980223245960535
0.8634069298594331
0.8258662347849715
0.7481801065033457
0.6595652768197192
0.9382888836946158
0.945854443046344
0.9455498611815331
0.943073479655289
0.9296795783267012
0.9121866301089689
0.8788059718065214
0.831487782602141
0.7472651388979238
0.651846330294405
0.9483421919324252
0.9536392217652021
0.9524025951605661
0.9483340892473673
0.9328931734044327
0.9135172363586408
0.8718946874996936
0.8274574285007095
0.7385535395401044
0.9520957805591576
0.9544483800227841
0.9459595025599334
0.9063297337496223
0.8144063891949452
0.720524339539493
0.6174658539998
0.9494245736385429
0.9482417790442568
0.9446231917374754
0.937109662627193
0.9170133684903519
0.8928644377337308
0.8462420726678985
0.7968821377755714
0.6999284627514161
0.5949896282935038
0.9311762528525729
0.9270222603774773
0.9198138384921458
0.9127836388698422
0.8895594858217089
0.8631545979583556
0.8099403882671925
0.7609123641097911
0.6852822924040703
0.6615314426741099
0.5535044578315851
0.9098723520603295
0.9031360684591131
0.8954386562257225
0.8849737384662035
0.859287989197817
0.8328279480355958
0.7797730229635613
0.7272655120030459
0.6255896804519379
0.5175313634862401
