0.6881779779778219
0.7028245533800126
0.6912695291060637
0.6533318505966728
0.6088247589649122
0.5696579017131951
0.5286631878905664
0.49192967669192467
0.4391723144972866
0.36237720935621026
0.7486984922707471
0.7707270240434684
0.777248278144144
0.7772392443033208
0.7449330211983842
0.6952130532823454
0.6491326740343059
0.6002686913257141
0.5563318926538947
0.512854954501097
0.47097997093534355
0.4363737091461587
0.3705788619680892
0.8117563319825143
0.82159915777446
0.8291812637742867
0.8370525343059296
0.8384504237433361
0.8239578412308317
0.7735290640013459
0.7218294552809689
0.6657091727134073
0.6149237170628309
0.5646013463725552
0.5161405507114458
0.4761102368455217
0.36542901961925284
0.8683841888283252
0.8860868936064893
0.8898693500232775
0.8947860747039659
0.8954444563963975
0.8925331686333918
0.8507150728953492
0.7951010109663575
0.7319297010535045
0.6740579757031102
0.6165492220663982
0.5611545425708325
0.5154253416811361
0.4691864183864837
0.9454281258251865
0.9554451416174282
0.962620183489354
0.9691554481368848
0.9699382033025824
0.9578224624148265
0.9047940027938064
0.8329934387807637
0.7644299410165344
0.695545123162784
0.6290749179729728
0.57424812763891
0.5189027444925162
0.4704077111110607
0.9956554882851452
1.0053951051782493
1.0123086431812272
1.0175660258810078
1.0180209272218785
1.0166680468412121
0.9824051427706371
0.9085615117184578
0.8327156751705126
0.7551738371688054
0.6800148192546785
0.6180112828044823
0.5555191427202159
0.5008020937110649
0.9542439509153188
0.8747739195334849
0.7920020147613994
0.711383648570836
0.644846989545911
0.5191932949351614
1.051233764526303
1.0673085990651567
1.0694639250948776
1.0655660400798515
1.0042534594171368
0.922236354171712
0.8338315820692315
0.7469823369935471
0.6751968706796339
0.6029271995423754
0.539784401339763
1.0812152696257495
1.0951980451346963
1.0959128439284422
1.0610450725339804
0.979935161123764
0.8855301200669442
0.7910512558475534
0.7126592035634127
0.6337601211381263
0.5649167250628097
0.4984450518548406
1.1018242753141978
1.1136368798749892
1.1140461040213798
1.0973048674413068
1.0257140149058301
0.9278702915313277
0.8273589791432588
0.7434790826074563
0.6590159675018835
0.5853780721740671
0.5143904045071725
1.1297167535473307
1.1294422745186161
1.1254522474270503
1.1135485895168624
1.0726859354792724
1.0390462456440608
0.9740043098190675
0.8674311454696518
0.7774775967893574
0.6868002674169728
0.6077636242647014
0.5317075820795825
1.133591358221045
1.141527757163796
1.1369363095110803
1.1135866673999597
1.019723579304937
0.9082664045004251
0.8123275411422161
0.7151497057497356
0.6305117870553464
0.5491768883544509
1.1486386821858818
1.145824227683268
1.1413575563261324
1.1225996017398692
1.1121188135179938
1.0730922900926336
1.0222611058337518
0.9591966228457219
0.8563235792386161
0.7510083737752813
0.6591538959488481
0.5709822813219573
1.1473478772838903
1.1439531575524837
1.1344146548861596
1.1142179423530312
1.086987257949349
1.0468539968818866
1.0062222059089323
0.8983147337586529
0.7854728041280348
0.6865790846338774
0.5916675824300061
0.6903283064203168
0.6860294328810767
0.7561787099202083
0.7645198668012205
0.741218340658424
0.820778522894466
0.8160858029811979
0.8772915535761285
0.8462321817050025
0.9441837232313722
0.9451954570535762
0.9007799381186201
0.9946004546038784
0.9739936925381205
0.9994716009172925
1.0121010390073557
1.0308132530613348
1.0440531191009306
0.9981539927228003
1.057922125171777
1.0695625296131726
1.0498820835450664
1.0853152511120678
1.080284079133171
1.020304565023262
1.0634586648096342
1.096470397385404
1.110169590629691
1.0977179682228728
1.0153695485975154
1.1113578847450436
1.0644866331316587
1.0976800881600626
1.0019377241390022
0.632772313750572
0.6458630891402894
0.6804749433671039
0.6942639115724737
0.7023484875281518
0.750279609683889
0.7647610071311448
0.7726832658264136
0.7751427348107894
0.771784613028799
0.8195705340380739
0.8339969299609892
0.8412132506176658
0.8424761042278944
0.8369515317702398
0.813036305284564
0.8658050730604405
0.8797145070448169
0.8862763680297892
0.8870847368473578
0.8863075305465976
0.8837359598193291
0.8793156789859797
0.8666021225679709
0.8511616822703001
0.9077557787830807
0.9212349426445904
0.9265191590762519
0.9250325856482894
0.9215624570753316
0.9161661571537992
0.9009229518166535
0.884098995187612
0.8499329548435786
0.8154005674990139
0.7463764583018451
0.7144906281150084
0.6685810505256022
0.9530646212127993
0.96484302754985
0.9683212516355084
0.9674671669043733
0.9644973580509172
0.9586987308952243
0.9531053966004349
0.934726242150131
0.9154163001713373
0.8823398660473606
0.8382379273262971
0.8075313477268339
0.7624618855660604
0.7262863404358662
0.6772296987254779
0.9764652905316817
0.9866725261971981
0.9890084808144283
0.9836705834000027
0.9779683196572239
0.9700334035162708
0.9497869570225038
0.9287540983419746
0.8877942560485457
0.8463544833876794
0.813427597858249
0.7655199811220995
0.7285619348169782
0.6759905492828232
0.9990516844428949
1.0069618965803233
1.0072337895795482
0.9996171693606418
0.9834011414499537
0.9378629132055663
0.8493830037769495
0.7629903881989315
0.668323799211454
1.0144861792336362
1.0155525934187617
1.011122432529913
0.9984050195222487
0.9871617957166635
0.9630193775120317
0.9374664094999937
0.8914428577700971
0.844690741894168
0.814340558910418
0.7544334492396073
0.7161677923289759
0.6568769829714067
1.0166015105220214
1.0196077114387423
1.0152503640675516
1.0027922415848078
0.9914951361889484
0.9821946048731867
0.9553146474178589
0.9276148405020613
0.874954487152212
0.8279737732242078
0.7859798941214237
0.7338931728968354
0.688488596029761
0.6315038867413356
1.0126244956006212
1.0133440513032501
1.0071847308912447
0.9928550719985461
0.9817070550149402
0.9686079759790286
0.9396286249792806
0.9119888936615312
0.8591974340433538
0.8083041322158
0.7761835576122128
0.7107814243098165
0.6657037293027119
0.6065442923436721
0.6124788007341406
0.6263554402625326
0.6576997283114521
0.6722613997115223
0.6802107279935351
0.7235683872314118
0.7385311348521947
0.7460795976137226
0.7400155592476849
0.788234913141533
0.8033766589269108
0.8081057326511714
0.8096192089273174
0.7999883267160873
0.8312997841393858
0.845329160344629
0.8491750950307879
0.8507426378360005
0.8471877163358437
0.8378024891881005
0.8138451430349767
0.7851250929447061
0.8696937685198367
0.8831636930999042
0.8863805287654709
0.8870100561078694
0.8812346278134863
0.8703810080701869
0.8426423117770988
0.8113420370753639
0.7450460732931776
0.6682030423710801
0.9104688629594749
0.9219539273963318
0.9241680973916556
0.9235546066837964
0.9149754920394271
0.9016327536181049
0.8743877789411645
0.8342003387967919
0.7611427099770577
0.6768595278170526
0.9313223008319927
0.9408918708406926
0.9420798313099286
0.9405895545125886
0.930171710184413
0.9150901758169931
0.8805500850270644
0.8423760304457708
0.7642409598106061
0.9502619326153805
0.9575782095901113
0.9544993960971686
0.9244872806408841
0.8455045362820445
0.7617601976823584
0.6679869338158614
0.9626558908875108
0.9642340656059031
0.9633837061988371
0.9589361096613278
0.9441741565779902
0.9245881659948105
0.8845899481784718
0.8409648006592572
0.7532664015732352
0.6565583899610065
0.9616804354886057
0.9635211330755843
0.9598864181136101
0.9551720253708352
0.9373768059048632
0.9153653036489955
0.8687453715235024
0.8245209890652828
0.7548626325509072
0.7328161834408373
0.6312174008230625
0.9554612952798857
0.9550391578333477
0.9505623470042294
0.9432588749609669
0.9228733434626788
0.9003569824597996
0.8531837626167151
0.8050555459420897
0.7097903866603374
0.6062850739420417
