0.7152955050399312
0.7327276177578198
0.7277833372729923
0.6941420678732177
0.6533686072015464
0.6171105709705892
0.5790085150681182
0.5447847977923537
0.4955700912935793
0.4240367634846396
0.7858106497478831
0.8115819841106546
0.8201977050081165
0.8233672458638429
0.796474933733591
0.7508102415491236
0.7076838452688229
0.6616130325555432
0.6200164479392157
0.5787301953231017
0.5389162667805458
0.5059941381279249
0.4434378861781874
0.8603907635617238
0.8719481300400964
0.8811414330427688
0.8914517544490935
0.8936059707724688
0.885470329441009
0.8397025109961671
0.7909887394358764
0.7374839684355392
0.6887692917935748
0.6402967092671084
0.5934954812657547
0.5547607635814152
0.4474804597916527
0.9288662722966186
0.9504492281903711
0.9553877102047867
0.9627208052447747
0.9648276663767206
0.9639571739199824
0.9277937093777645
0.8753270495431551
0.8145547966270617
0.7583923046115952
0.7022721425210456
0.6480067452040662
0.6030685280206928
0.5575094970434046
1.024632047990542
1.0370645668506027
1.0464082006463105
1.056088075689603
1.0577933112813633
1.050959968885355
1.0022208033747884
0.9326226959949464
0.8650999932013654
0.7967332960653463
0.7304501561317173
0.6753624049897344
0.619604236083828
0.5705027253719621
1.0892268122143667
1.1015921276982161
1.1109064051855748
1.1194003826064642
1.120922420374342
1.1213599959888552
1.0924880602736338
1.0212388683151372
0.945966209989922
0.8681450999241181
0.7921593397539034
0.7291179764219892
0.6652355013450079
0.6089902684599882
1.0749176688424562
0.9958364463888428
0.9122806430291891
0.8302112290211745
0.7620397740561318
0.6321842173210676
1.163467473997981
1.1857106720368888
1.1916763592368331
1.1899922682054886
1.1337936772352897
1.0521605329479458
0.962430146800242
0.8733863798068411
0.7992536531156127
0.7241486885885101
0.6580851521055424
1.2055069819919064
1.2255591542111786
1.2303545856993943
1.200876325327326
1.1207201875256698
1.0244370720664524
0.9268090111263732
0.8451483879951799
0.7623680657141784
0.6896733823040893
0.6188629044418007
1.2357616031945087
1.2531564142879785
1.2575307755775982
1.2447378710600043
1.1751826044867097
1.0752417288399385
0.9708170400183753
0.8828707083068476
0.7936214092771768
0.7152007517057978
0.6390477534445305
1.2794646694000453
1.2824020650434667
1.2802243107919764
1.2703173137750883
1.2311850114414262
1.1973913445339301
1.1306409812669176
1.0193973508855054
0.9244632418684678
0.8279738960093127
0.7432484970360665
0.6609098106058123
1.2876710265157147
1.300956270886425
1.3005591962902636
1.2800986052226297
1.185588442390816
1.0689119022196714
0.9670908786631232
0.8629783383513581
0.7715136256578912
0.6829073653876134
1.3194335849194954
1.319046967706421
1.315931422726436
1.2991328807916722
1.2890495400210027
1.2497805117825351
1.1971457312220222
1.130658654807395
1.0208502576524243
0.9072068832553416
0.8071196830003962
0.7102846281455121
1.3276955390494158
1.3263046853168967
1.3185438025282255
1.299386813082894
1.2721042784950916
1.2304629782347565
1.1877221454368798
1.072177919341738
0.9497007029064517
0.8411747032791015
0.7362440618419729
0.7210747046922169
0.7222455753921603
0.7978329909936954
0.8098085944961715
0.7924739149700205
0.8759490175608706
0.8769319798097167
0.9473119937273239
0.9228453230166045
1.0293084618608168
1.0369068051225507
0.9977069354211405
1.0966302309254066
1.0829805885779271
1.1019045631147826
1.127659925407743
1.1444261923005559
1.1655344929489664
1.1267800772588068
1.1830395131347335
1.2024688546532665
1.188001040049004
1.2244576027302818
1.22505096165595
1.1688608436547259
1.2203804976169368
1.2466634670495016
1.2693081921700358
1.2614847032420082
1.1804070226862025
1.283350670192417
1.2395556503769158
1.2797121378561396
1.182564300342995
0.6623184184600994
0.6774205225628053
0.7183051850929257
0.7345026688669671
0.7447370323480316
0.8021207803304418
0.8196053976068916
0.8301246309145587
0.8350526086546628
0.8339443020768402
0.8879098066934551
0.9059561847491147
0.9161372728057472
0.9202641649888181
0.9171722741514104
0.8966247139796214
0.9469900143230883
0.9648784679411418
0.9747572235587241
0.9774250596150628
0.9776829166570074
0.9764199474574919
0.9732076795338654
0.962408629442065
0.9483197897994603
1.0023525326267617
1.02028925085164
1.028936562980202
1.0305220958802406
1.0283755495566067
1.024135281777272
1.0106929759993308
0.9949882138404427
0.9620230839384688
0.9280071412111515
0.8590448838277389
0.826954911411282
0.7804991052337362
1.06497992196766
1.0813782152663307
1.0884645763739196
1.089170084175511
1.0877391977387072
1.0833654069417111
1.0785928197853158
1.06176474699872
1.0432211768125146
1.0106007555313636
0.9662991468499719
0.935143424936967
0.8890855898909029
0.8519405952496792
0.8012858611985041
1.0993537023587687
1.1143245429479178
1.1201957920496068
1.1177362412054639
1.113221284109979
1.106278897227437
1.0872579908120128
1.0667181277573532
1.0256791136299672
0.9834863641551935
0.9496238091725072
0.9000847626474134
0.8615980518583821
0.8066562592433575
1.13535812284492
1.147958533979577
1.1517540512578879
1.1468081916785746
1.1323716471043772
1.0876802988768768
0.9967805154359648
0.9062604940320386
0.8059832194900098
1.1631139091029299
1.1690375331411307
1.16637827746083
1.1554681686528805
1.1449529135690943
1.1212015851174713
1.0953289496973115
1.0477628310521063
0.9987935162336303
0.9667678659452585
0.9031044785646815
0.8622234617266024
0.798538275562022
1.175757991110419
1.1829900218066831
1.1815545891833994
1.1710278955148745
1.1603798209989635
1.151263107404434
1.1240771955375228
1.0954216123709106
1.0399464348223644
0.9897548199678255
0.9447294125952106
0.8884374831378512
0.8391085606413903
0.7769030633496129
1.180125943568043
1.184720420661411
1.1810627993823455
1.1681319972088704
1.1573879082123029
1.14426164684797
1.1144107085195998
1.085352358026547
1.029070919357009
0.9741042790384831
0.939257535896429
0.8677325840298398
0.818150235387277
0.7527176876646433
0.6436133910738564
0.6598228696413257
0.6970914890494991
0.7144300905370153
0.7250313729518487
0.7768332173902
0.7952139245289276
0.8058827441139548
0.8044421971740283
0.8576710941108413
0.8769824624496796
0.8838610795319428
0.8868137579905073
0.8820318181551973
0.9133546916587959
0.9317788442947706
0.9376400577002773
0.9410889047458797
0.9405055234771704
0.9331652653910574
0.9115783797406103
0.8842876601905649
0.964730196579668
0.9830555681956331
0.9884326887674755
0.990973993700383
0.9882151766401903
0.9792736596358368
0.9536181537936128
0.9232996519816413
0.8574820796756829
0.7800477867713271
1.022172486426097
1.0388080228961811
1.043578453921769
1.0445050362002732
1.0388922946627313
1.0272036106133016
1.001309184961298
0.9615477112640413
0.8875131565139963
0.8008372630872282
1.053527866811397
1.0681442933177543
1.0715440225803856
1.0720205381247068
1.064346683483453
1.0507020417463366
1.0171340671911155
0.9787636207618426
0.8985464980477909
1.0851961800946213
1.09756570413196
1.0983940157938328
1.071839381463289
0.992128685268643
0.9047654111902574
0.8055668270929351
1.1092722702889541
1.1131674333799497
1.1140761689909324
1.1115215294437681
1.0987932844442465
1.0799601880357017
1.0395337724654006
0.9942906758186772
0.9016752549388417
0.7981414696051314
1.1178635041389064
1.1242015973970276
1.1226033884434057
1.1189194759543502
1.1025275338605707
1.0806523667807946
1.03240986659199
0.9855391290096437
0.9109456867368463
0.887105033887454
0.7765424229322686
1.1191367852244576
1.1227240561871314
1.1199166740479007
1.1137043309260022
1.0941362383571263
1.0712278634802772
1.0217253615963253
0.9701100899825911
0.8664979058258873
0.7523892412818266
