1.334393455208109
1.3669477344068623
1.3595281945080304
1.2985156013067642
1.223618191801899
1.1563196137920297
1.0850014318184642
1.0201442339093079
0.9254836560076112
0.7838947279129476
1.4856308067596071
1.534622830975187
1.5513297608464183
1.5583209475827562
1.5101491952568955
1.426050383300232
1.3456724502123203
1.2591375035738983
1.1801355095623196
1.100913614032048
1.0236309501129761
0.9589595663682756
0.833467190219329
1.646601444020627
1.6690029893392373
1.6869322720542448
1.7073511931590455
1.711738337861462
1.699378985414588
1.6152609441220016
1.5241955099559579
1.4233295087592828
1.3305576491983382
1.2373783918325016
1.1465001451100176
1.070515113972432
0.8549371506161124
1.800016101905122
1.8430085400352754
1.8530284429274995
1.8683246487587113
1.8731293498178474
1.8727323221614942
1.8079520314223887
1.709293135651509
1.5943267188665105
1.4869993594246913
1.3788177940372819
1.2732674690687809
1.185081078536853
1.0947691241039978
2.0247894711167165
2.0505531492287687
2.070213133100598
2.091298307120059
2.095345894741204
2.086701795741803
1.996732320801387
1.864687514210175
1.7348879840508225
1.6023387443100037
1.4726385874923549
1.3643357369350542
1.2536166114220173
1.155295695178225
2.1857113305372775
2.21219418082857
2.232608827921733
2.2523638759931384
2.256406820593358
2.2591023710512146
2.209234332588804
2.074616154094023
1.929393802742074
1.7777679328987874
1.6285444373589095
1.5038662590742846
1.3765472367136582
1.2636293756807668
2.2050149427872117
2.0523091724214995
1.8890130543591666
1.7272883425758496
1.5920119588152266
1.3315679888234253
2.384239889419435
2.4358294794678454
2.45271646540842
2.4525339333868827
2.351409187240103
2.1939987996782393
2.0180911135515065
1.8418946790325756
1.6941555165923807
1.5433866405325483
1.409879167105877
2.5066025466236286
2.5553873603994184
2.571576623151313
2.523921407544709
2.370979501114508
2.1817469981590123
1.9875790672315086
1.8238567914590988
1.6566869563527413
1.5087723059889906
1.3640887039841578
2.6016430970657662
2.645932242012961
2.662159106043893
2.6453548410376775
2.515690449939561
2.3193754903296306
2.1108694201136338
1.933628554697106
1.752394926862299
1.592086214656431
1.4354610040865154
2.741860550531455
2.7547069272795537
2.754732949932357
2.7404081934787468
2.669701793185484
2.6048470995659563
2.4734882959962943
2.250612730505212
2.058267322505076
1.8609458131823844
1.6863746871016527
1.5160062618858456
2.7926090540667445
2.831885535970332
2.842379443256707
2.8114484381727336
2.631129948229086
2.3970617752298873
2.189525505172135
1.9752789569549072
1.785522472015398
1.6004912191397882
2.9335917299407823
2.9408261287670534
2.939328017703173
2.914584151047614
2.8969734502831885
2.8235054152737624
2.7202163585812498
2.586242254785794
2.3611840702346565
2.125185230009399
1.9153843911218784
1.7109346294125571
3.016841109099014
3.0220078530179055
3.0151236476884216
2.9846927839164192
2.935136378233048
2.854528205565387
2.76897526212183
2.531848329125168
2.2754241144399048
2.045611513908015
1.8214700845433982
1.3459347271550903
1.349339155982499
1.5095467060344696
1.5329559282939245
1.5026412375175702
1.6787636724937778
1.6831024980815168
1.840489800296754
1.7978521887519472
2.038699576472066
2.058659698193362
1.9876766029644244
2.208757386208137
2.189771764308082
2.235153081160779
2.300537383771562
2.3493944526206865
2.401119494742546
2.3365263134170324
2.464427202279994
2.5150633418476938
2.496084463629446
2.589862559050193
2.602099997026398
2.501641429589995
2.645244374613369
2.703998821331175
2.7707280794993068
2.768508575788274
2.618970077592971
2.8698293633663563
2.7988746686287382
2.9360739919994336
2.7559043694234515
1.2384247833128175
1.266444826793389
1.3565042187694774
1.3870736080547088
1.4065509726379257
1.5392236807303805
1.573184693643929
1.5939796168202585
1.604219136025559
1.602959621426206
1.7355065810217205
1.7719649932630401
1.793092133559291
1.8026327537238027
1.7981903241381483
1.760863062188464
1.878116968067676
1.9154768024523838
1.9370556268530827
1.9436233386626973
1.9449239469725013
1.9435360008275786
1.938279766310407
1.9190343068481914
1.893010556974975
2.019594336890863
2.0587137326195966
2.0787957446838226
2.0850637959616694
2.082238121380315
2.0752587642429563
2.051211227643984
2.021960721347925
1.9593359907011183
1.8938220949116207
1.7597273445911574
1.6968861957671515
1.6055059488375678
2.193258173765308
2.231398323836305
2.250292672640097
2.2538438357311597
2.2532237051005795
2.2467915156582356
2.238711456212146
2.208383691224594
2.173562123690362
2.1110403977875336
2.0248115215420888
1.963682585386781
1.872712095600873
1.7990599604182447
1.698114796856679
2.2987640403477334
2.3357351403317645
2.3530496708458086
2.353384124516063
2.34666396065999
2.3349441983069466
2.3004617793779945
2.261637258384452
2.1822649921034043
2.099416929140085
2.03238575304466
1.9337149770339956
1.8566865358975186
1.7461606897959634
2.4238052907369347
2.4581313011856327
2.473106366286053
2.4694722027977467
2.44586021260504
2.362199668636747
2.1831912248851832
2.001196648814416
1.797174913353626
2.5310038124500127
2.554900272605272
2.5545738547634014
2.538876881756518
2.520838298338181
2.477032195876029
2.427305881242175
2.333520595391425
2.2353861444960335
2.170595388377862
2.0409418177903413
1.9570770366351364
1.8257322194787486
2.6251853154094804
2.653404726205018
2.6607408066295206
2.6481903106200373
2.6307532434352394
2.614714360801073
2.5639032193301414
2.5082592759282654
2.397193521997037
2.2948419313463333
2.202021349406456
2.08521411676192
1.9821642651651
1.8515770111307717
2.695275267015552
2.71945853316035
2.7233436588096245
2.706709680494547
2.688996512010071
2.665690754132492
2.6093458587333247
2.5519948660621004
2.438121840324975
2.324586715951186
2.251776335323359
2.101312527412918
1.9963121917687472
1.8565281507839542
1.2045237626038343
1.2345877435878378
1.317719682689487
1.3504590529621994
1.3706510097925289
1.492380248117302
1.528190549727006
1.5493508891482188
1.5482140721883957
1.6786450264199304
1.7178111956925777
1.7321483728452285
1.7386089475269098
1.7321432919128015
1.8143009178865943
1.8530126007233447
1.865821187385462
1.8738552703898026
1.8750185024470325
1.862502226714901
1.8226678797592424
1.7709658793371972
1.947390321826113
1.987722645593274
2.0002406443476413
2.007104819649206
2.0049025615059675
1.9895158591505921
1.9419144282583773
1.8840274999979347
1.756449820765506
1.6045497493733203
2.1100284782134575
2.149422337787045
2.162275976632664
2.1661908385826716
2.1595644919766954
2.1392752621580247
2.091058198604791
2.0145323830517774
1.8692724156847453
1.6971188491265528
2.2086334862435577
2.245628459151604
2.2559553564309245
2.260244600408526
2.2503088421840096
2.226457355777844
2.163375185042199
2.088908763672584
1.930244775412508
2.3240991876187707
2.3588140576621583
2.369164605931918
2.3261175598410504
2.1724207629955656
1.997672328316446
1.7961692545672796
2.4228366012865252
2.436315870323899
2.442960488511549
2.4431316872974627
2.424657409296685
2.391190636795811
2.3139987941378695
2.224596420614055
2.037441465088844
1.824731580461882
2.507208088313838
2.5346987339063674
2.5387777474999065
2.535786461508515
2.510942686535621
2.471709053137087
2.3782967215222897
2.2841384228348165
2.1311913849284583
2.0817333261846405
1.8505960711850253
2.56828928670073
2.5922503840791227
2.5941633260192116
2.5880220373656426
2.557364177727396
2.515492740213374
2.4188478875394916
2.3139404104670844
2.0979031801171066
1.8555745822151613
