0.9760654519621688
1.0008635765877107
0.997451411545906
0.9542648416038616
0.90111566754535
0.8535691536760232
0.8033867831085848
0.7581226238577674
0.6926641729915575
0.5963657725030019
1.075669120121372
1.112158378876653
1.1247830533489054
1.13064033118873
1.0972448659141552
1.0378723340970888
0.9812692240175568
0.9204844815620914
0.8653632657474243
0.8104071596063236
0.7571481124185736
0.7128697598770912
0.6278993089393176
1.181742562478137
1.1981344756247942
1.2112962757533896
1.2263953192250172
1.2296783319614188
1.2220882600308622
1.1631032382144164
1.0991648418361235
1.0284824562076333
0.9638171657950639
0.8991936193740828
0.8364972085000909
0.7843462390121205
0.6381079552937095
1.2800706497326
1.3110558116147002
1.318312200166398
1.3294433215624912
1.3330537922618664
1.3329984552638485
1.2876305132653
1.2189423969214161
1.1385823163714783
1.0639388226538924
0.9889947198191917
0.9161853418666183
0.8556031410943422
0.7938579208426342
1.4194036153584484
1.437413772923756
1.4511539994300504
1.4659037734367937
1.468728543251286
1.462668165546017
1.399979559320856
1.3080886745945886
1.2181711200833272
1.1266425505297155
1.0373691718166647
0.9630445210529278
0.8873299265339818
0.8202812031436553
1.5149898904357035
1.5330937473188317
1.5469905401222184
1.5603024727409467
1.5629883770906001
1.564669197606571
1.5294633526473864
1.4359161357719843
1.3356431088293206
1.2312900620152007
1.1288797797522707
1.0435248184360997
0.9566201509969088
0.8796952377167842
1.5136147156230102
1.408337738744355
1.2962061433423198
1.1854670225972488
1.0930493802226617
0.9157401046371925
1.6271001448933011
1.6607884813429146
1.671251889003618
1.670483479359176
1.599114900901501
1.4906719467420086
1.370185983942215
1.249882599000899
1.1492362096850972
1.0467890870614387
0.9561968582786446
1.6922273647588861
1.7230900820446293
1.7323276732388742
1.696982715165925
1.5912505654477844
1.4619727080582063
1.329901211112533
1.218819652892309
1.105684861810046
1.005804425136864
0.9080318913219959
1.740208298139883
1.7673574263708471
1.7760775374708961
1.7620668479181956
1.6714491910212201
1.5374396563258548
1.396053728940526
1.2762400881918905
1.154069721014926
1.0461393827507004
0.9408085114117486
1.811206213625882
1.8175588181945168
1.8161469734123672
1.8046350477260813
1.7543090724229455
1.7095537642943783
1.6200232087737478
1.469340501907112
1.3398734526080436
1.2074880001570694
1.0905291709310778
0.9765369188283821
1.8268492624446164
1.8487725038090579
1.8517327369890573
1.827213609328409
1.7022653255621583
1.5442757193645853
1.4051998304100366
1.2621566918097695
1.1357708302351446
1.0126995564914074
1.8847680977434431
1.8864813005922336
1.8836101225256796
1.8633832247912963
1.8504726277331702
1.79889579060812
1.7283810051562367
1.6381736803885778
1.4880430743515414
1.3316072787409472
1.1929001365842404
1.0580208741195622
1.9065225280777771
1.906653907210326
1.8983781650760523
1.8745209432067804
1.8388501844857996
1.783240116970489
1.7254468240310168
1.5675523915689655
1.3986247590800462
1.2478852203044106
1.1013239110610848
0.9856421920697815
0.9898703890217189
1.0941325663894268
1.1120311945078956
1.091734321943174
1.2060312937230053
1.2102994900934259
1.309956772981903
1.280753080401979
1.429092545873956
1.4430606518797366
1.39365512823233
1.5300436069460122
1.5161009998193387
1.5380100242428392
1.580672427273725
1.6026765512541716
1.6359729399676322
1.5891635736244984
1.6629418594098502
1.6942087241296595
1.678663422865675
1.729025558835779
1.7339835284526488
1.6623786451436817
1.7387648018486757
1.7695492030233066
1.8067867264775581
1.8003616320380882
1.6947333126869168
1.8385103588438017
1.7839771951790204
1.8457111159350768
1.7178206815341999
0.9061631322477949
0.9274281564956061
0.9854857333877615
1.0084179843474403
1.0232137583643535
1.1053695872947205
1.1303611849176325
1.145798555749621
1.1536737597728526
1.1533341162891808
1.2298006722175654
1.255930624471275
1.2711804480455196
1.278258447495134
1.2754388471800102
1.2497217913926741
1.3168008904566397
1.3429995660496157
1.3581163549193322
1.3627560141665902
1.3636923505464922
1.362748440351117
1.3591446406299001
1.3457885448698372
1.3277057925700155
1.3996931753894646
1.4263463887724035
1.4399375025084196
1.443968307311337
1.4418675175194697
1.436910492989361
1.4200517880942813
1.399750665505707
1.356407279957775
1.3112186114329452
1.2189141657615439
1.1757603584482905
1.1130841030297554
1.4957565970722628
1.5206447551502311
1.5324772375949938
1.53445270966812
1.533536315655998
1.5287013052961886
1.5229076826533587
1.5015173538893458
1.4773312902470004
1.4341721996702255
1.374979625879067
1.3331167094675334
1.2709906180919743
1.2207284963387002
1.1519555329598654
1.5501512799837227
1.5733862608838538
1.5836606638749
1.582504568929204
1.5773032198436492
1.5687860947622008
1.5444085631505127
1.5174613239063053
1.4628673174981202
1.4062353319955705
1.3605480543121382
1.2934515808429814
1.2411627932737446
1.1662337693377702
1.6094698923216033
1.6297051825882933
1.6374341787356377
1.632971354957928
1.615260545578831
1.5568042803932949
1.4346291229018318
1.3115528814294524
1.1742355413815029
1.6573839039364513
1.669201064854006
1.6671670848604616
1.6543716900862593
1.6410668895000633
1.6100941884125495
1.575743830024866
1.5117753377840428
1.4453785038452065
1.401748736299995
1.314690584945446
1.2585351817630128
1.170821345909524
1.6855684579962207
1.6989467034026673
1.6997627335503416
1.687808512488313
1.674518597379728
1.6627177440168592
1.6269098363022656
1.5885552294956138
1.513402907828339
1.444869657555306
1.3830255383856243
1.3054978702713036
1.2372212798104236
1.1507734353196606
1.701129774467041
1.7110022221978918
1.708762220680956
1.6935017378017594
1.6798776466318475
1.6628166626241105
1.6231810838438125
1.5839039346212465
1.5073709279070842
1.431868644364938
1.3838090341829896
1.284725659686326
1.215799725882317
1.1243453655089535
0.8818137027081678
0.9047051390580989
0.9577938849913472
0.9824276800528702
0.9979494110922748
1.0722121262435558
1.0986065736453854
1.1145020005166246
1.1148911501454217
1.1899157371903892
1.2180295929369553
1.2284050490074152
1.2331391358257113
1.2293365239857381
1.2723213519594119
1.299475178399736
1.3084612128573514
1.3141494073435724
1.315059544318188
1.3064147404038207
1.2788272495467483
1.243049700983323
1.3497125175811846
1.3771489259786542
1.3856204777783698
1.390176388074749
1.3883216913682574
1.37753448788879
1.3444925966352923
1.30452776069005
1.2166807860481543
1.1124346581556266
1.4385771400240286
1.4641416204472764
1.4722204304575601
1.474466065852503
1.4689517697481616
1.4544868531346318
1.4208848465811572
1.368161021766522
1.2687197213005263
1.1513022911515698
1.488703961629534
1.51175030863826
1.5177893062039451
1.5198168510178964
1.5115912988178288
1.4944775542997977
1.4505630532641847
1.3994116497514868
1.2912129891098971
1.5419095852159057
1.5621649508865578
1.566298313836944
1.5338766510123605
1.4278439731753447
1.3093539520855124
1.173616347949305
1.5846016043804267
1.5916602711650853
1.594405194167755
1.592564641682343
1.5775036242205442
1.553337417985804
1.4997277258657833
1.4387573050540383
1.3125691496286938
1.170224936640487
1.6070483882147195
1.6193073218590004
1.6191391873158472
1.615276502701682
1.5952088630805723
1.5667674587896923
1.5022272042898264
1.438586954244189
1.3362960062252627
1.3034896635334672
1.1502214828994803
1.617624352592127
1.626500754369002
1.624502263761791
1.6175848249279399
1.5930710245005142
1.5628641456970305
1.496366254159586
1.4258496104219167
1.2828406138076511
1.1238346142751847
