0.954162804839298
0.9809898191062544
0.9856557349266942
0.9501125256023641
0.904736225861018
0.8638940954379724
0.8208197339929864
0.7821043785604247
0.7265164976853034
0.6461183296453096
1.0540351395406804
1.0928127276313444
1.1071747083977512
1.1164754645571213
1.0916601765773424
1.041096526760819
0.9920628008093696
0.9392239156238357
0.891356997873348
0.8437654621525557
0.7978950773996824
0.7599727087543322
0.6880823820230524
1.1614630798120156
1.178823959285659
1.193019742424816
1.2100099268133906
1.2139676690827046
1.2144439916778929
1.165150042387282
1.1095439335793358
1.0475081794515806
0.9906946112319968
0.9339624323592737
0.8790825158588792
0.8336065209212631
0.707552639720835
1.261074320636522
1.2943791585745184
1.302461479620894
1.315607872294787
1.3206586392948805
1.322975346843602
1.287604591571719
1.2279756028822306
1.1569636745666372
1.0906860060558328
1.0240805553753956
0.9594554780016228
0.9057478111859498
0.851235009071776
1.4021274515099589
1.4214105032791642
1.4365070213858933
1.4536140683854002
1.4572554871364203
1.457612369950603
1.4049720175321818
1.3234075468877975
1.2425923715862004
1.1600006429885255
1.079333734830727
1.0121020327925934
0.9437238386837695
0.8831366344910011
1.498559778103207
1.5179914400805774
1.533316937164383
1.548999284503943
1.552614787868038
1.5561012535651326
1.529731365452495
1.4471580467781726
1.3565101178856547
1.2614952794963419
1.1679525436461853
1.089788550831897
1.0102195485391787
0.9396320316184108
1.5215539063743915
1.4262133263966834
1.323656374021073
1.2219320757317027
1.1367525557300966
0.9730086591473628
1.6107857210154513
1.6476664656625557
1.660997726599841
1.6625358653300157
1.6026060530780128
1.5044027762066399
1.3937502267099218
1.2826253007941555
1.1892683516721392
1.0941244849202012
1.0096686382786557
1.675247955771817
1.7090332432277093
1.7212110588282306
1.693992166026877
1.5987562880530406
1.4796060284732795
1.356918817486358
1.2531979886410982
1.1473557150800222
1.0534005158632926
0.9613005314632412
1.7221462472186557
1.7517172500574993
1.7630721148798731
1.753694266079476
1.6729307527529864
1.549311947258109
1.417431401047767
1.3051211237605669
1.1901936434026312
1.0881993933156489
0.9881346616135723
1.7934885271252943
1.801752682239807
1.8019295732995815
1.7929435600423556
1.7483604487247488
1.7074214675625707
1.6244684055935203
1.4835159676176346
1.3616602735386651
1.2365490897864049
1.125491240264676
1.0167998550618882
1.8043207155504406
1.8280106937391494
1.8335118565846715
1.8130281187660575
1.698179493283997
1.550043512186797
1.4186977525799063
1.2830674580516608
1.1625419600471636
1.0447052510491515
1.8590012560289635
1.8618179650492799
1.8597747864118483
1.8422247400606444
1.8305489112087925
1.7828300290820966
1.7168401545423715
1.631841786982642
1.4896046366840772
1.3406679502470065
1.2079933868593358
1.0783696779747676
1.8744956852281776
1.875309815982842
1.868246288108608
1.8462364723836846
1.8129710844241
1.7607115319835525
1.7060766101057323
1.5560956710694556
1.394925793164667
1.2505768463165783
1.1092084349871807
0.9675100403430626
0.9781033086181349
1.0767484611228484
1.0979431829760604
1.0861284977420649
1.1918522707510668
1.2026256847622114
1.2999131584516406
1.2806674795156519
1.41763228189731
1.4379575992280795
1.398579008998768
1.5214645852971949
1.5162932073529172
1.5245020850018536
1.5772984458638302
1.5898294218273976
1.628094769422687
1.5926141165563727
1.6493266716394175
1.6853373469954276
1.6757155588625692
1.7164660800201303
1.7258242015812677
1.6638923841893756
1.7329832304149757
1.74935507296438
1.7894375217928444
1.7866681243606908
1.6907687248358014
1.817093332980295
1.7683212539669746
1.8185416050930159
1.6987593078728733
0.8905883566426184
0.9131980605769121
0.9713356902116753
0.9958807039394861
1.0124497866306312
1.0937216614717944
1.1207009020463763
1.1382492524040853
1.1486196580507722
1.151065024736683
1.2209147645994836
1.249370217233657
1.2670005020805772
1.2769610569976135
1.2772744844206747
1.2576706022715938
1.3096814466275526
1.3383709954098038
1.3560759650488645
1.3625051497056246
1.364565221931246
1.365211308102083
1.3633318620840738
1.3533278811063612
1.3383720731154614
1.39387445833206
1.4231820048556343
1.4393399971289011
1.4464243918089688
1.4459969051261812
1.4427608041665918
1.4293850046829284
1.4121459185950278
1.3740463217594927
1.3335708177963377
1.249937653588221
1.2106629637626378
1.1534295337109797
1.4905588371195095
1.517943115814388
1.5323646657723098
1.5357523087820766
1.5364861563954622
1.5335659130362504
1.5291500537388334
1.5112697900044036
1.4900911034902835
1.451389906094534
1.3975135301883281
1.359141171939713
1.3019312842431376
1.2555086548432643
1.1917726367815806
1.5445074541841195
1.5701348904352217
1.5828174649728692
1.5844792788050621
1.5808634935408772
1.5740737511782865
1.553182750744023
1.529054351306704
1.4794363211107528
1.427358156508116
1.3850753474294555
1.3227760363033163
1.2740286248399861
1.2040044211869758
1.6019797404888325
1.6242492709783536
1.6341996400093457
1.6323664632348214
1.6176161283723987
1.565033870736757
1.4519241021595182
1.3365707926602832
1.2071772689671967
1.648311713504924
1.6625334786600294
1.6618989772066222
1.6515396644183893
1.6399317349979907
1.6117274367614371
1.5801090097507011
1.5205139706852213
1.458221177628033
1.4171284307635548
1.3348388603253136
1.2816168667591377
1.19832333813401
1.6700778198790533
1.684451185096739
1.6865958821087976
1.6764503871261343
1.6644460989221967
1.6536323434790159
1.620359638420075
1.5843806866951935
1.5134559667705283
1.4484584201013666
1.3896111891764447
1.3157177833262557
1.2504623629381635
1.1676955639317734
1.6799897870587748
1.6902883663580153
1.6888762499958923
1.674999014237032
1.6622453587814103
1.6461922265434845
1.6088116248693891
1.5716075874744937
1.4987430241422894
1.4266619128775677
1.3808943814595274
1.2857489970013072
1.2195335190235421
1.1314859936062587
0.8694199355746205
0.8939914277803407
0.9471273373775075
0.9737484552334952
0.9916644757269415
1.0644596347085913
1.093279222822933
1.111945381479745
1.1180954651558759
1.1852881181354848
1.2162672769366718
1.2284399539170332
1.234545087605712
1.2369755570127514
1.269749435773244
1.2998202476114034
1.3104168086517638
1.317860282121233
1.322197160991504
1.3167510414246264
1.2943258652669254
1.2633827868420842
1.3486239259838042
1.379137661686109
1.389274303066344
1.395578799038966
1.397275698912453
1.389616139824876
1.3619161430373132
1.3267331564409035
1.24763741000784
1.1527540265327463
1.438257510604502
1.4667996816559785
1.4768032651747813
1.480428288530301
1.47844875058844
1.4670254661041309
1.4379358078137772
1.39058430980011
1.299608539322467
1.1910991440381242
1.4879919502008114
1.5137227030195386
1.5213000085402482
1.525020593673293
1.5202480988771128
1.5059555355611065
1.4670362786625424
1.42046228124623
1.3205019111854257
1.5394305537595576
1.5620422421002789
1.568929854736317
1.542182359641975
1.4451360147095544
1.3343636491964168
1.206553587828719
1.5805083995488078
1.5885942812184977
1.5923876607893024
1.5920542971296203
1.5795372273537138
1.5579621753781265
1.5085930259574607
1.4516631850503148
1.3327351231161881
1.1977315925584262
1.5961931105111582
1.6098292577819775
1.6106097874324825
1.6074893307068505
1.5895285224165148
1.563194803435585
1.5025954272645035
1.4423573737591198
1.3450680124833971
1.3137729258526238
1.167163872710845
1.6013376095577943
1.6106753232817796
1.6091052198942093
1.602806538035924
1.5799567559261265
1.5514637901697867
1.4882298923775783
1.4209260140190232
1.2839647353551098
1.1310082495168732
