1.0812584216517451
1.1091592931512002
1.106210484811721
1.0592150879003557
1.0016435429509363
0.950652083110092
0.8973999123678245
0.8500029120780795
0.7828569224738355
0.6884287847848252
1.1835088775023503
1.2239980264148174
1.2380293772162962
1.244681166016323
1.2083767165914905
1.1439386286704754
1.0829116359700552
1.01799011409993
0.9597834297855943
0.9025167389663278
0.8478891102279668
0.8033034005903663
0.7206852209032749
1.291966303984698
1.3099439779886843
1.3243634643604698
1.3408843718023657
1.3444680424542965
1.3360968509268514
1.2718589127064872
1.202710468058691
1.126872786104171
1.0581718785424257
0.9902703306498023
0.9252497682620523
0.8719678784192519
0.7283597672393944
1.3899475345644556
1.423406474654639
1.431191380188879
1.4430733313064246
1.4468765235206764
1.446577927415065
1.396723968539408
1.3221671855084551
1.2356416680693376
1.155935156691899
1.0766685231122073
1.0005163664958228
0.9379086878848923
0.8750217771588996
1.5239791833271081
1.5428767640735161
1.5572151889068715
1.5723778636843089
1.5751845188293414
1.5672016439909668
1.4982403502507966
1.3987241464785047
1.302204714701297
1.2047412501326227
1.110510146997354
1.0327629210584666
0.9544166353992399
0.8858514729589956
1.6115667889916918
1.6301002497315356
1.6441354398087522
1.6572078104441206
1.6596709510131467
1.6607473191900652
1.620316808889993
1.518243879773537
1.4102368164436743
1.2987544043125487
1.1902010420087812
1.1003588213683224
1.0098050973168793
0.9303638093684283
1.589358037530608
1.475667234425174
1.355693835009394
1.2381142892377872
1.1406201928274002
0.9559901463737974
1.7080051808556047
1.7404734272947908
1.7492787822799587
1.7469863881612682
1.6660853022194662
1.5484445098040136
1.4193403127731692
1.2914484960049002
1.1851087363380548
1.0778027476077265
0.9835791234392627
1.7594895147920817
1.7880352201531788
1.7945715960906603
1.7513449473801328
1.635384941825413
1.4965100394649105
1.355991521956422
1.2385409684566988
1.119913845100326
1.0157477950731697
0.9146978089154713
1.7943606798034282
1.8188279324722092
1.8238725498676451
1.8044042410698842
1.7029465620100075
1.558474372065823
1.407973209964522
1.2813202894184783
1.153241496239192
1.040778493879789
0.9317666830196873
1.8445237459019173
1.8475928757983808
1.8437107496449214
1.8284741650812577
1.7706730284179268
1.7214290134382184
1.6247294981466334
1.4641284554464618
1.327375926872439
1.1887286637789594
1.0670297436315497
0.9491803920656827
1.845548883217469
1.8620877262802809
1.85911536172931
1.8273821384915494
1.6890388188333867
1.5200354589391505
1.3732643309273356
1.223815095799871
1.092567829709613
0.9656541434268109
1.8697061136571977
1.8670566158363666
1.861351622726584
1.834691520547486
1.8193294139467993
1.7609962501333398
1.6841862137356403
1.5878298619866924
1.429503054935254
1.2664901154874209
1.1231357037813927
0.9847220254061073
1.8613871133072941
1.857093716369249
1.8434162546304091
1.8132137305072842
1.7719870441482997
1.7106097464819838
1.6482350815947717
1.4814225643611791
1.305901500149094
1.1508389023697159
1.0013592969274352
1.092241765884501
1.0977222397287443
1.2040302572380375
1.2240425977147604
1.202265740807631
1.3184515116825952
1.323150447459078
1.4215296790611625
1.3892585497753347
1.5328216080871724
1.546285261164788
1.4915129492992367
1.6243265284350707
1.6063116012259426
1.6252952057737082
1.664603419372046
1.6805753615205412
1.7115238894458233
1.655932478683221
1.7270219883941649
1.7543598905291564
1.732928100002451
1.7769559400168156
1.776527804490859
1.6940339826113742
1.7556288076658981
1.7878141462970627
1.8160071388875991
1.8017943338862745
1.6819815583612652
1.815273940292429
1.74733081368708
1.7873879914107578
1.641586926999782
1.0034388667762857
1.0274212423887563
1.0859190121148579
1.1115618248716994
1.1281937610950137
1.2078373084683904
1.2353299586146833
1.2523212508088684
1.2610635964839279
1.2608156219660838
1.3300153347063342
1.3580473071528072
1.3743349815370731
1.3817662007484737
1.378492744440461
1.3504697648653576
1.411884269310314
1.4393700512616692
1.4549395456918444
1.459541165000385
1.460320257678036
1.4589987991587223
1.454865145127574
1.439983114069224
1.4202870888688661
1.4861624643427525
1.5132369594856168
1.526609766678561
1.5296950925932167
1.5269054582134898
1.5211646868906548
1.502275886842119
1.4799859938406301
1.4329553327298263
1.3843271653157005
1.285666068506128
1.2398407451021525
1.1735440693330894
1.5658954814721333
1.5898723217260413
1.6002726742586861
1.6013845939613223
1.5993855448179704
1.5931821563201605
1.5863630389851295
1.5621801978797898
1.5355167224187274
1.4885916750706936
1.4248748195993928
1.380096388660308
1.3139825449898057
1.2606881707368969
1.1880788691773176
1.606445087326862
1.6276499053389368
1.6357719576873564
1.6319715169983333
1.6252789777426773
1.6151554239462544
1.5875794498774163
1.5577445832008219
1.4984598659840798
1.4376143794260352
1.388859525600758
1.3175811954039804
1.2622881412040443
1.1833903999535376
1.6442490347271983
1.6610268586434644
1.6653928207279547
1.65726403259848
1.6355874845740677
1.5701047922848699
1.4385530384639842
1.308040905502993
1.1639253943006442
1.6701590209167654
1.6762246900738338
1.6713127320944203
1.6541955703794302
1.638387616446009
1.603165433180643
1.565357287320466
1.4962220307950944
1.4253533939348852
1.3790955068093986
1.2874206281522418
1.2285734012945835
1.1371766728390784
1.6673893853847879
1.674347176979557
1.6694709781024502
1.651867784237011
1.635366610163879
1.6214963110235452
1.5809857192466117
1.5388232177687442
1.458113345018645
1.38557723645237
1.3206864838975914
1.2398461948455237
1.1690377729279124
1.0799898726939408
1.6550804216643378
1.6572941654896851
1.6486317476884473
1.6270496939095436
1.610118184094815
1.5900242590881903
1.545447570145104
1.5026371213639729
1.4208748731027323
1.341552437871883
1.2915189925986432
1.1889845288642897
1.1181202261644763
1.0249276077399048
0.9765762859044211
1.002466837033694
1.055456411372091
1.083077236648944
1.1006634342807702
1.1715108085840638
1.2005988263015097
1.2181851494433182
1.2190952977485197
1.286502652183369
1.31670884570905
1.327793411277909
1.33282743331925
1.3284843399254904
1.3635105456142118
1.3919413089536505
1.4012200576805571
1.4069981733033863
1.407379694528009
1.3976794300106754
1.367594899809202
1.3290124944707074
1.4320300944471718
1.4597693662088393
1.4680623145232339
1.4723073611519966
1.4691557651736347
1.4568292052384966
1.4205679462591274
1.3773881084124915
1.28336200518273
1.1728786512843772
1.5042595857170764
1.5285514532099862
1.5356208478252127
1.53704139918087
1.5291074575529873
1.5123695782425761
1.475177661504248
1.4180250403213766
1.311722097793205
1.1874368918207838
1.5404617624596755
1.561133768797886
1.5657807536311696
1.5662761191080985
1.5549275564693272
1.5349486801162813
1.4863246431480037
1.4309228884542982
1.3154139764894324
1.5720782242920943
1.588334152493686
1.588120124047475
1.548070172300428
1.432135382491463
1.3059990054866888
1.1633652404646555
1.5927192449025551
1.597142746682971
1.597396361335638
1.5925608691470354
1.572540356791363
1.5444210683455764
1.4850746142337772
1.4192916842131693
1.2855244575317297
1.1366616628523807
1.5843776903475262
1.5895445190062194
1.5852047223316705
1.5786285007877765
1.5525629353705048
1.5194391751482463
1.448317964533341
1.3801490164565264
1.2724259085790575
1.238170078644093
1.079552695036111
1.5680916761157657
1.5681827343064816
1.561771412092192
1.5507278880930828
1.5195485576241137
1.4847063147863844
1.411666813333582
1.3366133466597914
1.1875074947912245
1.0245549480999447
