0.8652440228208182
0.8861510176563914
0.8795915120159161
0.8384140410990658
0.788599634792516
0.7443519063916512
0.6978210792313565
0.6560014498640957
0.5957977599115123
0.5080045984234498
0.9494247317375867
0.9803355424681143
0.9905982419998288
0.9941658639201386
0.9611046931451229
0.9053893921533499
0.8528337961180081
0.7966885562870382
0.7459759421295719
0.6956172745574293
0.6469999900228166
0.6067445768686619
0.5300436418542039
1.0384180691152949
1.0522734863550256
1.063268451090044
1.075545295528292
1.078088899479998
1.067685907035425
1.0118520661221335
0.9525446602917782
0.8874487786741179
0.8281697881755167
0.7691687147945356
0.7121520798757015
0.664913815940821
0.5336643943365934
1.1199895740938812
1.1457792559315458
1.1516564423962092
1.1603242941232932
1.1627509334138584
1.1615197130391235
1.1172482671415123
1.05344268412141
0.9796121959751022
0.9113865223258432
0.843206173424056
0.7772356128000699
0.7225614328451164
0.6670754017492101
1.233855733866616
1.2486847717844438
1.2597988667066782
1.2712320084702555
1.2732219293215765
1.2645044899087663
1.205177223776556
1.1207545988369154
1.0389307414347393
0.9560676872097212
0.8756090171957125
0.8088964972550744
0.7412238633479241
0.6815813891341629
1.31051078440234
1.325239277230296
1.3362974756606307
1.3462910964143926
1.3480409885983822
1.3484207767960938
1.3130646166568145
1.2266904136820156
1.1355851113475146
1.0414142865710465
0.9494619659423318
0.8731508946292746
0.7957874375746865
0.7276347164007854
1.29083750376646
1.1951887522687334
1.0941750486665756
0.9949599698248369
0.9125289582620153
0.7554828455203341
1.398468660506861
1.4248397447003036
1.4317386289837792
1.429526545085056
1.3612016830081994
1.2625222232560291
1.1541402159696605
1.0466037371634351
0.9570647803916333
0.8663322498282005
0.7864917616133261
1.4481923829637577
1.4719294098965694
1.4774004793709041
1.4413587087438648
1.344490087830516
1.2283055521561663
1.1105462093032146
1.0120245352534327
0.912150001943282
0.8243434948920614
0.7389383521849656
1.4839294967989474
1.5045036154764109
1.5094858406670046
1.4937489796455687
1.4096244370560862
1.2890892576800734
1.1632382027670929
1.0572255137924456
0.9496504644500537
0.8551144035663409
0.7632805981560248
1.535483497153525
1.538800267397132
1.536043672665397
1.5239495614098182
1.4766058262692843
1.4358345804813397
1.3553892442961004
1.221429505899597
1.107085157656813
0.9908989844366843
0.8887587484011152
0.7896766192280092
1.5450918346287608
1.5607541671698788
1.5599823034562563
1.535125894563978
1.4212236473258613
1.2807384552447092
1.158220781317893
1.0329623654439704
0.9229126500611254
0.8162781176128306
1.582359721870155
1.58174703748274
1.5779140923566963
1.5575480328732847
1.5453719396111891
1.498058157643572
1.4347165647276496
1.3547669736419414
1.2227539683583257
1.086154478821367
0.965846057388662
0.8494261110395306
1.591854085601766
1.5900858554140072
1.5806417083918385
1.55750187103328
1.5246753786102443
1.4746626464630816
1.4232163703074863
1.2844107429820601
1.1373132254996463
1.006949707163824
0.8808967713298373
0.8719513589251103
0.8729026129397722
0.9636124829203762
0.9778108811430188
0.9562822734476357
1.0567089867741453
1.0574054900735455
1.1414980079836665
1.1113004935136395
1.2390097866280687
1.2476324512177166
1.1997614818721534
1.3187545581468163
1.301664938966824
1.3249911864375936
1.3550277984760473
1.375360729881089
1.4002214154499968
1.3528026616865243
1.4210015650283665
1.4438524032645188
1.4259450767426773
1.469892798999885
1.4701852775212727
1.4020606419673398
1.4636796803660912
1.4958993832654235
1.5225930772390297
1.5128579808069005
1.4150261805286701
1.53879730031606
1.4858274698530154
1.533965075412308
1.4170450858013146
0.8008104708705346
0.8189524899650032
0.8676819383636323
0.8871039093928579
0.8993193623369766
0.9676055914734878
0.9885171468240227
1.0010262813285127
1.0067741292458339
1.0052307378795988
1.0696566475420135
1.0911788403534572
1.1032378930673483
1.1079753854372245
1.1040148036387205
1.0788358321223745
1.1398028620769256
1.1610915279916991
1.1727495932080987
1.1758138337517883
1.176034549184324
1.1743897402142067
1.1703961248922448
1.1571583538217898
1.1399883074556467
1.205427892653246
1.226729610835104
1.2368941512975655
1.238564172850257
1.2358344043893739
1.2306058358825362
1.2141907266800724
1.195097744577175
1.1551113379999043
1.113907196436552
1.0304385285268693
0.9915817350403479
0.9353537565140029
1.2795275243946094
1.298959056061851
1.3072208539072379
1.3079442000312822
1.3060885034686605
1.3006699974352978
1.29484782699629
1.2743765292739662
1.2518985544619285
1.2124209485395685
1.1588642804316978
1.1212198779805052
1.0655837342447287
1.020712096974064
0.9595262417619788
1.3201204054030569
1.3378214383137113
1.3446316517442747
1.3414341767126565
1.335879847994912
1.3274134819678758
1.3043829664485243
1.2794786704670413
1.229889773005248
1.1789489097918144
1.1380918090394028
1.0783112564721378
1.0318999774775288
0.9656115455610229
1.3625577880746969
1.3774001865193621
1.381726939276813
1.3755623853740229
1.3579990378720197
1.3039285601618524
1.194360751877766
1.0852870718603729
0.9644711171493267
1.395196648454497
1.4020056815191297
1.3986724839886844
1.3853466142104056
1.3726443861369124
1.3439523764788537
1.3127477840037358
1.2554438123343823
1.1964752731151689
1.1579223675840216
1.0812905156989145
1.032086390386516
0.9554313793963011
1.4098618367561733
1.418326863623382
1.4164241017660935
1.403615366405514
1.390739559844243
1.3797386829791403
1.3469843228298444
1.312486847999785
1.2457552715766937
1.18540130627389
1.131277891264887
1.063601422133503
1.0043274914865703
0.9295220551490043
1.4147758256075804
1.4201135635482753
1.4155633379523473
1.3999171805870432
1.3869601421751205
1.371148179857841
1.3352336248219943
1.300259529135314
1.2326635027485187
1.1666337159045084
1.1247672808531268
1.0388537832940186
0.9793475377966249
0.9006897076900935
0.7779978870357742
0.7974515724222275
0.8418419356796838
0.8626120313549539
0.8752258863390314
0.9368644446656533
0.958818470753464
0.9714596882223275
0.9692899640126235
1.0329751919478078
1.0559717530448403
1.0641030426520715
1.067546983707683
1.0613145742952987
1.0990469623887993
1.120945282408295
1.127850712590497
1.1318590814091645
1.1308844990399922
1.1218172339288044
1.0954715689510268
1.0623030363740287
1.159907617444035
1.1816586111425627
1.1879543010573017
1.19085907856013
1.1872550651569527
1.1762704158623007
1.145045298855827
1.108271384650301
1.0285689735842638
0.934814391992508
1.2278212005409797
1.2474754771093486
1.2530600083013987
1.2540333390163554
1.246995917002644
1.2327271974742298
1.2013029400629307
1.1531809883982829
1.0637040642259779
0.9589904297835091
1.2648251082261464
1.2821045226932635
1.2859993830708163
1.2864154785583188
1.2769665532540557
1.260317713615016
1.219669556803692
1.1733018158938808
1.0764728962370826
1.3020958165020675
1.3166367300780077
1.3173542875098592
1.2849845448478132
1.1887994779523015
1.083500330384137
0.9639736909106865
1.3303635441776867
1.3349007409071436
1.3358396562617547
1.3326581783078202
1.3171532478142496
1.294179425160893
1.2456042204853848
1.1910914989569437
1.0795820675322303
0.9549571106530166
1.3402386731397302
1.3476039795956871
1.3455533927301164
1.3410523492755182
1.3212083298049682
1.2948211565065169
1.236739965909954
1.180358635647195
1.090670253832021
1.0620073450838372
0.9290904430690929
1.3414753568528521
1.3455887651589817
1.3421266500492508
1.334586255708517
1.3109737306491172
1.283355996858755
1.2238709442421534
1.1618526389889816
1.0373751735866767
0.9002960191777425
