0.8202143909877077
0.8407068274863682
0.8366334633272346
0.799345494404631
0.7537429587854201
0.7130755586615801
0.6701885128068025
0.6315376092875232
0.5756788873148203
0.49353442566368066
0.9004873534185212
0.9305740064184771
0.940833534751641
0.9451757726212104
0.9159705078909924
0.8651281679658235
0.8168454225604632
0.7650866463360768
0.718198728384743
0.6714949852739409
0.6262454284870265
0.5886291497369464
0.5164314740633389
0.9858237478838063
0.9992905920238443
1.0100548127323379
1.0222813001807955
1.0248930461137267
1.0172201065130262
0.966605682805923
0.9122045724570635
0.8521999646133299
0.7973782714265363
0.7426434974031746
0.6895658357693727
0.6454251477674189
0.5216252740785218
1.0642791598326453
1.0895107839362546
1.0953515060664185
1.1041911741393946
1.106919005690218
1.1064272556805541
1.0670658176301582
1.0086795904210597
0.9406569964200926
0.8775591056714074
0.8142885144002174
0.7528621346995178
0.701769336046434
0.6497106349865083
1.17434377188633
1.1888753644635655
1.1998851856283963
1.211514316841514
1.213666641568192
1.2073308220484178
1.1537302405040613
1.0761258929870874
1.000458111111272
0.923547536704849
0.8486048350695077
0.7862475973359521
0.7227563433289923
0.6665537098828852
1.2489309382645108
1.2634323026133778
1.2744638944417706
1.2847824430387507
1.2867628812474028
1.2877139829547182
1.256835093353212
1.1777832938754207
1.0936073705459484
1.0061987865474382
0.92052900598656
0.8491815487231354
0.7765845089667577
0.7123664382467686
1.2393483652480362
1.1510530750299326
1.0573027742924626
0.9648543303313515
0.8877711989093405
0.7400435674120233
1.3352240603334153
1.3616703724388388
1.3693468746284398
1.368080060681413
1.306871828651313
1.215949620991239
1.1153920667941197
1.0151782614160518
0.9314304627626694
0.846260474807528
0.7710065707110199
1.3845376070650857
1.4085243611821914
1.4150109318866841
1.3837910702662604
1.2949550610926772
1.1872423156839946
1.077498851370415
0.9853257369323799
0.8915503220042449
0.8088476934060923
0.7279170910658245
1.4203339133123352
1.4412608029916256
1.4472789877039516
1.4342654110069752
1.3577243285089307
1.2461315830925384
1.1288609524628368
1.0296605765527604
0.928621279603184
0.8395643082142552
0.7525129034494733
1.4729650156495895
1.4772017303731357
1.4753703807891418
1.4650381903639265
1.4222727704760605
1.384820417895851
1.3103654237895415
1.1855870433434597
1.078630411990575
0.969412305285711
0.8730434541700985
0.779194956623633
1.4829709398550017
1.4993703231759257
1.5002863169302298
1.478657185134981
1.37414245374782
1.243401443917069
1.1287276725345379
1.0110095165707615
0.9071380891881885
0.8060918558241674
1.523121501814863
1.5235521060269135
1.520600567687167
1.5028029497544662
1.4918522516896047
1.4485673711664175
1.3899826129113022
1.3155569684138648
1.1920371982336122
1.063642152742257
0.9499861875140991
0.8396020165647702
1.5353418302533448
1.5345708848938477
1.5267464493351877
1.5061370373329785
1.47620244184329
1.4299843374645458
1.3822604426209995
1.2524947385710399
1.1141834420613776
0.9909949019785793
0.8714025333019413
0.8276643707618003
0.8302710735865505
0.9152069977505528
0.9296290425479319
0.9113753205328555
1.0049759323690879
1.0074284087244743
1.0873628071609436
1.0613870744833866
1.1810695067433543
1.1912287159766068
1.1485472455031291
1.2593972946371865
1.24592723947725
1.2647114465477078
1.2969019411099396
1.3144182248133267
1.3400452567488041
1.2988088444585455
1.3598107182664787
1.383605356861868
1.3689939638046504
1.409325559627569
1.4116423733127978
1.3504362575018753
1.4098170555768799
1.436443247575965
1.4643200203444875
1.4571986977203466
1.3681435385801064
1.4838270997199927
1.4367266136461532
1.4833479648219707
1.3762531148635857
0.7606001673839502
0.778244527254291
0.8247298589772663
0.8436548466061574
0.8557538326009243
0.920881731044795
0.9413299132551728
0.9538064415595187
0.9599403616767717
0.9592069269802911
1.0196028633597591
1.0407554553643221
1.0529121088363513
1.0582215321265138
1.055312686091061
1.0329687048428322
1.0878541121284977
1.108883325820388
1.1207680945090361
1.124217326637374
1.1247562548248677
1.1236494167097208
1.1203390890186087
1.1086768191295555
1.0931870762404552
1.1521385467628593
1.1733190965954634
1.1838371974421416
1.1863869200958135
1.1843175147375513
1.1798619410169997
1.1652611761756622
1.1479580955341155
1.111318626778071
1.0733103553585286
0.995905830326119
0.9597684306662141
0.9073354475414199
1.2254592055591844
1.2449732098742055
1.2538285975591963
1.2550320449884793
1.2538423953739282
1.2493444036967514
1.2442676329912086
1.225896686045033
1.2054130866146258
1.1691195665061453
1.1195738892557952
1.0846174727498452
1.032821595551133
0.9909479412630541
0.9337145890055691
1.266166821389766
1.2841426557871651
1.291669000584442
1.289747621766103
1.2850476760551948
1.277605125951421
1.2567899593373675
1.2340617978203738
1.1883301669153583
1.1410928926640074
1.103074434097755
1.0473056885529124
1.0038882697223421
0.9417485103299568
1.3094746809858366
1.3248251611518866
1.3300892666959043
1.3254229023581643
1.309950948228492
1.2605951309421966
1.158961744411465
1.0570327392607677
0.9435801411126445
1.3436732628085946
1.3517734913118125
1.3493966596264808
1.3379443715006014
1.3265306694373349
1.3003777470221443
1.2716460725929648
1.2184937294853362
1.1635217746053121
1.127475835048878
1.055633519954983
1.0093895940377413
0.9371685774880061
1.3608243487817069
1.3702653608064044
1.3697136293528516
1.3588080893977241
1.347307908615782
1.3373343359520455
1.3073050651750926
1.2753901375378327
1.2132576982690566
1.1567709880937591
1.1059682730755125
1.0422798491205045
0.986331885988027
0.915598194829321
1.3685018955426786
1.3749971049424774
1.3719244747482535
1.3583261683864978
1.3466647343967677
1.3322549238038086
1.299166267291415
1.2667041138559634
1.2035668069654801
1.1416019847763927
1.1022148044007682
1.0211521883045171
0.9648391077803479
0.890203300728909
0.7397267197660216
0.7586930943630986
0.8010674483284791
0.8213596037036326
0.8339831544043593
0.8926897660314423
0.9142288378995498
0.9269910341346432
0.9263918254503953
0.9858819380577769
1.0085717146213025
1.016809270330148
1.020465422975826
1.016196902758042
1.0503617117762525
1.0720885001941038
1.0791407135025488
1.0834618953882529
1.083511147361585
1.075762272653113
1.052051342792844
1.0216985056304633
1.1101798132134455
1.1318949931008626
1.138445257649836
1.1417625556436428
1.1394145012702452
1.1298744539232521
1.1016332564131912
1.0678784895641613
0.9940976643457244
0.9068115227020072
1.177685967147893
1.1975948139754342
1.2035997222825068
1.205062826851424
1.1995539200519476
1.186946809492086
1.158393697616141
1.1140789989963975
1.0309972037106667
0.9331919329617605
1.2150056956337056
1.2326704466356224
1.2370565868389958
1.2381354965017506
1.2303646492066513
1.2155706934811887
1.178446888405981
1.1356206700007683
1.0455166316695386
1.2534084794694602
1.2686300889986775
1.2707186053362487
1.2422614435374055
1.153555161174014
1.055287344292772
0.9430911716378129
1.2834451194931136
1.2884925149129125
1.2900895847668545
1.287847304671499
1.2744141849555681
1.253815245562334
1.2089245075362887
1.158273128026773
1.053959066184433
0.9367005085695208
1.2959456962007962
1.3045019127290953
1.3034619136140468
1.299770175709765
1.282235660371869
1.2581818679461783
1.2044515286448094
1.1518312704801867
1.0676823326379385
1.0407088609912705
0.9151693464095725
1.2999869671922186
1.3055001528845085
1.3030342606258458
1.2966423826244216
1.2754939635408544
1.2501828062878464
1.1949469650960247
1.1369002152512155
1.0196881471744346
0.8898098002720867
