0.856737284092751
0.8755614072398037
0.8629004564619461
0.8171213533385893
0.7632265870758452
0.7157993868365943
0.6662583863875798
0.6219704020993434
0.5585904285375132
0.4670166898217687
0.9298358863397937
0.9577959575719617
0.9662810427436888
0.9669581258420178
0.9283830425018692
0.8682068893424009
0.8123507493682567
0.7531783644576855
0.7000539282540739
0.6476193062529427
0.5971734711685736
0.5556154971282087
0.47685600138533857
1.006140124362314
1.018547442400433
1.0281559769965927
1.0382732917520934
1.0401277982097907
1.023536952953255
0.9626379469384123
0.8999476953316767
0.8319012497680195
0.7703754571046704
0.709540608307744
0.6509631976003162
0.602692074938603
0.46984929277430965
1.0739574960444627
1.0962295764638932
1.1010286342854665
1.1074104949426633
1.1084453092600433
1.105193501391714
1.0549560884269356
0.9875358953481737
0.9108805377438033
0.8406754813424111
0.7709771841271671
0.7039017037951041
0.6485861831515822
0.5927376441027384
1.1649590085986306
1.1773982124202538
1.186361039619115
1.1946383601531534
1.1956836203473913
1.1814445321952438
1.1172736540357584
1.0301064815559646
0.9468136652410031
0.863206864288865
0.7825321707722279
0.7160085454835796
0.6489025032764626
0.590106340928806
1.223100763797263
1.2351978002480468
1.2436353242087297
1.2502031539289016
1.2508097585072822
1.2492613393909884
1.207855920749054
1.118221965797809
1.026042922191189
0.9318504282957781
0.8405564825153189
0.7652367925297362
0.6893369297678094
0.6229010722335169
1.1709914909607289
1.0744021008853295
0.9738376608453206
0.8758776993336981
0.795013180252017
0.6423563386485676
1.285668180776432
1.305109595427555
1.3076501321345102
1.3028962879207002
1.2282873300608885
1.1285660720733761
1.0211534880662256
0.9156231172287665
0.8283633171231094
0.7405572766701934
0.6638123573474883
1.318089312917748
1.3347043665808689
1.3352965460975432
1.2925327244717453
1.193823034106291
1.0790817772054009
0.9643042260577277
0.8690621745102312
0.7732076082876082
0.6895402855906694
0.6087238810366641
1.3394024110060154
1.3531764558024224
1.3532251026967357
1.3323804824894345
1.245012140195526
1.126057453318611
1.0039855617287008
0.9021220474559579
0.7995491356117664
0.7101138234071627
0.6238589442779879
1.3678529871152196
1.36698253595548
1.361829369770472
1.3469787746594843
1.2968558085438795
1.255827179080344
1.1767219247262188
1.0473206804543769
0.9381585198351867
0.828136363185933
0.7322307061069698
0.6397976672314654
1.368276518841108
1.3768046396166385
1.3702351676042828
1.341045052035913
1.2263890343116721
1.0909820237490715
0.9746509739918681
0.8568715615747647
0.7543046270831819
0.6557263793815761
1.3779328616396802
1.373682855831974
1.367817859211338
1.3441312941373205
1.3310948116082624
1.2832005609252726
1.2212573059656695
1.1446739089066063
1.019992350160559
0.8926445879085647
0.781595497009794
0.6748921169897638
1.3684608579666497
1.3634727954931802
1.3509491591491751
1.3255218514504048
1.2918279681997638
1.2427686301432035
1.1933331928834778
1.0625041824126904
0.926259220856236
0.8068643819826403
0.692465280430787
0.8602834767364118
0.8563379704800627
0.9400246995752095
0.9510985742326648
0.9237443945554736
1.0184294600767754
1.0137497806901883
1.0863275141730628
1.0494018026450804
1.1640192714812774
1.165917609151646
1.1123360085587812
1.2222827512332528
1.197574095135935
1.2255725672226638
1.2412157124622993
1.260851441297597
1.2768195683895227
1.2209025652863819
1.289771860531677
1.3034084430293293
1.2791008650967763
1.3187993493396064
1.312007406811966
1.2385534006373986
1.2859079681873589
1.323912944610915
1.3386257954932121
1.3223393326387551
1.2212676938203377
1.3318605329595776
1.2732040706318728
1.3064807191351568
1.188445501016957
0.7886901854817173
0.8054154373480588
0.8468490971286724
0.8644222158842605
0.8748993306991951
0.9312559657078263
0.9496162957626341
0.9598404225226095
0.9633441496440693
0.9596789333071053
1.0139141447135813
1.0320627403628369
1.0413094244336407
1.0432712187123667
1.0368805244731698
1.0082114038604812
1.0681214217846842
1.0854889297622672
1.0938102126532943
1.094984905610917
1.0941473118689096
1.0911460038166685
1.0858954213967893
1.0706123638933902
1.051962857245178
1.116275966917621
1.1329139278458584
1.139522307824494
1.137864369091338
1.1337287495552424
1.127225585334844
1.1087791365949775
1.088392490246977
1.046924832122879
1.0050011479029455
0.9211560724150627
0.8824244133018172
0.8266516963661281
1.1665094357617742
1.180725829538315
1.1848613077477483
1.1837915307770586
1.1801458772550053
1.1730789337328589
1.1662556885784043
1.143863293942442
1.1203709102733057
1.0801472186490466
1.0265354154892503
0.9892092291486022
0.9344514985095091
0.8904809689069831
0.8308546252435345
1.191027176080654
1.2030574855043246
1.205653645092842
1.1989790485015186
1.191916541642518
1.1821884307867534
1.1574905568129956
1.1318129048313081
1.0819450672921702
1.0315504403394977
0.9915361431284677
0.93331522013478
0.8883885896483044
0.8245113712764339
1.2126158428593028
1.2215379429993365
1.2213230231422203
1.2115967691033447
1.1915342121766317
1.1357741934975503
1.0281330242367146
0.9230920385881453
0.8082326278282423
1.2256256078732533
1.2258443140380066
1.220155704154548
1.203895815692953
1.1901021048255604
1.160443937103357
1.129186608078853
1.0731449616323527
1.0163009839473076
0.9794325645824451
0.9067360432250771
0.8603099808162334
0.7883882263906216
1.2199558334623573
1.222251919635729
1.2158327494789638
1.1997576178414906
1.1856335844335952
1.1740905156014927
1.1409994157040924
1.1070913202872543
1.0429869432976273
0.9859599486491977
0.9350757587001954
0.8719708189719858
0.817043805585794
0.7481797195824347
1.207883240249378
1.207060591166245
1.1982773691422903
1.1796858472059355
1.1657857060269672
1.1494445727641989
1.1137841399395907
1.079922019389545
1.015793133927314
0.9541188153947687
0.915278933529476
0.8362094670504475
0.7817985206467508
0.7104297069533163
0.7639849366498918
0.7817736736032166
0.819135939494919
0.8377549039941433
0.8482041712495536
0.8987741694692611
0.9178076927707015
0.9276949667784602
0.9212135842964193
0.9758219985882407
0.9949284974005486
1.001019375166681
1.0030780604549332
0.9920657521776868
1.0261986354684107
1.0437505402844625
1.0486365778381095
1.0507485759664217
1.0467285615985507
1.0354940168550153
1.0066183276764125
0.971842232041975
1.0700607311795074
1.0866802712548715
1.090727666445354
1.0915911494448696
1.0847187003268546
1.071630845318437
1.0380180002717407
1.0000440824439734
0.9195322590552985
0.8261908686764682
1.1147923830680053
1.1286099068128845
1.1312802497779062
1.1304911851589101
1.1199712350956315
1.103704757927617
1.0705394073627605
1.0216625015319658
0.9328629941917852
0.8304104844437488
1.1362668227723365
1.1475493780731898
1.1487869215596944
1.1468164862649939
1.133942322492144
1.115422817446251
1.0732681619535116
1.0267921997644471
0.9317911970451127
1.153460240939666
1.1615886168474037
1.1571913144975103
1.1199202677687885
1.0235576913328612
0.9216493829756777
0.8078410875499342
1.1629895953802267
1.164357818878479
1.1626538743806194
1.156888198896552
1.1383091593065642
1.1140828777051255
1.065133060047705
1.0119599055180883
0.9053872730678294
0.7880244016382643
1.1535961720738173
1.154232866816353
1.1490243524989217
1.1428285049033646
1.1203014848468311
1.0929934521908873
1.0358759345838051
0.9820256243101003
0.8974900186652058
0.8707585929332246
0.7478633551564621
1.1390387033105769
1.136464550209283
1.130238057678976
1.1205606883047154
1.0947571665363385
1.0667531803648092
1.0090315719341199
0.9504902330695362
0.8351208879670451
0.7101524395788376
