0.9544257527629234
0.9747376567096716
0.9590453326619851
0.9065566151160144
0.8446326361812911
0.7898077034433807
0.7321482913972122
0.6802030296045906
0.6051326940180053
0.4947377003656773
1.049123732185596
1.0801538037220377
1.0894224368325292
1.0896407657014178
1.0447387070493648
0.9750494910360409
0.910121688442568
0.8409651971559677
0.778494279141054
0.716420405626058
0.6563632701803312
0.6065501265727201
0.5113363746662368
1.147796106638394
1.1618603413737263
1.1727353276332573
1.184105818319271
1.1861648210539455
1.16633462855726
1.095304544922241
1.0220269125722163
0.9421526105743717
0.8695687475962443
0.7973975617182116
0.7276321000625157
0.6698370593213391
0.5092677364332572
1.23875138061623
1.264538346949767
1.2700913572397357
1.27746067558505
1.278590760109929
1.2747620213072435
1.2158313943474781
1.1365961526008812
1.0461914148608873
0.9630442307213476
0.8801668297660707
0.8000812318561846
0.7338156691800486
0.6666492402746252
1.366443564144935
1.3814434408117395
1.3922737184379077
1.402386789757082
1.4037191869807004
1.3873776933734356
1.311635980694481
1.2081145243958882
1.1088129405137872
1.0088034304089863
0.9120257805927654
0.8320589260411795
0.7511893695105409
0.6802176805561699
1.4531861713857
1.4680721667831476
1.478784289766009
1.4873723331362327
1.488337465160625
1.486860321631859
1.4385621786567753
1.331796085191591
1.2213410287628303
1.1080779305744641
0.9980263037998974
0.9071102807383823
0.815310821169938
0.7348867851904537
1.4077069820367343
1.2916571228689464
1.1703200135560805
1.0518523827612827
0.9539314173510408
0.7686857254849733
1.5540775626391246
1.5800009862042095
1.584640277514289
1.5797704700603417
1.491997875892664
1.3719608999425303
1.241880500312563
1.1137354253835752
1.0076564087258868
0.9007070085341579
0.8072082457607913
1.6121111993827857
1.635459967035108
1.6384134413522886
1.5897566104209961
1.4711034516234112
1.3316230595135246
1.191527078632753
1.0750833930725094
0.9577119737803922
0.8552210696650998
0.7563058870683771
1.654618357040999
1.6749599847431278
1.6777108680033317
1.6552437914419724
1.5511152346943928
1.4062444232548958
1.2566243826757997
1.131487738218007
1.0052726425578205
0.8951434424082821
0.7890163181866662
1.7133443613996227
1.71491782144394
1.7101697837080105
1.6939192603297983
1.6349668296843942
1.58543699188936
1.4888413748819083
1.329594743191394
1.1948075170184778
1.0585531231283982
0.9397479954654208
0.8254243090401685
1.7306977430883572
1.7462020730487162
1.7425432355651538
1.7103835850272824
1.5722207309034169
1.4051794095912884
1.260711443726157
1.1140000549260107
0.9861476884016094
0.8630945019639304
1.7773857629369905
1.7753769796022256
1.7700020924889752
1.7443263845181127
1.7292669416653605
1.6720609879071533
1.5963394908592259
1.5016931512109022
1.3456978978442122
1.1856732310793758
1.0459349975409822
0.9115231710801514
1.7960456441369554
1.793199275008215
1.7812287704308587
1.7529873213038731
1.7134779408927532
1.6536936508713855
1.5926721373216945
1.4288378738370286
1.2563498225090113
1.1046468993982073
0.9591211426371824
0.957574868127803
0.9518071317641499
1.0599351899599287
1.0718267793032985
1.0395283901228447
1.1612471676804377
1.155155994132525
1.2528542149248285
1.2093760047218118
1.3660016302808624
1.36886083887328
1.305736585601003
1.4540049503933934
1.4260287884499314
1.4678139689858223
1.4905066529352409
1.5247467741231926
1.5471446379781562
1.4827107037662908
1.578281970271295
1.5989599285427665
1.5725555514374254
1.633095028596852
1.628752893915441
1.5426534283936757
1.6203693840414914
1.6731701307758644
1.699826160962218
1.6849900833487974
1.5651775012701756
1.7237110214894984
1.6579668469773234
1.7254899378467883
1.5854594570301952
0.8782225127746153
0.8963089190358347
0.9515926625872267
0.9708933664564766
0.9822342279520079
1.0614463878940115
1.0821306592478355
1.0935501300469979
1.0972107533256883
1.092595137612459
1.174120723302161
1.1952979570212043
1.2060394264291159
1.2082562455784573
1.200660609783556
1.1667293582872207
1.2521260420936084
1.2729953667375487
1.2831497949769846
1.2846641835822734
1.283745979067265
1.2803028350603167
1.274123707325074
1.2561008732108805
1.2339832000454019
1.3257887624442306
1.3465958036821355
1.3551836492578546
1.3538330573756574
1.3491324559195077
1.3415774009574029
1.3198833989044085
1.2956527193391452
1.246159212962226
1.1958930500831373
1.0951476181579534
1.048505504716427
0.9812668825046368
1.4102595393839028
1.4292283942483284
1.4357400570888432
1.4350771132938065
1.4313420588679615
1.423353213418695
1.4154505152135461
1.389147242348443
1.361142586038927
1.3128386249931912
1.2481399408259042
1.2029579968580395
1.1364937686795034
1.083111667958996
1.0106237459185652
1.4575778434003241
1.4748039756118942
1.479813539229613
1.4733976213994648
1.4655659710135052
1.4543593915074313
1.425252840663806
1.394592475519273
1.3344487830644371
1.273308982840596
1.224538299633087
1.1535140003831057
1.098623556823614
1.0205149014082042
1.5087645469450064
1.5232046448605852
1.5256809666879567
1.5160910183602025
1.493374141667972
1.4269959229327234
1.2958484330336368
1.166895693147606
1.0251630268130274
1.548212669714665
1.5532235014095774
1.5480188309038105
1.5305824951540918
1.5147506729867635
1.479673182309371
1.4420003473251528
1.3735931197756324
1.3037216620598011
1.2582099713338515
1.1682054895051417
1.1105600714604844
1.0211865538853522
1.57294549298941
1.5815233969334708
1.5778566590879821
1.5615452267832761
1.5456920930507394
1.532368545525807
1.4930071540566858
1.4519358985302284
1.372962476913672
1.3021713327470616
1.2384450302524752
1.1593824585905974
1.0904155441559347
1.0037735729506454
1.5858362084100115
1.591176900531503
1.5850778018050904
1.5659789048517896
1.5504037322745088
1.5315393897226084
1.4889192825642399
1.4475739431184302
1.368354506094913
1.2906732447276643
1.2416772707609574
1.1416746469197976
1.0727089810443269
0.9818647346419175
0.8502211810855566
0.8693779549421061
0.9198927076904503
0.9402676868111718
0.9513828653674803
1.0238005896634153
1.0451950449107463
1.0560588089940153
1.047702381467972
1.129389399942073
1.1516495288483306
1.1587110280360413
1.161070625694137
1.1478086520846869
1.202466823784094
1.223569591798321
1.229531396636458
1.2321336305947674
1.2275483258905122
1.2142834267455132
1.1800445044120813
1.1386362108134507
1.2705193302906679
1.2913854288582978
1.2966491641856015
1.2980626282381575
1.2904691372654091
1.2751408823386765
1.235238987715055
1.1898041489199274
1.093144653066039
0.9806950481411966
1.3477611557700078
1.366537429094995
1.3707455404576971
1.3704068568783572
1.3589983518766358
1.340075835527861
1.3006599433230748
1.2419394167768023
1.1344573888276424
1.010048117791444
1.390853107837216
1.407335786875586
1.4101041535156884
1.4088208096030288
1.3948613606167433
1.3733896901853084
1.323174860819224
1.267098516873372
1.1515040632300921
1.4361281713900902
1.449896828100147
1.4477726634475048
1.4058035988243887
1.2896548603274234
1.1649134335606655
1.0246132302185376
1.470541182463949
1.4745184816592303
1.4744876421955624
1.4694712282838776
1.4493602361527684
1.4212328806949215
1.3624911484261513
1.2976551868092647
1.1662839672540988
1.0206535358550337
1.490057816602144
1.497024560700789
1.4936316334259419
1.4878220864415348
1.4633355025828374
1.4315864970004553
1.362587419007462
1.2963647799498685
1.1910297795493503
1.1575435545839063
1.003273105780745
1.498327637938996
1.5024952720972176
1.498008837838685
1.4888009561901954
1.4605463115250925
1.427793921429638
1.3580491773000734
1.285059224212739
1.139928535523093
0.9813947223531777
