1.403789748528275
1.4378628099411241
1.4303608342208818
1.3665469655177598
1.288026417081429
1.217355073835428
1.1422638002524417
1.0740027446799658
0.9743333262339782
0.8255143846482412
1.5722585789719683
1.6240539354612433
1.6417358326446005
1.6492008124090896
1.5985341129178616
1.5097750095783617
1.4248026192475733
1.3331059722024459
1.2494211355012503
1.1654601261033624
1.0835844698547663
1.0151371387393304
0.8826742653703685
1.7514078898682128
1.7752184810730218
1.794295584203392
1.8160490404995644
1.8207385768316806
1.807836237658193
1.7185680804186239
1.6217428481456646
1.5142873636595526
1.415447141166233
1.3161447623724252
1.2193285185475522
1.1384506955266958
0.9099980200088007
1.923610279364948
1.9696871376397336
1.9804326628820408
1.996877787665024
2.0020517099245283
2.001734595719348
1.9321831592765661
1.8272230883247185
1.7040958529170172
1.5891320311699748
1.47322553933102
1.360176708554837
1.2658025844417615
1.169268021813154
2.1782209760993596
2.20612704938881
2.227443169726679
2.250328030296507
2.2547365668721238
2.245668410525728
2.14883570437906
2.006343918062786
1.8662468525720965
1.7231441798247624
1.583164700810961
1.4663648143486545
1.3470787164701614
1.2413194282848958
2.362299082469636
2.3911495147891535
2.413414939358511
2.4350630502546013
2.4394930507482897
2.4425350785518987
2.3887674628028863
2.242766171728376
2.085178981995994
1.9205961826469045
1.758675256760052
1.623483003234483
1.4855523274375908
1.3633982756846064
2.390394660725228
2.2241708130583815
2.0463584506135772
1.8703144852963245
1.7231604991700764
1.4402738193476017
2.591519257358193
2.648336118206376
2.6670814567045578
2.667067884422171
2.5569099176147168
2.3850006184804746
2.1927946986661073
2.0003310646848043
1.839057325674373
1.674611753568502
1.529181236009864
2.7341137054029057
2.78816251475979
2.806280166888907
2.754440781936829
2.5868307804437114
2.3792335939315903
2.166268642424749
1.9868072237752554
1.803711248724272
1.6419003923209465
1.4840177411558018
2.8456720000677893
2.894916234982054
2.913153800310001
2.8950987851737975
2.752717644554681
2.5366928976556555
2.3072660175010746
2.112351193083989
1.9131998503482044
1.7372468955794023
1.5657376840563497
3.008853458819748
3.0234181775359974
3.023638027037457
3.008073715837156
2.930330540244293
2.8588000074019106
2.7137792281042996
2.4677133494180112
2.255445061183904
2.0378687351785287
1.8455880188731777
1.6583505946983015
3.0725877784698152
3.116742683032573
3.1290357583782016
3.0952439790545507
2.8958161795983384
2.6365719274921107
2.406776216133788
2.1697157779223684
1.9599899670746286
1.7559393933049496
3.2404591818840074
3.2489438999032956
3.2475057894097454
3.2204584721114293
3.200979996281213
3.119519833498259
3.0047934535983294
2.855831392166829
2.605644958842884
2.3434353090711646
2.110591511341281
1.8841390326694305
3.343757848007081
3.349964780272116
3.3427277380690508
3.309181899474696
3.2542014413727784
3.164388237843819
3.0697212088368797
2.804500377336717
2.5185256398158886
2.262501156332405
2.01326043564193
1.4159595732900037
1.4196892225899285
1.597654383205754
1.6224261098987134
1.5906004692048468
1.78573505119753
1.7905230629809274
1.9672207854792854
1.9218699290146635
2.193538621316763
2.2153618265311845
2.1390437015594697
2.387781286483516
2.36759297276228
2.4220852570846794
2.4941199727394454
2.5535930048074307
2.610704590313074
2.540589925911336
2.6879678199907473
2.744109052823082
2.723771665963142
2.8332156930170322
2.8472638426850825
2.7371798137705112
2.9031732870298703
2.97402848990804
3.0492002180668574
3.0473735294167135
2.8822608759958164
3.169995915660856
3.09192772111813
3.2544634121306206
3.054290226245446
1.3035290597899107
1.3328556482821614
1.4339441415950456
1.466157597849897
1.4867031935517425
1.6374390841048774
1.6735635668409536
1.6957323659530497
1.7066730534309236
1.7053786153083133
1.8582621875906828
1.8974485962276897
1.9201908835356207
1.930521343134429
1.925843827606543
1.8858960067303765
2.0201950217400513
2.0606488176000686
2.08407492036588
2.0912225521579564
2.0926823411464106
2.091241605107078
2.0856205138266057
2.0649205899463463
2.0368020199092802
2.1821911120031015
2.2248678614327155
2.2468429420629707
2.253809552598609
2.2507473296505953
2.243204891685287
2.217209628306041
2.1855117757917073
2.117621223480057
2.046483560608824
1.9010016683129949
1.8328288704105697
1.7336972385895084
2.382987295780877
2.4248880002777446
2.4457830993068153
2.4497859220867144
2.4492190507328178
2.442274181394311
2.4334898377598395
2.400512453688395
2.362529992439453
2.294267252548983
2.2001043451245534
2.1333433111515405
2.0339639094045205
1.9535631914079548
1.843369479723011
2.506079216523734
2.547057979062303
2.566313611285607
2.5669483776987523
2.5597186228231132
2.5469905912993096
2.5092226187615343
2.466724475704584
2.379725077021791
2.28888928147483
2.2153763317556163
2.1072012976627317
2.0227635074318937
1.9016761075275126
2.6535918767662725
2.691975582943062
2.7088645332394474
2.7051420009803047
2.679367195834712
2.5873595443994684
2.3901719462949496
2.189705167140969
1.96513531500437
2.7802529400691762
2.807308902885098
2.8072128289495164
2.7901748986744117
2.770327035008411
2.7220303372250325
2.667131602652564
2.5634566514962462
2.4549925229147918
2.383344751399797
2.240007285016005
2.1474218598078134
2.002392879367664
2.896467085292025
2.928578116599509
2.9372378663752245
2.9237721290980834
2.904576377152724
2.8868645741207697
2.830550566742566
2.768859863497017
2.6454991256878353
2.531814351112712
2.4286904815667527
2.2990150014352495
2.184660397654608
2.0398503940849637
2.983705435474552
3.0115464134905863
3.0164870301855182
2.9984156020559767
2.9788690462988883
2.953083046339639
2.890465412104896
2.826610641874611
2.6997586014138912
2.5732237075518447
2.4920716102260916
2.3244917686341053
2.207611997856205
2.0522163464332137
1.2680244101228313
1.299507863439701
1.3930884222981843
1.4276044002720742
1.448895986760879
1.5876584165293828
1.6257888865216619
1.6483290840209845
1.647213362741587
1.797315600065447
1.8394205497221183
1.85487075818333
1.861838289160361
1.8550314468414084
1.9513831350435702
1.9933164379757782
2.007217093290137
2.015959254172024
2.0173192252912715
2.0038044977770166
1.9609092530730563
1.9051468120839878
2.103881628111905
2.1478951458210855
2.1615248238063582
2.169041497179175
2.166810927668053
2.1501978455088233
2.0986555412253716
2.0358190956859645
1.8974319896526728
1.73265539052453
2.2919823211467323
2.3353935105697206
2.3495940859976736
2.3539618392307524
2.3469709817708875
2.324924349113775
2.272350515902387
2.188827996852522
2.030189866574613
1.842276439810441
2.4072024616070578
2.448222527708589
2.4597721440836526
2.464680784054431
2.4539589930800667
2.4279579147662935
2.3589081445493862
2.277308431767254
2.103376439581102
2.5437392555845113
2.5824999078105644
2.594364050905544
2.547368930541729
2.37823460590882
2.1857989138500455
1.9640206011352483
2.6605690250761898
2.6757624010460144
2.6834055753455814
2.6838291169645165
2.6637311266888197
2.6269315437451093
2.5417275554194187
2.4429829436322685
2.236111565754748
2.0012787524609794
2.7652512439805457
2.796579661409933
2.801550334752475
2.7984526614484233
2.7712292848243947
2.7279167771013113
2.6243344704038045
2.5198268216837403
2.3500268406577014
2.295117020261805
2.0387519583248506
2.841992629215991
2.8696115862938485
2.8721534185454507
2.8656833846284138
2.831973540107097
2.7855389626869274
2.678073163324998
2.5612465577951076
2.320656419500576
2.051143708140155
