0.516981602923466
0.5281436643611036
0.5200750458080486
0.49209267401667767
0.4591173161352226
0.43000317544123556
0.3994674891711723
0.3720295254073851
0.3324708933709571
0.27441064509498375
0.5634807705733663
0.580260601597585
0.5853235201714235
0.5856113824394534
0.5619983652608044
0.525216988150878
0.4910015462504405
0.45462945526244564
0.4218366404820235
0.38929714669516985
0.3578534087325548
0.3317724103426733
0.28184942702794225
0.6121634046726245
0.61967756970967
0.6254963184202714
0.6316191049356518
0.632739638936707
0.6225810670769043
0.5854019259011988
0.5470511886494153
0.5052990890214483
0.46741024469539244
0.42977240764285246
0.3934150649261931
0.3632840733813567
0.2792771691243951
0.6562904105590908
0.6699344131250078
0.67288143170192
0.6768246187997575
0.6774810662312817
0.6755436231827284
0.6449841477771554
0.6037979491912622
0.5568262124952642
0.5136635076313142
0.4706653085771334
0.4291271160119579
0.3947329920387107
0.3598386434099325
0.7171530801097918
0.7249417782991734
0.7305765553351675
0.7358693682734454
0.7365743018251065
0.7282548796852278
0.6892763955670261
0.6359508173892964
0.584837159805034
0.5333522242582511
0.4835180695770631
0.44229868764509195
0.4005611113177863
0.36384388720686484
0.7575977788306753
0.765247398383948
0.7707590981830108
0.7751627072115299
0.775667229885351
0.7749258412468699
0.7502236148400028
0.6955710553811616
0.6390474248477205
0.5810723186818976
0.5247099608437268
0.4780908856957061
0.4309544138142703
0.3895792211926414
0.7317885809025693
0.6726131549564954
0.6107190811952842
0.5502467388724686
0.5001983665121362
0.40525998055568035
0.8034922601317448
0.8165489976815467
0.8188315290878129
0.816327646932096
0.7716392397336724
0.7106574699914546
0.6445546064151557
0.5793845851245712
0.5253588061617817
0.47081289481251937
0.4229990568885803
0.8291156876084381
0.8407056236080445
0.8420545089655228
0.8172360798440466
0.7571798135623835
0.6866176193816559
0.6156888130325864
0.5566493239041073
0.49704816162556514
0.4448675842870914
0.3943228493081861
0.8473697027610261
0.8573400149705468
0.858518044660708
0.8469699147465848
0.7943322253259056
0.7212775189283008
0.6457964787061357
0.5825593579975206
0.5187174629293585
0.4628507102369235
0.40882115201285313
0.872820973051883
0.8733931164654435
0.8708864117939693
0.8625698133113973
0.8327614463024393
0.8078384344389468
0.7592760430715064
0.6792430729941732
0.6114160556217803
0.542746731752086
0.48271846277129643
0.42475459773335045
0.8780578293491351
0.8853777598091477
0.8830763189084511
0.8666497048066979
0.7972279789369066
0.7135631258111358
0.641144877577981
0.5674999446824738
0.503112255282946
0.44103012617446297
0.8956571390440443
0.8943296270494948
0.8914727693239406
0.8782968594810183
0.870791639693657
0.842019890082944
0.8041356548118084
0.7567448853949059
0.6790528033186747
0.5991374043254655
0.529135583755085
0.4616361742195926
0.8996836061333998
0.8979067280158209
0.8915721953746197
0.8772135308866926
0.8573052995688528
0.8274418136699893
0.7970698283446975
0.7156122581318385
0.6298499405091009
0.554354167387998
0.4815259447964842
0.5189004319496505
0.5161432938393462
0.5694958302426932
0.5760506983021361
0.55920217278501
0.6195679063608706
0.6166435590710573
0.6640219375960368
0.641588534001865
0.7170175137227738
0.7186529770095277
0.6862165287817291
0.7580861078104081
0.74378759566371
0.76249873784648
0.774038390888537
0.7885480921655009
0.7997942464689765
0.7669330851153131
0.8119662926550066
0.8221663782551976
0.8085920849413594
0.8362444147489457
0.8337467508714076
0.7901100849422653
0.8255320083057505
0.849572351359922
0.8620778266846283
0.8541675353797692
0.7937698782960368
0.8685810693994772
0.8351671426631159
0.8639655195026588
0.7936038550601329
0.47588887239906835
0.48581712226313456
0.512554392225023
0.5230491570797763
0.5292657963587722
0.5666681507937377
0.5777651356360155
0.5839328354870151
0.5860099438424794
0.5837203614459537
0.6211220808937487
0.6323055887218398
0.6380299441046708
0.639299104368207
0.635454641214902
0.6179771668751995
0.6580740040430365
0.6689666708639731
0.6742954025646865
0.6751392764152342
0.6746964948902927
0.6729483691749991
0.6698063282003024
0.6605679327264766
0.6492159539235912
0.6922683822744169
0.7029745807759503
0.7074159817894905
0.7067724257867479
0.7042811555230098
0.7005288696908546
0.6894317363772534
0.677048829902455
0.6517300454343207
0.6260223610638755
0.5744494711694935
0.5505643635343574
0.5161121272641934
0.7303749207048741
0.7399599637139883
0.7431950009765509
0.7428389391975
0.740907568795864
0.7368475417115846
0.7328332876721234
0.7194274607927209
0.7051896048316154
0.6806364512699484
0.6477383150145292
0.6247638243866107
0.590972191949074
0.5638001791329246
0.526878628053739
0.7509621825953668
0.7594993109042695
0.7619355214187402
0.7585853855066932
0.7545713734812028
0.7488722611826717
0.7340911249357503
0.7185531248396182
0.6880799080360926
0.6571069232504351
0.6324220142779371
0.5964332452776921
0.5686000268697952
0.528958253852284
0.7722427639353016
0.7791513762934609
0.7801751135907298
0.775177350961358
0.7635857029600258
0.7300432419506122
0.6639126746781954
0.5988185179872891
0.5272925939399744
0.788013808095603
0.79009307035389
0.7872968282700412
0.7783440531569173
0.770292875418375
0.7525794706404567
0.7336052741207229
0.6992291798644302
0.6641087349447997
0.641241805595997
0.5959758419142505
0.5670054266946328
0.5219910674407903
0.7946892828815131
0.7983533187432756
0.7961276667941128
0.7875872471549115
0.7795333543174002
0.7727437947358675
0.7529682532841082
0.7323225602410582
0.6928095074781877
0.657401788394109
0.6255666774592117
0.5860007614847935
0.5514616640042797
0.5080121663922478
0.7964001227748725
0.7983488877245792
0.7947821464992488
0.784846529041675
0.776913627889897
0.7673729526536432
0.7459530880965852
0.7252901803859333
0.6857238699545282
0.6470304880356286
0.6226218777884653
0.5727795201880679
0.5383341699204317
0.49293069308987425
0.46088522278342925
0.47141871690710435
0.4957061421434349
0.5068043537761847
0.5129546217519902
0.5468857364318277
0.5583811439483989
0.5643121360578649
0.5602147910605643
0.5978776516262281
0.609648678372897
0.6134209379791409
0.6147135207032308
0.6080621029237031
0.632454722681358
0.6434874401178146
0.6466165343221617
0.6480273539109364
0.6457570820153008
0.6389959352227276
0.6214191077427207
0.6001387046421353
0.6639533091195677
0.6747125209010774
0.6774340352239459
0.6781875012357876
0.6743290604089999
0.6665162320538228
0.6461219131332598
0.6228949143508263
0.5734204512233065
0.5158183020623028
0.6986124423388018
0.7080789999719365
0.7101888180116924
0.7100072670523683
0.7041501198288772
0.6945146216689083
0.6744636629417714
0.6445967651865111
0.5899406963698676
0.5265872392519755
0.7172310210819827
0.7253901952179123
0.7266953331698242
0.7259917323070055
0.7188231471979375
0.7079019756884999
0.6824178194873702
0.6539886927698632
0.595424781175357
0.7356528338780614
0.7422791810850737
0.7409279262848798
0.7195182677844459
0.6608400467953507
0.5978364825379955
0.5270208996920417
0.7491218955636461
0.7509266411540347
0.7507082095299781
0.7479936452207012
0.7376569000777425
0.7233922924562427
0.6937701471665999
0.6611284826312676
0.5950339294507262
0.5217307221046851
0.7534379986723267
0.756227169028199
0.7542096678981005
0.7511122347567535
0.7385473250720782
0.7224822657157839
0.6878019848766695
0.654593205187619
0.6018753807820049
0.585114607481314
0.5077723969716846
0.7531351648067302
0.7543231312678718
0.7517317897240582
0.7468428212651521
0.7323369856141655
0.7158069273960809
0.6807922535374878
0.6443495512440893
0.571949856063672
0.49270912097565334
