0.9587792330837738
0.9814167938220448
0.9724266684341387
0.925405334184142
0.8689145817514703
0.8187713779485273
0.7660570419075796
0.7186250993709692
0.6501651901072284
0.5494566843802393
1.045357533829802
1.0786426996711316
1.089465384499188
1.0925759217197777
1.054470703932739
0.991620445552531
0.932503200747605
0.8694042264507422
0.8123708740272818
0.7556620572781609
0.7007565662937698
0.6551256540368755
0.5675250895697652
1.1368990062827966
1.1517066752295737
1.1633855705831315
1.1762532536633752
1.178845626111592
1.1655934220594275
1.1026602609808254
1.0363580819642415
0.9636839152947816
0.8974927743644622
0.8315533522983527
0.7676859298252859
0.714612678375784
0.5658061614444295
1.2197752312562096
1.2469740567887801
1.2530908257538798
1.261904173922303
1.2641560275221424
1.2621985337995245
1.2119181324495754
1.1408580267573065
1.058922846668998
0.9832474308824334
0.9075893648827589
0.8342536940848538
0.7733299979540137
0.7113196540940896
1.333968258078327
1.349404117308524
1.3608633672879749
1.3723792229392944
1.374266776202363
1.3631207658157878
1.2969595582581668
1.2039588419040728
1.1139855073731784
1.0229308229825396
0.9344252776190483
0.8609208167841568
0.7862056708306577
0.7201792307305245
1.4096619718536278
1.4248501567571432
1.4361005087939338
1.4459318240689942
1.4475013832744947
1.4473360896898844
1.407109363426476
1.3121556754710522
1.2125804187391864
1.1097753532187995
1.0093426194384834
0.9258963888115708
0.8411692103673747
0.7664369986577786
1.3774465544357204
1.2732038017767424
1.1633227299419564
1.0553926011870007
0.9656417153749256
0.794233655787815
1.4951333066343366
1.5216332595302058
1.5278084310547304
1.5246677471705936
1.4488151007249799
1.341515853102431
1.2240616691624195
1.1075771388496973
1.0105326552365919
0.9120977410422995
0.8253557732872122
1.5425372135140218
1.566089707652964
1.5705871795900073
1.5296884802924713
1.4244261492172061
1.2990154900199167
1.1720718574172704
1.0658465412762443
0.9580971614354606
0.8632496473814415
0.7708513404000136
1.5760151671095526
1.5962467902286737
1.6002059605630528
1.5817872735938792
1.4900920458489662
1.3603076474770643
1.2251246604562867
1.1112707056997255
0.9956912908444836
0.8940278373659909
0.7951409729881961
1.6240987697361802
1.6264830110675692
1.622873741240938
1.6090994879984772
1.5573379591702974
1.5133550581275308
1.4269938929437858
1.283595356669185
1.1613028060995256
1.0369882074982812
0.9276386134629444
0.8214539910393568
1.6311238637881516
1.6460006243796172
1.6435949505484788
1.6157068148792098
1.4929850645212897
1.3430841810810048
1.2125073672259097
1.0790470289628364
0.9617211477139141
0.8479297051726741
1.6628863345097817
1.6612742311553106
1.6566541963261106
1.6339428854420355
1.6206852904613107
1.5697913942263
1.5021583170192634
1.4171542720582007
1.277033858173153
1.1321467154030302
1.004517543614351
0.8808970993089547
1.6675540223222545
1.6648307711634411
1.653960468741196
1.628723321055404
1.5933230545629153
1.540024226942939
1.4853957773849082
1.3385088283428992
1.1830831750811701
1.0454168234310812
0.9120917247699095
0.965371113140532
0.965045794271957
1.0599027135195418
1.074677784415535
1.0492065057911775
1.1552718749663144
1.1544479320351553
1.2406325020794118
1.20552754603982
1.3377720986570518
1.34514859252576
1.2912043229337409
1.4159308259657941
1.3950644169352437
1.4206987001920148
1.448954938379033
1.4696529570342765
1.4939140290288635
1.4400225896473302
1.5128619102651932
1.5348612464780618
1.5136373227678805
1.5590097407619365
1.5572933907417177
1.482246549856209
1.5439704196127806
1.5796149509031052
1.6050040385931204
1.5927442340086904
1.4866091323959585
1.6155360577034952
1.5572468355058346
1.6046482482680056
1.4790973658258757
0.8863396259310403
0.9060757775597273
0.955626690565916
0.9765559239541121
0.9895482625564688
1.0579691519076873
1.0801970907333858
1.0932511778507104
1.0988889942477793
1.0965474878576755
1.160966512521916
1.183466664558393
1.1957988913477924
1.2001137116363314
1.1950203419598724
1.1663579502520791
1.2307200073230538
1.2527202474802728
1.2643979090370554
1.2671579955555785
1.2670727733889633
1.2648439093237953
1.2601003475004793
1.2450109942419592
1.2258385288679063
1.2950707596698185
1.3167929602171262
1.3267402622056566
1.3275304760508473
1.3241284122497912
1.3180426833872632
1.2995378444616166
1.2783441387015744
1.2343100441691133
1.189154236383542
1.0978816563669886
1.0553922613208868
0.9939383775839148
1.3663657750301152
1.3858529524333334
1.3935393838505958
1.3937795008169849
1.3912317610790008
1.3848580705623055
1.3782584128096254
1.355435885902677
1.3307330843863596
1.2876380980842286
1.2294086478119906
1.1885425886365317
1.1282299226290633
1.079564989913244
1.0132308111574004
1.404523377400705
1.4219776721577617
1.4280867237141235
1.4235826540205865
1.4171178839600134
1.4075834025496512
1.3821582314950298
1.3549431145197508
1.301118882314999
1.2460200959558607
1.2019141169292495
1.137395298752061
1.0873313898736943
1.0158226924071578
1.443245222937738
1.457519817492972
1.460870395247346
1.4531849410853486
1.433513839026554
1.3746825048428428
1.2566824415551119
1.1396428345617933
1.0100723589826068
1.4721836526553285
1.4776706133216453
1.4733764975696375
1.458421131496571
1.4442562498520535
1.4130770581251433
1.3793898802805904
1.3179278732525814
1.25481654338964
1.2136353313170303
1.1317788605019081
1.0792459757366866
0.9973701092090064
1.4817038772468438
1.4891247994861758
1.485891341462732
1.4712621889322142
1.4571055154743522
1.4451376782514456
1.4098664693315988
1.3729081021598777
1.3018085467968712
1.2377872943535795
1.1801632801691144
1.108326499793692
1.045358736961149
0.9658792216814411
1.4821285042679846
1.4862536071020414
1.480311098553722
1.4628124907522642
1.4486879950252685
1.4316064550171457
1.3931334072992876
1.355899973876542
1.2841544391863433
1.2142734251090876
1.169958673718653
1.0791383654283933
1.0161782671266077
0.9330497627742027
0.8605302119457484
0.8816361792636322
0.9265652154352807
0.9488796511339121
0.96217876456824
1.0236962473187785
1.0469376757524085
1.0599907235422408
1.056248359402612
1.1204506416204523
1.1443853878240402
1.1526401645086015
1.1559715350627575
1.1476268722684737
1.1859530393523068
1.2084780326063622
1.2153678619283825
1.2191439514416833
1.2171111567904662
1.206554563042374
1.176909420970046
1.140120106585489
1.2453893749677045
1.267441158910386
1.2735881175815564
1.2761735114358357
1.2711420760505496
1.2585118684476893
1.2237222888356702
1.1832348412034868
1.0959240577383087
0.9933759562368095
1.3103564267459846
1.329885762843637
1.3350193300114732
1.3355606124325499
1.3268175523492807
1.3107107075156736
1.2760409728727484
1.2234900612923234
1.1262784864243764
1.0126768428232875
1.3449036336058158
1.3617542859912843
1.3651814139020924
1.3649129456851559
1.3536317665567168
1.3350330158237653
1.2905140764439837
1.2401690079929713
1.1354963839520027
1.3783734386157511
1.392192674629096
1.3914654910375786
1.3551139464883348
1.2509540628576572
1.1378079806784152
1.0095635887618795
1.402934248273238
1.406935704246612
1.4073930558158516
1.4030650257045412
1.3854918685219177
1.360487167920063
1.3078207301099352
1.2492943492091424
1.1300315684056088
0.9968869036236848
1.407760901485063
1.4138505895895566
1.4107819022554355
1.4055150460341979
1.3834850784096875
1.3548430215210778
1.2926024497194375
1.2326425728621313
1.1371191553575815
1.106707205281409
0.9654418517766266
1.404622326314162
1.4073402511535962
1.4029214548281
1.3943009374700828
1.3684128101460602
1.338675722841827
1.2752074646495153
1.2094135221727313
1.0776393626940377
0.9326520160805543
