1.0504519855870489
1.0763613808582917
1.070122499680484
1.0215306563688291
0.9623246157882801
0.9095756326929223
0.8539787145318586
0.8038975738243647
0.7315583212326235
0.6253484736038657
1.1539977799456347
1.192192929152223
1.2050977097631812
1.2102235232876906
1.1718058999264165
1.105703620034708
1.04305747004799
0.9759570776012119
0.9152113125308124
0.8547333579972972
0.7961855048791552
0.7475571130367209
0.6543724018761569
1.263867687985631
1.2809965189403172
1.294653730289355
1.3100814059859638
1.3133443682360275
1.3025380175820485
1.2365783255085734
1.1659292189309005
1.08812614236811
1.0171025974822703
0.9462320515335368
0.8775670640216797
0.8205166091815248
0.6608753108454789
1.3650083247840692
1.3970675588503352
1.4044680933621119
1.4155622400329448
1.4188834232386502
1.4179725327762616
1.3663243232269715
1.2904414470755832
1.20221060509253
1.1204507837197168
1.0385331530228326
0.9590732235211054
0.8930448917142416
0.8258360627435498
1.5070556169209604
1.5255664435334642
1.5395463676118573
1.554201751443639
1.5568671670394991
1.547981960165182
1.4780315021515398
1.3772712297788912
1.2791823397576054
1.1795960921854576
1.0826458280657292
1.0020810908708073
0.9200906323768419
0.8476229690468824
1.6034550361969873
1.6219349120430204
1.6359450890653966
1.648937822107744
1.6513716391236033
1.652390078742016
1.6117048850996651
1.5089203136062088
1.3997446032970688
1.286537955062769
1.1756929389582977
1.083475926163293
0.9897451142606065
0.906929054676512
1.5887578112854426
1.474212546306011
1.3527573794137657
1.2331251198010653
1.1334831843766817
0.942914097466949
1.7151634272729963
1.7488182363322087
1.7583682571891404
1.7564761312977741
1.676462150769673
1.5584271657847455
1.4281159789400824
1.2984101462539093
1.1901354305941825
1.080138040404843
0.9830680084095389
1.7791175858053556
1.8096590868183022
1.817671464076351
1.7765708530070508
1.6610995713654866
1.5214553716637342
1.379375017682976
1.2601784188447316
1.1390340466404636
1.0322194502405782
0.9280554873455519
1.8256255495020401
1.852289501132903
1.859737373521253
1.8424542209456602
1.7428090660148823
1.598066405469422
1.4462014776127707
1.317885778604348
1.1873354453272937
1.0722727550179907
0.9602129162399657
1.8936479782941356
1.8988805535786135
1.896335707715199
1.8826782428304552
1.827000277074251
1.7783424016775615
1.681751419500386
1.5201068005801206
1.381721657803475
1.2405645048824843
1.1161664122669377
0.9951803596158004
1.9073348126333223
1.9282396990286683
1.9291144963619287
1.9007703130103741
1.7649185024454834
1.5955445821055279
1.447129102937039
1.294940431067758
1.1608099386960435
1.030506333013517
1.9596264965826866
1.9600362985189548
1.9561083540691349
1.9328538439706409
1.9185887337513072
1.862346442244861
1.786334182288768
1.6898692022999848
1.5299314091459457
1.3638738116513118
1.2170580592510265
1.0746443942264647
1.9762101618678412
1.975103374894718
1.964916544554561
1.938109247489601
1.8991269217206006
1.8391556525762167
1.777275525031503
1.6091917655528005
1.430224948044248
1.2710270696891255
1.1166645954515717
1.0594706854579594
1.0619891466030185
1.172281573679331
1.1903213680580746
1.1659279339436104
1.2876420158267496
1.2899971427089558
1.3935261690866736
1.3590481973454749
1.5150101605997364
1.527312095074476
1.4713830424397683
1.6159950670562617
1.5976934088423005
1.623758937662504
1.6640080296982385
1.6879817009565716
1.7204003314794403
1.666094008875396
1.746901605086855
1.7770164295753936
1.7575207578603935
1.8108165186968777
1.8132998821306612
1.733422975666972
1.810941406001939
1.8471126947423466
1.8826821140757524
1.8730738046243705
1.7571801236682156
1.908449845268999
1.8470492550970417
1.9086237054301876
1.7695061495404691
0.9734580753386424
0.9958254725199894
1.0558952605226382
1.079897580800921
1.095152110882111
1.1796035332347434
1.2055548323312224
1.2212860870436353
1.2288484820904988
1.2275798658653465
1.306765146266616
1.3336299425151323
1.3489483385893632
1.3554328630975134
1.3513468729154838
1.322001512072939
1.3947944176861926
1.4215154294716712
1.436484213053837
1.4407103044889593
1.4412768413185968
1.4396812511221788
1.4352391113021261
1.4198975508657452
1.3996692654880827
1.477816635826055
1.5047429318846743
1.517976523318099
1.52094188971239
1.5180730327440244
1.5121607099276972
1.493025188696836
1.4704523558017366
1.4228383768221338
1.3735223961333192
1.2732381349890791
1.2264620696442021
1.158641864819278
1.5726812095652407
1.597506047872352
1.608619265741492
1.6100131404005182
1.6083068622378989
1.602330144650065
1.5956301563405377
1.571633836536365
1.54497164615919
1.497839800550641
1.4335945928280207
1.388306254136707
1.3212538595264602
1.2670844113753066
1.1930927592572986
1.6254687215406578
1.6483422580406621
1.657708757636668
1.6550230681809086
1.648769403118569
1.6390059396334373
1.6118622043234636
1.5823109792349195
1.52296257980427
1.461738633920327
1.4125049753024288
1.340332684602475
1.2842008985316982
1.203873618904567
1.6817998815422999
1.7013495978916504
1.7078823149795828
1.7015712008431365
1.6813449068514854
1.6172247483842679
1.485439326953568
1.3534535928599394
1.2069283533586252
1.7262541862279417
1.7364124219547925
1.733196454822852
1.7181734138156322
1.7033030370084146
1.6693038424239661
1.6320279721637214
1.5631178631685503
1.4919340124996798
1.445286612854085
1.3523739951463183
1.292592050988034
1.1993395088688215
1.7492901562047858
1.761329487197458
1.7604514355238345
1.7461847328103404
1.7312130889168273
1.7182541513365652
1.6792769961381522
1.6379065923335665
1.5574210529633985
1.4843173976509512
1.4186010583928448
1.3363127426347037
1.2639844313937565
1.1725501370319058
1.7598996556906632
1.7681927000722437
1.7641088616692266
1.7465434241796685
1.731252245863311
1.7125585223526723
1.6696638109202204
1.6276000989157342
1.5458627154257232
1.4656887784340684
1.4147480838612758
1.3099806530187859
1.2372490361425168
1.1409144806622895
0.9463751574597341
0.9703947239581393
1.0251885121653965
1.050898308970918
1.0667510283655393
1.1430118649410963
1.1703168262460166
1.186338574742215
1.1849090105186049
1.2630006437034886
1.2917846818290724
1.3021495642533447
1.3066855762738172
1.3005148556369814
1.3461275125417338
1.3736994982241186
1.382573819024557
1.3879338448075755
1.3876225736108845
1.3773281779101567
1.346340381639962
1.306870251023274
1.4233589726990261
1.450931960919135
1.459166405246061
1.4632414312100377
1.459846475519013
1.4472442989340775
1.4104133311071938
1.366556721074664
1.2709211647791618
1.1579711220628321
1.5106864040183792
1.5359769343036465
1.5435127448764772
1.5452063960855444
1.5377744767252886
1.521243731327009
1.484060671597709
1.426538419924823
1.3189126810980918
1.1924225858363857
1.5590263703797234
1.581559695583689
1.5870095848511296
1.5882180688271597
1.5778665532063803
1.5585271813007204
1.5102545345066762
1.454704766993962
1.3380345016133874
1.6090611716706487
1.6283949714529085
1.630802426285165
1.5936132437282204
1.4784805715186256
1.3512084312585868
1.2062996728128792
1.6481287031265008
1.6545155109266736
1.6564558519980197
1.6534191566478456
1.635828271958484
1.6090424162481116
1.5507848708870178
1.485170976302104
1.350217266534708
1.1987368488074777
1.6651513636779716
1.6760357332412446
1.67457677268351
1.6697361371496469
1.646901356479988
1.6156853307920482
1.546051428822969
1.4779406191254834
1.3691100244809384
1.334284937568902
1.1719966603248824
1.6710591219091167
1.6782099034032025
1.6748235907606204
1.6665016055034807
1.6390510101761688
1.6062365210994924
1.5347186303645983
1.459609428549322
1.3080875700805805
1.1404055040898535
