0.7200968395954601
0.7386685071988616
0.7371349281558393
0.7060705686541758
0.6676218536805679
0.6331731225920432
0.5967929715786415
0.563968471905807
0.5164881131475816
0.446669889715961
0.7946383728056933
0.8219745174327184
0.8315431860945263
0.8362952098774558
0.8125888136650037
0.769636083537211
0.7285626542426946
0.6844049129790224
0.6443364655647319
0.6043783658391683
0.5656462858397141
0.5334439464827234
0.4716551952809191
0.874209428922325
0.8864844137277048
0.8963728790383548
0.9078067349614577
0.9103267277905756
0.9057014190852547
0.8631230727370868
0.8166990271760541
0.7652684994551655
0.7181754722703241
0.6710866985310382
0.6253876693944134
0.5873664295211398
0.48073543334127855
0.948137139410304
0.9714433565710849
0.9769399036438597
0.9854651964637638
0.9883342282176566
0.98859876601401
0.9561727021707667
0.9063009771942364
0.8477564541767897
0.7933013496531547
0.7385876623989842
0.6854061866662985
0.6411380645703907
0.5960065738266298
1.0532419431962041
1.0668198099421708
1.077229531319768
1.0885342996057652
1.0907446050899288
1.0871208143858373
1.041830143742948
0.974832599465802
0.9090867271080443
0.8420948999142877
0.7767033196980239
0.7222278403287039
0.6667045249132352
0.6175484256070773
1.1256236781531501
1.1393085850326423
1.1498761433198286
1.1601425535594156
1.162274279440431
1.1637948716081834
1.1388434839326207
1.0707028756761452
0.9973118012230816
0.9208097598443885
0.8456567114422736
0.7829705998421297
0.7191040806731982
0.662530314516541
1.1289956582214704
1.0519209535718874
0.9696472997685899
0.8882980418127446
0.8203482366028106
0.6898357538655236
1.2107784012624492
1.2365474068956328
1.2448318289918778
1.2446272196562058
1.193167629954741
1.113783015879121
1.0253092979835496
0.9368401053178346
0.862752471605918
0.7872770699870145
0.7204756531696047
1.2606106713495795
1.2842209731762284
1.2916619132095515
1.2666549217528984
1.1893703916127925
1.0943776868084656
0.9971426195724854
0.9152643282627623
0.8317957845227234
0.7580350329875088
0.685766394344571
1.2974043158580977
1.3182311844787886
1.3252830506905378
1.3156816416746784
1.2496580068159422
1.151173395387922
1.0469981908528045
0.9585998002675201
0.8683655021353714
0.7885676557007649
0.7106197704343928
1.3521397158636212
1.3573346703437903
1.3566126229974431
1.3485236689678173
1.3119693780899198
1.279174521246916
1.2133366701886852
1.102235740393578
1.0066190486646036
0.9087383215685213
0.8221655943791124
0.7377058322166807
1.3644059985088164
1.3813806460447016
1.3842653112076397
1.366826299912648
1.2752537132787072
1.1587203393507886
1.0559116030038012
0.950054358277238
0.8564021977883142
0.7651128795595269
1.409815409887964
1.411504021336481
1.4096404702426708
1.3951879479495168
1.3858066908761433
1.3480362649720454
1.2961167905122595
1.229510657238922
1.1184502988189158
1.0025429291858068
0.8996382332275377
0.7994641093564747
1.4275514279059187
1.4280074655085924
1.4222907749751608
1.4050308666851878
1.378923536322805
1.3379978143766915
1.2953267754222568
1.178472671222984
1.0532025185223226
0.9412536757861885
0.8322865598153579
0.7276324006336409
0.7315306618176791
0.8088697648427615
0.8225216572697465
0.8085045284802357
0.8929832172300325
0.8969551982552537
0.9714873618069216
0.951058084371165
1.0612546963676066
1.072521719076313
1.0371146847715627
1.1379887858753903
1.1288732168457116
1.1439392859445503
1.1773091013440058
1.1931800002296309
1.2188556379094229
1.1857249531127632
1.2392820279456527
1.263476566889154
1.252947613636487
1.2900834458465973
1.2946597749545903
1.2428588685869293
1.3003141032566068
1.321772706914798
1.3505760662735775
1.3466867164074015
1.269595842220427
1.3761707760610404
1.336826790863725
1.3833789019226708
1.2895863578147089
0.6691718620612003
0.685059234964385
0.7285912801787071
0.7457623324932593
0.7569288903525502
0.818651404085291
0.8374269377955963
0.8491366875691707
0.855281122334415
0.855368662175028
0.9124674181755634
0.9321830308897419
0.9438196593562463
0.9494496616852666
0.9477563782295697
0.9294210070450989
0.9782972727444883
0.9981316745947529
1.009732652002904
1.0134256206181087
1.0142737845619618
1.013786819096684
1.0113353873569395
1.0018462277858604
0.9888052545020914
1.0412477246558636
1.06149404984927
1.0720987802680437
1.0754231107419767
1.0741116590578905
1.070664201155817
1.0585986601013304
1.0439019126957
1.0123350841366894
0.9793077205651722
0.911693414769721
0.8800482296303774
0.8340496539664398
1.114534534913474
1.133527400546093
1.142789206366006
1.144492855559699
1.1440864168726654
1.1407670812711632
1.1366605490174841
1.1212447507895473
1.1036542251469783
1.072116042690022
1.0287252724674243
0.9979937775797327
0.9523326186564056
0.9153658442077914
0.8646969566765031
1.1562604915630208
1.1740753928274548
1.182192065360791
1.1818290855133098
1.1782178175429823
1.1721466092118062
1.154501992979013
1.1348470049098487
1.094855915086876
1.0532605937481985
1.01965186948086
0.9702525077340648
0.9317036377540752
0.8764654053377783
1.2020544323374165
1.2176721340752354
1.2239394815935918
1.221127827263711
1.2084676295742902
1.1658194192207039
1.07597151458598
0.9851818109592914
0.8837260102992918
1.239332886831097
1.2488310687353634
1.2476529591025893
1.2386238847086373
1.2289957737570312
1.2063965601273599
1.181205985738072
1.1341221322488384
1.0851485847358828
1.0529272060827959
0.9885590177786845
0.9470310914856448
0.8820960559585236
1.2617596667797513
1.2724911341681915
1.2736123384548463
1.2652206013148881
1.255613721197625
1.2470149978136873
1.2207719654521378
1.1925481538774652
1.1370720770286624
1.0863949552156706
1.0406000121883492
0.983154106983696
0.9325174795745766
0.8684365500538009
1.274934724189644
1.2828694581786115
1.2816941207216332
1.270813845664729
1.2609090063459658
1.2484330447746324
1.219300568140831
1.190388846614339
1.1337303030539152
1.0777865511708378
1.0421523455317834
0.9686002510473979
0.9174088409602317
0.8494245584431748
0.6515308486909138
0.6686576236124036
0.7085014935072326
0.7269758980957223
0.738747993805116
0.7945395818170198
0.8144085761398442
0.8265337966850798
0.8275144908620827
0.8833842695135646
0.9046400190954811
0.9125786708090218
0.9162716140612218
0.9142338049209419
0.9458224735565115
0.966415846735006
0.9733223218445402
0.9777888906825296
0.9789249649332123
0.9729164391423858
0.9530677341074968
0.9270730847164143
1.0046749774559216
1.025567357197223
1.0321182903565198
1.0357647079306627
1.034891746948183
1.0272956830709838
1.003421630410837
0.9742982210649325
0.9100184758697213
0.8335615686060214
1.0725931104441957
1.0921720402264554
1.098514995028631
1.1004153126275906
1.096865728708608
1.086544714647793
1.0621571879993774
1.0236100909388086
0.9506261230196111
0.8642050430412126
1.1111221881635838
1.128851667681439
1.1336462578028803
1.1354629453644591
1.1299051765386579
1.1176126535338515
1.085621905239497
1.0481353069722037
0.9685682102406344
1.1523380245410202
1.168035029616192
1.1717364497841656
1.1486024822969771
1.070867878792873
0.9835249766159867
0.8832584449325408
1.1856912128898505
1.1912957148177998
1.1936004189231868
1.1925715926754055
1.18190934706787
1.1643625561252922
1.1250582356300587
1.0801630165522966
0.9869589132271069
0.8816452195374533
1.203764191919862
1.2137270380842173
1.2139361139274694
1.2113353599064265
1.1969182864265173
1.1761458877253657
1.1286511738303133
1.0816573138860583
1.0059443230489893
0.9816371742090633
0.8680186287937749
1.2131422165085821
1.2203964343688714
1.2192295982154782
1.214381698216593
1.1966203833514693
1.1745322095668804
1.1254304563036124
1.073243205911654
0.9671749089099781
0.8490374848814903
