0.3459529353104637
0.35263259771210614
0.3447976691725887
0.3242810841962055
0.3007612261102084
0.2802749274878462
0.25901065322185646
0.2400980056362711
0.21315840416131518
0.17436693814609852
0.36879589192224455
0.37866875482997875
0.38127077988869434
0.38023091723332814
0.3622827808147846
0.33618521944396407
0.31235667728393063
0.2873107986859664
0.2649497560687509
0.24297067102305991
0.2218949643838128
0.2045442513010894
0.17174380637758876
0.39232633575168974
0.3966043713565237
0.3997971811556786
0.4028415582272292
0.4032634466576892
0.3938229108546317
0.3672645876513873
0.340753163520101
0.3122910771301397
0.28672037754660895
0.2615513483371459
0.23741027909932969
0.21753635772376922
0.16287669332689025
0.411971380940255
0.41917694834424774
0.4205804832929979
0.42205366774773667
0.42182621621033983
0.41960059779005243
0.39692820550370933
0.3685282244895151
0.33679359702664574
0.3079748687364455
0.2795306472196952
0.2522420462489406
0.22978771704050718
0.20716280725104932
0.4362393928927235
0.440028741702119
0.44255123136651814
0.4443459456034115
0.44431424627256577
0.4361312110229151
0.40856243364657846
0.3728266324665006
0.33922012856232536
0.3057352567156567
0.2735723261662888
0.24713616470318223
0.22055042763537985
0.1973229747862041
0.4499364399778676
0.4533769473245837
0.4555627730416625
0.45652267434574967
0.45623721580491017
0.4547254045830989
0.4356184029778992
0.3987866614819057
0.3619450978234784
0.3247139340774598
0.28884199736401356
0.25936612546378357
0.22979520455706462
0.20400437049592454
0.4140259929156598
0.3755742967226247
0.3361231153667158
0.29796700738090587
0.26661463149157727
0.20783434918443364
0.4622519183724025
0.46662096944018266
0.46559224934018567
0.46253005124704655
0.4303014702976469
0.3906519240281058
0.3488063831910946
0.30808337194506336
0.2746123667992158
0.2410871967399077
0.21185402487664778
0.4668145068884494
0.4699927914493745
0.4679459621482924
0.4480830660858452
0.40847701279277865
0.36409832002540865
0.3202799414435643
0.2841732805784348
0.24806227522542557
0.2167342682487703
0.18660889060525948
0.468504307444557
0.47071811611872905
0.4684463480603882
0.4579302877554044
0.4221982364905507
0.3762943084490625
0.33004994215505296
0.29180404089604933
0.253562674328918
0.22044108215114946
0.18867282033431287
0.46906987310573145
0.4668080724339555
0.46368669909978655
0.45662546501634094
0.43572174516731277
0.41953213100238235
0.38920982084021927
0.3405219385192272
0.29992951530190404
0.2593729972073702
0.22427921419405109
0.19071058613669628
0.465280023347544
0.465348110219734
0.4601290406076078
0.4467587659446979
0.40160221324676254
0.3508987368345539
0.30803184896007235
0.2650783319953546
0.22801620285776406
0.19259293745659403
0.45694583158120683
0.45364386564622683
0.45041646953682946
0.43978110940821896
0.43435103849188206
0.4153525919626323
0.3917826850236598
0.3633751714308532
0.31784634161768066
0.2719783720463109
0.23238555282758114
0.19465223470404752
0.4453125331258287
0.44196857049195776
0.43570614968761334
0.42479546786539263
0.4113574963854867
0.39263596303089576
0.37425799873058524
0.32675781393993086
0.2781690395963645
0.2361643534075128
0.19624814330809248
0.34596854119496323
0.3422002842895498
0.37106895098392617
0.374094305536569
0.3605059530966906
0.39447068525356194
0.3901477536278997
0.41265226739320293
0.39490707997196883
0.43301743843002355
0.43063540445348486
0.4068378477562915
0.44537872296012104
0.4320988227212179
0.44512946686704846
0.4444846691577267
0.4517244381965321
0.45382133462372864
0.4278804999491222
0.4552130696922335
0.45624649084850477
0.44374928462167806
0.45739132032939145
0.4514454697266413
0.4201844576893074
0.4323561123139512
0.45019043197653313
0.4504415992303711
0.44108691824381985
0.40009316609975587
0.4378717761660586
0.41245932837142435
0.41937414108663
0.37291972902781895
0.3168051382619329
0.3229465184549139
0.33527408268850023
0.34150809100357316
0.3449398465574519
0.36060581573428935
0.366762866416812
0.3697923646942825
0.37016986416508724
0.3677492570503974
0.3833496784577368
0.3889788975390072
0.39133885650468947
0.3908307422436963
0.38716785638477996
0.37420375392514954
0.39675574247788886
0.40176704306886823
0.4034882722189467
0.40306344376804254
0.40225220203173023
0.4004362967692444
0.39777279906734514
0.3907744782143047
0.38271741911813645
0.407134235226896
0.4114840430226594
0.41241768936160383
0.4101828235319756
0.4079064539118381
0.40474549625753653
0.3965236450941854
0.3878739483553289
0.3708282232058124
0.3539417538582754
0.32063222928598956
0.30532771984020585
0.28342239988886514
0.4154302934298057
0.4185676655734534
0.41824362003729404
0.4169829391991883
0.41472306831383665
0.4111414321471253
0.40800160954238607
0.3982935745393837
0.38857740470539853
0.37241152303831665
0.35124462584870847
0.3366696180229403
0.3154615745871092
0.2984886644739647
0.2756038313718092
0.4175498061363102
0.41962331054002533
0.4186573460019903
0.4143824396913717
0.4109120841908072
0.40650502799790156
0.39603902716429334
0.38556573532811095
0.3658328383768131
0.3462476047893004
0.33087093982425353
0.3086204311782386
0.29156835870305275
0.267412253661742
0.4165034654719872
0.41722338294554967
0.41503157672017427
0.40959077831910734
0.4005311003497776
0.37787769127833054
0.33646841992962134
0.29699261771375474
0.25432269083108494
0.41278871829355357
0.40984766049133375
0.4064400950265484
0.39880432501008234
0.39290597840711844
0.38083670992084406
0.3685593105109435
0.3471591944179085
0.3257964718505458
0.3120985918324134
0.2852619800141329
0.26822711887850853
0.24200217798478652
0.4019156411272312
0.399969127126101
0.39548718153132784
0.38770937561020047
0.38163937707907647
0.3768823853358773
0.3638107985922188
0.3507804700305308
0.3268538331762519
0.30591589059719926
0.28747192456517073
0.26462854831870214
0.24505415173011283
0.22055260316078612
0.3901453626045808
0.3870641335132144
0.38177217500039023
0.37322817734318314
0.36739268617564064
0.3607882165901619
0.3469620197143688
0.3342313316675631
0.31066404099761313
0.2884479242200061
0.27454417103652773
0.24655414283360744
0.22747495454666986
0.20252349500917807
0.30598326178390306
0.31244624115078284
0.3233051210325807
0.3298253317220998
0.33306386458234505
0.3468698070234454
0.3531278147501455
0.3558195959901659
0.35127743553163776
0.36762536713045996
0.37338811018118767
0.3748490309568295
0.37502045457231353
0.36844889084705407
0.3796655704989888
0.3845606256863106
0.38554145244937327
0.38549100801844516
0.38246862393208386
0.37701696422497305
0.36441060553542315
0.3499048139371652
0.3886279321958944
0.39273076450341277
0.3932804667740374
0.39265700599440995
0.3884070476937622
0.3822486694664692
0.36786780344746717
0.35230996527335057
0.3201088443747912
0.28327814990424194
0.3951391106544031
0.3978189473238145
0.3974774667539506
0.3963393293938368
0.3905554451259905
0.38321263207413725
0.3693490906640992
0.3497122957920606
0.3149748062411775
0.2754726583153505
0.39635119257897156
0.3979428120084979
0.39717073261176483
0.3952759553408685
0.3886188315183031
0.3804373221452291
0.36315288250723715
0.34479791002220855
0.3081698839910346
0.3938936514704565
0.394154569209999
0.39001543539046407
0.37310403282055093
0.3351333683718004
0.29658687877574247
0.2542183571786652
0.3892339914684746
0.3883264869914803
0.38648024322475044
0.3830314734863911
0.3743200444562575
0.36415561639171923
0.34486299274152643
0.3245755897679078
0.284898686438347
0.2419103770310742
0.3775422253999133
0.37466543693259213
0.3712031596381227
0.36802053967701764
0.35802170686352186
0.3468782413092037
0.32493076099079204
0.30487582811693364
0.2740526538747268
0.26432561478222855
0.22048029277919265
0.3652319773433613
0.36129722194809527
0.3576378404485492
0.35291757948449193
0.3418498630339197
0.3307211543387556
0.30891864937434094
0.28753847214663086
0.24629960740843523
0.20246586757855675
