1.0916977614521872
1.1183198855671739
1.1106800185487713
1.0592444324224908
0.9969909598664012
0.9417135134866933
0.8837142637757199
0.8317394879249508
0.7572353235930808
0.6497454675146977
1.1983706404224224
1.2376875604941753
1.250811317393346
1.2555868184474535
1.2143932237439332
1.1446118970081984
1.0788137546544458
1.0086266409069513
0.9453695033795899
0.8827262286481332
0.8224786643547376
0.7728183699110869
0.6790501190049363
1.3110299274299004
1.32864576333265
1.3426374370551313
1.3583146235721923
1.3615822230469994
1.3489540144184944
1.2789644299847167
1.2045643648146356
1.1229914419105564
1.0488418403750006
0.975210606017091
0.9042811666820554
0.8457358312394154
0.684805389858761
1.414030432605203
1.4468358997805655
1.4543282058921716
1.4654194617544787
1.4685742073531538
1.4671500915621758
1.4116776145999588
1.3315108212685711
1.2387960670513671
1.153244814838693
1.0679166948206458
0.9855732512555627
0.917540795950638
0.8487624027483686
1.557193895594862
1.5760121192692036
1.5901365651125277
1.6046900303953
1.6072363976267134
1.596418382401582
1.5217381209913539
1.4154587740609763
1.3124958476775197
1.2084294842356769
1.1075835018228004
1.0241859989239879
0.9397880991730752
0.865670521250173
1.6529124705923304
1.6715546996003385
1.685555838388048
1.6982261727173442
1.7004431626761345
1.7009515833135893
1.6563489372249391
1.5473702986556355
1.4325308368224634
1.3140061573300148
1.1984660883509917
1.1027699919083085
1.005983506842988
0.9209513804219569
1.626961797788588
1.5062662068791741
1.3789701925043871
1.2541433741280839
1.1506208145622268
0.9539625651630989
1.7616313394066119
1.7947970347961455
1.8033859660125235
1.8005346113604315
1.7139695884871058
1.589263108861014
1.4525156644685042
1.317047325770987
1.2044224538327521
1.0905581875076908
0.9905506981282638
1.8222192186809676
1.8518942404408967
1.8585480958807035
1.8125281279262302
1.6898737567895203
1.5430380563860429
1.394495421791217
1.27041511321237
1.1448692592545375
1.0346881945524475
0.9277848457507428
1.8651211431605026
1.890675621065851
1.8965909562794212
1.8762303226483956
1.7693705082131226
1.6169036658803448
1.4579478036411448
1.3243085311949947
1.1889359091442553
1.070178278625524
0.9550930971247212
1.9266925238662158
1.9304041993732566
1.92670208030646
1.911008452279131
1.8506097752698973
1.7988448444740883
1.6969422799646938
1.527627159579341
1.3834423241719247
1.2370376055753896
1.1086090268890774
0.9843216033221298
1.9360001871059913
1.9549189430675828
1.9530017057112838
1.9208977756901644
1.7759139026790198
1.598203470867821
1.443517184902646
1.2856694481774693
1.1473619833311188
1.0133670021961403
1.9767806517356104
1.9753264747906298
1.9700681618555844
1.9434936117718256
1.927761973384938
1.8673562295870303
1.7868960665329985
1.685608699982918
1.5187926565170153
1.3465645131750952
1.1951710282585621
1.0489820009365376
1.9827587851790456
1.9797862207885641
1.9670635706811903
1.9368925164430255
1.8947199674079005
1.8309295905116412
1.7656335493423105
1.590004517986312
1.4044836686049036
1.2404929260256512
1.082175073439168
1.1004749810315297
1.1022110172289699
1.2166347283155021
1.2348688958173326
1.2082805232855771
1.33458667993088
1.3359225549670923
1.441775373526929
1.4041370145220546
1.5639093431033573
1.5750510694838162
1.51487910396988
1.6634248869957475
1.6419318691087779
1.6701674322741626
1.7080729415786022
1.7323414064582678
1.7635563401250816
1.7033800323907464
1.7877407428258474
1.8161659553947294
1.7931342645018638
1.8468360935516586
1.8466382230916185
1.7598857169820448
1.8344419408729093
1.8741648994861977
1.9064293771717187
1.8931212575328926
1.7682060839811191
1.9208270208977325
1.8522099033763242
1.9078694678349308
1.758063939581993
1.0105910981418444
1.0336739562502912
1.0953669296196236
1.1200999126078954
1.1357229349763385
1.2218273430866968
1.248468736116884
1.26447726211787
1.271955957728163
1.2702116226848765
1.3504952945208832
1.3778866979158548
1.393303700951084
1.399489660328056
1.3946667360916662
1.363192440665554
1.4384350206185341
1.4654981988305185
1.4803662179792767
1.4843213009858205
1.4846508601348163
1.4826371548489616
1.4776702021782082
1.4610796446138978
1.4393995560770227
1.5201129290716544
1.5471041403936938
1.5600097831619064
1.5621542793480492
1.5589945281825823
1.5521936151574873
1.5315241769523147
1.5074717240402762
1.4571032973998879
1.4052152927483677
1.3001888832539492
1.2513625729820494
1.1807584947036465
1.611196406689645
1.6356464144123417
1.6459925377051767
1.6468647438439912
1.644456207512523
1.6376079556796033
1.630209710935066
1.6043126358901794
1.5759036011264598
1.5260516119335303
1.4584840480042098
1.4110242635833208
1.3409451841940343
1.284473298024426
1.207532885947158
1.6601904478444758
1.6822936066031
1.6906541924704253
1.6864814618426007
1.6793409721923782
1.6685659799331143
1.6392720305146489
1.60780360424881
1.5451109486326504
1.4807994450980997
1.4292408601975388
1.3538981673596275
1.2954117438649966
1.212016312736021
1.710045308987852
1.7283195731461307
1.733360027499465
1.7251832733733896
1.7026709402171463
1.6339755725296714
1.495395996095649
1.3577751450801074
1.2056618954800145
1.7473247514452106
1.7550998038753651
1.750531706283672
1.7330059160261686
1.716939791835722
1.6803627954850429
1.6407427408735065
1.568148586550688
1.493600554701041
1.4449144160850997
1.3482563154669711
1.2862298470322777
1.1897927212526247
1.7598119161280559
1.769409542649899
1.766146906000346
1.7491899633909234
1.732538410239105
1.7184008523857504
1.6765623287221127
1.6326952124361171
1.5481650111026197
1.4718482447144836
1.4035263959713036
1.3182353135754274
1.2435591318364267
1.1495463657457001
1.7604108907489124
1.7658101337065149
1.7589955013801455
1.7382587503681513
1.7214524329200889
1.7010992268997294
1.6552012496335344
1.6107193084339313
1.5250730272484825
1.441640343863361
1.3889462367348266
1.2806275482271507
1.2058115948173511
1.1070763940599662
0.9819620943878961
1.0067449625606113
1.0629054163405764
1.0893868468990713
1.1055761898902454
1.1831443728037077
1.2111567243298298
1.2273897050102573
1.2251262588545917
1.304253497963685
1.3335751265724867
1.3439914093262588
1.3484394860569608
1.3409755703177797
1.3870256557677718
1.4148828271830851
1.4237025101471807
1.4288633094425975
1.4278030307343095
1.416494030647956
1.3834503804012
1.3417906918640792
1.4626447766752833
1.4901927058238182
1.498218904889867
1.501933540222476
1.497466651082022
1.4836681500823532
1.4443782635451865
1.3980915709838944
1.2978262409302777
1.1800770483593876
1.5458583158627424
1.5705767433515712
1.5775670475069268
1.5787611829716859
1.5698077313902612
1.55175005542399
1.512049891241898
1.4513305082329662
1.3385816192135047
1.2068600770706428
1.5902622182833075
1.6118337135508047
1.6166265846185854
1.6170302234148057
1.6048250140154003
1.5837382634448116
1.5322841883556813
1.4737176534170666
1.3515966606159358
1.633604940810129
1.651424853697598
1.651813019748088
1.6103035572475446
1.4884638808160153
1.3555543020601737
1.2050461204969833
1.6653338142002942
1.6706814093546858
1.6715631404080724
1.6671273712332286
1.6470103354397376
1.6178902559351742
1.5559338809859455
1.486928994815296
1.3461476220578452
1.1892107026468033
1.6718087278925506
1.6799083595656952
1.6766858490074623
1.6706072265098322
1.6447636183442982
1.610931912852318
1.5370888635444
1.465668527257542
1.3524167075099223
1.3162937430484833
1.149025512656997
1.6678909802297952
1.6715448776605455
1.6664448694903289
1.6562811475436103
1.6255302532571694
1.5900728799866035
1.5143734353609901
1.435841590734997
1.2788493398470833
1.1066089916218025
