0.5769360738105807
0.5917993248632727
0.5901898781535577
0.5650334563948641
0.5341303714260753
0.5066534946042379
0.47782689027340136
0.4520244584272473
0.41513400686200924
0.36214666774098303
0.6321864978574564
0.6537977541295555
0.6612943973254587
0.6648529204331087
0.6454640749667644
0.6109355223699352
0.5781581944710138
0.5431362925942774
0.511588269233529
0.48036791107469123
0.45036359103614704
0.42565979828853645
0.3790854688521124
0.6909095213282717
0.7005240020713427
0.7082430285330525
0.7170951380223813
0.7190187664861554
0.7146255055612598
0.680299270032178
0.6432279321457002
0.6024345545243035
0.5653181143299052
0.5284526328798633
0.49294417484396374
0.46362703328103033
0.38304903685365116
0.7442942337988266
0.7622559282749487
0.7664433268785258
0.7728539991204266
0.7749214413313436
0.7748172367868418
0.7482939257339405
0.7084151994069604
0.6619802377568117
0.6190470119535095
0.5761737694588633
0.5347705926270458
0.5005339016954601
0.4658992014346434
0.818002845862415
0.8282125636500726
0.8359797874178342
0.84423571773014
0.8457850281382634
0.8417843533362925
0.8051120620016571
0.7518907045366731
0.7000893687480321
0.6475992433877403
0.5966438683247507
0.5543981396295669
0.5116426641911744
0.4739803139512793
0.8668222634089674
0.8769080521977008
0.8845836920774047
0.8917880382446907
0.8931427628117152
0.8938849808044668
0.8726926777355348
0.8182952381490199
0.760464007774109
0.7005716798753143
0.6420458901751318
0.5934356579128873
0.5442199489404332
0.500838124552396
0.858027186387258
0.7972510442473332
0.7328801676296575
0.6695795662105659
0.6169217314339994
0.5165968513946096
0.9215883885516437
0.93956695031639
0.9446770359577182
0.9436989952782703
0.9011284278134741
0.8383806254677031
0.7691968435899891
0.700437670575884
0.6430921564430422
0.5850113667623944
0.5338200385877325
0.9516107900701216
0.9676057618547828
0.9716551205328275
0.9494132796608518
0.887806785906175
0.813522241938005
0.738075065097917
0.6748282149280095
0.6107330284849848
0.5542545348979482
0.4992653169124489
0.9725145128530677
0.986180437607119
0.989723556454529
0.9800268280261079
0.9264906335602862
0.8493544309496301
0.7686240730421046
0.7004777431009943
0.6313365440689253
0.5704296200454037
0.5111906912017176
1.0030009728612204
1.005220042595459
1.0035444897148476
0.9958690811671193
0.9656169514359016
0.9394875532190198
0.8879256145102271
0.8018687219522049
0.7283346410737247
0.6535382142740006
0.5876688271230024
0.5235843818118031
1.005575336620449
1.0155071226925698
1.0148853281307262
0.9988189133015489
0.9255098892712578
0.8352218208067081
0.7563329901838635
0.6757345577480498
0.6047122140499029
0.5358247687761569
1.0238194738626423
1.023119517946485
1.0205260786139494
1.0070170760011765
0.9990592427787827
0.9684112376341069
0.9275580573807289
0.8760450922819252
0.7910525154296516
0.7030848044013156
0.6254904135346216
0.5503289251068096
1.0236771058280305
1.022077091078983
1.015522880979269
1.000093243273956
0.9785735394474637
0.9461078546621957
0.912857158480513
0.8233833005110207
0.7286888250429974
0.6448164707322221
0.5634570272804367
0.5827969337307658
0.5856730209670732
0.6431766450837735
0.6538543372263065
0.6422074513703981
0.7051520172014251
0.7077139265520918
0.7614185922011595
0.7442988039701441
0.8230422281338516
0.8305486584457373
0.8014950435143451
0.8742576222826758
0.8651364628276056
0.8756468240778402
0.8977701471730146
0.9071287383146182
0.924474573628248
0.8956114672191338
0.9344307840343489
0.9500895701315051
0.9393680629613854
0.9640868871155761
0.9647717402098624
0.9215965682950223
0.9573221609687984
0.9741760743574239
0.9910714992524048
0.9846521302371544
0.9215805658067663
0.9955481511066218
0.9607535751908105
0.9855248414400848
0.909072944659755
0.5355355818999703
0.5482908159377532
0.580024370786318
0.5936811109318386
0.6025310503737734
0.6461329749498168
0.6608226187705374
0.6699036391727052
0.6745727847149284
0.6744421312712736
0.7129785299727811
0.7280447410812632
0.7368119282750198
0.7408421493473936
0.7391361929475296
0.7241761938574277
0.7582930872936071
0.7731480290141876
0.7816113887446039
0.7841472670312312
0.7846620327189997
0.7839508060428266
0.7817811635496588
0.7738917001766641
0.7633792391246997
0.7999861312933163
0.8147461847698756
0.8221132806764686
0.8239676246414576
0.8225930654128017
0.8195625757528785
0.8095710062902975
0.7977135571389834
0.7725805763777307
0.7465246029383826
0.6935175031084296
0.6688261917196872
0.6330440207927801
0.8457926660816009
0.8590667458593234
0.8650014195069126
0.8657589049995242
0.8648645031040673
0.8617066121577871
0.8581598563264994
0.8453980657788036
0.8312382501946957
0.8062046808895786
0.7721010827374424
0.7480799238588863
0.7125454414361203
0.6838503195084489
0.6446860630396503
0.869913037400545
0.8818482248382431
0.8866583648005524
0.8850347442163177
0.8816307266820356
0.8763733300858919
0.8618841122477782
0.8460300611025623
0.8144139352381466
0.7818352054438859
0.7556884674208677
0.7173864146574045
0.687616112175315
0.6450451963388468
0.8936779417080071
0.9034207431394444
0.9063758952822081
0.9025907289798403
0.8913942138414158
0.8568131775746066
0.7865196055280762
0.7164009145794016
0.6386598609798588
0.9110980931396112
0.9153718132120017
0.9131774084352494
0.9045602730507748
0.896353112382626
0.8778696590340852
0.8577868546340021
0.8209095112985815
0.7829478927263348
0.7580898866169895
0.7087714876564466
0.6770422680232344
0.6276424262572918
0.9140947104623487
0.9189137078807296
0.9172345887209826
0.9085731133209902
0.9001004381323527
0.8928888839074665
0.8715798689787502
0.8492097371667454
0.8060983223524295
0.7671585276287225
0.7322342307819988
0.6886142089763417
0.6503527189474394
0.6020832018127158
0.9114752954024077
0.9139265213749787
0.9102629973432149
0.8995517495135028
0.8908590881672924
0.8804004753570341
0.856913680111151
0.8341537788373792
0.7904162110962968
0.7477631375365702
0.7208337041821619
0.6653456521227376
0.6269360233645346
0.5762640440481612
0.5212191916596983
0.5349812725269448
0.5637843330630645
0.5784812257147581
0.5878188054461282
0.6267617473937208
0.6422917309327681
0.6516813758947464
0.652107644038387
0.6897707706981524
0.7059901099597361
0.7119588450821218
0.7146685630995309
0.7123930090437568
0.7324825275343211
0.7478229817056903
0.752891300076588
0.7560461240164025
0.7564084214586625
0.7512175464173163
0.735150921050257
0.7144736422084075
0.7710872775302559
0.786226701238583
0.7908252695366096
0.7931809090387714
0.791678188610279
0.7851976965864362
0.7658800210726017
0.7427682356320521
0.69226824311553
0.6326824833219548
0.8128670152344254
0.826376017472359
0.830416973306577
0.8313406444754828
0.8273995708602174
0.81863184774242
0.7988903313487207
0.7683599800537076
0.7113071809996373
0.6443329210494421
0.8346446316681139
0.846343695313343
0.8491176928507915
0.8496489787452135
0.8440116595438291
0.8335346721006534
0.8077521138207716
0.7781547129267455
0.71618933205145
0.8550624595037284
0.8646406144538581
0.865224705271725
0.8446293098897767
0.7829514866813909
0.7152584307681132
0.6383435530846822
0.8696301988978478
0.8724867559522613
0.873040264227799
0.8708967738438825
0.8608261828633365
0.8461124117297598
0.8146723260576955
0.7795436841322763
0.7076975830792539
0.6273471110200621
0.8695425393117929
0.873565220621846
0.8718872079289072
0.8687537557401142
0.8555338032778215
0.8382367717442278
0.8005240314134937
0.7640535374342063
0.7061250190889988
0.6876433464476811
0.6018249422142276
0.8646419090335014
0.8661708278363028
0.8633540861614363
0.8580054647102412
0.8421013254853894
0.8238649396874527
0.7850976103147961
0.7448899779213392
0.6644715510694813
0.5760373380123508
