0.6995858498264578
0.7144174268978825
0.7028582288472836
0.6645366041850862
0.6194638176265579
0.5796597276527308
0.5378698593058999
0.5002736881260653
0.4459561160726046
0.365874448998223
0.7632920210397789
0.7857215538575175
0.7924162021742281
0.7925531090107224
0.7601102702280291
0.7098935702617835
0.6631816648718305
0.6135014474917433
0.5686684811493851
0.5241236977263706
0.4810102821568372
0.44518643852392104
0.376373630921264
0.8300715089572761
0.8401500546391895
0.8479396985857311
0.8560908668238759
0.8575636403222956
0.8433842325002524
0.7926389120779689
0.7403351615738821
0.6833862544341875
0.6316685144868862
0.5802370774466716
0.5304911557397962
0.4892057796971916
0.37365159574964
0.891076003911475
0.9094230290019982
0.913368468579939
0.9186214651054594
0.9194481190948548
0.9167340009381186
0.874999173471043
0.8188764130173606
0.7548773078948655
0.6960335411830286
0.6373584167702404
0.5806147356059027
0.5335758162228804
0.48578008177143783
0.976175948589636
0.9867332950580143
0.9943703879277307
1.0015298628255398
1.0024790903895293
0.9911383571549004
0.9380989825639436
0.8655551835740861
0.7959470527946587
0.7257890402057108
0.6578210763509437
0.6015492810099405
0.5445029995717134
0.4942562680622571
1.0336576900354557
1.0441068404502565
1.0516425339549884
1.0576905564516208
1.0583975319454242
1.0574225562652533
1.0239554815613547
0.9496953490212166
0.8727855048241964
0.7938317562594303
0.7170086182227905
0.6534096969873272
0.5890330404477829
0.532435455190855
1.001182742268398
0.9206988743794307
0.8364289397730775
0.754019960366182
0.6857541961511017
0.5560695203527612
1.1003182321142415
1.1184812653664253
1.1218298422573691
1.1185693317531011
1.0582118455355103
0.9753366258643416
0.8853579631376103
0.7965531883129329
0.7228684663769689
0.6483853124076784
0.5830419534396936
1.1386722619020462
1.154994826990202
1.157239438434558
1.1241176742772858
1.0426834128807057
0.9466676542980114
0.8500091404449576
0.7694656736030753
0.6880584466446903
0.6167194300898828
0.547541162094912
1.1667652009943483
1.181014800136382
1.183135457500923
1.1680235434927926
1.096945045106399
0.9976128601444817
0.8947399543818999
0.808450175892861
0.7211982367091654
0.64479839287953
0.5707838883198503
1.2063677009180067
1.2076808632570557
1.2046063376991252
1.1937099375395464
1.1536941315858864
1.1199489019722868
1.053963435830802
0.944878108637563
0.8522649641249779
0.7583724933534137
0.6761719806074058
0.596709098493056
1.2172277513291823
1.2282283818551765
1.2260933100288376
1.2045929159852646
1.1108254399855337
0.9968351678265313
0.8979006395135
0.7971146459505583
0.7089162788668908
0.6236211795903597
1.2491901663113925
1.2481237178557734
1.2446498461451794
1.2275733470344345
1.217523298354244
1.1788682178975138
1.1275638219238862
1.0630244899061216
0.95683520462738
0.8473000205969426
0.751211993937026
0.6583398160497226
1.2620809601518856
1.2604481628651243
1.2527411380028106
1.2339301011396113
1.2074169251465396
1.1671033195612204
1.1258307271856798
1.0145443644536067
0.8968439199708794
0.7928485631807874
0.6925898155866663
0.7018359060861522
0.6975683383802385
0.7710838049158965
0.7796702799011541
0.7563447149441855
0.8396973043979548
0.8353731138397941
0.9011549028938965
0.8704081656113397
0.9759351562565638
0.9781013976240206
0.9339427859974615
1.0344757040242494
1.0151818666647094
1.042197990582984
1.0583905965145948
1.0801131188586532
1.0958985153604501
1.0517477684851653
1.1154338930361773
1.1300604137131933
1.1121990230181635
1.1523226050244577
1.149710083918894
1.0910822696009643
1.1436070613635587
1.1778412406149323
1.1966964487111516
1.187087516616888
1.1059534122471613
1.2130964418415853
1.1691396758817871
1.2149801535989424
1.1208353644057498
0.6437767922725126
0.6570062840201808
0.69382898987892
0.7078316976606407
0.7160676730036238
0.7681745808768512
0.7830283104753808
0.7912240988781591
0.7938801654617124
0.7906190752623348
0.8438124088261025
0.8588680663385238
0.8665329857406244
0.8681536136995345
0.862836661191662
0.8389491892305778
0.8958683663723347
0.910622646351063
0.9178256455841725
0.9189552498889588
0.9183375809093548
0.915949415329873
0.9116612012437683
0.8990742939353904
0.8836127519935448
0.9448397285251809
0.9594790627107609
0.9655816038310323
0.9647708656609632
0.9615344057314131
0.9563169588703699
0.9412695222080059
0.9244458490224475
0.8900220677971379
0.8550334657300868
0.784812426452076
0.7522479542707196
0.7052057279582986
1.0008844024120795
1.014221247015575
1.018858692080632
1.0184800258806832
1.0159766137116149
1.0105428431883665
1.0051441522312377
0.98703442620265
0.9677352325038376
0.9343950927524127
0.8896438785159065
0.8583678647745177
0.8123284752948856
0.7752847798801912
0.7249289382439986
1.032293545908014
1.044393724687012
1.0480556896883684
1.0438194823122033
1.0384929188856997
1.0308630884048295
1.010958712596396
0.9898988268105405
0.9485259658000696
0.9064126669874202
0.8727731267727235
0.8237203149917398
0.7857591740228751
0.7316477039616494
1.0663769440356803
1.076553542628618
1.07853862274765
1.0721793798293129
1.0567988125107104
1.01152371017738
0.921636254438578
0.8329264666653099
0.7351029921835766
1.093089595398096
1.0969452939503286
1.093561276166437
1.081890914470811
1.0711873796845228
1.0473820003597647
1.0217287419334964
0.9750244747535124
0.9271814422607442
0.8960031098615653
0.8341342256976738
0.794506400914875
0.7328686185878414
1.109714824908172
1.1160211106716387
1.113906591391303
1.1031464748571969
1.092582995990152
1.0835351736869134
1.0569556698237124
1.029082021279123
0.9753337806610407
0.9269758213402199
0.8834257566928053
0.8292105165786517
0.7818170551529587
0.7221197023630663
1.118941785914238
1.1231212535334685
1.1194030808602162
1.1068287892308677
1.0964379858567705
1.0837525568105315
1.0550010524104931
1.0270051180446982
0.9731722241711587
0.9202178066302092
0.8867332291933598
0.8182387092858643
0.7708732297118764
0.7083171625064173
0.6233150444573452
0.6373287503584203
0.6708745264700318
0.6856519677167314
0.6937412475335316
0.7412390609844377
0.756606247299487
0.7644386432384506
0.7585541813719866
0.812186503053308
0.8280105166802172
0.8330583998243111
0.834761853262838
0.8255280390896752
0.8610088878540341
0.8759529531890369
0.8801859931582218
0.8820794849103935
0.8789542087031835
0.8697272475857463
0.8457885094152222
0.816799695998399
0.9063173328242421
0.9210431591630044
0.9247784651362673
0.9258363815490348
0.9206580138662139
0.9100671246826754
0.8823579805322466
0.85075921353105
0.7834043310877161
0.7048030543920535
0.9576550366571731
0.9708732656357163
0.9739167809092519
0.973776588599898
0.9660273726743129
0.9530483675075706
0.9258972257649282
0.8853124922891121
0.8109029817575623
0.7245249139608845
0.9863583899035931
0.9979771797063239
0.9999949712359297
0.9992388395453299
0.9898390648890772
0.975154997448619
0.9406768366231665
0.9020835195437138
0.8223156525067121
1.0165770453138108
1.0263680717299843
1.0252122707203744
0.9968183041969061
0.9173251707714603
0.831542190279785
0.7347174149929713
1.0400287187583686
1.0429746318017794
1.0430978472399715
1.0398556429097983
1.0263835868210498
1.0073276359527454
0.967311901225052
0.9229592851447636
0.8327915852281155
0.7324942761973704
1.0532984516883106
1.0585530837927466
1.056538245304977
1.0527161315841973
1.036394281371005
1.0149738036843066
0.9681174947883723
0.9229273105912782
0.8508654719729684
0.8279220561322882
0.7217666647028289
1.0596008300430648
1.0629068222074176
1.0601554259493964
1.0541364249133833
1.0353071894076034
1.0132551716990783
0.9659884764498059
0.9162931683306672
0.8170105605769314
0.7079838156899994
