0.927648248849196
0.9517537385097361
0.949924990630762
0.9101267987518876
0.86105779435655
0.8174101791446325
0.7716328547947898
0.7306995893367125
0.6723173930114639
0.5890724005000676
1.020293685731499
1.055504983419958
1.0678277958301883
1.0739628033682556
1.0435184832144597
0.988574108850818
0.9363177656942403
0.8804931155460903
0.830222594470157
0.7805547515257325
0.7329435582907844
0.6938603015133978
0.6207210383516637
1.1187882376262472
1.1345369958895615
1.1472118281815604
1.1618360932498166
1.165049656135675
1.1589146230670553
1.1043018327511316
1.045042568069627
0.9797909813819268
0.9204446633165259
0.8615620833077147
0.8049650048140197
0.7583643259062525
0.6314049474399319
1.2090579888148079
1.2387123356012315
1.2456690066897922
1.2564209199470504
1.2599977966147071
1.2601741853898973
1.2182401028474212
1.1544208472867288
1.0799180964703645
1.0110305274024525
0.9422885402068235
0.8760153207898609
0.8213259334947447
0.7661877431433255
1.3348334455277986
1.3518473606859596
1.3648471795752954
1.3788239899203443
1.381512821334039
1.3760456548567774
1.317486544089318
1.2318044227649854
1.1482829875120024
1.0636596766050859
0.9816005669836236
0.9136957993055218
0.8450815613439459
0.7848143279963077
1.41908111005165
1.4359949872422846
1.448957880872639
1.4613419898200442
1.4638220976033274
1.4653456882274574
1.4321124915499037
1.344499144458073
1.2509617662151526
1.1540424531936302
1.0593938447273332
0.9808955357346412
0.9015040830963409
0.8316788432621154
1.4121139012461355
1.3136913680947824
1.2093047304838773
1.1066853885907042
1.0214225902706249
0.8592465040359044
1.5147689545320726
1.5454573650564938
1.5546781205294857
1.5536047670971345
1.4856828030414457
1.3839664526565898
1.2715397962431223
1.159780954905467
1.0666598196059895
0.9723895531018759
0.8894306824733639
1.5680439786325941
1.5956024486263904
1.603230651525067
1.568453584394618
1.4686470714896245
1.3476581190902555
1.2246672139628483
1.1216200978976216
1.0171859753799963
0.9253130586634719
0.8359969555553876
1.6056832218391779
1.6293642938240174
1.636258711530805
1.6215662989244102
1.535110515986437
1.4093651194645853
1.2774318786641345
1.1661471021092067
1.0531719287139492
0.953770789239461
0.857227914847828
1.6608467797409445
1.6653960853687353
1.6631515050909593
1.6512339787174082
1.602543953961998
1.5600537148649276
1.4757892956665895
1.334959711953311
1.2145682957327817
1.0919996506581067
0.9841642669934382
0.8795302631226192
1.6673916505450816
1.6851363892842262
1.6853944085809403
1.6601269685466393
1.5408167035372822
1.3927789348445039
1.2632600538214251
1.1308831048390533
1.014267702244392
0.9012551963258764
1.7034406504472563
1.7030736493327896
1.6991951037894768
1.6779569988763046
1.6651392281928925
1.6152275162781937
1.5483792780228796
1.4637153008030979
1.3237390070931812
1.178895456595678
1.051058960775955
0.927302064330248
1.707414694284463
1.7054699023292834
1.6954315132460516
1.6707579570533428
1.6357493942037653
1.582568220164058
1.5278947208735898
1.3803557909217332
1.2239652427367995
1.085383026309076
0.9509780665055739
0.9374257950770631
0.9426532164188535
1.0385298662453433
1.0561671633798722
1.0382420709933953
1.1426895697491135
1.147667858162719
1.2382808166874053
1.2117381753836156
1.3441123005911186
1.3574843096484694
1.3115234534376154
1.432903545014623
1.4196053426943611
1.4364760602493
1.475418208156535
1.491552988974721
1.5216311270293594
1.476488630462069
1.5402659936777934
1.5677273081993026
1.5516640237215387
1.5933475118144615
1.5960085166538598
1.5268944686666146
1.5885860061424057
1.615089159544928
1.645270979767494
1.6362343308753564
1.5341738832253042
1.6578192585545837
1.6022452953829474
1.646018301913477
1.521443948032528
0.8615803697589585
0.8822330907269447
0.9358367313150507
0.9580754192647379
0.9725648366906022
1.047015404384097
1.0711400502259492
1.08617623628635
1.0940823122346892
1.0941997654775906
1.1605737117729393
1.1855755264403898
1.200284045062179
1.2073155689516426
1.205004211136817
1.1814463653211673
1.2383640716739084
1.2632085056942117
1.2775887932747592
1.282068894537787
1.2830210156669068
1.2822213450451618
1.2789588914369021
1.2667170769432472
1.2498482973091791
1.3107028054980803
1.33562446174864
1.3483203082538378
1.352048670896423
1.350080374354685
1.3454312371137047
1.3296538404371232
1.3106983518321953
1.27028063948199
1.2282313294490637
1.1425653192440974
1.1026625491566662
1.0448344333355277
1.3913709950889532
1.4140698351635783
1.4246222606389178
1.4262448650540898
1.4251530620573587
1.4204032955785977
1.4148475325759695
1.3945732493043528
1.3718103287500252
1.3313619377906836
1.2760857678592705
1.2371027931138232
1.179387155306403
1.1327992227289951
1.069198510440668
1.4346881486811653
1.45535536845454
1.464110853754158
1.4622598480836841
1.4570626535144617
1.4487992022447953
1.4256254892514648
1.4000598126988975
1.3487914826420797
1.2958732461902351
1.2532596345668852
1.1908874489690093
1.142384926488414
1.073049311191573
1.4785275608703403
1.4957371743897392
1.5015680135979077
1.496204737659599
1.4785684290286327
1.4227306405722198
1.3081541579072218
1.1935561212719374
1.0664465839092487
1.5115780781494337
1.5200235272198297
1.5170157882714776
1.503650838496996
1.4905135350247878
1.4606543792141704
1.4280197396399275
1.3677911921461214
1.3056692369536766
1.2649918745509774
1.1840884793478945
1.132055179064294
1.051042499971137
1.5211661792847064
1.5304318497482334
1.528660430189737
1.515287004077066
1.5017649661356829
1.4901379033670412
1.4555079513712839
1.4189802597792873
1.348265592976965
1.2842628530404856
1.226780385433962
1.1549905467672485
1.091919179568166
1.0124962115449245
1.5206059582848659
1.5259706811032103
1.5209201048984595
1.5040736570102067
1.4901148979437286
1.4731875584500886
1.4348826771909613
1.3975515383886863
1.3255778684273787
1.2552725685614134
1.210856104794499
1.119242611043397
1.0558910420787706
0.9721244492784517
0.8388046541733964
0.8611135958907911
0.9099268642814085
0.9338906961459751
0.9492292846715034
1.0159709154442271
1.0415297820366964
1.05714427988197
1.0585678047112752
1.1231920389144057
1.1501804457126779
1.1602252580134957
1.1648727089365167
1.1620996177273017
1.1966802117869573
1.2224669426541448
1.2310433393940872
1.236534050781388
1.237743703351633
1.229779163570253
1.204303045998448
1.1711730809716476
1.263866374349533
1.2895493758051895
1.2974592423515063
1.3017184963656037
1.2999872556292138
1.2899345187326254
1.2591519894472152
1.2219856523686818
1.140483175260676
1.0442298708405762
1.3377936007373878
1.3610151694339818
1.368242116538083
1.3701276094484953
1.36453863830738
1.3507598396284781
1.3191353087429443
1.269823374491075
1.177308728376791
1.068603537093064
1.3771432416321892
1.3975297559504978
1.402649647878625
1.4040574822996272
1.3956807787177106
1.3791181439012405
1.3376077689626442
1.289686466758746
1.188869014831227
1.415349576940148
1.4323994234417805
1.4345357531749305
1.402358199018655
1.3021234550080918
1.1916187439223753
1.065907756804644
1.4435525672238692
1.448921012336721
1.4504119446878128
1.447527103470826
1.431845480998189
1.4082678106017443
1.3572226397117715
1.2998911383279024
1.1822592479193146
1.0505369780773028
1.4477992486989169
1.4558851100290517
1.4538677638868747
1.4491486851076911
1.4282306674056204
1.400308470043894
1.3387628720634508
1.278960593632745
1.1837321884830947
1.1533257877844822
1.0120507487810972
1.443260376943964
1.4471428536172197
1.4432360935356812
1.4349974366062799
1.4095971689533655
1.3800050523304244
1.3164722547529575
1.2503434890713416
1.11773604571595
0.9717310241507054
