1.3076768084003063
1.338589827621889
1.3289146769673639
1.267235455873467
1.1918490466802316
1.1240783902052658
1.0520839442242116
0.9866211918957852
0.8910316574385023
0.7484076377315433
1.4654793890618514
1.51269660565897
1.5285011553450834
1.534241475134001
1.4841933883851608
1.3986637196730023
1.3170792720100373
1.229126782050505
1.148889916967129
1.0684114468390264
0.9899637440000184
0.9244285004233084
0.7978445919310262
1.632509389333639
1.6542903013613366
1.671644520974264
1.691169952340672
1.6952813124325918
1.6802955290701127
1.593678723772494
1.5005490428803323
1.3974235098017944
1.3026577905836225
1.2075095609778952
1.1148103507607445
1.0374468815728108
0.8195239128071902
1.7930149923497967
1.8349878386384515
1.8446580190740587
1.8591671031588228
1.8634079052238979
1.862178763172749
1.793472768659451
1.6922042606354706
1.5739342760247896
1.4636917582583917
1.3526634757021365
1.2444840308090572
1.1542836007325203
1.0621505050499152
2.0298405504428865
2.0552713826446305
2.074540436192974
2.09481239186779
2.0985557843125555
2.0872483910245876
1.9926196477035782
1.855372702653597
1.7209422178339948
1.5838855253624515
1.4500249144724868
1.3385035983479925
1.2248014269950271
1.1242212017529203
2.2005988821969247
2.2268192579756234
2.24685870714537
2.265879867411506
2.2695498138218015
2.271507971223546
2.2171274081980084
2.0758054993591974
1.9244256089224723
1.7667782044319111
1.6119878892191901
1.4829839131477522
1.3516144113909356
1.235550563584104
2.213574449234523
2.0537123428753326
1.883354200299264
1.7150852799891143
1.5747108125909497
1.3057106662559415
2.4125116056510603
2.4635711088994805
2.4793906368843768
2.4780803660194715
2.3690930425293777
2.2034056448249784
2.0191725202911512
1.8352210960481559
1.681423429370516
1.5249355514449432
1.3869000815234136
2.543793325579474
2.5921846934092856
2.6071320704315846
2.5537752161817364
2.3914014367470515
2.1922073745139743
1.9886459158997405
1.8175504753004863
1.643396578180873
1.4899040463083566
1.340483172777381
2.6461602623031033
2.690128341216307
2.7051709192045115
2.68511609303939
2.5460427898793156
2.3384414685257062
2.1190910329227655
1.933290788849738
1.7439256334046425
1.5770895396744045
1.4148637443563863
2.7940615730218084
2.805958300234012
2.8048764293308732
2.7883728413411237
2.7117626159388872
2.6424853468318497
2.5030072468517943
2.2676162700526485
2.0652965509575907
1.8584593829307565
1.6762179148075125
1.4992149888050044
2.8531130055484266
2.892050102700688
2.900881635643368
2.8658322055477865
2.672292373923649
2.424018531837669
2.204954914772446
1.9796580643740576
1.780958010390332
1.5881597271108274
3.003585627213284
3.009869986156934
3.007333604120874
2.9792885285184285
2.9599304267761357
2.8805217951330797
2.769949062188814
2.6272435072789158
2.3886066761881057
2.1394515626011734
1.9189344106030435
1.7050912390829194
3.095776808172188
3.1000464309549534
3.0912589492684885
3.0573394206618687
3.0035025928087653
2.916605040055956
2.825658193029563
2.5723874459554295
2.3006195457964256
2.058212440322417
1.8235748580438582
1.3176726373645007
1.319009886590424
1.4874774489558902
1.5093467654440529
1.476829959673403
1.6621630249563775
1.6642038790399545
1.8300599618116808
1.7838958178000606
2.0415458968528277
2.059054685996759
1.9835311653766707
2.2205251406422515
2.197451273400827
2.254262257291053
2.316054339199695
2.375289471705667
2.4255988178729924
2.353948000665513
2.498853647755556
2.548150869630109
2.525289231700977
2.6307843142902683
2.6406626259199895
2.5316437908851808
2.686578068136383
2.760287062885366
2.8266929501426854
2.821408313937021
2.6597555393201153
2.9338671817864834
2.854981987309796
3.006652965008493
2.811410992248703
1.212571177928468
1.2393039252025477
1.334029364936858
1.363375004995129
1.3818385578443098
1.523309480301786
1.5561597616075873
1.5759963175555793
1.5852508389446087
1.5830072887668085
1.7282585457230006
1.7637916867595806
1.7839929654237665
1.7924465456058147
1.786810759629652
1.747130129508238
1.878171653616013
1.9147576924527714
1.9354239588646203
1.9412977618190075
1.942146988021063
1.9401056692246577
1.9341036003572412
1.9133457809251413
1.8857764070689351
2.0277265005853824
2.0661819972053803
2.085384776453373
2.0903745809933745
2.0867152491472174
2.07885010499556
2.0529499998838276
2.0219411888960375
1.9561984811215267
1.8877485032181192
1.7481640428983853
1.6829195617857082
1.588177990691834
2.2123514430249505
2.249905013412315
2.2678656113207523
2.2707840818991203
2.2693242880795186
2.2617593942418046
2.2528361461515796
2.220145397295163
2.1830996045330275
2.117096366197947
2.0265632753735807
1.962560278186966
1.867471768751442
1.790673766768598
1.6855744912406976
2.324992187090037
2.3615133560905113
2.3778299916174683
2.3765902164954347
2.3688668597974893
2.35594103124659
2.3186748329408404
2.2773378001025155
2.1933849825147367
2.1061751698436066
2.035793997420871
1.9324286650718425
1.851884218013403
1.7365687944345123
2.459286981860971
2.493245273483786
2.507602751350755
2.5016529709392774
2.4754220353748457
2.385633311430834
2.196212413013925
2.004860995133972
1.7912640539147402
2.5734196841845516
2.5960558534350837
2.5946258058812037
2.576609450653256
2.5568181361697406
2.5095447767316887
2.456398790861241
2.356742012165152
2.2529690313335675
2.1846068866070856
2.048117845027867
1.96008534365248
1.8224883603876896
2.6778229299822636
2.7055685613135214
2.711517163661456
2.6966784250404876
2.677338669056837
2.659856016879734
2.605000484600451
2.5454911469639585
2.4272508951302325
2.318765297031465
2.2206207214620726
2.0974645371269816
1.9890825239644832
1.8520962551626379
2.7549613577136287
2.778628977552084
2.7810665774649315
2.761819566571054
2.74228365115943
2.716950600259403
2.6561959179292907
2.594760521427492
2.473420845623618
2.3529417078573895
2.2758094548241026
2.1169767041051952
2.006423575513939
1.8596879156375996
1.1785895111462785
1.2072212553424104
1.294882232047197
1.3262418122230424
1.3451822971199792
1.4755539628583327
1.5101102899294494
1.5300444313325932
1.526884701129425
1.66976677030984
1.707811681289052
1.721463840925417
1.7273903192189277
1.7185186962313788
1.8120786483816334
1.849841358985004
1.862079010705201
1.8694416224617083
1.8691967322815648
1.8551964897556792
1.8129864211409494
1.7589442165913038
1.9525265973942654
1.9920148265353275
2.003890071023538
2.010033591650117
2.006226442431153
1.9892293341685687
1.9386565936015487
1.8778992964086296
1.744877238970134
1.587222405710464
2.1250124421963683
2.163685429663506
2.175789310225182
2.179091494766113
2.1705474919127172
2.1482945684823047
2.0968399868675545
2.016159982071546
1.8640012197433118
1.684573481975121
2.2301241006981813
2.2664638585007486
2.2762015446977837
2.2796655129904773
2.2675155241666567
2.241483336521023
2.174163926865129
2.095499913407422
1.9289149014276974
2.3539640874000107
2.3879973543469504
2.3967264887898865
2.34868583039252
2.185221878963573
2.0012776743372775
1.7902460423548658
2.458775152551581
2.4717768810256824
2.477790007329827
2.47680895030179
2.455677768192677
2.419293922549293
2.336721773776524
2.2419239798089974
2.044548216361567
1.8214722684051898
2.552340627668926
2.5790613706831116
2.5821352125339194
2.578195767955447
2.550273386523098
2.5077600955950925
2.4077858632192166
2.307760443218744
2.1460592833578516
2.0939000056923494
1.8510967143915023
2.6197530066507033
2.642863746556059
2.64378491292025
2.6363295035473935
2.60230604890837
2.5569611002485213
2.4535029680292952
2.341962068375863
2.113475150513461
1.8587136083438256
