1.0287517355829883
1.05370600693625
1.0472436525154
0.9995444938952759
0.9412222904225807
0.8889513959990097
0.8335465365068427
0.7832989413248662
0.7100680542013074
0.60072915865691
1.1409156104658553
1.1783240531968193
1.1909803061916795
1.1960014318789756
1.1581905148721128
1.0928709214589793
1.0306409450059224
0.9636568638381467
0.9026561719502056
0.8415586104390946
0.7820127619370787
0.7322197289026839
0.6356781781440098
1.2602333247572872
1.2772508877870394
1.2908465944914589
1.3062490347869007
1.309525654598213
1.299201307407676
1.2339116512470363
1.163586787854327
1.0857471772017324
1.0143250390104315
0.9426724522122846
0.872851754147651
0.8145127559232975
0.6491346391099564
1.3731118904629744
1.405562740296899
1.4130849004410309
1.4244758024258999
1.427960230854771
1.4273571360579675
1.3765074143305809
1.3008259633671504
1.2123416765888
1.1299585783358417
1.0470063105078444
0.9661419046425798
0.8986242626850248
0.8295207226816989
1.5371999875497875
1.5564871564014002
1.5711508368000937
1.5867464335511323
1.5896853926017487
1.5822040395797807
1.512790044258786
1.4114999169622033
1.3122500482431438
1.2110325123692975
1.1120789634155541
1.0295030814793202
0.9451356670440043
0.8702432330423341
1.6536050991936222
1.6733199159700867
1.6884324307350367
1.7028813987079192
1.70576996292384
1.7074996572138035
1.6684950483035756
1.5653204963148015
1.4545636120379226
1.339115443930077
1.2256085144429525
1.1308351282921796
1.0341135804950707
0.9483663282786123
1.6605109026633675
1.5441925080598442
1.420067167376535
1.2972710285694884
1.1946289336538805
0.9971777427131454
1.795873743048112
1.8337909435396373
1.8457564732223097
1.8451423840362564
1.7670263624175777
1.6472282511652456
1.5137498771628783
1.3802270464312365
1.268355553481187
1.1542638276258823
1.0532805467903927
1.8826930189388353
1.918271674492319
1.9295474876347627
1.8919493031861645
1.7754955694147803
1.6321654801332912
1.4853608211308653
1.3616867039114087
1.2354906005830522
1.1238985810668698
1.0147613406066942
1.949583750419142
1.9816756758192935
1.9928782334511215
1.979023416760327
1.879989244176157
1.7314437711949793
1.5740683625828464
1.4404408295645306
1.3039121376091614
1.1832043580863825
1.065304391079056
2.04818784131622
2.056970641002014
2.0564506421921473
2.044957412265436
1.9907246888854824
1.9415165653424247
1.8422679466622116
1.6743271816495746
1.5296062913669597
1.381274775434023
1.2501200728802881
1.1221706069989703
2.0819755362972145
2.1099858647536656
2.1164954793916486
2.09200829780671
1.9552387124394555
1.7790912447233609
1.6232385941189325
1.4625266901058114
1.3202772643325325
1.1816362215141645
2.178561179809507
2.183077198988081
2.1813995746480144
2.1617764197092693
2.1482335098369836
2.0924347308524984
2.014555081092738
1.9139387133972021
1.7452846089426912
1.5687080722894848
1.4118604603849776
1.259072617203279
2.2332652329551523
2.2362677270162195
2.2301022807257143
2.2064409889038656
2.168674908314491
2.1078520525603652
2.0436210868256817
1.8661710768743243
1.6747370786712505
1.503358649729365
1.3363251391439026
1.0373141689786736
1.039375901877046
1.1588577379349467
1.176509873061695
1.1524279898633614
1.2841383322785427
1.2867612248912996
1.4028148778291443
1.369188417383673
1.546838908414485
1.5610095570891733
1.505940788847553
1.66961353679548
1.6538651153124677
1.6871852078494938
1.734360057325107
1.7690812605297488
1.8066947094263655
1.7559138277265751
1.8504733772872959
1.8869865493559017
1.8712334200099552
1.93918961498666
1.9469219921625334
1.8695784068724406
1.97265349128269
2.0160811188241325
2.063695871536045
2.0603724175814606
1.946296976200911
2.1296431708470287
2.0743882717783912
2.1709399809435164
2.034099152392868
0.9540616246903781
0.975585131648443
1.0419992297475595
1.065366626079455
1.0801876601582747
1.1771614835379607
1.2029288516282433
1.2186047850071349
1.2261760037226979
1.2249366985217822
1.3210897735771736
1.3485074723726853
1.364269655418755
1.3711705493863424
1.3674308522585021
1.3383737825260305
1.4247645684260983
1.452678307757685
1.468633320845283
1.4733521466335866
1.4741785695608478
1.4729034231645564
1.4687002320874205
1.4536803532430465
1.4335426914312994
1.5267963131664755
1.5557918602195775
1.5704845338618085
1.5746804062439417
1.5722694877003778
1.566712719439613
1.548026055195008
1.525536501354027
1.4775942816639558
1.4275932230887367
1.3254313551169288
1.2776007798551492
1.2080979110036598
1.6507375903553938
1.6786985468132374
1.6922214651437821
1.6945827713203783
1.6937758689123064
1.6885705624902185
1.6822681005815756
1.65882860072174
1.6321664125295687
1.5845119967469548
1.5189842061878867
1.4725877052679017
1.4036251590733804
1.347807382811849
1.2713697412605809
1.72514071267597
1.7520473866554338
1.764326815643382
1.763850028979567
1.7584463612862677
1.749291705934855
1.7227722608895546
1.6931335942016537
1.6328275515290716
1.5700880115500089
1.519320805406756
1.444711961579028
1.3865161798861632
1.3030840164867359
1.8123574609319595
1.8370246016909337
1.8473527103515224
1.8438015129899212
1.8253200292947511
1.7615022127335311
1.6261533276994364
1.4889713804958657
1.3354073037336955
1.8865357846972208
1.9030454079399155
1.9021831129729367
1.8896375575844986
1.875662700715391
1.842221840781964
1.8045204179749736
1.7337150785826543
1.6597987385314719
1.611069001958182
1.5135947903056497
1.450660345623042
1.352085736100043
1.9490146475798493
1.9686825076489343
1.973036635144783
1.962622999556997
1.9490710361699712
1.936766257494352
1.898164177897078
1.8561076604808506
1.772609638902134
1.695837819407754
1.6262970622777293
1.5388940742939683
1.4618188274841917
1.3641946158101843
1.9946330916723898
2.0111294387640424
2.0128247562924284
1.999902927767141
1.9856221430101537
1.9678146195944388
1.9250882027556908
1.881949733405982
1.7965540942074993
1.7116387176286585
1.6572570141954586
1.544946347078319
1.4666506052878598
1.3624667881485468
0.9276313496241763
0.9507094937989609
1.0118669447433075
1.036870772941409
1.052199302036604
1.1409550290868467
1.1680885766398375
1.1839918057103236
1.1825824910906138
1.2773960981876513
1.3067970331308456
1.317476183834523
1.3222296566709641
1.3166016238954887
1.3758930132723903
1.4047637551762153
1.4142217508434174
1.4200639298159838
1.4204652283818024
1.4105300787753248
1.379725450124611
1.340028482387211
1.4716983325286817
1.501530761313962
1.5106628430691496
1.5155184654713771
1.513257129785364
1.5011864339484822
1.4645289539560449
1.4202529040722904
1.322978668073373
1.2073836725405178
1.5874411969567999
1.6162670323370698
1.6254787854498791
1.6281399590469254
1.6224100566417379
1.6066003864259661
1.5696200818538832
1.5113318440754497
1.4010686722229797
1.2706311001857662
1.6568833230800706
1.6837155605036658
1.6910051408863433
1.693768017888437
1.6855136543559621
1.6670112307451848
1.6188133604547117
1.5622988970629772
1.4421443724959333
1.7370716400113957
1.7619406713540957
1.7686146813645127
1.7348542090339787
1.618214291296255
1.4863789171147361
1.3346695321480067
1.8051006898926316
1.814550319833
1.818987929937223
1.8184462407142545
1.8036814936279608
1.777960615465532
1.7193731630611466
1.6518804808637237
1.5110319694535421
1.351354960532508
1.8605531178335033
1.8795050658319332
1.8817814148924812
1.8790114606546549
1.8594378796184388
1.8293969884617751
1.7588186132518278
1.6880356255379745
1.5733826175355363
1.5363633300887543
1.363483917882355
1.8997448489865187
1.9159131371646838
1.9165331665720051
1.9112483336666237
1.8872610024863459
1.8554052188666128
1.7825567556861133
1.7039174497202674
1.5424810004086429
1.3617799623672717
