0.7511987894943783
0.7713935727325041
0.7719587635305226
0.7413793504816457
0.7031946711004098
0.6690851395631325
0.6331974554117833
0.6010226987944162
0.5548873305158692
0.48823431007871976
0.8238663331920852
0.8529878105755189
0.8634060139486287
0.8692138633070786
0.8465608262396169
0.8040155513890911
0.7632640280173875
0.7195549515479163
0.680082681790683
0.6409192942649834
0.6031811769929756
0.5720169589618395
0.5129360282069795
0.9015732516191278
0.9145065237737192
0.9249777145623924
0.9372206906439896
0.9399683835623937
0.9368660963194636
0.8949398688522477
0.8488507021679706
0.7978406248119512
0.7512942856303985
0.7049288522196858
0.6601296177422507
0.6230421318126625
0.5202982750813385
0.9724032561528052
0.9967398251606946
1.0025142759898753
1.0116000052414824
1.0147964050792329
1.0154512667410773
0.9839430606714219
0.9344751712058833
0.876355572866994
0.8223988351633009
0.7683399653210474
0.7159761252286385
0.672538223810119
0.6284463270817576
1.0706173310474065
1.084463545774444
1.0951158216844668
1.1067712275358057
1.1090842315311784
1.1060463924458472
1.0612539370138936
0.9946906029895385
0.9294441950466065
0.863065340053076
0.7984059905568908
0.7446450179093855
0.6899969179058205
0.6416843384028974
1.1360292511536811
1.1497536047846248
1.1603527477603413
1.1706625215021031
1.172779968215467
1.1743582855075283
1.149658146887475
1.0819132460980678
1.0090288568183228
0.9331658629640567
0.8587488601352757
0.7967393726945636
0.73370574023452
0.6779317210612041
1.134023452234025
1.0574531090932324
0.9758580039658338
0.8952843106399725
0.8280120058753426
0.6991508165208159
1.2098973024001876
1.2348059243881935
1.2426390594611596
1.242221534065044
1.1904767701809074
1.1115252828119921
1.0237909382418788
0.9361791305556039
0.862830545821445
0.788278921537324
0.7222985784549514
1.2507699485689046
1.2730716125105281
1.2796344628074288
1.2535970006569472
1.1764297690159042
1.0822151027290865
0.9859858123840564
0.9049865760736326
0.822596259518126
0.7497023885494397
0.6784244925728362
1.2794832379524788
1.2986366506903018
1.304493812714688
1.2937179238968242
1.227146946800675
1.1293811026009062
1.0263557885005155
0.939004380146553
0.850036613207281
0.7713479472248838
0.6944804141245117
1.3222365612665439
1.3261565959356076
1.324673078584271
1.3157359282183443
1.2783419976944017
1.245471071075968
1.180085313001648
1.0702320161243681
0.9758998244143775
0.8795785301191702
0.7943743104105094
0.711259407569223
1.3259100909831154
1.3402014534183007
1.3408443383728261
1.321653847346889
1.229602489751448
1.1141926656566294
1.0129948255695171
0.9090401931485786
0.8170944162290968
0.7275256579046607
1.3531673790815952
1.3530885844268903
1.3502232344975615
1.3339925275086357
1.324142203511735
1.28557945649621
1.2337414163930978
1.167916810120317
1.0587768316894908
0.9452906999065835
0.8447363822107535
0.746904917837873
1.3549727110517757
1.3535925886754814
1.3459644926453889
1.3269302977060462
1.2999143337893837
1.2587123664766575
1.2162723267902589
1.1014019477221637
0.9791702964364392
0.8702464346538707
0.7642171571385638
0.7601754403034803
0.7660435717048074
0.8397257214997014
0.8548192229979461
0.8422847984789822
0.9223015767624742
0.927796713152828
0.997879184742802
0.978685748527892
1.0792546037506647
1.0912784789389869
1.0564842095846338
1.148603843282855
1.1397037440916629
1.1494108826506269
1.1822580800542546
1.1921993822829677
1.2169292806070486
1.1831917387652229
1.2294654178491202
1.2519696793308144
1.2403449080704962
1.2707467256852878
1.27360458352375
1.220672187959922
1.2673775640046752
1.2852245182357651
1.3094471938084786
1.3029463756808037
1.2242110526824583
1.3181223899243562
1.2754398847483013
1.30767734332831
1.211246081121741
0.6990304126919771
0.7162095990308687
0.7579444706205488
0.7763817452535251
0.7885620060864955
0.8457761973003659
0.8656838772623591
0.8782724290674655
0.8851924773666546
0.8859004863771868
0.9350024508295447
0.9555272747311654
0.9678057774013537
0.9740231478638923
0.9727939115175571
0.9550995268627894
0.9957896352429215
1.016113061573958
1.0280892468551968
1.0320147429919422
1.0329484803275608
1.032651481740109
1.0303673764459567
1.0212126267978832
1.0083073137803826
1.0520179304802137
1.0723294113297457
1.0828982621123249
1.0863967140373179
1.0851531469304012
1.0817567716242793
1.069801939213482
1.0552318288203135
1.0239161972843944
0.9911677002987053
0.9241279661841626
0.8927900692645458
0.8472542954519041
1.1143184916205602
1.132735794247671
1.1415222557539406
1.1430472151534352
1.1424722360162272
1.1390144037882106
1.1348649787943463
1.119330242044936
1.1017569303058579
1.070358704865424
1.0272613005404794
0.9967805725436649
0.9515568379517232
0.9149471125263624
0.8648502284105606
1.1475107752767146
1.1642343507614976
1.1715559174186407
1.1705442788615386
1.1666790822034367
1.1604193974476107
1.142586583113265
1.1228241151974168
1.0829713241610737
1.0416595582290027
1.0083544800484183
0.9594421174222275
0.9213347513239386
0.8667210548109103
1.1807614875050303
1.1946230845656898
1.1995670795575404
1.1957024083908527
1.1822812916176433
1.1390851315371182
1.0497748845452883
0.959986129054817
0.859947003138933
1.2058633791575235
1.2128835045353277
1.2107217884559998
1.200543596721986
1.1904442547264973
1.1673482693181356
1.1419961448032976
1.0950903229589288
1.0465603210696333
1.0147369803088364
0.9512838078650632
0.9103857384259036
0.8465594808990047
1.2117406244722553
1.2191725916651397
1.2179953312151277
1.2077454436013462
1.197345335021966
1.1883075020487108
1.16144176438911
1.1330056586479538
1.077872275698112
1.0278554844215069
0.9828574258369116
0.9261748665890904
0.8769633630852367
0.8143114642538921
1.2101768996003703
1.2144612352158364
1.2106425999351877
1.1975860147979702
1.1868243654193613
1.1736689069516189
1.1438703885108106
1.11484187402764
1.058677188643997
1.0036974752353385
0.9689160022649442
0.897019153348529
0.8471182186829238
0.7811067443233691
0.6812995263232753
0.6998953212585663
0.7377912612985686
0.7577007736624269
0.7707049280687773
0.8216556298289751
0.8427901706660674
0.855973085854353
0.8583413247313935
0.9059752508784202
0.9281697026488424
0.9365751790103275
0.9405686294530373
0.9395469164474959
0.9634429683480344
0.9845846035429973
0.9917192712275171
0.9964347190246585
0.9980258194127261
0.9922356715215815
0.9727684655265799
0.9471021394087603
1.015684235986626
1.0366329339923002
1.0432427408140539
1.0469322267457386
1.0461547516872804
1.038672944433355
1.015033725022557
0.9861787059355526
0.9224623018782285
0.8467699272503955
1.072756896368412
1.091653799136829
1.0976741325065678
1.0994138372093487
1.0955092562139042
1.0850538870003
1.0606506076047544
1.0222848125801491
0.9499030200810716
0.8643761664592474
1.1028916209167163
1.119416042886523
1.1236904282093996
1.1250624773185984
1.1189119266634664
1.1062600507943725
1.074118924255294
1.0367588206252552
0.957841423640653
1.1317543781972894
1.1454998740855693
1.1476195723616216
1.1229079990425543
1.045017525824586
0.9584561895433503
0.8595210364264207
1.1530955783750039
1.1574683341912486
1.1587875086687134
1.1566976919608536
1.1447264939947113
1.1264804199033107
1.0867833607634099
1.0420166222448448
0.9498439279710122
0.84616119143325
1.1548344747859798
1.1613328506523473
1.159883031315555
1.1562702156411513
1.140112939600437
1.118401730087031
1.0704359278766862
1.0237043282121847
0.9490893468111602
0.9248714216617014
0.8139622881281274
1.1501676340713156
1.1532922645885457
1.1502995199339567
1.1439092159099782
1.1241610925985586
1.101103453866158
1.0515742845943998
0.9998513946144834
0.8958430803839892
0.7807995933698983
