0.9834980559179813
1.0063817230569623
0.9962184150399328
0.9471301395205619
0.8882411584508015
0.8359983783822864
0.781072491191716
0.7318149172856528
0.660745309379331
0.5572560649097573
1.0816022063126152
1.1158613477411254
1.1269092185082208
1.1298001578967518
1.0894437034648616
1.023341085221123
0.9612103271878557
0.8949400056758722
0.8352323904736486
0.775861229316658
0.7185895570072811
0.6712302817669802
0.5812654158646919
1.1847508370801298
1.2001920181135535
1.2123589329801427
1.225703327607881
1.2283763987404546
1.2138759845901768
1.1471410008078928
1.0769304360908054
1.0000677734414347
0.9302733044797336
0.8607638799419923
0.7936744801422654
0.7381830543769115
0.5847975459750194
1.2796944138812514
1.3083786075627164
1.3148301026635258
1.324072122743842
1.3263669755211343
1.3241994082469104
1.270391686870233
1.1946277534877396
1.1073739014516404
1.027022459171358
0.9467271189375377
0.8691586503901143
0.8049968662351202
0.740024184960399
1.4127487564992594
1.4293594751386487
1.441687639837029
1.4540573277048567
1.4560727707265713
1.4440125191414432
1.3727897968558704
1.2727911083371701
1.1762748005243135
1.0786872450659166
0.9841232395479816
0.9058944413097824
0.8267331876326659
0.7571887709656743
1.502768007934659
1.5192876014080514
1.5315594723463453
1.5423271260665872
1.5440415004216255
1.5439142145740388
1.5004594315337674
1.3977116943958807
1.290136654044465
1.1791762183064913
1.0710895248425598
0.981612379884367
0.8911313017657
0.8116899404687572
1.4737464271868363
1.3606796240378143
1.241588495567609
1.1249353713912351
1.0282703001961842
0.8448092872827593
1.6066499402185317
1.6361021226675634
1.6431804419019227
1.639906535281427
1.557510890686446
1.4406562544548493
1.3127854338762663
1.1862959973993368
1.0812661807749273
0.9751108889284118
0.8821022161971279
1.665754298560681
1.6923239410708242
1.697739626090932
1.6535753043727004
1.5384714385414577
1.40122696272351
1.2626174340918568
1.1469853472298674
1.0301001067329574
0.9276823382094315
0.8284669487564472
1.7085257270377836
1.731611539577353
1.736571400409761
1.7169113016576045
1.6165885091502492
1.4740357894050042
1.325798701408523
1.2013038391594066
1.0753411985033916
0.9650201173010026
0.8582815070428096
1.7692455920042727
1.7724634847559437
1.7688038767166745
1.7539884746705658
1.6974235256169783
1.6490029422252428
1.5538105095628563
1.3958778068997146
1.2615747351024615
1.125364492566278
1.0060921390316173
0.8908468196366178
1.7828346128248254
1.8004442816359114
1.798786942133449
1.7687298053420712
1.6333749203949692
1.4676374954782254
1.3235308635220884
1.176649169574606
1.048035917721247
0.9238968117179343
1.8281386457626227
1.8270960654856967
1.8223348980168805
1.7978301060563746
1.783221190177521
1.7270659522007188
1.6521045938658971
1.5577114202902573
1.4022656606971344
1.2419287479144159
1.1011311697289927
0.9654376359315345
1.8418918721367668
1.83955478754679
1.8281737152456083
1.800578176431458
1.7616173861615998
1.7023230295891312
1.6416098054947965
1.4779821250187544
1.305062728969175
1.1523666599716824
1.0052467451731582
0.9897557590528261
0.9886563359035468
1.09623464024311
1.1112259790863719
1.0839791569142083
1.203530615793593
1.2021793861584626
1.3013315333934565
1.2636140336005652
1.4168022651145051
1.424671122612839
1.3665946722783873
1.509768205554289
1.487360594064684
1.5197146523526837
1.5511881605440736
1.5788691685560436
1.6060403061587643
1.5478246053962095
1.6332542794976768
1.6582990808454912
1.6357308317285422
1.6905632595261328
1.6895504177502776
1.6078195726354476
1.682385121665009
1.7249769835464157
1.7551082562150848
1.7427313115599088
1.6261489914001042
1.7761448466659697
1.7127382066986634
1.7728821431053143
1.6343514996908546
0.9085839349064714
0.9285934218825381
0.9856903503168485
1.00713995134206
1.0203782989989725
1.1012496801548464
1.1243884399037125
1.1379399189083788
1.1436722829255173
1.1409965910026716
1.219741442497224
1.2436078057793118
1.2566350502163104
1.2611455710167014
1.2556204691292847
1.2248901341273584
1.3015501036227743
1.3251989035309917
1.3377626089334123
1.3407127598133295
1.3406113706618357
1.3382383956275077
1.3331160625169123
1.3168920990471773
1.296228692386335
1.3784439338091294
1.4021412662070454
1.4130462750275825
1.4140291134685132
1.410372109616961
1.403829621380777
1.3838908718904201
1.361000416436836
1.3134891768931762
1.2647774117391197
1.1663149013510496
1.1206077877912706
1.0545570873905286
1.4658284396713306
1.4874944311135376
1.4962660027559667
1.4966688631776184
1.4940101489246889
1.487215766274832
1.4800545825183495
1.4554334285698671
1.4286617089191849
1.3818257079695904
1.3185237152242089
1.2741350730816803
1.208647443177041
1.1559322155328735
1.084169806117913
1.5140961324805597
1.5338445812743269
1.5409662047733736
1.5365019302025966
1.5296003746721438
1.5193282230938403
1.4917071453652127
1.4620946721754584
1.4033587882867575
1.3432222063739132
1.2950951342587427
1.2248008229673868
1.1703326087780337
1.0926170149809986
1.5651490406349648
1.5817904776500393
1.5861640721320807
1.5782801377135691
1.5570411645133084
1.4926857894381143
1.363322431505268
1.2350391624377859
1.0935799104330701
1.6044665857997222
1.6116462878328277
1.607359293833032
1.5912022917167032
1.5759933687036276
1.5418577771896471
1.5048899899655805
1.4372338624402112
1.3677858609231963
1.3224533629203412
1.2324986445273753
1.1748460687016222
1.0851346562764526
1.6242734511862524
1.6340301430211002
1.6313923638500543
1.6159676325569212
1.6006076552983626
1.5875476372792687
1.5487448261268764
1.5080180035474564
1.4293789595101138
1.3584055978826064
1.2947986458004632
1.2154704021735414
1.1460892576007942
1.0587412990986131
1.6325184672125908
1.638569693521683
1.6329900070342385
1.6143523332537757
1.5989910092544808
1.5803089047940226
1.5378950697161127
1.4965783805987045
1.4170876372209171
1.3394897635282124
1.2903423958360591
1.1896967739125193
1.1201029183292157
1.0282968433604343
0.8817227633227753
0.9031040348701204
0.9552229192032395
0.9780820982445265
0.9915617568387961
1.06494472363487
1.089148419849523
1.1026277964617301
1.0982966762210904
1.1763854317382556
1.2017888493729538
1.2105220837971231
1.214026381251081
1.2049357743724238
1.2533338798001392
1.2775445718184397
1.2849826066095638
1.289029700153061
1.2868574302846822
1.2754679102847235
1.2436871122217819
1.204211706888582
1.3245782211063115
1.3486772288553586
1.3554036417199766
1.3582146999766223
1.3530010160063326
1.3394236761579208
1.3019668526841508
1.2583336055413832
1.1641822791441756
1.0539430601079578
1.4046389976445126
1.4264538449396098
1.4323070998808216
1.433011738328797
1.4238952267102145
1.4065922871559116
1.3690387995307254
1.3119949408459677
1.2064924680646114
1.0835569367461093
1.4486087682828401
1.4678397927985274
1.4719194938342723
1.4719334513958253
1.4600341408333422
1.4399696581352657
1.3915687286813256
1.3367136397388684
1.222685598944531
1.4936508631420744
1.5098681210683726
1.5098651145423407
1.4707176303009601
1.3568832605795969
1.2329731113305997
1.0930054201417085
1.5277619024861706
1.532724797696042
1.533534724328709
1.5294271303775464
1.5106618768817284
1.483503974496402
1.4257905571207035
1.3615282328163685
1.2305144429197785
1.0845841851421707
1.5421455315487524
1.550368373691412
1.5476936778275894
1.5422501341040296
1.5185713541230912
1.4873422244676475
1.4188318734836713
1.35250381341108
1.2472054689758734
1.2136053228325236
1.0582366992918077
1.5458361335315014
1.5504505786083491
1.5462600086150844
1.5373079082183267
1.5093641308971188
1.4767008251654483
1.4067478615615243
1.3338652733806111
1.187955721532107
1.0278322799790953
