1.377884420588169
1.4137712221962597
1.4145221585195369
1.358891121397161
1.2886090366052356
1.2248859323854973
1.1569709447183674
1.0951105916352022
1.0046700808066558
0.8695235769234418
1.5517650174792403
1.605811874510839
1.625309087281456
1.6364721711069596
1.595098530432325
1.5157754266813352
1.4387086609679152
1.3550982473126316
1.2785664494168945
1.2016130909258058
1.1264726469790411
1.0635979184112414
0.9418008537178516
1.7381508497391498
1.7630923067004
1.7833846412154686
1.8073303990294916
1.8127948682564035
1.8089633846981317
1.7302723457017712
1.6422119028546063
1.5436267517938664
1.4525459787411792
1.3607721817961087
1.2711162951224644
1.1961011986687113
0.9835963023892784
1.9189939355707528
1.9681511897555084
1.9799778235869272
1.998959305969812
2.0058837030323287
2.008415355462292
1.9502063921539585
1.8549156472925117
1.741410999567669
1.6347576798546648
1.526815303302268
1.421249283314796
1.3329269684214364
1.2423954828717287
2.1891408670437125
2.2191729292071116
2.242593427489048
2.268938243764112
2.2744917864667746
2.273717156067348
2.188329804713587
2.0566657142896476
1.9256197041468557
1.7909815379244565
1.6587733032827916
1.548116359211898
1.4347792556344583
1.33398845515714
2.386548367303454
2.4179272849494637
2.442727650708432
2.4682335635849846
2.4741072729876903
2.479743765130825
2.4372892503548598
2.303303930112329
2.1553268173590494
1.9994822105526746
1.8453990902190731
1.7162674451357403
1.5840708963595234
1.4665687679865993
2.457256079707304
2.3010476368421826
2.132120418038052
1.9638993663526536
1.8226949279396827
1.549728875721934
2.6346814510518812
2.6984987335447808
2.722482622334679
2.7261166809474804
2.6307992156971003
2.469508372581022
2.286363605237366
2.101665536831026
1.9461636648279557
1.7869612993131272
1.6455620297910871
2.7904574769063553
2.85178268674394
2.8758851640362963
2.836430261878359
2.680610177902262
2.4823790734636884
2.277074345777314
2.1031003269623034
1.924808826732102
1.7665071234674559
1.6113160118447138
2.9130545609441274
2.96927363292644
2.9935207060820708
2.983660637243126
2.853794690814329
2.647565254075972
2.4257182153283416
2.236016754518205
2.0412465907018356
1.8683112355565057
1.6989050251675843
3.0958684505934655
3.1154559558463633
3.1190873706021978
3.1082699475420985
3.0387938536209376
2.971609294339355
2.8328986173367516
2.594394374739611
2.387021994634254
2.173297150657939
1.9834324044349314
1.7975985226339635
3.1645789727118365
3.216165763376545
3.235804156189966
3.209940945902483
3.0228318437333646
2.7713115672876802
2.546074335785863
2.3123040186743222
2.104325737447182
1.9008744364388246
3.3551614640529555
3.3681157160971287
3.369535170808489
3.34849789526955
3.331233425561749
3.255197059504602
3.145117639808352
3.0000479167797254
2.7540981953749397
2.4944294854652997
2.26243412619599
2.0355155390479807
3.472005263242822
3.482090225097114
3.479405558447447
3.4507543121497903
3.3998676729238824
3.313925995116241
3.22121168835055
2.960920737488246
2.6768137496533835
2.4207283552266947
2.16997773001215
1.3938138588853464
1.4039684360347264
1.5816109968745047
1.6098612008828654
1.5871633429389347
1.7794523401059708
1.7915765002890947
1.9736184569431068
1.939739558974183
2.2123421666330563
2.2428188665418634
2.1782826361122667
2.4237110404585516
2.4155049454046904
2.4577335727509095
2.5468956858211893
2.6010619313013725
2.667971179126613
2.613846513268421
2.748284605092608
2.8146205018447312
2.8045364550348877
2.910532894115414
2.9338657221901916
2.8375204754380667
3.0103435120911297
3.064806693244954
3.1523990976410197
3.1597950482843875
3.008538355663591
3.2920695232850083
3.2261295493339293
3.3931876720459315
3.2056424761656492
1.2849314181365568
1.3153832300791786
1.4203196315586863
1.4540845250383976
1.4763936492867429
1.6337006723332497
1.672116223731383
1.6967051496734984
1.710449085846057
1.7122479996649906
1.8681169710381824
1.910498315216156
1.9363583983625605
1.950266191009005
1.9493232767487938
1.9162640610701567
2.0418663245848614
2.086180262290331
2.113372605735243
2.122953246550492
2.125879292636515
2.126495774274858
2.1229987070091867
2.1062814593882853
2.081705652530069
2.2172801518571013
2.2646747913748326
2.290765984397329
2.302265851130629
2.3014322920765844
2.2961396396323175
2.2744434798167084
2.246274256288222
2.1840497749398162
2.117728943583156
1.9804867548971306
1.9158358058340241
1.8214656183460909
2.4369309474121006
2.4842051240218765
2.510000393753246
2.516412548329832
2.518451516551497
2.5143671098142937
2.5075197621491614
2.479083970854671
2.4446364304701604
2.3811883051011637
2.292266681141922
2.2287242688789486
2.133620966199182
2.056426070715776
1.9502067708471584
2.5728552128499635
2.619768713566525
2.6441256580405263
2.6498346368207595
2.6451377085005165
2.634898566898578
2.6016936175692096
2.562678850071254
2.480929264445563
2.3943942065304755
2.323828788970321
2.219548353749142
2.1377852665491033
2.0201742154253126
2.7369951128516505
2.781676599070906
2.8040887336690665
2.805670016548579
2.7849490017433336
2.7005817862645474
2.5119059176304295
2.31711873871888
2.097195368179834
2.88001193823925
2.9148018601926466
2.9182266273326287
2.9060964666313702
2.8889247430788694
2.844758618602127
2.793071101598027
2.6935780007152568
2.588362656137757
2.518438274298312
2.377895472744073
2.2867510210615123
2.1435105039070277
3.010857024456761
3.0496493252810897
3.063866009478316
3.055613909855227
3.0392189091575728
3.02325006519249
2.9706153253555283
2.9116352161963595
2.7917675012126604
2.680218792522036
2.578358926194572
2.449940642574596
2.3361772725122694
2.1916335821357946
3.1104542398276873
3.144828592486583
3.155067354832639
3.141900924144294
3.1246942474491863
3.101001195008125
3.04155727968364
2.979831929071925
2.8555571626522065
2.730352949994102
2.6498149051924065
2.4825646693544
2.3654423680577326
2.2091666276336346
1.2529416695658153
1.2858491583756853
1.38328475889706
1.4197294810935077
1.4434054172093431
1.5881482622703724
1.6290495266414091
1.6547234954248724
1.6599458684635888
1.8116695726143677
1.857658253265879
1.8754199865933856
1.8841236286184497
1.8846900174916077
1.977793675736606
2.0241652255845852
2.04039661132308
2.0515318423056894
2.0573416074336097
2.0477069507763663
2.0106636844111674
1.9600518520046213
2.1437196795273192
2.19311582603293
2.209389703243072
2.2195475266704223
2.2222737742761347
2.2096426178671233
2.1643011588161336
2.10658337785402
1.9767275705867218
1.8203579532704022
2.350574276821937
2.400235403745065
2.4179938791453797
2.424748231409682
2.423227639591707
2.405322907681283
2.3582012682164
2.2803894936340523
2.1296157795377635
1.9490357216958032
2.4784589485058626
2.525988394660936
2.540771121565931
2.548852145199835
2.5437867766426434
2.5219734843247474
2.458989450079098
2.382143363879586
2.2154716436182746
2.6312815298954777
2.677101665915383
2.695648898315592
2.658389414774263
2.499219975168328
2.312936834495814
2.095991079764223
2.7641493419695125
2.7829288185786307
2.793709926857738
2.7977689198613724
2.783186618924026
2.750526514261779
2.6705016709103653
2.5755635374112127
2.373713902835262
2.1423041144185655
2.8826438589395793
2.921364597736787
2.930352890926744
2.9297555278798555
2.907754047562605
2.8681650657674433
2.7692182619802206
2.6674073107355367
2.5001235401142567
2.4457473065291038
2.190442349400778
2.970884972071418
3.0057289976250186
3.011768559788201
3.0084248725769673
2.979530162949728
2.9361696574339504
2.83243217125668
2.717541920402596
2.4784375238331138
2.2080039617006064
