0.9405795971747587
0.9655498693158688
0.9656200109172672
0.9267830792404347
0.8782386170842658
0.8346386714280836
0.7885459270883675
0.7469294362912522
0.6866931618427454
0.5979625906869264
1.037270588117644
1.0736896425359006
1.0866928139871999
1.0938369396412313
1.0649658087416867
1.010891280654159
0.9588779335594323
0.9028732717360712
0.8520035430263353
0.8012184480370126
0.7519480668247267
0.7109376920018986
0.632087205261563
1.1408093983477712
1.1571382669475954
1.1703648375600109
1.1858329953640014
1.1893071965009325
1.1853364054185962
1.1320500730794243
1.0733202244385545
1.0080587704423796
0.9482102288183506
0.8882843127013808
0.8300616397592053
0.7815561078256678
0.6450847620051265
1.2369069500989147
1.2679911236669272
1.2753839099641273
1.2870525806644157
1.2911777558863076
1.2921323526393935
1.2522855432867863
1.1893252806570607
1.1150477430830024
1.0457771047551578
0.9760769312365011
0.9082363352381575
0.851681053197679
0.7939336621168628
1.3733288156913395
1.391369638356884
1.4053062263180685
1.4206588842328491
1.423760141409741
1.4206817184584586
1.364098596986894
1.2791659390659975
1.1955364772821662
1.110106819578771
1.0265759028742412
0.9568683064855898
0.8856989240607935
0.8225046585661011
1.4670870619104748
1.485273598072656
1.4994161663912433
1.5134059752446742
1.5164443971832724
1.518870661099858
1.488600585093129
1.4025082268334512
1.3091495497087513
1.2115642868510546
1.1154999110182187
1.0352200729826162
0.9532785679932124
0.8805377905777548
1.477254918781881
1.3792650790110825
1.274311819518621
1.170299315870723
1.0832472437135854
0.9155564296617669
1.5772228394886263
1.6114965631475933
1.6230209082215283
1.623358243616858
1.559299695603782
1.4584918870538957
1.345641468939068
1.2325063164983665
1.1375636525961017
1.040654526729688
0.9546908786055458
1.641311406292911
1.6727984875428117
1.6832604957020045
1.6528588111217337
1.5549908020535133
1.4338766588972605
1.309526436832097
1.204579846374309
1.0973879344705209
1.0024591548750976
0.9091787131495234
1.688566854679809
1.7163073906779358
1.726195096638252
1.7149423443328131
1.6316738805163988
1.5061996531427317
1.3729882653418242
1.2596808443879026
1.1437828510141292
1.0410503514327758
0.9404542721448286
1.7595853626137543
1.7668983626662231
1.7663718618646167
1.7565627825161505
1.7105954612681145
1.668977809205387
1.5850979218349588
1.4430710802579305
1.3204564991404149
1.194804742699759
1.0835052423842142
0.9743481313267306
1.7740387312249024
1.7966363729488566
1.8010994558464213
1.7796081245884026
1.663380663763262
1.514481690564106
1.382744443158904
1.2467939191291306
1.126237841111896
1.0084380697763369
1.832212760230138
1.8347645871280978
1.83264614194526
1.8146512463863391
1.8028364635025844
1.7548954335758757
1.6887102788162718
1.6035883288919428
1.461316829960955
1.3125263936846667
1.180091970542857
1.0508650824545174
1.8537147742613673
1.854577286237006
1.847600776646811
1.8257980146460036
1.7926460596799663
1.7404698785006025
1.6859718121580298
1.5363561753479786
1.375621166661412
1.2315962483754859
1.0910875883689246
0.9514908877689413
0.9582651934677774
1.0570195574293098
1.0757970339134983
1.0596061951643108
1.1670004972638457
1.1738805719974226
1.2697603758689548
1.2455856755907018
1.3852892055532589
1.401615582950204
1.3579293223129938
1.4852373807038524
1.475587693163392
1.4912706416190287
1.5373392756956301
1.5551195348971294
1.5898291347116749
1.5495997812525453
1.6144558026516507
1.6471173208824192
1.6350341697827242
1.6805335111257271
1.6876543646182014
1.6228358428138143
1.695478105144528
1.7192662752673211
1.7575620612668683
1.753545007693779
1.6560496688271433
1.7897928935645466
1.7404156922076768
1.7979149640494267
1.6785744440707093
0.87532409659007
0.8965568195927791
0.9528907218173815
0.9758427624044284
0.9909528084262298
1.0703553844056273
1.0954527585975533
1.111320991754407
1.1200019596492485
1.1208192829866663
1.1925663715327268
1.2189166921913999
1.2347219324445395
1.2427992036984405
1.241369168964958
1.2189192821603867
1.2781789034996476
1.304677648564805
1.3204678519571509
1.3257376680826811
1.3271246790318831
1.3268824322803565
1.3241125083733796
1.3125556920955799
1.2962995694749533
1.3598730999808606
1.386929753637606
1.401259338481098
1.4064996719799536
1.4052046380895413
1.4011373041673743
1.3862651592993818
1.3678574693687002
1.3279691080748794
1.286029212728246
1.1998715442963137
1.1594497234618277
1.100626155375001
1.454722780028262
1.4800898988310853
1.492799152419412
1.4953760910362799
1.4952451192567295
1.4914237754129265
1.486430371507758
1.4672257288234416
1.445061582632297
1.405081708547674
1.3498450863976805
1.3106368864984332
1.2522844728616238
1.2049752460791836
1.1401009331434093
1.508526653389206
1.5323258405235374
1.5435378524112355
1.5437650373836929
1.539467556918104
1.5320079353912264
1.5098980636784167
1.485055713451292
1.4342346133316934
1.3811954654540564
1.3382495101669982
1.2750361501582723
1.225639513418028
1.1547641420181438
1.5672609053715292
1.5881206295649084
1.5968656335855103
1.5938803896135922
1.5782249978202216
1.5242424655096891
1.4096689195468919
1.29328204373387
1.1630887979255622
1.6151919691174892
1.6282236404540134
1.6270794795191033
1.6160153289693044
1.6039191631019432
1.5753189897469535
1.5432898400674804
1.4831986482903778
1.4205418121064006
1.3792634230072216
1.2966827108821108
1.2433477674277984
1.1598136669966992
1.6428618156024584
1.6569240766493298
1.6588165152805066
1.6484641417241441
1.6363696201783609
1.6254749716542782
1.5920996422990537
1.5560747733034326
1.4851257342453479
1.4201329165528345
1.361392764495686
1.2875429373182175
1.222443884127649
1.1397660276411157
1.6584174571692833
1.6689662812129689
1.6677791745475132
1.6541171251475746
1.6415637782361714
1.6256796840669299
1.5884984670079916
1.5515342584356961
1.4789396027512582
1.4071546333346314
1.3613966981553056
1.2667969302985498
1.2008720880912496
1.113214946055589
0.8529999895863775
0.8759450359377895
0.9274553234168015
0.9522054693276367
0.9682668159014967
1.0398050880098164
1.066434405797259
1.083006605884067
1.0857251941037178
1.1556599045267046
1.1841470881951173
1.194967027702113
1.2001335672800184
1.1990042733346569
1.236951636741914
1.264556508256092
1.2739623432152787
1.2802261615522097
1.282550905737009
1.2754881140394314
1.2508323909360428
1.21805241679428
1.3134036075919509
1.3414001114023828
1.3503559979382715
1.3555407758325866
1.3552730369304915
1.3461359686567063
1.316298335084318
1.2794637385472902
1.1976720858167287
1.0999837105793178
1.401362363209338
1.4276023718803126
1.4363429497828208
1.4391694380766995
1.4354191894016084
1.4227278836947073
1.3920717310062536
1.3431560273790253
1.2500489930086567
1.1394551395001533
1.451044427692796
1.4748240525660505
1.481451254702321
1.4842459405609099
1.4778562775308954
1.4625940150118546
1.4221896938700855
1.3745045242025835
1.2728339092691336
1.5039252868669182
1.5249520178572422
1.5305046156503739
1.5018557580210308
1.4030231123565853
1.2911218766917896
1.1624782132394555
1.5467788804020082
1.554315819003158
1.5576452965755556
1.556687586521243
1.543553542291017
1.5214317039121101
1.4714292877085167
1.414064442314372
1.2946016193669663
1.1592266655635821
1.5685901313288115
1.5819303415757084
1.5825455767986047
1.5793618390610276
1.5612618741669915
1.53486515762518
1.4742328771604825
1.4140023130296127
1.3168505142254685
1.2855791270350891
1.1392248868302746
1.5794643068699983
1.5891541469614336
1.5878550511928564
1.5817943342713139
1.559265568297714
1.531092922017611
1.468237333628939
1.4012965390873093
1.2649592390047804
1.1127161899654774
