0.7443082007434099
0.7579368123210868
0.7386785813341933
0.6923071612935238
0.6392670788068401
0.5929639443248538
0.5447422516730545
0.5016729397638835
0.439981978145052
0.35034018635038855
0.8030653093892279
0.824103213058681
0.8294232466947252
0.8264432456506882
0.7854466937510017
0.7264151663163649
0.6724969617019698
0.6157217662645225
0.5648954181847206
0.5147816139132098
0.46663705944906275
0.4269246158863291
0.3515332472830479
0.8634743325527122
0.8728687071422471
0.8798498519162303
0.8864069199161121
0.8872789631870676
0.8654174454608676
0.8051770988769256
0.7450786646898154
0.6804916266392421
0.6223736001716924
0.565048843460743
0.5100329926199094
0.4647187607092737
0.33991295283956824
0.9167430893566251
0.9330476282069572
0.936218694723549
0.9395725695364107
0.9390380588530586
0.9340278523856657
0.8826239182506422
0.818136328848371
0.7460009473020679
0.680406671231021
0.6155829954789581
0.5534062120624726
0.502268580734158
0.4507305883420984
0.987670354808298
0.9967796119039398
1.0029311029793628
1.0075692939768492
1.0076592435947949
0.9898184264479355
0.9274283000269968
0.8460234325039105
0.7692163864799044
0.6926521261451946
0.6191546257372269
0.5588164357536451
0.49817739186890453
0.44525596855657457
1.0326921904239548
1.041376078326492
1.0471117160551364
1.0503333348281405
1.0499687993778166
1.0470411051371964
1.004749553357294
0.9209055352919254
0.8365266300121931
0.7510585119999661
0.6687499492893627
0.6012215086827133
0.5334898124440555
0.4745035984522303
0.9662486506983186
0.8780744635834827
0.7872499225699362
0.6994311521711529
0.6273714577891437
0.49240025338871724
1.0811060708758715
1.0941664157508941
1.093645359516839
1.0876422663058087
1.015965125764373
0.9250537719766729
0.8284739523120046
0.7343814857710006
0.6570909473311025
0.5797196271778641
0.512524401654541
1.1062378450725971
1.1172072186036244
1.114991094929309
1.0725573150261234
0.9823334863124652
0.8796157164344023
0.7778541034323938
0.6940023665147291
0.610112754222221
0.5373741290398875
0.46756060497526697
1.1229027912788487
1.131928765548051
1.1295453437521958
1.1082702822369084
1.0279284922899579
0.9216689956923265
0.8138460827086678
0.7245256862274806
0.6351949033301176
0.5578032970591515
0.4836643453594455
1.143643857565943
1.141151052849268
1.1354988224310645
1.1210305132496188
1.0748882683330243
1.0379983906327332
0.9676457929766048
0.8537482546561936
0.7584662271140238
0.6629808003656782
0.580347504277293
0.5013343904828089
1.1461831305732941
1.1513297882167632
1.143555874819842
1.1160357311510483
1.0134561494159755
0.8946338174545038
0.7933953128341092
0.6915936631489157
0.6034834393197157
0.5193989529229392
1.1534069297678609
1.14903992153088
1.1433013740779967
1.121547729342879
1.1098451614420208
1.067292272263807
1.0128192325534018
0.9460507240762558
0.8378663064190914
0.7280879747311945
0.6329762845209495
0.542281235267848
1.1482064610675815
1.1433209397685127
1.1318836897750426
1.1092601782985647
1.0796604588812893
1.0368234630810775
0.9937481752214412
0.880655686174439
0.763446911288034
0.6615077687180388
0.5642322687239698
0.7431695682394593
0.7331167685501065
0.8071335736231454
0.8130384665319945
0.7815680651752497
0.8675643991670802
0.8572421060713845
0.9182793893111918
0.8780345843864849
0.9812955031210379
0.9769609977701044
0.9233760034725899
1.0246696825368058
0.9962812836440638
1.0305077698164096
1.0342277384967709
1.0573766951790753
1.0660400410189423
1.0098935435734293
1.079819304998234
1.0869590765573791
1.0614523726046863
1.1008844635166117
1.091348641834157
1.0225895083362877
1.0657757487719728
1.1078423724096065
1.1170192873440472
1.100349790262126
1.009170675089969
1.111949006425844
1.0588271324264928
1.092941851325427
0.9895431602226434
0.680095646313571
0.6927651050406859
0.7260350101026284
0.739156071831342
0.7461711795816125
0.7919946003432434
0.8054249945619982
0.8119359416781442
0.812480005592706
0.8067493508991769
0.8558426975960406
0.8688029330858811
0.8742987858808025
0.8732776037856282
0.8650846560616279
0.8356979924874814
0.8974149989948357
0.9095780743867579
0.9141397794521497
0.9135118583858343
0.9118043534793923
0.9078953133047024
0.9019990133658862
0.8863456222682113
0.8681604956534137
0.9341804845807872
0.9455874348346204
0.9487887266079769
0.9447103157585601
0.9398410798751572
0.9329604863594897
0.9146779737311227
0.8951832485250771
0.8564543997453268
0.8178735331727662
0.7415820368869979
0.7065278418048562
0.6563156335857565
0.972490707954169
0.9820242661740862
0.983171822149248
0.9810647536617663
0.9766551253193273
0.9691621840963839
0.9623621971531677
0.940934437913974
0.9190505900344637
0.8822086881337031
0.8337132036742021
0.800188391498679
0.7512577148733649
0.7121373619385187
0.6592885365361413
0.991280689057065
0.9991042886377611
0.9991021421220798
0.9912081919066148
0.9840494955379462
0.9745844441569071
0.9514065499030875
0.9278971297595823
0.882801051376678
0.8377208664692153
0.8021425101688001
0.7506182368649711
0.7110480472754872
0.6549941610513415
1.0081757281840227
1.0136799840767072
1.011562464962532
1.0013825261023823
0.9823375207954835
0.9316792227768884
0.8361861078628454
0.7441296005858399
0.6442365857345699
1.0181144311596877
1.0161312658426223
1.0101243481955973
0.9948373476668668
0.9822182571818002
0.9554971332457646
0.9276609989465556
0.8782671372773636
0.8284981599137359
0.7963848522804025
0.7332721003145543
0.6931034047653932
0.6311281652669287
1.0157957819716408
1.0164939669193003
1.0101418032075882
0.995326649560097
0.9826407791600201
0.9723975992000563
0.943220940116465
0.9135525787690418
0.8578387699595267
0.8084738383886044
0.7645980199841014
0.710347136541793
0.6633123307564674
0.6045312565761316
1.0081493581861836
1.0068144153757088
0.9987542087737501
0.9822887146967803
0.9701080513790767
0.9558985823263073
0.9248988339220777
0.8955679779330874
0.8402861325470355
0.7873184948159171
0.753969767340418
0.6864668495019695
0.6400926953255355
0.5794867569242664
0.655916639281523
0.6691663483364173
0.6991671960743402
0.7128179740866127
0.7192261720919902
0.7609455472202393
0.7745652487164946
0.7802051394707538
0.7694005946967808
0.8200277434173413
0.833328999583596
0.8367702058757881
0.8372393214102056
0.8224829548083881
0.8583243262327573
0.8703034973576426
0.8729364426305765
0.8731448097386161
0.8667992620093775
0.8547228721181592
0.8262950278725709
0.7933473879248883
0.8915626281840349
0.9026410404975735
0.90454771473547
0.9038094899980137
0.8950156872459419
0.8815218382659287
0.8492298001442703
0.8138712215874799
0.7402831706970422
0.6559512646374384
0.9254302081564038
0.9342734476260849
0.9348342975073024
0.9330179797931524
0.921379594667625
0.9054395653775659
0.874388341289611
0.8297635757208464
0.7499794609678779
0.6589341483990802
0.9418026501194868
0.9488082914447263
0.9485255583768845
0.9454806336171331
0.932071308157746
0.9144624367877794
0.8757106817691629
0.8338443892815993
0.7493832808888664
0.9552235961526472
0.9599138187990752
0.9538988868297181
0.9185833386748933
0.8324196173535789
0.7429447481823777
0.6439153786763615
0.9623898684620097
0.9626597836427473
0.9604192689217882
0.954510482249558
0.9370402597477755
0.9150771356857056
0.8715956860997107
0.8248842501930869
0.7321484010538158
0.6308240809760202
0.9574346827283661
0.9567510207306512
0.9516200790634625
0.9459069452820608
0.9259437577267033
0.901610877127512
0.8517951811957203
0.8051219451061389
0.7323567892454588
0.7093074208583283
0.6040601797479752
0.9478665236976744
0.945140213230828
0.9395326989934486
0.9310335835996804
0.9084891998003672
0.8841901113420565
0.834419982837641
0.7841550970876905
0.6855051837691635
0.579235941688331
