0.7858371568091561
0.8041891948498746
0.7965018886196258
0.7576655620384167
0.7109115976267593
0.669288587642549
0.6254148237076452
0.5858394310816982
0.5285717475407171
0.4442429529190705
0.8662923716633405
0.8938363589501724
0.9027908087716628
0.9053360105224112
0.8735988626663075
0.8211558270461979
0.7717056531421513
0.718810037721755
0.6709084473834863
0.6231979798974496
0.5769795480770078
0.5385768445568406
0.46495147801285663
0.95115179360286
0.9636118646514642
0.9734543044137466
0.9843162382576714
0.9865171651884982
0.9755624601084625
0.9227304072116167
0.8668954528891714
0.8055755303464344
0.7496365412782555
0.6938366018530648
0.6397796310556934
0.5948828829338761
0.4694088344156765
1.0299874856959619
1.0533093921368843
1.0585779881408668
1.066231322596664
1.0682270093768866
1.0667380418246062
1.0244582244584806
0.9642547398028358
0.8946657615374799
0.8303204298946985
0.7659055177097586
0.7034720216560701
0.6516431086004204
0.598936481953844
1.1418788526483599
1.1555069011536585
1.165682632024937
1.1760347784591336
1.1777906328516203
1.1689945571030746
1.1127522985481664
1.0331019163056914
0.9558569787393604
0.8776055792402822
0.8015545716145503
0.7384482008232305
0.6743640293358153
0.6178382787700041
1.2188788352773547
1.2325627873736398
1.2428125640712124
1.2520218594687629
1.2536064178580326
1.2537790061979437
1.2201670153463853
1.138564446018487
1.0525003939359987
0.9635290303046111
0.8766095654310515
0.8044507666063795
0.7312461765356025
0.6667533066589616
1.203161560168139
1.1127618791757763
1.0172682761776795
0.9234478732792891
0.8454867065649223
0.6968423133341491
1.3096720382890836
1.334683064142549
1.3412689104980482
1.3392014468959326
1.2747600227080629
1.1814526599958557
1.078922058078918
0.9771632915568857
0.8924318499565295
0.8065497677928499
0.7309922942874582
1.3627625257824427
1.3856661367103613
1.3911737881941146
1.3575481914052585
1.2660468462520642
1.156036225518985
1.0444804992082453
0.9511428831819423
0.8565161960414844
0.7733389058935793
0.6925180335621687
1.402164600725452
1.4223624293154604
1.4276286849505568
1.4133160937955405
1.3341206047682521
1.2199737482330737
1.1006325728944226
1.00007638897586
0.8980256152427905
0.8083673287800851
0.7213614015356014
1.4589094515899967
1.4626872882349935
1.4604743808088878
1.4494939996241516
1.4052184449510745
1.3667383216183364
1.2905384273984297
1.16337804328399
1.0548126978385644
0.9443323961615265
0.8473111142735675
0.7532744984469832
1.4745477138065408
1.490828298030296
1.4913535015263313
1.468825023946747
1.36151413856836
1.2281391496908698
1.1115586103000201
0.9923152700576211
0.8875228557473065
0.7860749546921912
1.5224681457252662
1.5228948542739176
1.5197956856030397
1.5016498646469743
1.4903604505431944
1.4460694251839536
1.3862176179696153
1.3102257363116423
1.1843883265072523
1.0539976285864763
0.939183815287906
0.8279252062643379
1.5431267715580814
1.5425557796969558
1.5348530210326123
1.5140476770184985
1.483529139090496
1.4363767429655045
1.3876356102213236
1.2552433650051815
1.114410542424428
0.9894911368665318
0.8687123952690385
0.7910443909758349
0.7904787052521589
0.8783005360634959
0.8905008995441133
0.8692306743683317
0.9667447936409576
0.9661856777480632
1.0483493719560575
1.0190007131259091
1.1460385551723724
1.153338872994833
1.1077289687824803
1.2260187223616121
1.2094981785209908
1.2359772185442968
1.263890349076141
1.287859006167788
1.3114505059106185
1.2667975689832451
1.3370654907447619
1.3592810968941222
1.3428134479027771
1.3895536652634048
1.390632895316291
1.326822292870508
1.3926434864424007
1.4269636493135351
1.454739384268759
1.4469799352139177
1.3554060194811683
1.4820595100886873
1.4338743198909973
1.4903111236114837
1.3813598476443552
0.7265180367484255
0.7425204939821289
0.789623954536719
0.8068413793187611
0.8175086103080943
0.8849880098018911
0.9036838888506621
0.9147073331763667
0.9194842291573437
0.9175318155086807
0.9840369281215948
1.0035105571104481
1.0142595061005002
1.018183245614225
1.0140548895575376
0.9898724965735767
1.0534592793330098
1.0729245366084348
1.0834552295866637
1.0860850473939454
1.0861578832235645
1.0844512808661662
1.0805318901524152
1.0678414859874525
1.0515105374887745
1.1198244948141582
1.1395737334547225
1.1489054698330983
1.150244827317433
1.1475812562729268
1.1425615678997563
1.1269650189683147
1.1088601090071128
1.071028003274917
1.032061270873786
0.9531595401733063
0.9164354219594562
0.863281459389279
1.1971910077395225
1.2156063934716974
1.2234999303468634
1.2242059835095587
1.222495960662415
1.2173891053304007
1.2119370717857036
1.1925763672993512
1.171338335740096
1.1340222080904987
1.0833737105569237
1.047761561087577
0.9951080451229772
0.9526467550776413
0.8947587634592291
1.241375630740681
1.2585076263348018
1.2652157669294826
1.2625069792243895
1.2573431650239335
1.2494142936284889
1.2277542440219764
1.204279454967861
1.1574108731451405
1.109208391447977
1.0705250338166679
1.0139098554346802
0.9699539022363809
0.9071687189012759
1.2901924899603263
1.305102996020782
1.3098330564511966
1.3045349979876069
1.2883468232969657
1.2375389775519845
1.133856970972918
1.0304252509919445
0.9157430858722891
1.3294203443670716
1.3372030335036722
1.3345969126650659
1.3226485766183664
1.310897020354733
1.2840754737667746
1.2546769626823473
1.2004809002705024
1.144571606524271
1.1079689875719039
1.03514215842976
0.9883670650170486
0.9154768773381803
1.3553226430661074
1.3653718458156376
1.3649217410510817
1.353931476188035
1.3422286608253757
1.3320982569594364
1.301515731911348
1.2690496644175138
1.2058444109796806
1.1484249649836569
1.0968458209608285
1.0323116604561262
0.9757443558075729
0.9043572833307154
1.3708234258634953
1.3781355620464497
1.3754577532225267
1.3619975188644977
1.350279342557382
1.3357385658020757
1.30223283641125
1.2692475725177252
1.205380894229373
1.1421583779619628
1.1021284474129287
1.0199540925861608
0.9629974874272151
0.8876271515857476
0.7052632243911227
0.7223662678527346
0.7654923179048564
0.7838470088161131
0.7947254141298358
0.8561874131990289
0.8757596141313774
0.886753126405266
0.8836393940474435
0.9495717658054139
0.9703220344623105
0.9775337560544776
0.980497505544443
0.973759089227444
1.0150744042752935
1.0350525806442061
1.0412842773689048
1.0447864936135083
1.0434743203560248
1.0346574969795075
1.0095537645047652
0.9781107982743075
1.0768549091310304
1.0969857436071486
1.1027680472012207
1.1053597738316003
1.1017520808313235
1.0912359510711924
1.061604079445127
1.0267843237412546
0.951408365208387
0.8627759032548756
1.1482537868457294
1.1669336733660955
1.1722314507003975
1.1732306491442803
1.1665995769207622
1.1531428174335958
1.123463251234649
1.0779712383001017
0.9933179579352965
0.8942470221892411
1.1889019929830276
1.2057140277092897
1.2096047994077999
1.2101648059932615
1.2014887799022254
1.185910430561042
1.1476006081192
1.103780468609661
1.0121373480692888
1.232706309386724
1.2474276963441049
1.248905217340292
1.219115018300756
1.1284252936927959
1.0286712225322414
0.9152511188050003
1.2676714444509711
1.2727351811189982
1.2740839912932505
1.2716411841730135
1.2577253645334991
1.2365787510473452
1.1907645323372658
1.1392392938317921
1.033438142451216
0.9149990007199308
1.2889392448613692
1.2979695600826235
1.2970115324306257
1.2933674796211228
1.2756508747492727
1.2512822423779182
1.1967383994235659
1.1433086238397268
1.0580066004522866
1.0306774947416106
0.9039078826309104
1.3004213636865998
1.3068505311391296
1.3047078512978236
1.2985198114719119
1.277461859653019
1.2519401028019577
1.1963266427197592
1.137206418256766
1.0184013965257952
0.8872050776762224
