0.5161294988936893
0.5290914462971378
0.526546627082679
0.5031627622166691
0.47474254313993475
0.4495461222950872
0.4231780720217192
0.39960876488603136
0.36594958276193024
0.3175792107107621
0.561632508353963
0.5803417564048083
0.5866817158560192
0.5892840236017973
0.5708753599249251
0.5391769422159312
0.5092514463320811
0.47737955658495795
0.44870334202342815
0.42035684268049334
0.39312563246437354
0.3706891997579688
0.3283274247063358
0.6098652445782317
0.6181094032349692
0.6246776885653557
0.632089073694285
0.6336507805488167
0.6284062745953208
0.5967650808072706
0.5630353073001299
0.5260646500111791
0.4924900455067261
0.45918398455653525
0.42710845534757763
0.40062103032329627
0.32760982121902665
0.6529104711802564
0.6680365140014916
0.6715026243855128
0.6766613512517062
0.6781767528049831
0.677610751314663
0.6526810090811834
0.6164321462810182
0.5745129711024247
0.5358508256242122
0.49730664552881243
0.4600969748065042
0.42932151345863984
0.39817636353980096
0.7110271021317064
0.7194573269931429
0.7257810179954715
0.7322877277204096
0.7334162887792978
0.7284733136224059
0.694766389472797
0.6468806646232416
0.6005408583353382
0.553696716555887
0.508328531224229
0.4706023234508764
0.4324894296761634
0.398909642253248
0.7484078000570605
0.7565919895973197
0.7627052429008974
0.7681485520375891
0.7690784788229761
0.7691827580778733
0.7488131363834981
0.6997748448238881
0.6482284450819286
0.5950622265910033
0.5431882576285973
0.500119304607364
0.45653845693399436
0.4181336267792736
0.7311888702211373
0.6770951068993245
0.6201207454181605
0.5642039091935708
0.5177328324062752
0.4292771215836427
0.7888744570418688
0.8027942578894832
0.8060733026513164
0.8044819885067096
0.765041981870051
0.7091998792921257
0.6481446148933939
0.5876368110120104
0.5372417613091838
0.4862520114425463
0.4413489879375296
0.8100170451288652
0.8220699517186255
0.8242219645168517
0.8025948384104207
0.7475394274073358
0.6822286341897609
0.6160482564664841
0.5607646141954842
0.5047817788120927
0.4555387471018534
0.40760078120070753
0.8240256876856629
0.8340821009325623
0.835742843138987
0.8256517177581695
0.777327071401143
0.709483657280996
0.6389781449487586
0.5796616496910778
0.5195198352606206
0.4666612648419913
0.4152844659882884
0.843911490248665
0.844616821470076
0.8424063402745277
0.8347902983259486
0.8071701577893645
0.7839063285321693
0.738708154442958
0.6637933640448872
0.600042201364114
0.5352995891777271
0.4784117137914666
0.4232201251324451
0.843392654889648
0.8499978260602137
0.8476752575440076
0.8321301718550786
0.7670696401126461
0.6885573140782623
0.6204006915755088
0.5509619943545269
0.48994423060641684
0.4308278902946024
0.8512309591807469
0.84947816410293
0.8465288472962335
0.8336166791131107
0.8263252370256615
0.7990000260394581
0.763269117833321
0.7186610730528828
0.6454746092966807
0.5701307644372422
0.5038583725767949
0.43978245917698516
0.8456129817923155
0.8433175944208166
0.8364421100167208
0.8221246429207089
0.8028361338297159
0.7743673539463455
0.7455503579340917
0.6686492517999562
0.5879079252712504
0.5165723354014642
0.4477124574982707
0.5208237649902919
0.5225198483705602
0.5706572608315482
0.5795685915228362
0.5680074700846692
0.6212528936821963
0.6223690242355923
0.6659993649286499
0.6492317005581529
0.7139543744057923
0.7188824706721133
0.6916917100110017
0.7525725126940832
0.7424427242953019
0.7524983642015693
0.7680520472694818
0.7756533361792255
0.7884369752456398
0.7604643083203153
0.7945519736359483
0.8056841448655192
0.7943145661477208
0.8146616016168985
0.8131429544629659
0.7733397919705084
0.8004499772774362
0.8171649094666065
0.8284185600472874
0.8207146136603003
0.7639309704598524
0.8254688873215313
0.7929255056226855
0.8106472291696752
0.7426018924820815
0.4783552921403615
0.4895443123830773
0.5152698069930871
0.5271156319125689
0.5346851398092263
0.5691981034860281
0.5817142548360642
0.5892906197240989
0.5929524082175662
0.5923688226345788
0.622426059313468
0.6349701790625036
0.6420636763170914
0.64495775369436
0.6428493470722094
0.6287198893135411
0.6575597479521409
0.6696933400160051
0.6763196130375104
0.6780765450427354
0.6782062191267472
0.6772692468189623
0.6750173235556938
0.6675092389345654
0.6577837938385673
0.6889568728687958
0.7007313230212764
0.7062681952793084
0.706999985189401
0.7053855702823666
0.7023476958810989
0.6929335656077135
0.6820631158362714
0.6593751514249094
0.6360635604003801
0.5888839324763631
0.5669561275332488
0.5352213536375392
0.7219528635753448
0.7321841199460355
0.7362222470684883
0.7363698153387456
0.7350432285863883
0.731759886427178
0.7283283410965942
0.7164675651851836
0.703620239768562
0.6812080436614807
0.6509326289167452
0.6296929715648106
0.5983702595369095
0.5730973383826972
0.5386695812451403
0.7382564009318986
0.7471113873430204
0.7501107012538725
0.7476075156614158
0.7441449790056
0.7391087377006658
0.7257678128199124
0.7114750913610387
0.6833504080176582
0.6546048426866179
0.6316213729889071
0.5980202902144789
0.5719754360021818
0.5347650399837308
0.7528037527890005
0.7595926665406552
0.7608116652284677
0.7563347888411387
0.7456565869216147
0.7144759739801969
0.6526616757799624
0.5915585183684161
0.5240810684645483
0.7621650941288697
0.7639121993815698
0.7611806067346304
0.7526795453953071
0.7450549467801537
0.7283359027829582
0.7105201208158098
0.6781776457634993
0.6451034798670942
0.623574103348071
0.5808596744073742
0.5534581497433841
0.5108725404230257
0.7587795658691677
0.7611029329354503
0.7582128999720137
0.749505013753939
0.7415951581760867
0.7350320823457671
0.7160237916528187
0.6963469634475508
0.6588763591130147
0.6252701290801849
0.5952709652467476
0.5576437592765523
0.5251269456271194
0.48389924913036425
0.7515439207946539
0.751799133110014
0.7472283331864445
0.7368091875041427
0.7288083185176086
0.7193602586635772
0.6986038348382387
0.6787591384529279
0.6409860954774649
0.6044417808961509
0.5814191067253325
0.5341645039929914
0.5015448505642446
0.45857971587615587
0.4651890412313569
0.47723275378925856
0.5004103107451668
0.5131222169496308
0.521045361315379
0.55161058508399
0.5647840459422422
0.5725281742043523
0.5719548409124197
0.601544355511236
0.6149706268249856
0.6197612970241904
0.6218232239724019
0.6186194833211082
0.6344424229201182
0.6469156029916496
0.6508418372126259
0.6531376477375248
0.6525989443971022
0.647474295191662
0.6325460257198872
0.6137694956416644
0.6632427385250849
0.6752209444256715
0.678656415553355
0.6801686376164304
0.6779172712266766
0.671576118523605
0.6537774414725912
0.6329346485179519
0.5878498973745611
0.5349246606128307
0.6928850983898132
0.7031029556966479
0.7058206607680855
0.7061210780587612
0.7015898325961796
0.6932194609776732
0.6751917476717997
0.647867991083103
0.5973637388710181
0.5383855937350873
0.7072786913475071
0.7158031679532587
0.7174466025324493
0.7171883396470439
0.7111420354026502
0.7012777820152281
0.6779324368681945
0.6516240301053332
0.5970593436880687
0.7190777493119039
0.7255342043161875
0.7244691386548957
0.7046622723554775
0.6498148564833451
0.5906567762129462
0.5238351926098698
0.7261902365997143
0.7276895295014418
0.7273687648387734
0.7246578720752431
0.7147204124622072
0.7012212075761072
0.6732352832437963
0.6424210580171709
0.5800240075772976
0.5106468148894718
0.7203902120083598
0.7218225465341903
0.7193267313717673
0.7160071186779503
0.7034218091352376
0.6877589135597726
0.6545431932997614
0.6228723371332339
0.5729722429356647
0.5569061361646439
0.4837075318555037
0.7114698977060313
0.710736450138608
0.7073642465812585
0.701936811049926
0.68712779941833
0.6708694170991617
0.6369128227756734
0.6022591679940158
0.5335131368762557
0.45841574490819503
