1.1105885585539923
1.1389506200738546
1.1365976249046068
1.0889759765887062
1.0297709835283335
0.9764900028244933
0.919876002904386
0.8684795600425589
0.7935365735230147
0.6816563151191158
1.2356214386785214
1.2778289989602678
1.2926800107381127
1.300195333136012
1.2639084925155033
1.1977826297069185
1.133908968160642
1.0650542726432155
1.0022364697456894
0.9392398395203396
0.8778015649712723
0.8264004484408132
0.7266999751881882
1.3693579089931749
1.388566448118011
1.4040744902269764
1.4220787969677475
1.4260737418529517
1.4196064731631697
1.3538770172363397
1.2817023790701723
1.2013280885209985
1.1273805820070075
1.0530577931778164
0.9805450685429816
0.9198929733019263
0.747687836686776
1.496533333723143
1.5335702308520078
1.5423472739447368
1.5560964380840268
1.5608100688834061
1.56161810211074
1.5119468071163877
1.4343155349413867
1.3426333678924838
1.2569323784017192
1.1704258680727968
1.0859473160448554
1.0153035998961375
0.9429019884627244
1.6825056419047526
1.7046128856184284
1.721641038993904
1.7403745415844571
1.7441408053420857
1.7400805049871915
1.670032461903702
1.564872649713739
1.4610329061470981
1.354742172002279
1.250561558187558
1.1634365707813055
1.074245231015486
0.9948970908935401
1.8152785751686857
1.837971553090202
1.8556707559957581
1.873281031771441
1.8771320547639065
1.8802808886967382
1.8431690448894744
1.7364235679722186
1.6202266131178937
1.4984741112781619
1.3783790030817575
1.2778458001087447
1.1750054168671185
1.0835978593647972
1.8425311525654617
1.7204117931513276
1.58922372616345
1.4589508447762496
1.3497485461192573
1.1388683161424031
1.9785006263466849
2.0230485847035258
2.0385033748389216
2.0395258543299053
1.96119840238574
1.835505797485386
1.6941540879173391
1.5521160710172248
1.4327323671381202
1.3106475090477399
1.2022610524140558
2.0786873525769867
2.1207231219615412
2.1356874963189934
2.1002695388877637
1.9786596118435191
1.8266484051049965
1.6700316276493974
1.5376125778350038
1.4020903868196832
1.281864718723619
1.1639347292407527
2.1561950417994105
2.194221417402025
2.2090539763451624
2.197563940310899
2.0951659458372918
1.9376021504003258
1.7693926896169676
1.6259702341851352
1.4789708994191393
1.3485657543495033
1.2207979751795703
2.27187831859585
2.2836037295676204
2.2845011590392423
2.274019311287981
2.2184973595994206
2.1667658141283535
2.0613326145521302
1.8815574842213634
1.7258716197265864
1.5657540353139958
1.423680473040508
1.2846252306986097
2.310634517793312
2.344267135190247
2.354444557846137
2.3311102682341764
2.1872997999008468
1.9986009967691254
1.8306175677475516
1.656745344397745
1.502484246914493
1.35121918949856
2.4252137446306397
2.431971792652833
2.431317456637293
2.4124024041141396
2.398562022298118
2.3400033533369324
2.257057813236353
2.1490132573016307
1.966909533488127
1.7754114383561206
1.6046426890497596
1.437726096533021
2.490396246339056
2.49521039287058
2.4903895190922967
2.466508980169209
2.4270266100019517
2.3622967441954428
2.2933767316199543
2.1016605150309564
1.8936726651862135
1.70669327386287
1.5238099852156644
1.1221280534677573
1.128047780630694
1.2577496236470558
1.2789635888116082
1.2576050962889884
1.3992172381460029
1.4059744868430761
1.5346780414688233
1.5038787929399915
1.6969442396546432
1.7166775434604766
1.662454097339954
1.8383822438017452
1.8269370181488354
1.8569605636746247
1.916432033008563
1.951370142398974
1.9968393404185099
1.9488108748178494
2.0454296603377573
2.0897616492743993
2.0771741372245605
2.149282772593755
2.1617679741296945
2.0835170849153926
2.1982822566463596
2.2384166135040906
2.2954963597572604
2.295732881929087
2.177265348839438
2.3750072243118505
2.319767168344001
2.426733085332187
2.2826750690232
1.0329781500162285
1.0571852616572064
1.13144331604872
1.1578722103666585
1.1750663182141547
1.2836717404003182
1.3130522602369548
1.3314647511494853
1.3412209760703613
1.3415037412399458
1.446936602378463
1.4784791967980468
1.4972595955792827
1.506632429333344
1.5044798682469602
1.4762561036558781
1.5652457448789032
1.597620684453903
1.6169022536955604
1.623248603881903
1.6248752031666185
1.6244816687406356
1.6209382447400795
1.6065093117515536
1.586297076891622
1.6823847123136484
1.7162270365354273
1.7342025011596207
1.7409256300662679
1.7393578995982553
1.7343659545589722
1.7160512831358234
1.6931806015998105
1.6436036859124386
1.5913371570416377
1.4838406318181037
1.4333393219287256
1.3597742531770398
1.8254730334822367
1.8583912537739402
1.8753519438474984
1.8790225595047916
1.8793254439917462
1.8749521512207536
1.8689648380251762
1.8454814460256956
1.818044859199741
1.7682766984739635
1.6992327898966324
1.6501191648166096
1.5768757729286627
1.5174651815208486
1.4358984529607635
1.9118982647540652
1.943849889049134
1.9594784864380481
1.9612071357194174
1.9564378105339348
1.9475943723026403
1.92069104359688
1.8899317429459674
1.8265323746469924
1.760036656044358
1.7060220558447023
1.6264042781274533
1.5641386557682884
1.4746712093232381
2.0137826485757864
2.0433519255582264
2.0569656828872853
2.0553609515017417
2.0373820166720744
1.9711130587827552
1.8272537869937246
1.6801243292528791
1.5146467911203785
2.101305408246561
2.122519486975355
2.123043530747632
2.11143899167412
2.0973109785291197
2.062596413939855
2.022850700717368
1.9474353263837814
1.8682200572060292
1.815808876782709
1.7107516971073906
1.6426667806873154
1.5358799070782247
2.175298929229281
2.199419615908333
2.206402544200261
2.197147259530077
2.1835158158829473
2.170800155081015
2.130215973784637
2.0854852981356244
1.9958687259640893
1.9130196381685705
1.8377404855786394
1.742879439298168
1.6591210571025787
1.5526056013264384
2.230077778466945
2.2506308492536644
2.254563899394174
2.242350045502248
2.2277600486262275
2.209150784406323
2.163862436177686
2.1176478089608355
2.02556209399502
1.9334710734155653
1.8744143185421305
1.7520227379052171
1.6665032808001694
1.5525143432683501
1.006027080169524
1.0321102505427928
1.1005923948432015
1.1290157420482094
1.1471050640855727
1.2463643087759555
1.2774871464872826
1.2965142433011876
1.2983668177276535
1.401546179614318
1.435623342959898
1.4484824546410309
1.454553555346574
1.452144574765782
1.5143577331139477
1.5480360145027618
1.5594830502796027
1.567029292289576
1.5696427630362444
1.5607217984361197
1.5299542381421483
1.4891640027799455
1.6246186352384488
1.659686777896932
1.6708962494487163
1.6774376602320331
1.6773342781927396
1.6660318563812038
1.629003515462076
1.5831166915135952
1.4810815997183047
1.3589663482714622
1.7586925954975692
1.7929329218059782
1.8045792365371438
1.8085587069093099
1.8047837592556673
1.789440407789115
1.7515879879099752
1.6906345400341787
1.573991139030409
1.4350606448745646
1.8396108300753062
1.8717125278718219
1.8810751394554006
1.8855085421756042
1.8789749567534328
1.8606502329712267
1.810790816088664
1.7512695458387795
1.62350254360232
1.9336589545812575
1.9637394065330833
1.9738416707940254
1.9411838896330038
1.818302964300451
1.677190353936758
1.5138080095595599
2.0142924481725433
2.0260702442334497
2.032219939634219
2.0331147524977
2.019305030785807
1.9929845088772509
1.931278989168203
1.8592840673115074
1.7078490849379249
1.5350488197993946
2.0802576061319664
2.10385219999153
2.107907082154323
2.1059142802128816
2.0866598515851584
2.05541465765982
1.9803164077288242
1.9042075372194311
1.7801771940854165
1.740012389515329
1.5517976229179578
2.1276528840084583
2.148086006832556
2.15011763987493
2.1455559893296767
2.1212936552458537
2.0877514252586833
2.0097739065572107
1.9247499049839047
1.7492306298000304
1.5517314167562717
