0.6244903849746788
0.6395456551288564
0.6345082420137597
0.6045645855705811
0.5685559891285562
0.5367481459671475
0.5035081557601362
0.4738550767098543
0.43165571233702604
0.3717057468404572
0.6828362338450961
0.7049908463676446
0.712281753406901
0.7146633625123529
0.6904359892554641
0.6500786196401684
0.6122005820104397
0.5719734439952803
0.5358751234949843
0.5002970661153652
0.4662736585869213
0.438396421613993
0.3864379219411429
0.7442355482059856
0.7541084558846286
0.7619187303896027
0.770580156460283
0.7723517650803451
0.7642915745930081
0.7236828547441306
0.6808670220967147
0.6341203056307069
0.5918110502854202
0.5499698754676298
0.5098596772939892
0.47692053769295445
0.38769498054168683
0.7996524955710334
0.8178349643244772
0.8219439110206015
0.8279191939976556
0.8295081062964208
0.8283795257807665
0.7958636111510868
0.7496681354417092
0.6965548888332366
0.6477453562108387
0.599252983579503
0.5526553330203368
0.5143286183506013
0.47579076013517774
0.8753466362684112
0.8856363422892651
0.8932936466303668
0.9010142684607048
0.9022938624587628
0.8951459374591799
0.8517525172965198
0.7908233991574323
0.7321250110712532
0.6730150656736091
0.6159457676838271
0.5689111198722828
0.5215419890288869
0.4801344441532949
0.9247693567255778
0.9348342275945283
0.9422955551443573
0.9488182549215849
0.9498114405166797
0.949747678455704
0.9231258435700311
0.860469864251287
0.795000199613676
0.7277268885659858
0.6623843179675745
0.6084331521497789
0.5540961859853996
0.5065478596259609
0.9021608687263954
0.8333181164952114
0.7611002506856063
0.6905476862921547
0.6322141334061127
0.5220329028005911
0.979219930652623
0.9964954198746253
1.0003836470847196
0.998156322353648
0.947390236923034
0.8761611566959125
0.7986193894201232
0.7221136040569701
0.6587123071357055
0.5948390635144964
0.5389474163745827
1.008291770149219
1.0234503926696463
1.0259999374494482
0.9980482319819077
0.9276682646259174
0.844418954142939
0.7606182165225306
0.6908456967602064
0.6205099890139606
0.5590113773835865
0.49955267209090354
1.0280880503747098
1.0408308605630368
1.0428701369322346
1.0298690172429854
0.9679860071534618
0.8814753936289361
0.7918728958789221
0.7168347001585516
0.6410952171897696
0.5748767329565426
0.5109467855565516
1.0557453788452262
1.056666092696123
1.053827670402303
1.0440759580937355
1.0087606115523013
0.9791048278058222
0.921277830832531
0.8258858730407826
0.7450411065098066
0.6632560609274257
0.5917821272307875
0.5227650823925294
1.0573447581644533
1.065975558385815
1.063165498299643
1.043366023348983
0.9601561281413116
0.8600148839952297
0.7733959094143552
0.6854115877339697
0.6084912304729471
0.534439290253452
1.0707592972558322
1.06871875385452
1.0650186975320826
1.0486665811932863
1.0393749434440602
1.0045014514459183
0.9587985926365552
0.9017866175908782
0.8084568427833646
0.7127074468843927
0.6288522317575282
0.5482461349413013
1.0666822696452143
1.0638399112954946
1.0554178321319112
1.037232945729644
1.0127008039346483
0.9763090340649855
0.9394485057703359
0.8411691304368075
0.7382489913937637
0.6477741422436389
0.5607155131657561
0.6291721167971479
0.6296568503877311
0.6927862199497101
0.7028529278349938
0.6869566147446352
0.7568684029048336
0.7569087077192528
0.8140725093175675
0.791620777518436
0.8780632672711931
0.8832151632648819
0.8479325616140718
0.9289235123197899
0.9151462579359068
0.931150872428721
0.9496248765139991
0.9621414669173459
0.9778544958285724
0.9416016264040767
0.9884141089116254
1.0022803839334682
0.9875085484749292
1.015902382344408
1.0138680833545088
0.9628851277619805
1.000115028303062
1.0234839608803457
1.0382680512668112
1.0286007698333284
0.9560924839280105
1.037858875113619
0.9965823972513737
1.0221785855756687
0.9355707212135955
0.5774809930497847
0.5905936258503652
0.6240284256173703
0.6379962839744895
0.646757661771355
0.6926582274856957
0.7075522162996453
0.716401297641311
0.7203872850663607
0.7191197824340654
0.7612567320351079
0.7763519106952039
0.7847037945964322
0.7878049156738743
0.7846873637865739
0.7662487815265477
0.8071701382942521
0.8218977779685775
0.8297699641179855
0.8316906219054211
0.8316955355746334
0.8303101527015284
0.8272672735065874
0.8174724935817579
0.8049553721831542
0.84881018811303
0.8632413290460192
0.8698768571316859
0.8704455998129738
0.868225252922245
0.8642320547449219
0.8520719752215739
0.8381391692286378
0.8092254412293284
0.7796176726543086
0.7199448352310489
0.6922990344356872
0.6523996005772146
0.893527918417297
0.9062465813736962
0.9111721562597188
0.911251289892298
0.9094616634793051
0.9051728285038267
0.9007308484363217
0.8855450387297285
0.8691423020112699
0.8406079590261786
0.8021690708631628
0.7752668208110308
0.7356546032186908
0.7037927123732617
0.6604832426619284
0.9163176796462595
0.9274806893789908
0.9311653414223076
0.9278814946253311
0.9234351008341644
0.9169742783009174
0.8999240894740703
0.8817248166363455
0.8459385724830174
0.8094628318058847
0.780318632366892
0.7378396845054996
0.7049571486928475
0.6581344311583545
0.9376899629374843
0.9464409257597611
0.9480332020826588
0.9423504967105618
0.9287729182377435
0.8890588934560741
0.810496008012438
0.7331181681289988
0.6480301211890126
0.9521422847513592
0.9545464231029298
0.9511899383422237
0.9404392067110032
0.9307698225280194
0.9095344482490884
0.886845847362504
0.8456988178870751
0.8036963049063379
0.7763339832304583
0.7222714143077242
0.6876522589453694
0.6339667543314057
0.9513474387266528
0.9547409291949844
0.9513534090552314
0.9405024732393404
0.9305176939269033
0.9222094784394421
0.8980588797189014
0.87305718499257
0.8253759840406059
0.7826444114739032
0.7445358276323697
0.6968385695106986
0.6556899683569032
0.6036909703418837
0.9449024158664898
0.945780063637247
0.9403474774995452
0.927353379471413
0.9172781424918225
0.9053587020995473
0.8789966616628014
0.853752260437552
0.8056720660221206
0.7591603140338617
0.7298970410342616
0.6699368618743677
0.6286297258398069
0.5743860802018301
0.5608455248420077
0.5749182713247717
0.6052137265795013
0.6201585614579521
0.6292129826971248
0.670325539986096
0.6859599387333548
0.6948848597111248
0.6930902352266749
0.7346798198927363
0.7508008197745889
0.7564349076145082
0.7587538122217898
0.7538032802353746
0.7776987355176069
0.7927991070842018
0.7974707611855583
0.8000830150659903
0.7989549361650305
0.7921567519413663
0.7729468349302273
0.7490208657306208
0.8159811868720299
0.8306489345792055
0.8347582707556775
0.8364663829234834
0.8332788508752134
0.8250179756052396
0.8022245082147865
0.7757057527191199
0.7186525976054673
0.6520288266265886
0.8563625897526205
0.8690722871278069
0.8723751063049723
0.8726431175867044
0.8667367173334858
0.8559947935731855
0.8330034432858356
0.7982952548456944
0.7343818473905873
0.6601237140743668
0.8766565791980098
0.8874084463541573
0.8894596481632814
0.8890795483255794
0.8813119789971668
0.8687449469110771
0.8390420974811508
0.8056674311925658
0.7366148394489279
0.8944895930378468
0.9028306169753091
0.9015817405673734
0.8764585901454952
0.8068360728184875
0.7319564822695381
0.6477122255992969
0.9059548318144555
0.9080453864184773
0.9077501022689858
0.9044189255938629
0.8919385957972422
0.8748220905795809
0.8393023968119315
0.8002206815576838
0.7211853996501347
0.6336719195120748
0.9020464802988118
0.9043898738733565
0.9014609218820643
0.8973777487283213
0.8815968744152548
0.8618301045755756
0.8197016594744863
0.7794988048929189
0.7162197205951719
0.6958662373818959
0.6034361527109435
0.8933812400145555
0.8930814889890314
0.8890798407449906
0.8824343203479407
0.8638813827407684
0.8432822670793885
0.8002912148183271
0.7562682852076986
0.6690679183302157
0.5741647665329976
