0.4159340779560332
0.4233129526634129
0.41189034761329923
0.3855420912726946
0.3555866918627922
0.3295641081627264
0.302469550822865
0.2783222874420251
0.24379635266080407
0.19367810815683692
0.4452888452596829
0.45661529101273746
0.45935819416411244
0.45737260223756177
0.43403224611151836
0.40086718706595387
0.3707437710685705
0.33904221386420613
0.31072225567482276
0.2828413289954469
0.2560745040825725
0.23399856453450202
0.19207950866222676
0.47542062186128287
0.4804260724096138
0.4841061513002579
0.4874627012574021
0.4878587981162488
0.4750744211375951
0.4412966816576079
0.40789086653530243
0.372019247106232
0.3398109835019151
0.3080885353490256
0.27766379552706005
0.2526071343097156
0.18354066142887343
0.5013328807980449
0.5098375348697265
0.5114419134043232
0.5129909468476765
0.5125295918998751
0.50952489907041
0.48059438692282985
0.44487376829316644
0.40501361958070625
0.3688496366407661
0.33316609278250575
0.2989622012002745
0.27083437610178696
0.24249641201371025
0.5347541484744873
0.5393906793292237
0.5424552420490092
0.5445630107053371
0.5444853461643169
0.534032454861052
0.4994445764803857
0.4547283731066002
0.41269018272566216
0.37086471185476266
0.33074735981659353
0.2978244617905084
0.2647419460786896
0.23586886117193798
0.5550131852943682
0.5593497767995408
0.5621103565944322
0.5633692879190723
0.5630205201759376
0.5611565841043251
0.537399551435695
0.49143183981789446
0.44546063826669313
0.3990196448919692
0.3543463335758302
0.3177044682808477
0.28102281478712354
0.24899500182218043
0.5134142643390959
0.4654909594844015
0.4162913111216724
0.36878738515658777
0.3298330615665162
0.2568887338352495
0.5754870138497612
0.5815188826953724
0.5806068358542905
0.5769875980776554
0.5372825299427322
0.48794371658200425
0.43580605393522
0.3850960732627081
0.34346730669182335
0.30184266765682294
0.2656894274175103
0.5851502626801282
0.5899644113158604
0.5880006131799272
0.5640594298134176
0.515051045450072
0.45977660629624284
0.40517216937155903
0.3602199468692062
0.3153113832148173
0.27637512402316255
0.2389941756327382
0.5908290211104463
0.5945849041543333
0.592502525235383
0.5802133255301737
0.5363753714951337
0.4792793021180731
0.42161355921759497
0.3739131617653758
0.32627717697991143
0.2850505432471338
0.24549774330807916
0.5970430778468943
0.5949985593482832
0.5915638973429325
0.583307013369849
0.557989696886013
0.5380660373179947
0.5003623448904131
0.4396331143518098
0.38893772204097393
0.3382508286699015
0.2944013220206522
0.25247925928711595
0.5957084782607289
0.5972566425057072
0.5920360262005023
0.5764629243855601
0.5210945644476286
0.4578833265410964
0.4042429643467252
0.3504099756618973
0.30390649779440554
0.2594706967299234
0.5933420565913176
0.5901846500581578
0.5867170971609702
0.5744560086367951
0.5680051721980787
0.5449677920156958
0.5158873694824443
0.4804882465892081
0.42340514844495925
0.3656476407358882
0.315682211968868
0.2680868192912416
0.5854638583477658
0.5822448870727411
0.5754821492283034
0.5628545282599072
0.546747839540223
0.52383398863599
0.50100258294157
0.44144801961117547
0.3800750523222575
0.32679719845610705
0.27603780573457504
0.41493883071203713
0.4087967554787054
0.4471756354117061
0.4499924360585595
0.43190172695224305
0.476956560192713
0.4706237760927418
0.5010261170402882
0.47812444742730137
0.530450484623705
0.5272004598040461
0.49729781126093475
0.5493837340491623
0.5329558274186171
0.5511374677253967
0.5511165090679102
0.5624086131726918
0.5657877977629567
0.5341491040562739
0.5707294134103922
0.5731388472139792
0.5583741605854692
0.577894862456108
0.5716089184471596
0.5336748710151695
0.5534150708574412
0.5759413311894641
0.5787768441471163
0.5686483827694824
0.5190851047579687
0.5704959427528103
0.5408259663573425
0.5549493638747295
0.49898882673212713
0.37963847844043913
0.3865706921846703
0.40286659258358287
0.40995591283455024
0.4136628326220531
0.4354932520932733
0.44260562348716254
0.44592636058713064
0.44597352925376627
0.4425809201129165
0.46604724800619274
0.4727202732272357
0.47538479183880333
0.4744850800532027
0.46970210914421195
0.45324151376238914
0.48516629404896106
0.49127573565993843
0.49332101024576247
0.4927523360893877
0.4916805242674754
0.4893936370390861
0.48602456968234276
0.47722617762796027
0.46711351204877294
0.5012766178860354
0.506840815049002
0.5080949273764364
0.5054007106818187
0.5025825295711953
0.4986716831215938
0.48846402318677085
0.4777035121473366
0.45646717917001867
0.43540476589192684
0.3939093777296837
0.3748604717718528
0.3476049687944345
0.5167379965650768
0.5211202804406512
0.5211184534131433
0.5197136443115319
0.5170651200969142
0.5127714116955794
0.5089403614230779
0.4970565705438608
0.4850612480900591
0.46501014433546084
0.4387394504446483
0.4206215410588377
0.3942308329107607
0.37313887015373304
0.34468311026864124
0.5232660135149315
0.5265928311045042
0.5259581242243959
0.5211332030376439
0.5170342959986274
0.5117267647909898
0.4989332501167661
0.48611635477945286
0.46169846726595093
0.43739401183131826
0.41827700827250214
0.3906132502324791
0.36942040084697286
0.3393430254907191
0.5275591922137655
0.5295350667536123
0.5276431000885715
0.5215346666618034
0.5108730541747263
0.48325971307070487
0.4319858109515532
0.38285010238126715
0.32965153008278286
0.5284590173238375
0.5262361552520478
0.5225680869832708
0.5138415125413799
0.5068446447029021
0.4922663087831713
0.47723449986478533
0.4507851292096677
0.4242422683214338
0.4071800097254066
0.3736607871928406
0.3523766431166519
0.3195723079575867
0.5219103635223665
0.5211300998676884
0.516825027455776
0.5082432717088692
0.501189880425302
0.4955540422632946
0.47975859375604174
0.46384607158438007
0.4342050541578623
0.40808391147686435
0.3849598186002879
0.35638087250709577
0.3316157414368093
0.3007678642640759
0.5133373625890695
0.5113818759560681
0.5062129141552504
0.49676341575990374
0.4899826430128556
0.48220462523138635
0.46552027569619037
0.44988430887250663
0.4206011874751566
0.3927570346319301
0.3752521263117539
0.339890036235678
0.31564959211099614
0.2840439131080685
0.3659348527725692
0.37316810319469806
0.38773610022245886
0.39509170017111234
0.39842925192863504
0.41816865970687583
0.4253482194925262
0.4281518152406237
0.42172114364590374
0.4462624694344957
0.45306207003460464
0.45469537448844005
0.45478542850091486
0.44617481988951835
0.4636934988567653
0.46967058087369706
0.47086471522160983
0.47073699879208464
0.46688132074420946
0.46000937820531246
0.4442085165381584
0.42605130397476015
0.47806181712167223
0.4833461409208054
0.48408971873116236
0.48337782130335877
0.478181314102957
0.4705675837391374
0.4527019270523507
0.43332331663733703
0.3932372305660504
0.34741767902691895
0.4912753234091734
0.49518929781105936
0.49506632908932446
0.4938150350774047
0.4869939134691581
0.4780676565042541
0.46100156045992985
0.43672151658316516
0.3935818088262164
0.3445047523225227
0.4966483365910018
0.4994764685372069
0.49890435175740366
0.4968870517848081
0.4890956298433426
0.47929092359296604
0.4581080157392307
0.4354374973296152
0.3899946333944279
0.49923082100645666
0.500688106635224
0.4965833628818198
0.4767088484409786
0.4301170153593939
0.3822677486315177
0.32949575531410724
0.4987960895890963
0.4984592348173127
0.49673739344637885
0.4930938261773838
0.48313042489190017
0.4710218065969277
0.44750647976899627
0.42247485591824335
0.3731173789445932
0.3194276349936851
0.4910594476147161
0.489434542561993
0.48607469529830555
0.4826685632005033
0.4712785986732515
0.45806672771009677
0.4313034056826282
0.406484487016088
0.3680012931190156
0.3558919222955067
0.30064133945552346
0.48170624317581023
0.4789268888842448
0.47532974433756975
0.47031237457267716
0.45770262138666606
0.4444843558088519
0.41783360470731845
0.3912780641333844
0.3394487302707519
0.28393146035581474
