0.9593606629566624
0.9810738805114081
0.9690201442382046
0.9194593782069845
0.8606077175044494
0.8086031103987302
0.7541026512802094
0.705217507592403
0.6349369446203187
0.5324617190121971
1.0447735960577507
1.0769810695809934
1.0870644884443714
1.0888231602912013
1.0476837575167888
0.9820282069440663
0.9207212984036929
0.8555391630417422
0.7968255567956455
0.7386386019738637
0.6825172979084052
0.6360585397339831
0.5475572880507203
1.1344328070861036
1.1487778990247353
1.1599818369438213
1.1720286810575122
1.1743406779190175
1.158023447608612
1.0918345508243383
1.0230213505023824
0.9479814637847317
0.8798981237735582
0.8123065730361043
0.7470876656023184
0.6930959529319665
0.5432280576747868
1.2151318352876745
1.2412193870920687
1.2469695871527544
1.2549106211816887
1.256568422564
1.2536650997009515
1.1997691825240722
1.1258651328942466
1.0412668457634522
0.9634766583916855
0.8859904649971637
0.8111723234180294
0.7492458194735663
0.6865205133994783
1.3253158022658191
1.3400726429935206
1.3508597951828656
1.3612655821751025
1.3627863201392092
1.3489913982079333
1.2792827486419183
1.183077213345562
1.0906521259760107
0.9975089491046822
0.9073331065298244
0.8327147034726291
0.7572283217174866
0.6908121576190001
1.3974365464805447
1.4118496583353664
1.4223240095710465
1.4309622777446154
1.4320891137127056
1.4311056010374348
1.3873334617249566
1.2887114831683653
1.1863562186548542
1.0812581180013319
0.9790228300562864
0.8943947892882207
0.8088754454636717
0.733714524023224
1.352337239065518
1.2451148177050213
1.1327979240875143
1.0229878401716566
0.9320203992317163
0.7594711989254211
1.4775481368639167
1.5019668784752225
1.506554592392901
1.502278375342218
1.4217921391135766
1.3112196778360408
1.1911646100965827
1.0727176015279956
0.974418071633114
0.8752009622847433
0.7881459197470896
1.5209813024980465
1.5423869965512016
1.545065683047824
1.5003041430878143
1.3913144710762322
1.2630427663684802
1.1340222395987065
1.0265127000403393
0.9180078899635835
0.8229103052675327
0.7307041113181179
1.550954013277975
1.569126572184943
1.5712670500001522
1.5502925206891363
1.4545596721180862
1.321689258099669
1.1843243439374853
1.0692094105905903
0.9528655218208958
0.8510206784687653
0.7524218459456231
1.5927450016830045
1.593585976173916
1.588934279819238
1.5736283132954245
1.519191230790091
1.4737654504942124
1.3853696484572606
1.239621126801423
1.11605969752022
0.9910174040708257
0.8815772826519817
0.7758077411010997
1.597571532932936
1.6101755805144846
1.6053908669251846
1.5750532684575993
1.4482038333032283
1.2957190754785992
1.1638440500531997
1.0297195358350155
0.9124169016049722
0.7992018394070642
1.6210591280073454
1.6180114880349565
1.612428669673576
1.5877360234700688
1.5736751699437428
1.5209339664002042
1.4516823872998135
1.365308104777206
1.2238059989046652
1.0783994419638046
0.9508880831329186
0.8280800930236264
1.6197478335822715
1.615713644472337
1.6033688055744806
1.5763155984218225
1.539446042117991
1.4847583673116735
1.4290815131397534
1.2806729141348505
1.1247383059474256
0.9874108070850844
0.8551516359131892
0.9644083455417286
0.9616595662479495
1.0575395915782522
1.0709704181486914
1.0424489050043222
1.1502687519398205
1.14693995723776
1.2322235736509244
1.193437185396727
1.3265618817580653
1.3311906648674865
1.2736023075449399
1.4000297761813465
1.3754516290555818
1.4051062564925438
1.4281689276725609
1.4506344397464424
1.4719673527726536
1.4131647031648036
1.4899596835216549
1.5089273753572428
1.4845461998094929
1.530832439579668
1.5263016111557661
1.4469101178344717
1.506171478039519
1.5462128471773573
1.5678412407516398
1.5526777988625515
1.4420373116202023
1.5711683756962875
1.508824932163418
1.5531187936690323
1.423086943070167
0.8847283223681014
0.9038600694989747
0.9526658342304299
0.9728921806822103
0.98516582938177
1.0524194224582017
1.0737820647269771
1.0859744264493307
1.0906604167320706
1.0872920902644652
1.1518740929855864
1.173317910422411
1.1846399243084669
1.1878198725534421
1.1815615610662393
1.150823249259135
1.2184941248782937
1.2392992620855325
1.2498130874176894
1.2518234326225866
1.2512850935481614
1.2484425187311665
1.2430476113229731
1.2267611852427316
1.2065092318085713
1.279173469369147
1.2994798129886889
1.308210082864173
1.3076487494905973
1.3035691848751256
1.2968109945206194
1.2770309282509376
1.2547925405038773
1.209132417645257
1.162646370290184
1.0692077049157087
1.0259005475925487
0.9634087942736431
1.3450368665258816
1.3629631875136847
1.3692201510033233
1.3687484195695414
1.3654069569230776
1.3582018484006466
1.3510201871705472
1.3268528069129417
1.3011034462049265
1.2566049228590563
1.1968973534033265
1.155168661403141
1.0937706299332677
1.0443662765346318
0.9772088742990065
1.3792681643791878
1.3950077876645002
1.399604394843325
1.393642333523595
1.3863966131622656
1.3760999459141536
1.3492670087968528
1.321074898442928
1.2656935476000115
1.2093865775931454
1.164475134666462
1.0989840493631924
1.0483173712073477
0.976127377632252
1.412559068421874
1.425001626320115
1.4266987952114674
1.4174223500102205
1.3962138101421262
1.3349978083837362
1.214534686243991
1.0959589307113786
0.9656169685968784
1.43591695585076
1.439072750359452
1.433705674714454
1.416905300203425
1.4022415128886307
1.3697613747441115
1.3350891346157363
1.272330063191301
1.2082805630293982
1.166588605051664
1.0841088450582759
1.0312864367090169
0.9492624817805959
1.4393598118142497
1.4446914389879482
1.4396930428901986
1.4233967669918866
1.4083295399261457
1.395795214108592
1.3593066855266633
1.3214773978380814
1.2492642578054278
1.1844450971289566
1.1266521876364197
1.0546123496082116
0.9916574367523723
0.9125519050875236
1.434241639556822
1.436238496493713
1.4285340110511857
1.4093727925158734
1.394452432292854
1.3766680956654855
1.3370833366852581
1.2991061655928828
1.2265346060800901
1.156248517237487
1.1118170039508297
1.0210937681721644
0.9583816948037542
0.87592196648523
0.8578171110771189
0.8782095826865314
0.9224045789802395
0.9438917774526463
0.9562677441874833
1.0168136037594915
1.0390486024738825
1.0510098717895662
1.0452504308626878
1.1099239225073059
1.132572984878338
1.1401321395721715
1.1429199829521104
1.1323281074155676
1.1722112266229825
1.19337395753509
1.199573335017878
1.2026184053636093
1.1992540455976313
1.187519458424184
1.1562121742817066
1.118001015636121
1.2279503417306836
1.2484315742220207
1.2537925631898186
1.2555333206147499
1.2491196617787128
1.2353226847521412
1.198761058388392
1.1568604007448215
1.0673027254160232
0.9628645416256011
1.2874872909863253
1.3052052966717949
1.309331081283823
1.309176108992914
1.2988491430133104
1.2815376515670942
1.2452964614720692
1.1911422778888576
1.0918825624263435
0.9766763696052321
1.3181188971576465
1.333150407985588
1.335621869684149
1.3344172215295405
1.3214624664967347
1.3016855618572327
1.2553938070277324
1.2037189889341646
1.0971549172793083
1.3462393677447797
1.3580216942904266
1.3553315056044504
1.3160379415920274
1.209017359491722
1.0942028808005526
0.9651341525863588
1.3653186173196452
1.3683928256164173
1.3676274303749578
1.3625207953475422
1.343103384899478
1.3168550985107017
1.2626122944019802
1.2029888839266418
1.082446447413159
0.948807140946052
1.364284370376494
1.3680844220832618
1.3637751968634981
1.3577014587848206
1.33400025428956
1.3041837105702914
1.2404879250095178
1.1795598571686308
1.0835836510133958
1.0530852903118788
0.9121448621897379
1.355879610596731
1.3562428887006182
1.3506748792867744
1.341025527812352
1.3135104394757355
1.2827306261583926
1.2180654284410233
1.1516688665953805
1.0196953487687348
0.8755561354348407
