0.8465603146702222
0.8666486647475838
0.8589711415857063
0.817657022491676
0.7679876249494793
0.7239332517176843
0.6776363277587724
0.6360164792241102
0.5760113807747489
0.48798956953564654
0.9226539513520516
0.9521415072240388
0.9617568046819944
0.9646033443746097
0.9311719316884519
0.8758873303212233
0.8239148858499177
0.768448460543741
0.7183517169371149
0.6685762184402944
0.6204300534416953
0.5804585740200443
0.5038706294030788
1.0030862905323257
1.016189304233535
1.0265309347253326
1.037940687724124
1.04024564195792
1.0287236106256974
0.9733731766402304
0.9150419677772975
0.8511182448357472
0.7929327509135239
0.7350033800701162
0.6789375596421763
0.6323862204696201
0.5021430471451129
1.0757199126880606
1.099768229166197
1.1051810343605304
1.1129929379158474
1.1150054553050108
1.1133133962966373
1.0690773271659197
1.0065611380402417
0.9344535334086752
0.8678909359479057
0.801374633629152
0.7369414768038048
0.6834490242085357
0.6290460608037848
1.175432254059729
1.18903919860827
1.1991510526278775
1.2093120148385992
1.2109762113366165
1.2011741975218142
1.1429062660401808
1.061013577516207
0.9818084914609049
0.9016975146991181
0.8238624645405178
0.7592427473665851
0.6936156653312637
0.6356467996914895
1.2411743336068044
1.2545367735587638
1.2644301357219254
1.273065214978934
1.2744340421378204
1.2742798589389792
1.2387899187988358
1.1551281539652516
1.0674295950052037
0.9769440158964467
0.8885782893674932
0.81517878646976
0.7407096812328627
0.6749969335621294
1.2117772882447837
1.119947950876315
1.0232133859360262
0.9282328593933037
0.8492812562007428
0.6985981144124901
1.3148632112381333
1.3380480905331067
1.3433880705569163
1.3405562568189948
1.2735631744186076
1.1790081081294022
1.0755790069510534
0.9730533976498614
0.8876719356280539
0.8011029684840071
0.7248517615794489
1.3553202240506175
1.3758337907363705
1.3796226360030701
1.3433733079760244
1.2505026915074908
1.1400194325913067
1.0282744819104275
0.9348067523011393
0.8400406491390665
0.7566514700956383
0.675450883646704
1.383587512388709
1.4011307685866938
1.404398573636851
1.3879162313458446
1.3069313104165778
1.192560853776166
1.0735493129937894
0.9733722283326447
0.8717242023120584
0.782342856960531
0.6954393132899226
1.4240764803465396
1.4259432658334021
1.4226461890209614
1.410318576115668
1.364489834689807
1.325653190611755
1.2495733920866845
1.1232965216144921
1.0156961330383765
0.9063728120768693
0.8102524395690806
0.7169525965977318
1.4289299386938072
1.4415878922490115
1.4390683439637821
1.4141537055526334
1.3057865365338792
1.1737268036557333
1.0588449382388465
0.9415032082696274
0.8385060910738246
0.7384523011423834
1.4539477850884326
1.4522194905374242
1.447956390765451
1.42761647236879
1.4157873069427864
1.37078173882656
1.3111151575620226
1.2362202459866176
1.1129669518686647
0.985659009482671
0.8734920072994042
0.7649717899122831
1.4553886312727937
1.4526705520048524
1.4428024508800452
1.4201719468973169
1.3887502678362431
1.3416593153320278
1.2934791822570562
1.1642392040389535
1.0276634353285663
0.9067891525539316
0.7898164501177546
0.852513412688524
0.8524430614939236
0.9356276238478234
0.9487827200465175
0.9265177961681808
1.0194525032497366
1.0188767934792382
1.0942752640423825
1.0634356960313653
1.1788039084876112
1.1853401074596068
1.1378336387339472
1.2466313080225113
1.2281882085635742
1.2501884773661813
1.2748698974113297
1.2923733925996506
1.3135396755451039
1.2658436371610062
1.3291366582986486
1.3484287359930915
1.3292830715585227
1.3683177215594082
1.366472524301412
1.3000690207379522
1.3528169534795822
1.3838035818056964
1.4054076299782665
1.3941370280820775
1.3002375168329594
1.4119077513291456
1.359893587118241
1.399328760287997
1.2880419840776112
0.7826868144092554
0.8001915834576729
0.8436647761052937
0.8622199517048436
0.8737631886874242
0.9335484037287115
0.9532335833430599
0.9648175951996149
0.9698615596357834
0.9678625372328068
1.0236884718728054
1.0435768755416746
1.0544939816155028
1.058345535991797
1.053898696972098
1.0287120344438998
1.084458135548639
1.103869590748826
1.1141706450550317
1.1166136663280322
1.1165447222590927
1.1145878641574931
1.110418771132662
1.0971393325436523
1.0802324909952448
1.140208943506327
1.1593094134388648
1.1680530973138394
1.1687233690877181
1.1657191854192483
1.1603496039062333
1.1440362684469911
1.1253642629478007
1.0865794647913931
1.0468200507817549
0.9664790393952065
0.9290972543845846
0.8750282291873571
1.2014205591601383
1.218466798949884
1.2251358194255075
1.2253031035827804
1.2229936008418332
1.2173601071454594
1.2115190298100664
1.1913640167247124
1.1695763084328323
1.1315959094929227
1.0803062588571561
1.0443246310571588
0.9912365842299501
0.9484094276255137
0.8900478071390195
1.2337538196759874
1.2489347367693158
1.2541474352694695
1.250088810123278
1.244311516561117
1.2358608333073375
1.2133897952814305
1.189372288887841
1.141928139506984
1.0933962048291346
1.0545600956920498
0.9977709386707951
0.9537177713283439
0.8908077339546399
1.265930142584821
1.2782170261534598
1.2809252521058347
1.2739549267407655
1.2564649342556784
1.2044390452953044
1.100496846371427
0.9974824459128616
0.8835222405368202
1.2894852315905763
1.2938885688401638
1.2899299388164465
1.276410621726902
1.2641048761147249
1.2363559963367983
1.2066196120217936
1.152438599997149
1.0968584528730916
1.0605647223397963
0.9885885276451685
0.9423792709733401
0.870418442449899
1.2951244922770082
1.3011443074581357
1.2979013491095073
1.284676720818152
1.272050734376717
1.2614166705718166
1.2301874729801123
1.1975522129519323
1.134891422738745
1.0785415456512628
1.0278638445050745
0.9646933824131213
0.9093881289129708
0.8396661154035729
1.2930342338434737
1.2960609527180509
1.2903646118456553
1.2745558147160765
1.2619462918129896
1.2467616986341346
1.2127038341432914
1.179833812083182
1.1166266078694653
1.0551575551323393
1.0162141085187557
0.9364261562233327
0.8811357945702826
0.8082129418377815
0.7599663937298645
0.7786967631037112
0.8180775233638635
0.837871279373303
0.8497085863699798
0.9033669464928641
0.9239581162581952
0.9355625343464407
0.9324094767542392
0.9880011786523129
1.0091287630872503
1.016479064801313
1.0194394508812967
1.0121823304644286
1.045024708368166
1.0648975977850759
1.0709791435112694
1.0743200114866134
1.0725495879205664
1.0632374956160926
1.0371779014290237
1.0048047937919244
1.0964490564297813
1.1158380687863765
1.1212400059698986
1.1234429902723844
1.1190497443746523
1.107914743418015
1.0772654370551094
1.0416136894601846
0.9647579176705543
0.8745340139664083
1.1520904311188684
1.1691535732355125
1.173603017391922
1.1740376816449531
1.1662473212654214
1.152007157645025
1.12142285786907
1.0751167589805208
0.9895268655844637
0.889563014353536
1.1812359952620581
1.1959042721970978
1.198803329125402
1.1984773172469547
1.188418761468201
1.1719389435160268
1.1326471973289738
1.0882782475489612
0.9961118923007334
1.2088158158951157
1.2206596027712773
1.2197371108240918
1.1873610839950914
1.0955052156388234
0.9958862853902514
0.8830807630660542
1.2285255654264395
1.232025459072673
1.2319556348679952
1.2282191858859326
1.2123402828477454
1.1901817061684303
1.1436522651753482
1.0920628390894238
0.9870741863038729
0.8700011688198387
1.2300860966245577
1.2348757745458978
1.2319014594949993
1.2270706472672097
1.2073370941736947
1.1819152281253729
1.1269340983924712
1.0741017389651846
0.9900587772607662
0.9632986643960293
0.8392918083686994
1.224930907228409
1.2266370220420022
1.2224335455926802
1.2145666708949914
1.1913782917547229
1.1649978657791453
1.1089345087749656
1.0509874292041201
0.9351457563371364
0.8078755334781387
