0.8392873064820894
0.8600358303560175
0.8556104561657191
0.8173074633619333
0.7704252651832166
0.7285022903801099
0.6842527285985228
0.6443286897963232
0.5866179966860772
0.5020331114405966
0.9300658700310681
0.9610367403271054
0.9715944104100447
0.9760371828909453
0.9457845523699723
0.8930948703780894
0.8429520329113467
0.7891570697892102
0.7403841106243285
0.6917910300371476
0.6447594725806443
0.6057412433967071
0.5312275490253617
1.0263495006785233
1.040399347367622
1.0516410987944569
1.0644214101227023
1.0671595351633576
1.0592578641921722
1.0064690906185276
0.9496123337630853
0.8868291188501405
0.829448821839688
0.772143286233935
0.7166331220631471
0.6705606315474337
0.5422886827178605
1.1166120835040092
1.1433278735869534
1.1495290270600214
1.1589516983485022
1.1618753106345814
1.1614818029306961
1.1203138607690486
1.0589291153835882
0.987304140637285
0.9208347264911809
0.854178148192344
0.7895315842760949
0.7358620084685369
0.6813085071560846
1.2460195908486984
1.2617596753172704
1.2737177172910277
1.286430966645176
1.2888168559987827
1.2826451251447037
1.2260174932942567
1.1436256569250083
1.0631389505906752
0.9813424927031025
0.9017138215813282
0.8355693764080552
0.7683614524768506
0.7090986371848358
1.3360678609334782
1.351987692383381
1.3641986574575335
1.3757949563086282
1.3780840825672362
1.3792986754816239
1.3471236583913866
1.2628381280973646
1.1727235498146271
1.0791197963287769
0.9874450449236652
0.9112113635864949
0.8337838160918187
0.7654833141420746
1.3358855121100717
1.2410497099035813
1.1402381918032294
1.04088426154136
0.9581560670804343
0.8000658535550613
1.443366484773983
1.4733629671960722
1.482554915156522
1.4816848212080471
1.4168706034083802
1.3189197491115707
1.2103178522879032
1.102105699151809
1.0117779631985269
0.9200522533358765
0.8391985997485116
1.5068226751345901
1.5345629305868167
1.5427912691234715
1.5105563476533554
1.4147880734709688
1.2978991741765429
1.1787280944496976
1.0787132480176376
0.9770887353507716
0.8875544912425042
0.8004036050923219
1.5543366116536987
1.5789514814514691
1.586865533467572
1.5741331582490217
1.4919040863620925
1.3704527098153143
1.2425544566349849
1.1343967127036398
1.0243494383190717
0.9274187180188445
0.8331626490651741
1.6238085997478595
1.6296962446901446
1.6284473043830738
1.6180579283215202
1.5724172782065593
1.5317684952444592
1.4504620587935397
1.313788394508841
1.196580776424489
1.0769542066056215
0.9716102507301506
0.8692668554868237
1.6430462791531921
1.6633994152282028
1.6664510040777014
1.64440441848209
1.5308531392372444
1.3872019785947536
1.2609237193010734
1.1313312133305995
1.0170894837312932
0.9062292987051834
1.7036139261971388
1.7055501620446247
1.7031244754998704
1.6850669541995795
1.6735822744329796
1.626490731251793
1.5622827222495244
1.4801011688995658
1.3433365121087812
1.2010469918696993
1.075197124212843
0.9531899559812947
1.7310987151243356
1.7316607182395767
1.7245931825223222
1.7032247347346436
1.670935813749295
1.6202990811996951
1.5675432667785336
1.4233352949538072
1.2691515978074157
1.1318803508780404
0.9987681443355272
0.8467155837824176
0.8491322593476208
0.9451725382388362
0.9599999216687723
0.9410392414756689
1.0463942264133315
1.0490303143942616
1.1413472283470791
1.1143088737634073
1.253819429244599
1.2653407720405982
1.220439671905832
1.3485111493130115
1.335245773095384
1.3595937712412625
1.3967434410643393
1.4211799935329585
1.4507005240542967
1.4079388301543796
1.4802156302833256
1.5082585967779263
1.4940066261048806
1.5441313632310125
1.5486278438416141
1.4836655207713059
1.5582146626432676
1.5905206195634403
1.6251467895586453
1.6197223081058927
1.5239247104186482
1.661693787051333
1.612659873452152
1.6763134744977193
1.560405443081521
0.7784148227156458
0.7962927125828498
0.8497715198995673
0.8691731019312762
0.8815623830124072
0.9586368706197699
0.9799736304132426
0.9930258897135913
0.9994560068470789
0.9986924955988506
1.0730508373357546
1.0956077001454099
1.108620487363905
1.1144217178659495
1.1114979734270896
1.0880700600904953
1.1541059568194567
1.176908586245359
1.1899291365326814
1.193789251800586
1.194474166155192
1.193449705007891
1.1900449183876054
1.1778391279524596
1.16147634802026
1.2323519976250903
1.2557696787903165
1.2675821067061814
1.2708312002107922
1.268800158656284
1.2642098391118917
1.24888857207864
1.2305239006179098
1.191482182123003
1.1508518752953616
1.0680504118817755
1.029401287242728
0.9733319961528553
1.3246490730076643
1.3467942141661753
1.3572679989398322
1.3589457072262559
1.358040392864163
1.3535448983546705
1.3482477048241668
1.3288616512123994
1.3069908531668177
1.2680259498233861
1.2146634686347326
1.1769747104279054
1.1210743436275366
1.0759295716346544
1.0142173004291688
1.3780302307098236
1.3989330959162698
1.4081144049046728
1.406999156051739
1.402273022503177
1.3945315996029088
1.3724747392574121
1.3480658406440813
1.2987178039422418
1.2475979418769638
1.20635283592175
1.14588356055614
1.0988085229872526
1.031469737298536
1.43777365316527
1.456305019874231
1.4634190652135466
1.45944044925317
1.443465048575225
1.3904764210552363
1.2799167295501013
1.1686727791511304
1.0448117774377728
1.4866506455989545
1.497770393195738
1.4960890089221959
1.4846396324717315
1.4726408977792624
1.4446188211394606
1.4134726602010372
1.3554665859099038
1.2952870164783463
1.2556788081694443
1.176893035892752
1.1261256106370885
1.04689573745097
1.5203086802152197
1.5334287003596754
1.534697433960458
1.5242736438399522
1.512307137586924
1.5017307026016185
1.4693036656985858
1.4345366572155063
1.3662158772084536
1.3038796442729697
1.2476657357653131
1.1772426203040394
1.1153513633816186
1.0371245377771168
1.5415696888225676
1.5515993003686948
1.5502150660672884
1.5368747305417514
1.524691297910325
1.509362466618608
1.473469173857396
1.437831148279664
1.3684065057428851
1.2993100537622895
1.2555214466100995
1.1653143236958445
1.1026741308449266
1.0196192946879252
0.7570010180754819
0.7762150358989293
0.8253152021883261
0.846125187241405
0.8590214560219066
0.9291861481185396
0.9516925669086169
0.9650200779362952
0.9644222028230645
1.037437764975112
1.0616725875354849
1.0705050410820376
1.0744603327159818
1.0702299300006686
1.114229241354958
1.137824419092601
1.145563963763523
1.1503603915358467
1.1507431443887808
1.1427068355340564
1.1177421960405445
1.0855739972158864
1.1873789257624368
1.2114661164434677
1.2188133629773523
1.2226809608721756
1.2206965008482484
1.2107888289728543
1.1809010910122688
1.1449115476236615
1.0660684466186023
0.9727558878671928
1.2729817243974397
1.2957373345598084
1.3028545872256747
1.304774675234772
1.2996462388535732
1.2864923287747538
1.2561045119016865
1.2085462854142848
1.1190370526482176
1.01363110257595
1.3223326837807943
1.3430825178124293
1.348511077127807
1.3502954932303977
1.3428276034962783
1.3273035587291429
1.2876022511330323
1.241432790402412
1.1438603910811038
1.3763836102459102
1.3949266026629592
1.3988490394343518
1.3695795302839566
1.27372825652457
1.166665269211638
1.0442455611950467
1.4203467749296181
1.4270720048630448
1.4296170435193887
1.4281332596208316
1.4147047179633765
1.3929012192512618
1.344399695581814
1.2892009342116344
1.1749400669407948
1.046345308274803
1.4485138990959203
1.4607416127523654
1.4609334933851044
1.4577097552866867
1.4398739918397754
1.4142994446559718
1.355824756929888
1.2980315166385492
1.2051911033249898
1.1753684609413941
1.0366071047259589
1.4649956490577263
1.4741921018844575
1.4728678926666245
1.4670164924138505
1.4452584834514282
1.4181036878204225
1.3580707583947378
1.2936495369656649
1.1635347355282013
1.0191342335374298
