0.6749990458421156
0.6924813574081788
0.6908730481385054
0.661672038119936
0.625751215371407
0.5938149388447749
0.5603176814777657
0.5303443229878195
0.4875167189378641
0.4260632951495937
0.7391826186320252
0.7645413377364622
0.773368685323314
0.7776388622660563
0.7552189334054398
0.7150977310396835
0.6769969448744838
0.6362920967692866
0.5996208597360791
0.5633485438863894
0.5284958959348579
0.49980965704561253
0.44575638357673786
0.807439469547314
0.8187077236574453
0.8277575076957251
0.8381579257466626
0.8404248809673524
0.8355118301202292
0.7956601069292655
0.7525668473902396
0.7051390445254371
0.6619882324683041
0.6191360705016912
0.5778678402675246
0.5438072130619279
0.4501920577398014
0.8693752243644256
0.8904073393209493
0.8953173779176764
0.9028509248653805
0.9053005905469091
0.9052339982204631
0.8745013581947922
0.8281538544664382
0.7741526138207304
0.7242400026421462
0.6743893660734239
0.6262500420746675
0.5864434844695384
0.5461772408250203
0.9546969989843135
0.9666235739753165
0.975703190864237
0.9853708806108636
0.9871913149625824
0.9826375799868926
0.9400485450675518
0.8781823002250688
0.8179290122547594
0.7568821042366182
0.6976180383830345
0.6484722306027391
0.598735588623527
0.5549152746721913
1.0110384343177332
1.0227984069206704
1.0317559117129484
1.040171870052188
1.041803179063622
1.042645845138988
1.0180588115139784
0.9548191455147741
0.8875673644443042
0.8179091282257321
0.7498310633518332
0.6932761966317071
0.6360128972762304
0.5855245422174776
1.000608217340249
0.9299339641242937
0.8550683871646374
0.7814367027377864
0.7201718895121619
0.603422743875416
1.0739934038682772
1.0949031546260206
1.1008439966780625
1.0997207419957744
1.0502091877233026
0.9772345942784271
0.8967833968046549
0.8168061660432434
0.7500902809894348
0.6825117021053891
0.6229317469723942
1.1083304860039167
1.1268952132857732
1.1315649774649414
1.1056501915909223
1.0340049973733452
0.947620188065512
0.8598733171584367
0.7863010092235878
0.7117290956313187
0.6460071336887168
0.5819918118248668
1.132114431818476
1.1479301080706008
1.1519904683691318
1.1406483581088367
1.0783556878257854
0.9886530214945727
0.8947718054162268
0.8155112555526592
0.7350857394646881
0.6642177058173017
0.5952670958573497
1.1668150901781054
1.1693236450398143
1.167335237607228
1.1583603765992414
1.1231194679284278
1.0927199775778713
1.0327554879789567
0.9326901101079004
0.8471799085994706
0.7601929796246073
0.6835707786187881
0.608997419953887
1.1692342760429608
1.180627957890547
1.1797682632189732
1.160976101454418
1.07580899264434
0.9706705785129055
0.8789514223867104
0.7852428982246423
0.7026502033334265
0.622516271751031
1.18930269658757
1.18837828152472
1.1852341592127762
1.1694731787482098
1.1601870289715521
1.1244845266655472
1.076958240135951
1.0170656875827508
0.9182231528762805
0.8160327467315476
0.7258355383941737
0.6384458973672508
1.1881495883522064
1.186158000605907
1.1784122247469615
1.1603545367413686
1.135257194257491
1.097459951694225
1.058794568513243
0.9548014670798632
0.8447788458266116
0.7473239760054082
0.6526225485467118
0.6819949759384315
0.6855829697730668
0.7521751848513902
0.7647717796706618
0.751408233942686
0.8242579745205008
0.8274323727620009
0.8895875450941938
0.8698351288192786
0.9606737194632494
0.9695362859462306
0.9358305892500854
1.0197875742421545
1.0092587252688245
1.0209753030859503
1.046797539666564
1.0571868027325841
1.077369210981598
1.0437958699620584
1.0883656448867245
1.1065092383780595
1.0939865750515514
1.1222480623409719
1.122952659548632
1.0726806486816074
1.1135109275818136
1.132840151095059
1.1522090321538017
1.1445855135897063
1.0711072361744451
1.1563322754565473
1.1156458387720476
1.1435619319310777
1.054438519648505
0.6267169761818832
0.6417067247843317
0.6785038775917336
0.6945414530311872
0.7049574391530635
0.7553402735627187
0.7725678504454825
0.7832389923307472
0.7887683461276017
0.7886844839983396
0.8328507906013093
0.8504902249841606
0.8607768115437658
0.8655456377940028
0.8636236982633249
0.8462983833284204
0.8852564828341987
0.9026196608294139
0.9125310626836062
0.9156683140071442
0.9161358446835093
0.9153322683125253
0.912835274432538
0.9037896396832078
0.8914888745624305
0.9333226775172944
0.9505400612763547
0.9591492837270646
0.9613401492920984
0.9597581698229637
0.9562463003550228
0.9446443682276806
0.9308609742382912
0.9016487119148953
0.8713519160284423
0.8097023443476756
0.7809830105650198
0.7393573807983789
0.9858836155048093
1.0013206431920771
1.0082171719996718
1.0090975668428896
1.0080309260134515
1.0043744742622738
1.0002463865936597
0.9854134426758316
0.9689449117388307
0.9398299583983112
0.900164806693976
0.8722245695663247
0.830892877999554
0.797510992437284
0.7519467985093705
1.0133779264124267
1.0272157851879582
1.0327782171537934
1.0308612724727197
1.026889638128694
1.0207659222974448
1.0039007771665134
0.9854474981797967
0.9486707644256686
0.9107795712382117
0.8803662017484956
0.8358128194875484
0.8011812412181344
0.7516556646510782
1.040199103629518
1.051431190411713
1.054794064354324
1.0502927660748793
1.0372586617079642
0.996992113980071
0.9152198039113135
0.8336617483188771
0.7432360618350718
1.0596741522408846
1.0644962749046682
1.0618788497403056
1.0518026133104301
1.0422030437048357
1.0206663068841864
0.9972853234448018
0.9543797681037
0.9102231910847646
0.8813206672520799
0.8239603716190324
0.7870587570757698
0.7296066843211062
1.062080422153734
1.0675060576311661
1.0653874065886833
1.0551876542831833
1.04527854227806
1.0368581045507974
1.0120211845339155
0.9859726458054792
0.9358183474699854
0.8905399222087568
0.8499372783795532
0.7992274833599389
0.754748646144915
0.6986259100419006
1.0581230569215236
1.060736070165822
1.0563016664817488
1.0436992739567295
1.0335270783155888
1.0213109488656986
0.9939350717441441
0.9674392154985859
0.9165666696271536
0.8669817760831411
0.835683681669941
0.7711953676479723
0.7265594131498425
0.6676651435613221
0.6100586069718044
0.6262392781493709
0.6596106310866409
0.6768773449477623
0.6878848537525356
0.7328069674682167
0.7510294250695154
0.7620735172601418
0.7627431485960662
0.805864235650857
0.824858067459686
0.8318723168944068
0.8350579098293638
0.8325400951145592
0.8552431346597348
0.8732184063119542
0.8791133812062286
0.8828246651910964
0.8833056411748921
0.877305863770557
0.858658929305474
0.8346327163709342
0.8997236041577875
0.9173865886552139
0.9227609254847512
0.9255218766790189
0.9238062995604883
0.9162850559012334
0.8938453908989864
0.8669774233590432
0.8082437500961484
0.7389364409775089
0.9476090962123735
0.9632898911396238
0.9680019811142305
0.9690713321667364
0.9644929110678859
0.9542927518293745
0.9313295215994757
0.8958177650578997
0.8294544827971194
0.7515367847501888
0.9723870978323411
0.9859421136016856
0.9891447360053168
0.989742730378253
0.983155621659115
0.9709516951304674
0.9409409966389084
0.9065098666887719
0.8344247853179081
0.9953225252161472
1.0063167480931483
1.0069375627380945
0.9828802953498635
0.9110900086874306
0.8323405328110368
0.7428707430231533
1.0114891027663084
1.014737490383621
1.0153176820343746
1.012756233372453
1.0009571762979974
0.9837874269882476
0.9471716352747467
0.9062910430795177
0.8227213908048913
0.7292665883395305
1.0103361762896832
1.0147893196809035
1.0127269901040532
1.0090157286158
0.9935176370583326
0.9733237223877211
0.929397441563721
0.886965976258195
0.8195987633911516
0.7981120108355819
0.6983300450122769
1.0037521170518005
1.0052604806715677
1.0018633775041028
0.9955362832556469
0.9768943790888137
0.95560919622633
0.9104571957234061
0.8636847892411956
0.7701948528419019
0.6674067191180524
