1.38107221440615
1.4159384408606137
1.411725237381193
1.3514358321078244
1.2767698044227636
1.2096232217018197
1.138422903928791
1.0738348455249414
0.9797947766999888
0.8398677388285768
1.5370421193695467
1.5890956354684058
1.607254513740987
1.6160228014907079
1.5695447087619756
1.4857846909378571
1.4054226137094874
1.3187723105567877
1.2397915522305167
1.1606781594325264
1.0836314544615522
1.0192764217816606
0.8948185658491117
1.7034996400448392
1.7272178098106972
1.7463211272854966
1.7683782946588809
1.773230427225147
1.7638106120571722
1.6804493276075776
1.5893262252736402
1.4881170631129008
1.3950951156674782
1.3017182429219243
1.2107438079582966
1.1347685480651568
0.9199007566850477
1.8617025458777583
1.9073669307521757
1.9181273567928079
1.9348693028844735
1.9404721013850226
1.9410499061505193
1.8774586493071208
1.7792806978621685
1.6637463449787844
1.5558811363056109
1.4471515505660788
1.3411211887816548
1.252589916622386
1.1620078128017084
2.0927145769079303
2.119971490147767
2.1409017013156304
2.163744978716819
2.1682676967987713
2.161914247144112
2.072736382865014
1.9399721875816058
1.8091742264066528
1.6754932966969642
1.5446601471423067
1.4354088215763798
1.3237435413187844
1.2245828995168697
2.2573007604809665
2.2852637073127764
2.3069692346884936
2.3283643208474496
2.332943276253399
2.3364322993914133
2.288304318791364
2.153188903126732
2.0066947359976597
1.8534898629820105
1.702610852334513
1.5764982109240657
1.4476921952454918
1.3334041022552892
2.2850482613610597
2.1309705822375946
1.9658346630678238
1.8021300907889222
1.6651142263704621
1.4011442563457612
2.459038547211694
2.5135975212975508
2.5320747502700485
2.5327741234234686
2.4324911148887525
2.273705063608534
2.095691714894783
1.9171543270672706
1.7673310790714176
1.6143551647635548
1.4787736928528308
2.582430660525949
2.6338418358224867
2.6515875389982075
2.6052289499834003
2.4511745355193537
2.2595851085923946
2.0626538996060892
1.8964274894011817
1.7265945089530192
1.5761543404413494
1.4288712915081814
2.6776459905082413
2.7240665538922086
2.741614649200622
2.7258324293691154
2.595545090355259
2.396765860520476
2.185183790961933
2.0051129134429426
1.8208524189390052
1.6576644378890728
1.4980703886255093
2.8189504604485625
2.832744776627791
2.83325432670615
2.819277315272477
2.748290820890074
2.6827418995892547
2.5496638014005955
2.3234171232801413
2.1279050326753444
1.927169157904822
1.7493624356172408
1.5756494641812402
2.8662240673750286
2.9069769177744362
2.9183767660416278
2.8876454876847637
2.705215926989418
2.4675598401783363
2.25654721983582
2.038531746633059
1.8454490848284095
1.6564863640483316
3.004640527881947
3.012182760670634
3.0108106503656966
2.985894355440186
2.968096566855134
2.8936104057141763
2.7887649611937877
2.6526308771669225
2.423770419977694
2.183627420804983
1.9702737154002374
1.7613387829130964
3.0823198081193204
3.0875075296315484
3.0804621346450953
3.04944072545977
2.9990254104622087
2.917024305268435
2.83006051841051
2.5889166718585037
2.3280232140794004
2.093977507806174
1.8655086324588652
1.394766560456896
1.401104260711655
1.5638056794010864
1.5896215906938946
1.5617126015645642
1.7395621867990263
1.746859730359701
1.9075295767369302
1.867429315508582
2.1095147102013536
2.132798801000899
2.063317673134698
2.2842895645831
2.2681217915508975
2.3079499772693124
2.379558054713297
2.4243777039440424
2.479675994304426
2.4171023353967924
2.5401648172744564
2.5939628314052627
2.5765343344227927
2.667306940997301
2.6813589679310477
2.58109219568807
2.7232109892418435
2.775979011326251
2.8451853663931153
2.843759096582892
2.692790171466062
2.9402381484482776
2.8685595310423286
3.0002191806470035
2.816847049313932
1.2836710688411763
1.3135045068372957
1.406166803938958
1.4387404097816683
1.4598187121065545
1.5954134897416306
1.6316163638861827
1.6541620846105056
1.6658857826742386
1.6657834233142563
1.7981010641979531
1.8369359431408152
1.8598792111883562
1.8710019249236736
1.867705811260937
1.831521978901365
1.9447239887422696
1.9845029964169376
2.007948445290642
2.015491232849642
2.017301649016527
2.0165178840222246
2.0117869009116798
1.9932128707503656
1.9674742731408195
2.0894926611128253
2.1310580206261545
2.152892094313252
2.1606179630012914
2.158318802630158
2.151745767095342
2.1282365152703853
2.099150901812026
2.0364065079894824
1.9704741262648773
1.8351450775615703
1.771663417297035
1.6792762440099007
2.2659229625930557
2.3062303533239157
2.326673015442559
2.330884103318639
2.330854425749774
2.3249308696080955
2.3171425252099183
2.287091085100068
2.252237024234543
2.1893125797240875
2.102248913154359
2.0404172084261996
1.9483106252193205
1.8736820417888438
1.771318601519975
2.3720366985462458
2.4110468817897
2.4297649744244754
2.4311020657153612
2.4247332006934417
2.413259858761389
2.378880986504736
2.33985870746849
2.2597516219299263
2.175978970277766
2.107986960027748
2.0079242021686983
1.9297474549956466
1.8175402680662929
2.496536148632962
2.532479555581423
2.5485771445043053
2.545653298866842
2.5222864192183154
2.4380522005100422
2.256671060459649
2.0718022822400135
1.8643275456335016
2.602808273087943
2.62797031537386
2.6279897615860706
2.6125548984438973
2.594392181389479
2.5501830429125176
2.4998609412229733
2.404719021069856
2.3050392756209686
2.2391730485505255
2.1072469135607053
2.0219491939783527
1.8882096306946596
2.6915734550158255
2.720460611634491
2.7280841247318963
2.715457780761045
2.6978089922373356
2.681534040274235
2.6299408917410334
2.573389802058475
2.46045095720609
2.3563351898347937
2.26185433954216
2.142940536229393
2.0379383636809743
1.9048380758583565
2.7563970923590255
2.780739020818639
2.784499902756276
2.7673875139978197
2.7492884655371723
2.7255315703730814
2.668047983741063
2.6096799748341932
2.4943891064596513
2.3781312583886693
2.304045742574306
2.150748520830214
2.0437743291083117
1.901360777671107
1.2496917387351973
1.28181225028144
1.3672567781809675
1.4022599106044042
1.4243629692124788
1.548345692966736
1.5866543970141316
1.6098749459077923
1.6111854110087547
1.7408397395497892
1.7827122322980153
1.7983604905357393
1.8056466864222547
1.8015690002099065
1.8804191960999852
1.921768451672728
1.9357183008454932
1.9447842426832493
1.9474074882836534
1.9357080057658818
1.8964924047542446
1.8448803300984558
2.016632926308085
2.0596359140714076
2.0732340911323663
2.081031062492328
2.0801459915769174
2.0654411967666784
2.018289487305772
1.960279655768315
1.8317277084906094
1.6782770625876544
2.1816914804426046
2.22352692242323
2.2375254572913668
2.242129027595625
2.2365741168557842
2.216745308123384
2.1686161623921376
2.0915953200746764
1.9447414348088266
1.7702837708452894
2.28087468793234
2.3199813479416136
2.331179214655779
2.336205724688591
2.3271323568347095
2.3035506158977035
2.2402476691534994
2.1651247485080343
2.004337158972659
2.3955527976247737
2.431999420397912
2.4435057135173617
2.400981788994428
2.245603467055615
2.068180814653809
1.863294502898837
2.4931789036941976
2.5072795252017293
2.514399953668289
2.5148752755098864
2.496590601028711
2.462908193553669
2.3847476870550137
2.2940036037082674
2.1036694142739036
1.8871877775228538
2.571935890147684
2.6000697628163345
2.604316353183467
2.6013015881756636
2.576121709341593
2.536256368701792
2.4412673909352427
2.345477080409018
2.1897644302799906
2.139415774586838
1.9038476504398676
2.627636784694226
2.6516405090026205
2.6534120721971575
2.647011558797812
2.615539371660142
2.5728267924312838
2.4749463575087587
2.36740660985593
2.147323880862073
1.9004070327066032
