1.0099475573286847
1.0368633509822411
1.036776012251556
0.9950265505327376
0.9432127513892418
0.8970942600314921
0.8487425013582157
0.8055322555827085
0.7439077968765361
0.6558223114586124
1.1043966148649955
1.143079793311522
1.1567972308514185
1.1641388044379086
1.1328211694229902
1.0750485142305928
1.0199154436305566
0.9610015061821157
0.9079567710393318
0.855519185615885
0.8051844829051802
0.7637971173422375
0.6859625757086947
1.2051662076961727
1.2222726698842115
1.2360794503881716
1.2521225532504723
1.2556843516434466
1.2503840053518203
1.193227703465896
1.1308711209981634
1.0621054140617734
0.9995357690690834
0.9373959876892402
0.8775777693295721
0.82822047972685
0.6927114516822961
1.2961495811296342
1.3280763384944692
1.3355996169181408
1.3473126235673543
1.351311456003948
1.3517663830170863
1.3082773146206355
1.2412573612942863
1.1628934417086825
1.090359783739638
1.0178993453968863
0.9479168242123928
0.8900321825488503
0.8314793663334488
1.4207481577142176
1.4387258412541195
1.452489397688215
1.4673371623962337
1.4702071206385654
1.4647635317640353
1.4035276898178226
1.313674211696093
1.2259840257907295
1.1370247851224866
1.050592489008344
0.9788602510004091
0.906221007892266
0.8421599091555991
1.502370372734823
1.5200088864297068
1.5335288901845305
1.5464109895721179
1.5490020209404405
1.5505650000779743
1.5157081992786963
1.4239551370770263
1.3259814746562986
1.224365386651433
1.12493198514657
1.042230056712948
0.9584200268029636
0.8844294839623824
1.48948789860301
1.386498681935681
1.2773276475967732
1.1696206359761954
1.0799623545204122
0.9088204029433706
1.592563406417632
1.6238371295054368
1.6329687894661766
1.631608924187378
1.5601154323328552
1.4537825065946273
1.3363127824514494
1.2193668385920133
1.1216736783000143
1.0226080636688333
0.9351337330154333
1.6409902012685567
1.6686389446714496
1.6757993335597474
1.638493379445335
1.5340946415325911
1.4079277261444731
1.279578076153663
1.1718042952907524
1.0624361562101046
0.9658943957251864
0.8716998058406651
1.6741548425519355
1.697882329755094
1.7036119391388826
1.6872585971418614
1.5964632801145267
1.4654244364509859
1.3280872197134381
1.2120350310975445
1.0939992470921973
0.9898958286328543
0.8884302337998048
1.7227524561502472
1.726466052740074
1.7235332832253667
1.710433756538261
1.6589309289987753
1.6145466269800264
1.5268428829413463
1.3805082968082782
1.2552478598847256
1.1276799267936717
1.0151330569732528
0.9055891858392642
1.7238253455023942
1.7402625150068234
1.7388118222340487
1.7111659144097056
1.5865681816623687
1.4327245227997996
1.2984058904576625
1.1610308068067339
1.0397586635319909
0.9219203061255787
1.749160886229464
1.7474990502925494
1.742782538738914
1.7194247164060765
1.7057574249369822
1.653318261742627
1.5837568975152232
1.4960840934851158
1.3513749117349982
1.2016515120212035
1.0693377389167824
0.9409594090028731
1.743479558068293
1.740208654321855
1.728467506106103
1.7017256202174131
1.6647185353103762
1.6092440736454923
1.5525802967070184
1.400228139640895
1.2392409145091252
1.0962432186407627
0.9577104676365157
1.0215820628774859
1.028821353448578
1.1250579216242602
1.1448551086779093
1.1270994636697962
1.2318895426127574
1.2382927034028295
1.3284258285104924
1.3013056918850687
1.430828584405486
1.4452941838885986
1.3972523347788666
1.5167278497423666
1.502671898813963
1.516261027975262
1.5560115281866072
1.5682800848812517
1.598683908852814
1.550664462096344
1.6120880303790888
1.6392007488206402
1.6213731714241042
1.660090692058004
1.6613682693443041
1.5881637035358835
1.6449341915565465
1.6708908156414433
1.6987937892543492
1.6873785857074246
1.5799849135312471
1.7007024215704265
1.6405790403467757
1.677665045912333
1.5463573551701992
0.9390992237942656
0.962059782611809
1.0159097636277985
1.0404408230428823
1.0565719888275096
1.129446698946791
1.155729342814964
1.1722275778065514
1.1811266247052703
1.1817115426612288
1.243313827552588
1.2701152930874369
1.2859833823529254
1.2937299354701597
1.2915668741478008
1.2671271560155197
1.3197278326502253
1.3460239189262027
1.3612646642837858
1.3660683466268317
1.3671202537973348
1.3663274929607774
1.3629669091414012
1.350092692725239
1.3325524383527896
1.3892378395454774
1.4151890998115726
1.428379478270496
1.4321729353661878
1.4300938409305899
1.425185369688889
1.4085948784260351
1.3887007475499014
1.3463234169769844
1.3022462218360826
1.2123468878123904
1.1704268914009808
1.1096084354353617
1.4642515908639673
1.4875618374195294
1.4978123154578606
1.4992886075019642
1.497935524226594
1.4927610285594446
1.4868696811971074
1.4653978221865585
1.441468739167333
1.399074650897575
1.3413289194880273
1.3003800823860132
1.2399622672081996
1.1911165680619407
1.1243909430767254
1.5027569810148314
1.5232983927762995
1.5316784500543714
1.529089448725028
1.5233797195861827
1.5145249408628783
1.4899607151180059
1.463105631000016
1.4094139699483603
1.354064938792499
1.3095569700813334
1.2443312206624446
1.1935963097948117
1.1210117884928543
1.539225219964954
1.555662652394097
1.5606104633675943
1.554051352881989
1.534998484691708
1.4761239211185302
1.356467445490721
1.2369705625618392
1.1043334285272624
1.5650314294393006
1.5718691284420716
1.5679364839735042
1.553056173743358
1.5389875288740804
1.5073255785606172
1.4731415610289011
1.4102895344806
1.3455866237244831
1.3032381927221357
1.219133694265986
1.1649959880727079
1.0806734377734608
1.5640439383123155
1.571649760277597
1.5681288967600366
1.5528365738283394
1.538160019026797
1.5257264247764206
1.489181114372568
1.4509091452713405
1.3773379159624535
1.3109624961611517
1.251433373747436
1.1770717576454797
1.111772393116298
1.029401989023597
1.5548082052470065
1.5578699501105477
1.5507799199927284
1.5317123313302088
1.516677331284454
1.4985680369669079
1.458239290577921
1.4193163171842167
1.3446255562961942
1.271920108266298
1.2260480811321723
1.1314772439913023
1.0659731656186757
0.979597483439566
0.9149523985158519
0.9397976699743535
0.9885136894570042
1.0149898478188546
1.0321828142037468
1.0967494845246166
1.1246195819239087
1.1418453529025903
1.1442932783271678
1.2040924094999483
1.233029370666757
1.2438687394103536
1.248930838827247
1.2465727198728362
1.2760979902360359
1.3033851208505636
1.3124517725178277
1.3183194097038384
1.3196088369711574
1.3114356457530765
1.2847477872392494
1.2500094191545246
1.3403513561136875
1.367021789692056
1.3752679178158866
1.3796487240412694
1.377701940933839
1.367086065740626
1.3347466186108425
1.2957536131877405
1.2101860848235537
1.1089826979985624
1.4085072320031309
1.4320025898248978
1.4391580366001235
1.4409236865145232
1.4345627584671738
1.4198713677949768
1.3865439302047777
1.3349199018481819
1.2378419363663204
1.1237868123992505
1.4430355287434824
1.463158271425576
1.4679799383149945
1.4689918224806022
1.4595161451644387
1.441833312182485
1.3980710522001276
1.3478026172328263
1.2422969461844302
1.473799253476975
1.4898722908125013
1.49076041266672
1.455548411630258
1.3504547454474267
1.2350508031592056
1.1038043358876009
1.4947458897556332
1.4993747585692738
1.500112365082391
1.496245820470514
1.4787296545479633
1.4535721241713873
1.3998505882287295
1.3398993618123711
1.2173473663040306
1.08018554365715
1.4887931220719426
1.494659721958791
1.4913127136860609
1.4856684021416946
1.4625854097533386
1.4327481491013268
1.3681383086007957
1.3058529220560398
1.207002947988097
1.1754853768112505
1.028985108374144
1.4755459524322656
1.4767608429023036
1.4714333488911675
1.461765925348719
1.433945903487403
1.4024574046718097
1.3359524176410393
1.2672546031240703
1.1300727587127453
0.979239550166965
