0.6704897916948342
0.6841590074355958
0.6710174693433615
0.6326653161535005
0.5881879261423036
0.5492425016014246
0.5086491778013895
0.4724123269382949
0.4205709747916599
0.3454747555111293
0.7221914394304285
0.7425945641692717
0.7483434418932261
0.7473996590796399
0.7143581805655078
0.6648866247937815
0.6193758915302618
0.5713236971829334
0.5282754330707026
0.48581373816224294
0.4450093898232185
0.41134602221313105
0.34749950664122703
0.7758157889142856
0.7848095847151638
0.7916450994389224
0.7985001614121299
0.7996114019805788
0.7835711231537831
0.7333733899109338
0.6825664264801884
0.6277059075608672
0.5782472898037776
0.5294023047643935
0.4824597987857384
0.4437381092037962
0.33694189640695954
0.82251445361458
0.8382481383432807
0.8414838308403993
0.8453828274359407
0.845529901375271
0.8420224231634519
0.7998676156338548
0.7453681278050648
0.6839570165363374
0.6279385380190932
0.5724563421561075
0.5191247219791114
0.47516537436467593
0.43079843573398974
0.8836287145572109
0.8922504009355569
0.8982698848570935
0.903300003202249
0.9036869932157908
0.8900679730643211
0.8377463536868814
0.7683509317337149
0.7025248678665968
0.636689603072222
0.5732954175322373
0.521095477737867
0.46849421844641287
0.42244208721994336
0.9213548161782616
0.9295182492378484
0.9350869967338116
0.9387015643963844
0.9386415928364956
0.9366394716026357
0.9017206620916994
0.8303513211307129
0.7579036068096915
0.6842628013091167
0.6130816557330726
0.5544843196759734
0.49552697274511776
0.44399120984687757
0.8673266744638801
0.7915976391286175
0.7132755835249716
0.6372425639032023
0.5746232916261194
0.45674841671071675
0.9602534863716947
0.9725322884113449
0.972743152646291
0.9679830999703553
0.9073220949398666
0.8292217843922116
0.7459938834094653
0.6643824741994975
0.5971527102972811
0.5296500205989623
0.4707962215638765
0.9791432675422603
0.9892440370138318
0.987782556381114
0.951906181161645
0.8744039124233033
0.7857333685005168
0.6975277968785564
0.624580174442129
0.5513594021475448
0.4876110387768358
0.42614159880464814
0.9906651294721648
0.9989789111357132
0.996917719233296
0.9788104275792384
0.9097200422581206
0.8179497693893987
0.7244904576597144
0.6467907455785902
0.5688291820068208
0.5010285370846915
0.43578223786128994
1.0047564669698528
1.0025684142718057
0.9976931280874093
0.9851863577793532
0.9453213753180689
0.9134277582007138
0.8525799966503286
0.7538557888822225
0.6709564548750965
0.587737245911133
0.5154031187769341
0.44594648886661453
1.0025084412099794
1.0066006078616219
0.9994862748056211
0.9753933282924413
0.8864284757336459
0.7833696433425821
0.6954112502895877
0.6067000774144375
0.5297152815312963
0.4559282398116838
1.0014409617474418
0.9969604546346593
0.9916855506034589
0.9723926839091158
0.962239843057767
0.9249215755049095
0.8775838744502974
0.8195390260171841
0.7256694802721911
0.6302435313695326
0.5473504263737681
0.4678564221153162
0.9889463492972241
0.9841078519130768
0.9734977082942365
0.9531812387219324
0.9270469307710492
0.8895677885760748
0.8521380716465131
0.7538928476299545
0.6522247003692085
0.5635408758116157
0.4788534693519888
0.6716100990350211
0.6659369678359393
0.7281435100257339
0.7352255174176336
0.7108166722490631
0.7824689563031334
0.7761515173000535
0.8278173610117211
0.795709405014559
0.8801119698547072
0.8785474095301108
0.8341035436854595
0.9167598446558124
0.8941806553976168
0.9184889508960261
0.9246178864761837
0.9402140926863185
0.9489959135244689
0.9019805694945965
0.956666277147829
0.9636360557772606
0.9422313918114806
0.9721378747544034
0.9641881312307574
0.9051141511494294
0.9375393946611116
0.9698363665856827
0.9770197096073876
0.9621381734641458
0.8828273651930908
0.965027443694523
0.9179169578950029
0.9398819359561582
0.8487540269075278
0.6152220531755156
0.6275956005908565
0.6564635139039214
0.6692844869373489
0.6766005493065851
0.7151745313137449
0.7282860912150914
0.7351583867932168
0.7367924372405955
0.7328730248192967
0.771115117501931
0.7837187215471915
0.7896225913794334
0.7898514174058252
0.7836991276647347
0.7596175775733781
0.8067003168003464
0.8184806426422389
0.8234684739294774
0.8235366429199203
0.8223984989852077
0.8194364186485098
0.8147903533483175
0.8019558132961574
0.7866386223375817
0.8372339483595822
0.8481775781787066
0.8517861913702032
0.8490310541945905
0.8452105967081924
0.8395831363007402
0.8243049879214002
0.807824878145325
0.774800622890608
0.7417339568042455
0.6760459683480932
0.6457558594482882
0.6022859176929773
0.8673150550133587
0.8762491217382827
0.8777890168905428
0.8762250538808081
0.8726686054955863
0.866466961240269
0.8607554656749059
0.8425343687859745
0.8238216805679368
0.7921709443883708
0.7504518504218206
0.721374419626949
0.6790069997314808
0.6450439828916277
0.599117285336028
0.8806682710085301
0.8878092937664712
0.8881759030086935
0.881609356709596
0.8755375261646575
0.8674811118207422
0.8476177787602173
0.8273536279370053
0.7884518635631456
0.7494400085425853
0.718659545930808
0.6738643097998205
0.6394450739412748
0.5905619728362126
0.8904483561643209
0.89516973076986
0.8933318829771624
0.8844946986785158
0.8679995082842566
0.8241459671069532
0.7412607389141412
0.6611687412012748
0.5739947741319268
0.8941987867130659
0.8920738787771121
0.8867872573634994
0.8732266880691584
0.8621643819725374
0.8388506302751494
0.8146337530243638
0.7716823300333494
0.728377025073184
0.7004167361412431
0.6454188592283877
0.6103635377107706
0.5562118940058286
0.8841034058664635
0.8838585179415562
0.8774566186443771
0.8639906084871994
0.852683566196922
0.8436325510220509
0.8180440985459414
0.7920129339464522
0.7433811375656613
0.7003631065264361
0.6621676598457158
0.6148674532829276
0.5737960534904323
0.5222792382851232
0.8702356576665002
0.8677106544291374
0.8596778329390348
0.8445066354531432
0.8335012973339443
0.8208095166916624
0.7934119142742636
0.7677231313322572
0.7193810937954233
0.6732264904427719
0.6442045675639192
0.585386749953139
0.5450091040850272
0.49216127666974335
0.5948470625939537
0.6079202337274243
0.6337756859214967
0.6472594726555917
0.6543319174204808
0.6888739333168987
0.7023302447275788
0.7087086298753733
0.7014833673207732
0.740657531531881
0.7537621558429107
0.7575627844121062
0.7585109736639614
0.7476313810951957
0.7734009710323725
0.7851358550091923
0.7880370057499507
0.7888264081864408
0.7843655564268914
0.7745329042725458
0.7508029145335897
0.7228271901722528
0.8008372569331882
0.8115516580704141
0.8137553447160629
0.8135433112917075
0.8067609327057104
0.7956270020502326
0.7683425673702756
0.7381526217585758
0.6748817302745648
0.6019588503051339
0.8270033234489383
0.8353848089114839
0.8362637380155392
0.8349273268630263
0.8253257498160205
0.8118427117718345
0.7852882762319411
0.7468803010405265
0.6778833419772862
0.5988065344774547
0.8382572451889533
0.8446787143520215
0.8446003134392899
0.8421381410832511
0.8307866877636798
0.815664403481365
0.7822884867214289
0.7460741142159726
0.6727956232254114
0.8449632574314289
0.8489215277971593
0.8436272487351062
0.8129484612091485
0.7380571413545073
0.6601681774946947
0.5737267060371547
0.8463673444327096
0.8463311368930725
0.844129329009089
0.8387628776062757
0.8233091177233716
0.8040550959453346
0.7660910171041534
0.7253616125099658
0.6444913710228469
0.5559652294935368
0.8338971447526891
0.8321772115486329
0.827145578383266
0.8218487261481895
0.8036598605165943
0.782243779965772
0.7384775164491302
0.697662760451557
0.6341398028920354
0.6140447546844917
0.5220680690122514
0.8184663071042172
0.8145246554437058
0.8088781782027354
0.8008321113810533
0.7802917378681063
0.7586672293983471
0.7147562325086322
0.6707581573937952
0.5846554467481124
0.4919783031665343
