0.4857203681922103
0.4950198323912956
0.48374550108582137
0.4546525037767959
0.4212975657215715
0.39219829067605244
0.36193060536920796
0.3349525750966213
0.2963961176361769
0.24051595290348113
0.5192557532072546
0.5331485546667458
0.5367990503213264
0.5352946115205678
0.509869976603811
0.4729066531230753
0.43911476473963645
0.4035387537127041
0.371725584110084
0.34039385436751807
0.3102938838239399
0.2854605458965049
0.2383091664311248
0.5538557855311217
0.5599261730602648
0.5644600061053986
0.5687938976788522
0.5694004614415094
0.5561110053478526
0.5185532673201277
0.4809990732586067
0.44061946540314695
0.40430117642101615
0.36849791436636953
0.3341110374313922
0.3057602043082301
0.22746937535614287
0.583232374703904
0.5935702869050855
0.5955965287917233
0.5977675290618598
0.5974921587633558
0.5944108218099021
0.5624945411507665
0.522292431900866
0.477314551293503
0.436425922255747
0.3960122693004365
0.3572057486755299
0.3252409121586653
0.2929877878504371
0.6204277059713161
0.625967672656082
0.629695882998151
0.6324501109571964
0.6324696403325181
0.6212315421208378
0.5824116467881134
0.5318432169719378
0.48418172491125416
0.4366541469445307
0.39096288337122065
0.35338048040232667
0.3155479936855762
0.2824526021394702
0.64229391853608
0.6474168394164249
0.6507400686108459
0.6524125867732099
0.6521056012910668
0.6501320088607923
0.6235284829968553
0.5715348767758589
0.5193112576388241
0.4664701163578546
0.4155040365175255
0.37361198733995726
0.33151751629129084
0.29477411439542067
0.5950350873670653
0.5405556724281332
0.4845387057291736
0.43031232290801535
0.3857369491059435
0.301994019112928
0.6633458301406375
0.6703177860851819
0.6693381954468322
0.665278764288213
0.6202895000090044
0.5641644051054798
0.5047618085632527
0.44685014383204574
0.39920084306369796
0.3514469838388926
0.309879906512663
0.6723816898980434
0.6777641741519557
0.6755628921129975
0.6481579092198028
0.5923253419809894
0.5293095750959886
0.4669490062084073
0.41550531196913004
0.363987877680384
0.31923018185552376
0.27614951362790613
0.6769826554514551
0.6810273098149937
0.6784765059326211
0.6642899088566879
0.6141702752793252
0.5490386243855645
0.483179581564129
0.42859513408488936
0.3740008224143569
0.32660763585522423
0.2810951135210887
0.6813220409077486
0.6787336789658389
0.6746605476268496
0.6650726259599196
0.6359584300780604
0.6131182243800364
0.5701048918855514
0.5007407088330832
0.4427701526761467
0.38472316885269475
0.3344581886212184
0.2861484781027528
0.6775619564705394
0.6787526666330892
0.6722765046423055
0.6540663309030248
0.5905265553227409
0.5182730681021419
0.4569811740979301
0.3953864949300052
0.3421416660705802
0.29114233196149575
0.6703377434118516
0.6662816564729087
0.6620595849568959
0.6476920983876162
0.6401141672392493
0.6134541326302956
0.5800896412841116
0.5395811698911795
0.4743936621238242
0.40848544647247004
0.35142477304974706
0.2969189523154677
0.6571858467074607
0.6531182717753765
0.6447562235579136
0.6298185836137815
0.6110683153455035
0.5846375857105799
0.5584763918055927
0.4904343323517001
0.4204917821551739
0.3597532232897944
0.30194011875066945
0.4856164206351781
0.48010112254920456
0.5224159365268928
0.526641755509031
0.5073638447147061
0.5569572416279107
0.5509019550416044
0.5845141500630533
0.5596116531619134
0.6162494674345697
0.6133299472167628
0.5799262369000344
0.6366094138468618
0.6184233796504847
0.6370446284788593
0.6376179119777692
0.6485758405774751
0.6525426036458433
0.6167311080793844
0.6560371967092956
0.6586603426133629
0.6417511322854013
0.6620970089370926
0.6546559174350383
0.6111579445080615
0.6308952414396906
0.655482839362386
0.6576781774510737
0.6454802310458878
0.5882184158555798
0.643833291959177
0.6089936640174164
0.6214000185742914
0.5563624111072091
0.44463115242330514
0.45319170937626346
0.4715514647225718
0.48029393884415816
0.48508922827169454
0.5090060568310351
0.5177417385519066
0.5220563608465562
0.5226071950675916
0.5191967573237909
0.5434710187883788
0.5516079691173194
0.5550853882342225
0.5544913339734173
0.549413909609173
0.531158682700902
0.5644940050827886
0.5718884629403812
0.5745697337229656
0.5740923034536469
0.5730123619831033
0.5705303891739446
0.5668328372535321
0.5570354147952421
0.5456923916995804
0.5816001344334717
0.5881962489515252
0.5898442657068146
0.5870072652749131
0.5838693852941623
0.5794996010216505
0.5680139920683075
0.5558553257155464
0.5317926449787224
0.5078870265851853
0.4606428342630283
0.4389184157627167
0.4077933967863327
0.5968322886655354
0.6018754207798099
0.6018991048068255
0.600318194254119
0.5973204777137449
0.5924423289667049
0.5880992558779141
0.5745719992259887
0.5609233119198108
0.5380779373465372
0.5081230439075939
0.4874434070372084
0.4573056303162615
0.4331783298651061
0.400615143229683
0.6022961954778028
0.6059590309041757
0.6051429128085163
0.5995541746622031
0.5948349017385173
0.5887620786293347
0.5741695271889554
0.5594820759803009
0.5315756708019239
0.503809609285778
0.4819894719666126
0.45030345736243865
0.4260181596412569
0.39158182963599714
0.6041485439538534
0.6060308509610043
0.6035931914590416
0.5964275983300256
0.5840070051477859
0.5522922354242835
0.49356172812680615
0.4373294611132908
0.3763307249097154
0.602113602479084
0.5989875397516317
0.5945720003095855
0.5842606793897973
0.5761160484014008
0.5592693677227097
0.5419730479153758
0.5116337384033797
0.481231697878483
0.46167670381301906
0.42331983730451334
0.39891875557017425
0.36132847931111883
0.5902779527615495
0.588609267830269
0.5830158072107089
0.5726607827060834
0.5643463579122184
0.5577494235386274
0.539409074852552
0.5210507280079077
0.4870149053688272
0.45709686054001464
0.4306371414145451
0.39795805772086373
0.3696667048261424
0.33434155657875186
0.5766210293303637
0.5733973066734254
0.5667145342916736
0.5552537317066907
0.5472375640681235
0.5380687395600212
0.5186657608324592
0.5006206124918784
0.46699799386043744
0.43513152915373265
0.4151611947490296
0.3747645660454513
0.3471313084077727
0.31096767208160236
0.42932831943044975
0.43832431524447674
0.45462090538072575
0.46375700533014236
0.4682589032907611
0.4895632787248979
0.49844651371348203
0.5022797712422672
0.49589531015540317
0.5211997610438172
0.5295546642982804
0.5317290918607797
0.532037776985561
0.5229173137700414
0.540278835372572
0.5475389427093326
0.5490757833391513
0.5491343101787168
0.5450556836773859
0.5374632311953643
0.5197370804463985
0.4992422731317485
0.5553406649894528
0.5616684958917245
0.5626239783513102
0.5619296176676868
0.5562017758483929
0.5476588096956836
0.5274690089559454
0.5054980885891895
0.45987235402866244
0.4075792919103857
0.5679949779012734
0.5724786758215424
0.572343616399976
0.5709330772273585
0.5631597051400359
0.5529971885494399
0.5335404423454579
0.5058430619509752
0.45657531351479624
0.4004158236639031
0.5721298540003785
0.5751811373132898
0.5744451975888002
0.5720783533377264
0.5631186785820775
0.5518264734842999
0.5275581059818485
0.5016262313503198
0.4496175321371007
0.5720015710180539
0.5732465796708353
0.5681990670216959
0.5450591823474533
0.4915148226516617
0.43669811321536195
0.3761646030196226
0.5684647973727367
0.5677111484754385
0.565518497989433
0.5610694585023083
0.5492953779516698
0.5352117432926916
0.5080836753483392
0.47932934098729085
0.42274308355493
0.3611804528129472
0.5552971200115162
0.5524681386608978
0.5481543061778883
0.5439712161378644
0.5303471358651853
0.5149235436769797
0.48396169074080836
0.4554285423862836
0.41132233125241274
0.3974587959822919
0.3342168673945358
0.5408056554064402
0.5364705371384018
0.5318430117952221
0.5256087097094156
0.5105199144528678
0.4950035130760397
0.46416400675383096
0.43363280874698384
0.37433017077218383
0.31086282056684417
