0.6900342412472213
0.7050746323139246
0.6947585747186101
0.6578002498993222
0.6141783082469039
0.5756581650269211
0.5352606728950647
0.4989733529864234
0.4466745509497125
0.36997482476440613
0.7518447484748981
0.7743813526511724
0.7812367478256936
0.7818064498688865
0.7507329439449798
0.7020884178099722
0.6568005927646338
0.6086520396409805
0.5652473286361662
0.52218076650344
0.48057073124968225
0.4460620490523458
0.38002707786984063
0.8166253090742951
0.8267019165948144
0.8345201127488049
0.842786659637896
0.844315652481197
0.8311638114338957
0.7820349716493075
0.7312665782442452
0.6759744972926157
0.6257967111444721
0.575946808514367
0.5277922375050915
0.48788309238626193
0.3766117417582551
0.8752822859408154
0.8935864691030583
0.8975555112619832
0.9029088010358234
0.9038491218803416
0.9013737270510029
0.8610896092814684
0.8065745269953876
0.7443543214744848
0.6871683190683884
0.6301873123252858
0.5751330524234342
0.5295403209837608
0.48327855462749736
0.9560970663610611
0.9665217363693375
0.97408859830748
0.9812358228445168
0.9822088141782532
0.9713906972029764
0.9198580082779867
0.8492273074185384
0.7814658436164985
0.7131990757147514
0.6471011736724035
0.5924120932622169
0.5370246359841612
0.4882795658644943
1.0097194672912764
1.019953706736096
1.0273449605025307
1.033292424396899
1.0340002464943938
1.033076884821025
1.0005049341546774
0.9281262989647094
0.8531908990033272
0.7762977031880502
0.7015154083305691
0.6396351459582721
0.5770513248524856
0.5220582516253397
0.9760148898509081
0.8975627538463528
0.8154630897168069
0.735216399435686
0.6687723532714988
0.5427098297851026
1.070459423507615
1.0879241358048215
1.09105383558656
1.0877812022913944
1.0286671414303954
0.9478224953347569
0.8601341776038114
0.7736435871789425
0.7019116593743294
0.6294622597774263
0.5659220646431373
1.104303079310778
1.1197764829184202
1.1216415996396603
1.0888481006359132
1.0092392571911366
0.9156263400308329
0.8214883757345014
0.7430937041854422
0.6639195229913342
0.5945743103926324
0.5273489026676661
1.1283491666242957
1.1416462347657461
1.1432555951441619
1.1280070754687088
1.0582395905947504
0.9613269882965002
0.8611427566021735
0.7771764403278052
0.6923618392865782
0.6181087325645602
0.5462534253620077
1.1619394040282283
1.1627239691739797
1.1594138586826406
1.148402862330978
1.1088841941200707
1.075825225963951
1.0113989283970108
0.9051721295123447
0.8151065836837823
0.7239008712327775
0.6441067876546346
0.5670211377887541
1.168617131430637
1.1783137867283189
1.1752785063754667
1.153482543537486
1.061378024175326
0.9503315333875778
0.8541782661625418
0.7563523445411636
0.6707836800789669
0.5882313223783973
1.1915449553512132
1.1898059040472009
1.185978712725733
1.168467140896413
1.1583707427643706
1.1202413261151747
1.0700357211362657
1.0071248303918137
0.903969048290916
0.7978446966782872
0.7048194238017866
0.6150046059764223
1.1964722870057767
1.1940718865247613
1.1856312365009807
1.166548983902594
1.1401015240686565
1.1006134321664953
1.0601332970084687
0.9519911915225077
0.8381041129260771
0.7378014531023984
0.6410172095919259
0.6928213003001248
0.6895047474602235
0.7601102850247274
0.7690423569268555
0.7469978513695197
0.826814008925755
0.8232393686313223
0.8860089038131065
0.8565593044227731
0.9561571959516291
0.9585971026732237
0.9157796748025946
1.0106600369286347
0.9919380397911249
1.01619528501964
1.0318836493006303
1.0506916169575105
1.0657951380207777
1.0224079879778962
1.0815888310932575
1.0952570632999488
1.077361538303088
1.1136760696924923
1.11044700927292
1.0526329209251144
1.0992913290313997
1.1308251407752656
1.1474326121009788
1.1369317104692687
1.0567939962748518
1.1556244531760826
1.1111649449351124
1.1490174843867118
1.0555494853853065
0.6354733174344442
0.6488232631071562
0.6843171515584104
0.698425979287971
0.7068265977041049
0.756350147662604
0.7712606356786561
0.7795954693839389
0.7824925173791519
0.779575553908786
0.8287554203075034
0.8437647646831359
0.8515026947213207
0.8533213077395457
0.848332890274931
0.8253008334148975
0.8778198772721405
0.8924260045995206
0.8996273740888494
0.9008237035087943
0.9002782824040271
0.8980122469050871
0.8938930624159543
0.8817159062864828
0.8667141578126092
0.9231473874468681
0.9374930160763945
0.9434946106517196
0.9427478177755809
0.9396145329802437
0.934541863253166
0.9198920149156277
0.9035049990372729
0.8699745900016358
0.8359011353964938
0.7675055909645782
0.7358146955317844
0.6901025346383266
0.9735515454286239
0.9863702509972357
0.990743714923546
0.9903095046358289
0.9877877766665862
0.9824319798930994
0.9771342874422768
0.9593919666211425
0.9405329072593552
0.9079815439272607
0.8643467040116575
0.8338650910643262
0.7890738857653858
0.7529458956671772
0.703929747326138
1.0007041303808617
1.0121062312453473
1.0153965950643542
1.0110018453193705
1.0056943874492377
0.9981584823478675
0.9785801597230205
0.9579710156105842
0.9175572612464029
0.8764779294399391
0.843698255971771
0.7959221158902285
0.7589666204557656
0.7063151457952078
1.0286596388730158
1.037858242838077
1.039244805774327
1.032638227593956
1.017269207031639
0.9727569009821614
0.8850037930853731
0.7985807730861012
0.7035481243186621
1.0493181250244876
1.0520792212929297
1.0483666238334042
1.0364798470884646
1.0257995833962852
1.0022867936077813
0.9771040314477342
0.9314680937964568
0.8848344279159251
0.8544702888402671
0.794345222144011
0.7558585868331309
0.6960370875592786
1.0578464712849467
1.062525696552891
1.059699635646734
1.0481632724038419
1.037460587011765
1.0284319046007948
1.0021753896296752
0.9747422043822431
0.9222700296306475
0.8752436187972278
0.832957257993243
0.7803947979201015
0.7344965161175364
0.6767479704281106
1.0595757353684931
1.062079672761688
1.0572912813369848
1.0440525173012418
1.033494767383515
1.0208169707488897
0.9923455877746452
0.9648990761412477
0.9123389743185754
0.8609413465041825
0.8285198539399697
0.7623057043831134
0.7165195056320371
0.6561814293644347
0.6156050909228268
0.6297837669364164
0.6620042191080598
0.6769394414789198
0.6852870861020983
0.7301502005641481
0.7456123066834311
0.7536645635944211
0.7484815409433164
0.7979578349612805
0.8137773994607403
0.8188846242049497
0.820667389086436
0.8120720354077307
0.8438725960219478
0.8586865344291909
0.8629183563882222
0.8648653660658019
0.8619732874234561
0.8530895264600025
0.8298738403089116
0.8017020922352757
0.8856253094485375
0.9000576491823422
0.9037338028627271
0.9047903558256619
0.8997783392909098
0.8894783143664443
0.8625041934314839
0.8317346948059746
0.7661344504941594
0.6897109575433488
0.9314515820735864
0.9441068254953178
0.946975292788787
0.9467746333705094
0.939071773983748
0.9263338414169087
0.8997731920348833
0.860167881479221
0.7877017372986701
0.7035422291628415
0.9559899447339557
0.9668892621736686
0.9686624034717719
0.9677527626858674
0.9582907195468733
0.9438173115371306
0.9100333909163938
0.8723346244118947
0.7945824143920028
0.9801304711864475
0.9889702000187057
0.9871954062716579
0.9587890930247683
0.8809272203646552
0.7972785528873889
0.7031881094073903
0.9977398648364363
1.0001318835425714
0.9998379829125776
0.9962305020121498
0.9825011108320111
0.9635558630311576
0.9242324974429341
0.8808852924102466
0.7930979518638461
0.6956927053613867
1.002993846442796
1.0066438421149448
1.0039258221427003
0.9997956040892717
0.9831115000483014
0.9616908448900094
0.9156219241934526
0.871529348594704
0.8015713170079093
0.7792241607766106
0.6764317450249936
1.0021999415382565
1.0036790908925735
1.0001935708555996
0.9936675170667125
0.9743438637544612
0.952364761182089
0.9058234811885971
0.857401352886994
0.7612116358935681
0.6558898769480859
