1.0689285337922905
1.0994070860818004
1.1059121344858591
1.06710465208042
1.0172078073340576
0.9721973958949155
0.924648791454095
0.8818611301010634
0.8202830844975068
0.7307572492091431
1.1797455120113018
1.223600033025335
1.2399756190238007
1.2509318149888038
1.2243660575329116
1.1688931062165704
1.1148968664314673
1.056598426868728
1.0037027740506608
0.9510280790228095
0.900140192715123
0.8579620012833953
0.777654669923612
1.29922367028761
1.318801988196296
1.3348634820376928
1.354172298356991
1.3587038760361188
1.3604207508852704
1.3065858847465097
1.2454199942108877
1.1770239030096765
1.1142500728688753
1.0514744923174286
0.990624389689416
0.9400602581415954
0.7991573336585748
1.4098345503399963
1.447412968474592
1.4565721329034818
1.471565685384573
1.4774242275542901
1.4803539042128204
1.4422131790433268
1.3767467890114422
1.2984923717627135
1.2253136198501333
1.1516448153770455
1.0800264524711967
1.020378414633653
0.9596895446623177
1.5662759383511096
1.587974445223577
1.6050079801285453
1.6244370703272015
1.628621911169416
1.6299224327218382
1.5725368214618438
1.4827904723501777
1.393669242525672
1.3023923602968692
1.213073484997685
1.1384819159080917
1.0624556784046215
0.994922653910142
1.6730934308741947
1.6949388150410143
1.7122252006648764
1.730034430357595
1.7341932117223895
1.7383325973464103
1.710170353335557
1.6195571419836903
1.5196530157150232
1.4147215619535558
1.311217440629667
1.2246124507903713
1.1361792121007739
1.0575905411461697
1.701623097096546
1.5966320623842665
1.4834260988670247
1.3709193042377181
1.276587249453849
1.0945622710371334
1.7972576460959593
1.838768290277791
1.8540223977810297
1.8560508015270156
1.7909054288503399
1.682888324137656
1.5608196131862464
1.4379795235283992
1.334590340129108
1.2290280540895224
1.1351291353453934
1.8685167268328655
1.9065218386758835
1.9204992083586991
1.8913776801744664
1.7868385199524317
1.6555074901757134
1.5199761672043512
1.405251552833712
1.287823011402324
1.1834661183332058
1.0809284967752064
1.9203166719143856
1.9535702174655527
1.9665911067405377
1.9568474759275165
1.8684358275674737
1.7322968987671525
1.5866933870803772
1.4624641855413616
1.3351077542029084
1.2218879180415843
1.1107427400684136
1.9996306377912756
2.0091272681576817
2.009532471975716
1.9999748275191567
1.9512744684419767
1.9063160078367984
1.8149947625951528
1.6594822896408141
1.5247754979834485
1.386241507662296
1.263020683351013
1.142190205854941
2.010980748275607
2.0376377994356165
2.044175322263111
2.0220925371308174
1.896008453418678
1.732688625504051
1.5875794631743434
1.437478342257328
1.3038491459866275
1.1729441827413245
2.071691341565987
2.0750851984830305
2.0729857425015905
2.0539687508697693
2.041218516418554
1.9888102710323392
1.9162684523369287
1.8225943249974217
1.6655752622029472
1.500869898410792
1.3538816308574733
1.2099988276598825
2.0886149268621077
2.0897182475623484
2.0821764434643453
2.0582370976725888
2.0217438621288695
1.9642228175419265
1.9040653023184169
1.7386288096857594
1.56051851177357
1.400708990857563
1.2438955339253808
1.084544962966274
1.097432672878174
1.2058933616617151
1.2301653364051963
1.2181622101346763
1.3341774023352615
1.3471890027971716
1.454575336835818
1.4344523064686712
1.5844234988846793
1.607986113604257
1.5653961126435996
1.6997378229590296
1.6951862517922827
1.7020010978542
1.7622120425710561
1.774442156981972
1.8177300070986533
1.7797779945834964
1.84017789325346
1.880889722251163
1.8710514375406637
1.914830893224086
1.9258830480122968
1.858385972973625
1.934194838518951
1.9502466242474774
1.9952941830761657
1.9928469518725958
1.8877790357661992
2.025911720332085
1.9727200374406553
2.027557898609569
1.8959521017011
0.9985249311406401
1.0241385311578222
1.0885003084828768
1.1162801579272215
1.1351339102160483
1.2247147671905683
1.2552091263338727
1.2751534836166163
1.2871134372231283
1.2902405338545813
1.3660914343448813
1.3981989450915913
1.4182251236834755
1.4297405618684536
1.4305095739444342
1.4094012576179238
1.4646112359320966
1.496958466616253
1.5170625694468942
1.5244745673478421
1.5269254968490484
1.5278517486988528
1.5260722711929129
1.5152479515568695
1.498953616171191
1.5579591650722309
1.5909755721599708
1.6093232696488766
1.6176225922235599
1.6173644239773188
1.613978717274195
1.599508275847504
1.5806739979438005
1.5388307159217587
1.494251264474351
1.4019067532056275
1.3584832463132201
1.2951183342437556
1.6650319673222225
1.6958553381461052
1.7122476544761143
1.716206604976116
1.7172215619783464
1.7142389478793627
1.7095088904850624
1.6900410469710898
1.6668353741496869
1.6242824309698463
1.5648953128101295
1.522535183373939
1.459375619178756
1.4079511326842384
1.3373590775546507
1.7247154530344764
1.7535540660048208
1.7679968047011285
1.7702252782675014
1.7664091587254023
1.7590835396470401
1.7362813344923915
1.7097986065153024
1.655189570862464
1.597752712117874
1.5510590328750362
1.482187813558461
1.4282435581115227
1.3506679305281308
1.7882311166135827
1.8132807961280106
1.8246683040263534
1.8229397112859163
1.8070209534826718
1.7493419512169743
1.6246370850363843
1.497121743615424
1.3538025265183737
1.839591910037142
1.8557933485898412
1.8554989322176827
1.8441301830532697
1.8314926311338415
1.800555571795482
1.7657775673882923
1.700095819024121
1.6313259929150494
1.5859198729046742
1.4949150410301213
1.435975426130915
1.3436595286594284
1.8632976831240944
1.8795110121567764
1.8821816052480569
1.8712455710636624
1.858137045643135
1.8462814301292771
1.8097209594795238
1.770089266877474
1.6918556620445608
1.6200683746334332
1.555013070823325
1.4732392789919253
1.400978467794012
1.309180203328231
1.8741006161882312
1.8857814545317053
1.8844717798358412
1.8693839410366806
1.8554158494301822
1.8377938760752794
1.7966459254293392
1.7556453173260298
1.6752314240769992
1.5955896342599771
1.5449792587101088
1.439662778359352
1.366291035772404
1.2683605408484422
0.9752467081728289
1.0031079131351328
1.0618791090494455
1.0920357573862198
1.1124817256201147
1.1925365798007759
1.2251382320710005
1.246419410625319
1.2540753437920882
1.3268922756340047
1.36188466091459
1.375722833230015
1.382725362657327
1.3862458758849596
1.4206905232886393
1.4546293210563292
1.466659004650887
1.4751919424061717
1.4804678272026357
1.4747916775130134
1.4503858608130238
1.41641931438976
1.5081746795626108
1.5425798597806295
1.5540951472464624
1.5613440735307742
1.5636783842804656
1.5555273649659813
1.5252857532616828
1.4866129188009571
1.3993351393669413
1.2943624598955117
1.607475132189536
1.6396198454180788
1.6510183377705117
1.6552377763343307
1.6534716387538384
1.6411291461477726
1.609287542230909
1.5571662946919809
1.4567825689702865
1.3366065816372301
1.662520201132206
1.6915028117892263
1.700131524845678
1.7044931893114377
1.6996185764774094
1.6840788423476178
1.6413765221670702
1.5900679066378496
1.4796514757891412
1.7193702004795355
1.7447877325018217
1.752898192743553
1.7239252065814177
1.6170805370174888
1.494662738637886
1.3531070135623846
1.7649347723662214
1.7740871801263802
1.77845867982094
1.778310347642897
1.7647886705684184
1.7411635260441818
1.6868410573967374
1.624031134198554
1.4925729337647404
1.3430000949742664
1.781919728032467
1.797339840030592
1.7984067976717428
1.7950800459023968
1.7755002797324417
1.7465678378104632
1.6797921381439502
1.613288655535749
1.505710700579464
1.4710761872584341
1.3085882203773207
1.7874565549413437
1.7980773021055896
1.7964982989372626
1.7896835931983324
1.7646398231133562
1.7332957680269334
1.663561639702419
1.589219773956853
1.4376794863805804
1.2678290565441466
