0.6269830432904357
0.6414567857113138
0.634622289064102
0.6030918049719733
0.5653502812709875
0.5318742403038164
0.496693774804247
0.46505087787729504
0.4194224616805569
0.35258428950153115
0.6870514609098621
0.708634374003001
0.7155478649415885
0.7172140256517735
0.6912977272236916
0.6490807497506552
0.6094693974334773
0.5672175477350277
0.5290548045702377
0.4911448632091916
0.454504742180079
0.4241232356546599
0.3660650214041018
0.7503016469738071
0.7599894073785054
0.7676051616821455
0.7759250770695433
0.7775764458513915
0.7680683270422196
0.7255575030529061
0.6809559369072175
0.6321394646757453
0.587720830753296
0.5435214787317215
0.5007900955260329
0.46536275907088376
0.36666450349702995
0.8082225099338881
0.8261276730695809
0.8301327549750163
0.8358375112682791
0.8372151265705625
0.8357289534651122
0.8014706853506003
0.7534787756271892
0.6982620789582962
0.6473271078995886
0.5964661936440411
0.5472666052127859
0.5064865137621227
0.46508285430547874
0.8890605040199795
0.8993604523206655
0.9069843923064189
0.9145843209969519
0.9158017479841007
0.9079456741110209
0.8629515296030902
0.7999526199712327
0.7391204129926611
0.6776424859503732
0.6180010895660286
0.5685823509500735
0.5184695011904114
0.47432089772443164
0.9435038507018383
0.9537186506501084
0.961278142208351
0.9678444314350221
0.9688727837982855
0.9686883782593405
0.9411766733192387
0.8766356513830977
0.8090617306499818
0.7394145765174875
0.671505542783396
0.61521014436134
0.5581808710129315
0.5079913885350624
0.9232522469916373
0.8523697439771608
0.7777743263865382
0.7046431672058094
0.64396270726315
0.5284972314750758
1.0061403482376883
1.024222739415386
1.0284413019828536
1.0262871146045123
0.9745830448551597
0.9014544333224969
0.8215359493949954
0.7424209338685022
0.6766493346471685
0.6100852436360449
0.5515915214566218
1.0416893888256535
1.057951007927853
1.061131557266593
1.0333354127016618
0.9614767211858941
0.8759073624260818
0.7894405711177445
0.7172308211531729
0.6441424352388374
0.579977273604879
0.5176783969552338
1.067377871660826
1.0814893971516037
1.0844041730754432
1.0719901755194048
1.0093959055681165
0.9206836939479572
0.8283952856033228
0.7508109728776353
0.6722135443497643
0.6032553009431376
0.5363957951295957
1.1039938027605138
1.1058688264942136
1.1035259646433215
1.0942447820824137
1.0589727279256365
1.0288898479046058
0.9697603000912156
0.8716351627981483
0.7881149643543972
0.7033071124753083
0.6289199520968594
0.5569074268500803
1.1119129242308234
1.1226566029552911
1.1214624058359743
1.102692513679442
1.0187374145277273
0.915959449968739
0.8265209562877323
0.7352503648994824
0.6552038057205234
0.5777968829895206
1.1391441732710887
1.13842802873102
1.1354589227868228
1.1202469474173058
1.1112011184285724
1.0764225826236433
1.0300695875810084
0.9716673853454175
0.8754088774289989
0.7760234707418788
0.6886192440918015
0.604159087843257
1.1473296832021826
1.1458672893527209
1.1388434857089915
1.1218413131208205
1.0977319781639323
1.0611291189437393
1.0236357706201182
0.9225151977892249
0.8155287406053153
0.7209895938192923
0.6295382284714875
0.6307972514103557
0.6298112260989299
0.6961201399222446
0.705454937626393
0.6878414683231212
0.7618468098641519
0.7606996764665296
0.8213753128356108
0.797219777903198
0.8912783064506054
0.8958717207772898
0.8590864713542122
0.9474394642787849
0.9330283400030728
0.9529917599374014
0.971982033074249
0.9887328553618407
1.0052893319370688
0.9685788398050872
1.0213944613965806
1.0366327471353658
1.0222931177991723
1.0559687799144168
1.055079053397716
1.0039756763900676
1.0496862857772489
1.076161963883898
1.0945181821958079
1.0866512267785644
1.0142763928881502
1.1069150817530293
1.0675818624141098
1.1047537215995504
1.0191515109199571
0.5790340256438006
0.5917115532877564
0.6264878601773645
0.6400123153634305
0.6483275270747134
0.6972783629873373
0.7117773394124248
0.7202144052866927
0.7237107357930401
0.7218995643523208
0.769469229781592
0.7843161625979673
0.7923675382912475
0.7950455794805438
0.7914280827625993
0.7718705069767016
0.8190881028935949
0.8337274052607861
0.8414381121990895
0.843192099942232
0.8430712220492599
0.8414979837811131
0.8382184914247134
0.8279122470076649
0.8148492574354307
0.8655656005613558
0.8801656986834518
0.8868192966206015
0.8872452425117717
0.8849042939982293
0.8807396695807949
0.8681357447933808
0.8537192769692213
0.8238208165056724
0.7931849694623199
0.7313543657192288
0.7026336631117357
0.6611097182786463
0.9182130645672542
0.9315111457300362
0.9367918020759414
0.9369643947661542
0.9352402371204026
0.9309042684851372
0.9264027027966933
0.9108896790111337
0.8940778571296727
0.8647546534883477
0.8251579439316342
0.7973888069348302
0.7564224125133916
0.7234200134628832
0.6784741543691408
0.9472182627920211
0.9592972646446891
0.9635671219933379
0.9606319392418999
0.9562557364092816
0.9497766583291207
0.9324614312135605
0.9139608247189817
0.8772853367794792
0.8397732074194607
0.8097245393126086
0.7658401306545783
0.7318260960154722
0.6832729512274792
0.9778494428525805
0.9879667917012681
0.9905101677073893
0.9854687953307157
0.9721803890109751
0.9320814056474348
0.851573621166624
0.7717095125424843
0.6835276585878712
1.0014327376982335
1.0057083272794025
1.0029817160294003
0.9928784298244407
0.9834009980416872
0.9621826594648885
0.9392026263250159
0.8971937894433217
0.8540589451614837
0.8259113262411685
0.7699767294355756
0.7341181195772989
0.6783075016819233
1.0131660248834493
1.019113294483805
1.0174061125496607
1.007808919943512
0.9982796688878405
0.990185072602056
0.9661590415944186
0.9409279528244923
0.8922094366280154
0.8483469877830158
0.808815324739508
0.7595896297646697
0.71650459238314
0.6622233523251861
1.0180997812759214
1.0217924449977736
1.0183135668328887
1.0068016883497408
0.9973082631576298
0.9857639735599232
0.9595448514589712
0.9340639754298609
0.884846000589286
0.8368398445848808
0.8063978365129297
0.7440442040241324
0.7008743604795953
0.6438765919413458
0.561818968565798
0.5753520124153526
0.6070401217730533
0.6214473817323731
0.6298920182628273
0.6742301869868427
0.6893709051713105
0.6977405790835004
0.6947441476605032
0.7420965748642865
0.757870808877541
0.7632550061180499
0.7653839207894066
0.7593817067569757
0.7887440344290894
0.8037178140717185
0.808268451982112
0.8107130051172768
0.8091774425033482
0.8019018178125594
0.7817757320718532
0.7568446442766132
0.8317855280366345
0.8465976439854802
0.8507164492398922
0.8523717238293885
0.8489286448064399
0.8403050711970905
0.8166595869600032
0.7891813141369638
0.7300301535277747
0.6607290961261589
0.8799916717534575
0.8933489670326533
0.8968699055350807
0.8972443183756621
0.8913439184465797
0.8804017036450934
0.8568318278147676
0.821113317568467
0.7550878930590299
0.6780948179252838
0.9064148661389754
0.9181438217289339
0.9205627878417174
0.9204499940040884
0.9128635498122329
0.9002710768661576
0.8699907818854424
0.8357465605216303
0.7645317220816729
0.9333583075949625
0.9432039070082443
0.9430330628108109
0.9185074352057578
0.8475937021972375
0.7704321808942456
0.6831723463855799
0.953845294059919
0.9568420177467528
0.9572747712784865
0.9546489133825197
0.9429176594066129
0.9260026090316255
0.8901240438545337
0.850191713862616
0.7687496735054323
0.6779667375960794
0.9623353812695106
0.9673184022600267
0.9655988384031369
0.9622178150635551
0.9475227116074323
0.9281539790001588
0.8856888267321997
0.8446969068024002
0.7792845150058675
0.7584342608972391
0.6619096396964287
0.964513859306239
0.9673346402404027
0.9647328947869098
0.9591929956903252
0.9419177675603209
0.9217684497609105
0.878444947004358
0.8333545500112605
0.7429629643982746
0.6435871226943204
