0.633857505599815
0.6464606968529274
0.6332883986112712
0.5963684584202873
0.5534926099441517
0.5158116150087573
0.47637098848384524
0.4409815872267355
0.39000688679867657
0.3152197890209083
0.6888320910571574
0.7081018894816592
0.7134851898811836
0.7124145412381715
0.6804891607577583
0.632737089890558
0.5886748672336259
0.5420016050551477
0.5000141475909922
0.458416436856904
0.41826720193185324
0.38499714049727307
0.32137196689693215
0.7460122294863388
0.7546656701890709
0.7612473243856062
0.7678531832212084
0.7689289952469995
0.7534910829048035
0.7050093535427016
0.6557747669448809
0.6024604030227197
0.5542249880295412
0.5064101616910501
0.46030409457777977
0.42215353661896055
0.31602990835973227
0.7976744936445712
0.8131578063243422
0.8163647083993321
0.8203083211510709
0.8205348370874772
0.8172766131521707
0.7767171936015378
0.7238849831315527
0.6641367068284829
0.6094567786676127
0.5551297812075121
0.5027671674125559
0.4594995140009426
0.4156795806493556
0.8687193692114532
0.8775546225169394
0.8837938125676603
0.889227270757284
0.8897596899133952
0.8773391014141895
0.8268842583930676
0.7592855988184734
0.6948995693442692
0.6302939862728312
0.567944737874467
0.5165086444244563
0.464550063020025
0.41895908559312
0.9158348616587861
0.9244807209572549
0.930530548900583
0.9348958194065137
0.935145718125655
0.9335793411414819
0.9007140914047941
0.8313512094510705
0.7603718652383551
0.6879191094498394
0.6177260301226416
0.5598412199333962
0.5014639427356937
0.4503455946684872
0.8753281050143096
0.8010919580107703
0.7239018955596185
0.6487731345648825
0.5867886896278764
0.4697155251069756
0.9693387443583389
0.9837015918175122
0.9853370616543069
0.9814821120322168
0.9238947153139534
0.8474235476948193
0.7651441277139132
0.6843733001099351
0.6176396814107064
0.5504528248334788
0.49176348107470275
0.9994048336153663
1.0119732223550726
1.0124681970066396
0.9798080425151849
0.9043676838799217
0.8166836106228547
0.7289937018998902
0.6562643349098181
0.5830651960798102
0.5192011702324699
0.4575456659725345
1.0206918235866456
1.0316108941749635
1.0319814702025472
1.0164568436059254
0.9500932864965741
0.859386223505003
0.7662235379458563
0.6884772087239648
0.610216272924486
0.5419756680968265
0.47620671518846797
1.0499436587010826
1.0498414507668141
1.0462480686960205
1.0353625845711794
0.9977154237892201
0.9666408299649731
0.9064709028795698
0.8078240893272085
0.7245712702089119
0.6405655459652574
0.5673862995788731
0.49693020279377886
1.0571341536867862
1.0650233216836134
1.0612810364270275
1.040155298488621
0.9538102957977268
0.850794399975338
0.7620356392961152
0.6720894532833134
0.5937345843863647
0.5183420049859694
1.0779305468428948
1.0758310577603722
1.0720381086008903
1.0553136277754918
1.0458328160767973
1.0101487864941832
0.9634959930800856
0.9053014691924168
0.8102134357402475
0.712717847764218
0.6276241527861692
0.5458048929694952
1.083769276516117
1.0812931992085446
1.0732490276363889
1.055283549575896
1.0307125994583766
0.9939798871677606
0.9567318527816618
0.8571373221724526
0.7526111194371712
0.6609571097675204
0.572668068449073
0.6345331559330969
0.6285226570687075
0.6942914893800217
0.7008441764439556
0.6771220113544102
0.752449342644056
0.7463465873156517
0.8034209839827403
0.7726527794284936
0.8662783223964312
0.8658395316586295
0.8232346321558546
0.9134052282714025
0.8930300646198661
0.9199471059036647
0.9299413905735473
0.9501333826166839
0.9616931816655027
0.9182867614415707
0.9775094965467489
0.9879657646382132
0.969478733313496
1.0052771607058955
1.0006218976797374
0.9450490774133328
0.9890542019903344
1.0223946797528987
1.03603009758824
1.0251556622182079
0.949660431448945
1.0439763876783505
1.0021316620805771
1.0392314463456704
0.9525291106142681
0.5814431423116492
0.5928774869813246
0.6244686391221955
0.6364804823146085
0.6432643969079896
0.6876832692828212
0.7002708932592911
0.7068765869538507
0.7084189100037814
0.7045984991771213
0.7510024456717748
0.7635624880837304
0.7695465615190153
0.770003418061065
0.764223576409719
0.7410100105010896
0.7938698956852205
0.8060152212268619
0.8114424975395867
0.8118034898544296
0.8108594692103658
0.8081848347671404
0.8037969357250755
0.7915131236056684
0.7767900632221204
0.8334925373554317
0.8453410154663921
0.8497270333245744
0.847842698525625
0.8443853931033325
0.8391607796210275
0.8246420889359534
0.8087479313374859
0.7766366702633901
0.7442792241612731
0.6797471016192635
0.6499311299310419
0.6070584792765353
0.8777035326456962
0.8882422216796908
0.8911635797845242
0.8902275712714989
0.8873507537600808
0.8818017619101328
0.876542021232023
0.8592646406997008
0.8412186711643196
0.8103574465647625
0.7692804169127078
0.740700160426759
0.6987735410905866
0.6651299078170525
0.6195271388315912
0.9016825823269142
0.9109965263379586
0.9130079280924227
0.9079911265132345
0.9026351989258078
0.8952180504342918
0.876404986799581
0.856833360111905
0.8187809879076626
0.7803212694813798
0.7497501479574745
0.7052946034459364
0.6709991463182736
0.6222434714607864
0.9266459043659603
0.9341504566316092
0.934567435829404
0.9276243911579891
0.912728322808846
0.8706594633997652
0.7888352832797312
0.7088517566142614
0.621187582205878
0.9451778716518269
0.9467036706058584
0.9428383766122856
0.9312915170876144
0.9211204454612297
0.8989876202116713
0.875448627766595
0.8330176637036086
0.7898356630485668
0.7618021198178833
0.7063598660646057
0.6709654485328805
0.6160637847598645
0.954180499816793
0.9580379163519587
0.9547693718202687
0.9439245365121929
0.9338343776917171
0.9254298709398061
0.9009348767308382
0.8755740241321969
0.8271377322343253
0.7837933966852103
0.7449588137596261
0.6967442272694683
0.6547331792476597
0.6019771913904266
0.9572354061123515
0.9592103339315384
0.9545568548113973
0.942147662859847
0.9323385573111203
0.9206086435544474
0.8943047828574872
0.8689861226909995
0.8206975630706727
0.7735479837878884
0.743812818272504
0.6832337666964582
0.641480508345892
0.5864817121507667
0.5619682603595307
0.574011143595233
0.6026992736600649
0.6153053148210429
0.6217889276325168
0.6623052929137866
0.6752226944147963
0.6813141295618943
0.6742295392669228
0.7214287193677182
0.734515715453225
0.7383847347396013
0.7394347980120999
0.7291945672863765
0.7614029931653866
0.7735788307544378
0.776750709651458
0.7778165356479526
0.7738702206985042
0.7646325694669786
0.7417684303447183
0.7146001718391024
0.7978143427077906
0.8095925167497902
0.8122572011592497
0.8125389898869888
0.8066699244544527
0.7962292849764896
0.7699855930582191
0.7405778751197026
0.6785343355492544
0.6067139643351699
0.8379333069958218
0.8481796780998115
0.8500222303862294
0.8493428119369398
0.8410817970800475
0.8285186815137925
0.803035206148807
0.765558274635689
0.6975554955347597
0.6191843912738715
0.8596003541060246
0.8683655080687966
0.8693870206930912
0.8679473237206198
0.8582137450156267
0.8441542836000384
0.8120507941387182
0.776620044838526
0.7041007952823239
0.881264855528658
0.888275847024957
0.8856452739376374
0.8580956676420985
0.7851744458283676
0.7076836609823685
0.620864791615308
0.8970513847282015
0.8988752283706499
0.8981556008060864
0.8943932695921143
0.8811098284400608
0.8632102959357059
0.8264838892465761
0.7862702626400232
0.7052335703772358
0.6157523762060424
0.903298186800601
0.9061175009222425
0.903332008742591
0.8993246521273712
0.8835724619151821
0.8636843189562452
0.8210780259395185
0.7804049759879904
0.7161132719384187
0.6956735138044042
0.6016865159155333
0.9040804681197662
0.90514317366066
0.901805225768858
0.8957108126118607
0.8777850356188881
0.8574752636710061
0.8147058061960795
0.770286566716579
0.6822210359433413
0.5862095922030041
