0.6890087217277772
0.7049473243089106
0.6972237412589076
0.6625104748306944
0.6213318758299176
0.5851198960428976
0.5474078260096196
0.5138391153755643
0.4661398151886218
0.39827342293091145
0.7461524855692062
0.7694122306446279
0.7767648264799675
0.7782940916565372
0.7495918675841486
0.70358321401464
0.660760613737635
0.615452759311015
0.5748870876584984
0.5349719132599982
0.4967998040335307
0.46550321236237585
0.40693859160177176
0.8060229818131879
0.8162526077265421
0.8242499176707133
0.8328730065552008
0.8345358222132498
0.8232581604754066
0.7768257341766576
0.7286566536342405
0.6763230545670362
0.6290977468640495
0.5824767350279606
0.5377920969979427
0.5010762031345047
0.4010898168763398
0.8586160655872745
0.8769689932063846
0.8809971331065565
0.8865544198663687
0.887711252434327
0.8856281568309068
0.8476910346701515
0.7958245898825167
0.7367049910837205
0.6825726129910097
0.6289215037065854
0.5773844524283404
0.5349780027744196
0.49229896062577083
0.9280733021776036
0.938173322225136
0.9455166921258941
0.9524893770833344
0.9534530306669332
0.9432401498607392
0.8939681003648235
0.8265268395006554
0.7620218420901814
0.6972900155537134
0.634862155016225
0.583424550518051
0.5316133535205417
0.4862869580065592
0.9713895057065911
0.9810247659119249
0.9879412335071401
0.9933953197689307
0.993997688470703
0.9929872972390059
0.9613452707288267
0.8918946973428467
0.8203466969196075
0.7472056069492414
0.6763024701151956
0.6178213571856335
0.5589247594291906
0.5073980157622144
0.9306064607200931
0.8555457160451121
0.7773488770001823
0.7011588080068449
0.638227244121069
0.5195343468676137
1.0163976345234955
1.0317142922666533
1.0338065215247387
1.0301669057706504
0.9721965519021547
0.8945983944091199
0.8109754407448578
0.728794191825194
0.6607813418145868
0.5923918380587881
0.5325947643663073
1.0384827169943924
1.0512895678094374
1.0516310576417673
1.0181491418099415
0.9410808851927052
0.8517646518187441
0.7621691391818229
0.6878439025012092
0.6131068140674724
0.5478212895506294
0.4847229785764799
1.0520953632465133
1.0624314546003883
1.062157316771265
1.0455629213333717
0.9770776278632195
0.8842487355935469
0.7890154707445668
0.7094913769536851
0.6294889660734897
0.5596660071926038
0.49228773071304727
1.0698243676827899
1.068715258845759
1.0644314046507406
1.0525164557335023
1.0129555334754223
0.9808113790734391
0.9189697696809592
0.8179570379553222
0.7327563166531195
0.6469251665944854
0.5720611083392101
0.49997253686491616
1.0666076425013704
1.0722851155469266
1.0662838987333427
1.0427224359559135
0.952527609334149
0.8467326589959719
0.7559170218052644
0.6641243475741283
0.584109081153067
0.5071891802815222
1.066868023974336
1.0627898256561281
1.0577735695953738
1.038450290807612
1.0280143618847923
0.990048288016418
0.941424072657976
0.8815265106653231
0.7842312787824757
0.6850180112894291
0.5984866202083693
0.5155084224846072
1.052920652724231
1.0483655274693793
1.037543737628904
1.0168133639251804
0.989962447628251
0.9511252070188927
0.9123692799412395
0.8102165860374336
0.7042232503193349
0.6115168129936225
0.522625471764655
0.6930820289795934
0.6919008207256857
0.7556021244752048
0.7654970227945261
0.7458382522697251
0.8174715798039861
0.8153808697597914
0.8705264602128251
0.8432358925901411
0.9283159322231215
0.930904958679755
0.8900414793020115
0.9717100049785357
0.9532350244241853
0.9718040884633221
0.9849099858356607
0.9971599561632339
1.0098171737071826
0.9664414733463084
1.016470783573446
1.0268795812201172
1.0077638999298089
1.0356806014009639
1.0299160731790806
0.9721345971416643
1.0046441972184499
1.0326251776760043
1.0424190825740693
1.0286359264662512
0.9486996855020347
1.0301327159749138
0.9826640398022132
1.002906766234497
0.9088486501889234
0.6357070874515653
0.6497321348855423
0.6817624392674176
0.6964670440142393
0.705477499375347
0.7480090737631807
0.7632988889369736
0.7720660899414401
0.7755330623378375
0.7733102846601279
0.8118930775826713
0.8268796472175192
0.8347698700335879
0.8369444467206166
0.832500320573067
0.8109189878467814
0.8529327450997812
0.8671503015882603
0.8741888802378005
0.8754308429234716
0.8749524577844907
0.8728282908397255
0.8689535397532109
0.8573843838128254
0.8431152952414824
0.8884563741168826
0.9018933909095568
0.9074003141670415
0.906441423507912
0.9033756066097443
0.8984412647884692
0.8842877547790516
0.8685547530764895
0.8364680453890758
0.803967693127143
0.7388845235352844
0.7088090262264441
0.6654994274523514
0.9238414553669362
0.9350159053908109
0.9382981499965466
0.9375015690578234
0.9346914131638457
0.9292130883316949
0.9239291819698475
0.9065112763846132
0.8882318526732151
0.8569208341397965
0.8151745360162717
0.7861025478784407
0.7434633076728036
0.7092012224667626
0.6627432768848515
0.9397687904057261
0.9489754299737483
0.9508601071425543
0.9455235257118738
0.939959988435063
0.9323316232664783
0.913028203264612
0.8929078927271372
0.8539799534397445
0.8146479294335288
0.7834420572718542
0.7380149449253727
0.7029840358771441
0.653134752868213
0.951727038639307
0.9581238735882511
0.9575187906036579
0.9495487916861861
0.9335533147001115
0.8896911559952253
0.8054774858200844
0.7234724087646314
0.6337535516771716
0.9569990329281605
0.9562361737566725
0.9512763228281692
0.9381849510419779
0.9271633742234778
0.9036477069070467
0.8790759052410013
0.8351390545742804
0.7906536654153257
0.7618343970658574
0.7050873344631922
0.6688065251723503
0.6127067789021705
0.9455417762575277
0.9461109270437273
0.9401334158417011
0.9266759343396906
0.915243751995681
0.9059736548063165
0.879672283981679
0.8528935961161256
0.80258310441078
0.7579950737382218
0.718267718495853
0.669046566545729
0.6262279782011706
0.5725821109195759
0.9302172798727824
0.9279663263571348
0.9199119987710852
0.9043473115158737
0.8929630370600089
0.8797883110798193
0.8514091709719755
0.8247241730576629
0.7743588645881535
0.7261794791210375
0.6959906832499098
0.6343298894174961
0.5920236367476827
0.5365831677461205
0.6166570245943722
0.6316564224088106
0.6603789896166286
0.6760446848787487
0.6852271387736499
0.7229125518135969
0.7388539916659904
0.7475274978388329
0.7438269729899027
0.782404624189438
0.7982702341395226
0.8035118626163669
0.8054432029284637
0.7979798838838786
0.8204573134522462
0.8348868154313834
0.839030423258334
0.841004333280465
0.8383852090801657
0.8300101998685073
0.8079571179376235
0.781196137532911
0.8526095424838239
0.8660631489340049
0.8694546851643007
0.8703312171845111
0.8653077653335417
0.8553326348279623
0.8294425559239447
0.8000582068855937
0.737604659385392
0.6651366540849885
0.8836669814284768
0.8945263410988705
0.8966456499350921
0.8960688004407786
0.8879107087190794
0.8752642271633301
0.849452552530036
0.8113922177096026
0.7422342060698606
0.6624014184624603
0.8972369841164355
0.9058076245654592
0.9066685146200063
0.905041491421004
0.8948788904516116
0.8802894902178944
0.8473132228228697
0.8110000660929054
0.7368529441206716
0.9057570824407685
0.9114565628513601
0.9074371044305563
0.8776776476242226
0.80203528927546
0.7223969279065541
0.6334658420378263
0.9083144479529539
0.9088443865716115
0.9071868006680247
0.9022288072274119
0.8870593791257041
0.8677942380826756
0.8291829374767953
0.7874437197275873
0.7041027024558625
0.6124466468799997
0.894174111875843
0.8931601775997079
0.8883419897431777
0.8830327776637588
0.8645445234910418
0.8426295456352156
0.7974475137070578
0.7551758360397561
0.6890512146793195
0.6681953200095123
0.5723673078354914
0.8769199407530627
0.8731098232308432
0.8673377241895257
0.8590204738669523
0.8378004570751917
0.8153559829148103
0.7695965934713564
0.7236527110544226
0.6335931974047887
0.5364043260217517
