1.2234258908530247
1.2556557591099675
1.2547319227936644
1.2034351076969247
1.1397663591790306
1.0828630309620633
1.0230145016517005
0.9692922393834086
0.8922136800034266
0.7807884695679579
1.346677523420227
1.3936525338105923
1.4102768118172717
1.419050324797695
1.3804026635086555
1.30926828581784
1.241226705170942
1.1683063348241514
1.1024279109685182
1.0370555780142867
0.9740685119295351
0.9220407867352322
0.8235509786623286
1.478158833864945
1.4991826636589687
1.5161428618603285
1.5358675617277673
1.5402546243444863
1.5337645733385126
1.4633465383562565
1.3863227354714973
1.3011671445597714
1.223468619941771
1.14607585872494
1.0713504628013053
1.0094868955539409
0.8385614297195034
1.599181657067875
1.6389204105905684
1.6483097003249645
1.662981681402751
1.6680308595987605
1.6687826551723515
1.6154249298269614
1.5326068574445166
1.435486065499382
1.3453709823237563
1.2551239884400747
1.1677604205821328
1.095323379552032
1.0219235341941402
1.768923772171188
1.791803694703496
1.8093768808191477
1.8285047367793927
1.8322740884384585
1.8266049691073674
1.7513676326263103
1.639936693358158
1.5308201418052847
1.4198804235160989
1.3119095113178019
1.2221975827298415
1.1311862726109028
1.050819663118316
1.8836818927268015
1.9065377037816316
1.9241770154518387
1.9413123977568187
1.9448794756249554
1.9474157793879074
1.9057641104656966
1.7922127790279094
1.6701783280377855
1.5432298682152483
1.4188205391592923
1.3152523207989062
1.210143216307553
1.1172694949529607
1.8839042765514142
1.7555952129016954
1.6189370625561368
1.4841165584297304
1.3716917572575746
1.1567306037356702
2.015648810698568
2.0577457657709113
2.071084118368643
2.070471582644811
1.9839233590542633
1.851562688775407
1.7044667109662979
1.5577062260546894
1.4349850960382156
1.3103758645938695
1.2002715162008373
2.090367570800081
2.1284938843578325
2.139991633172818
2.0969195833306564
1.9676003614093072
1.809479789057865
1.6480496773841544
1.5123755825526413
1.374371759029169
1.2525083038126186
1.1335841733262821
2.144040493994881
2.1771649067355257
2.187700494611969
2.170324306428964
2.059080355269646
1.8949535604454992
1.7218568380056902
1.5753357876604885
1.4260913429743505
1.2943211470773033
1.1656577167466144
2.2236848737469206
2.2310485571718512
2.2290008118153577
2.214518184346325
2.152326046014011
2.0972483382661995
1.987348175333681
1.8026940648859966
1.6442113900161803
1.4823157373429243
1.3393793109882175
1.2001725782121215
2.235625664080857
2.261247286591007
2.263700976003345
2.2325928972947877
2.0782479379461316
1.8843456022314735
1.7139614953256477
1.5390079348803
1.384423137570886
1.2340597608609472
2.29297959070223
2.293919869263645
2.2898439441857876
2.2635660625956078
2.247311840354084
2.1830251209854437
2.0960484260464636
1.9851344242900524
1.8010594039373131
1.6095971074767192
1.4402750333863592
1.275338005254514
2.306009083776178
2.3048299305908104
2.2931817255783695
2.262321051507103
2.217449533633411
2.1484690539560014
2.0770481938995045
1.8831428408847712
1.6764978079021842
1.49234492715081
1.3135504431807838
1.237086436301327
1.2451417579770208
1.3716433223558648
1.3955728830501832
1.3734338437930154
1.5110356050218252
1.5189023984897518
1.6398305758372278
1.6067668061118945
1.7827259574788918
1.80207852070956
1.7434465628099212
1.9043230149456214
1.8891246692056565
1.9097312088709015
1.9647277387397186
1.985954765566064
2.027841016505968
1.9716337518728273
2.0545989727733454
2.09362976661834
2.074435801629683
2.1302129954523505
2.1360383066185897
2.048025230334672
2.133505059130244
2.1660867755230755
2.2094463119781604
2.200303709205287
2.069228315313396
2.23495881337517
2.165338859600523
2.228499506006882
2.06816968471639
1.1374744163775417
1.1649795654230772
1.2364285379623845
1.266084562207421
1.285529139519951
1.3851716823251634
1.4174292300354046
1.4376964358852946
1.4486040810467125
1.4492820174228414
1.538087901765436
1.571670740467821
1.5916287123230455
1.6015297444938943
1.5991038950242495
1.5690892186746548
1.6436785372143292
1.6771213809660426
1.6968720656736416
1.7032270990935257
1.7047475434145236
1.7040626414235867
1.7001088399897955
1.6844892303206371
1.6629190772967226
1.7427880601603425
1.7766301625888454
1.7941923463339855
1.799948013147457
1.7977994786108107
1.7920743503151562
1.772007247629659
1.7475823290538886
1.6951101249199234
1.6402671555529065
1.5281158155743844
1.475712082617917
1.3996259376530515
1.8550036046974443
1.88614843243395
1.9011348337542124
1.9037866428274066
1.9029008496094058
1.8972262246831768
1.8902676228589566
1.8643788375449193
1.83497970683618
1.7824026842310092
1.7102156322259345
1.6591663644201162
1.583418398280838
1.5221520650400766
1.4383454509365299
1.9165433807590782
1.945225661409058
1.957971919197693
1.9566820565739518
1.9503754670243958
1.940013381339212
1.9103024196227267
1.877296000462024
1.810557676931741
1.7413437780934538
1.6854905720772357
1.6035276178323978
1.53967271743366
1.4482000171909775
1.9807415525979442
2.005105542329192
2.014226985361725
2.0083262200982577
1.986415321055869
1.9144117080975638
1.7646721464109025
1.6139837278644507
1.4461269238147525
2.0308580279309365
2.044185375649355
2.0411862041141804
2.024871697184074
2.0082223682372455
1.9698475702262652
1.9274783911156155
1.8488296513403697
1.7673460214532315
1.7138636644371517
1.6072076878734933
1.5384752389672431
1.4312441522796608
2.0514922555746873
2.065885689014497
2.065349042094863
2.049290140895585
2.032377886573784
2.0175033654352634
1.9728424545564092
1.9253231620566957
1.8327434929475954
1.7485539492661712
1.6727597204257079
1.5778207176443513
1.4943205395038162
1.3887832127638946
2.0579303163503218
2.0673971656524173
2.0626220062634633
2.042159769322583
2.0245427323706844
2.00291502841128
1.9533337715621988
1.904722555721369
1.810239900038532
1.7175659936453895
1.6588509458561247
1.5374681286461858
1.453296914925983
1.341745173473697
1.10799697154663
1.137726024587465
1.2028726863678225
1.2348514094425427
1.2555009077655572
1.3449192644625845
1.3791322358143399
1.4002589291173588
1.4031045447096873
1.4895482840942589
1.5258344161312676
1.539487751788867
1.5459121253558437
1.5434235144928383
1.589509009793061
1.6243572036375626
1.6360893638248253
1.6437569844078648
1.6459867321533554
1.6362297988912506
1.6034828544916664
1.560459039982127
1.6818442240613494
1.7167605847260285
1.7277379197025744
1.7338551460532599
1.7324693662220074
1.719882669366986
1.680253665907126
1.631920763337937
1.525327502758467
1.3988142709152767
1.7851614627827244
1.81719566930022
1.8274769712286578
1.830448564501923
1.8241694356225016
1.8067763388756768
1.766001670321128
1.7018017940300585
1.580618050311239
1.437540852482296
1.841448500971394
1.8698847185263994
1.8773799216376064
1.8799625438670708
1.870072506006526
1.8491346973298923
1.795492752988891
1.7329963305103178
1.6007946290462214
1.898155313593457
1.9223513043034957
1.9270102512674576
1.8866438014213687
1.756481955470147
1.6113403412334173
1.4453870680454959
1.9418022662086447
1.9499014576722884
1.9527757128094534
1.9499542949790667
1.9307383159806497
1.9006275514455457
1.8344269728408242
1.7594509991831282
1.6046939070759618
1.4305438288368955
1.955167360294002
1.9682308509702027
1.9669030888082966
1.9614725110026963
1.9354833798399222
1.8997031229048649
1.8196579782457314
1.7412279062960703
1.6158775046739358
1.5755024059937905
1.3881555793559301
1.9560837678101297
1.9640068706270206
1.9600441731462563
1.9502877434660149
1.9184205835506014
1.8803912981797541
1.797626562568786
1.7106863091081117
1.5353436470712787
1.3411817578044944
