1.0183923140604445
1.043049203864572
1.0350258690031922
0.9863629297547273
0.9279210580358149
0.8764537826097053
0.8229022782998388
0.7754263322038057
0.7086328424376044
0.6168139893866306
1.1152983494521398
1.151653633773924
1.1636345596049265
1.167600880128335
1.1281115435688562
1.0623338867479266
1.0007417899940219
0.9355771144373711
0.877406998595763
0.820495465641521
0.7666370876700056
0.7231191458092928
0.6445821467783014
1.2169458257055787
1.2331674951008016
1.2460075217449087
1.2602477518586082
1.263165000371309
1.2500327919634249
1.1836065458089304
1.113700340189422
1.0376356941151885
0.9690853460919422
0.9017255714000936
0.8377164288304949
0.7857427208225009
0.650423083208346
1.308555144267213
1.338455330963291
1.345210217443478
1.3550308852581017
1.3576322690498552
1.3557807190631967
1.3023868227520812
1.2266701822828912
1.1398493038113922
1.060413076087717
0.9818842595779861
0.9069920098128403
0.8459795614035346
0.7854158033321739
1.4331084404285563
1.4500080827956432
1.462581325556298
1.4752162473840211
1.4772964542072953
1.465346989376491
1.3937636912794371
1.2935948039501748
1.1974223800564452
1.1009794497030145
1.008410576449538
0.9326689094235077
0.8571171469423642
0.7918910080713489
1.5137644229116036
1.530241614768893
1.5424261950420335
1.5530245469515116
1.5546700404071854
1.554336935770636
1.510071307091998
1.4065857187141901
1.2988525358088536
1.188639799662188
1.0819780779270725
0.9944920454020731
0.9070738430507016
0.8313304433716896
1.4739277531476522
1.3603682060359772
1.24166624576487
1.1262324509469315
1.0312990827404305
0.8539665877652972
1.6014126082968967
1.6293727565080702
1.6353998372870162
1.631451940513321
1.5467226516457222
1.4288710656305008
1.3010583063286043
1.1755058544227104
1.071959849934923
0.9682967891550237
0.8782753848808859
1.6472568832830792
1.6714925290561824
1.675098093168082
1.62779217235554
1.5107711668662764
1.373113233763336
1.2351421989516755
1.1207728204932819
1.0061400207958797
0.9065324811075659
0.8111422041952316
1.6776164562962996
1.6977924376170943
1.7004271152901795
1.677979458466043
1.574498562344066
1.4309992613431919
1.2831727211915565
1.1598338901647438
1.0360398848559604
0.9284521055781075
0.8254351939435276
1.7191809666233329
1.7199535597004738
1.7147508410714887
1.6979479522041474
1.6384760000241108
1.5889866527828411
1.4930608974455386
1.3350560567921486
1.2018952348963505
1.0678655784699498
0.9513700750309678
0.8399111336318414
1.7193139248980316
1.7322266567256637
1.7262559889790745
1.6922027050147572
1.553060237965297
1.386699138485587
1.2436669773662035
1.0992292935637782
0.9735949028845559
0.8535079288952214
1.7344750154912687
1.7301052809700095
1.72335277598455
1.6950215345470796
1.6791987682245852
1.6204344973284917
1.5440942055608773
1.4493082721505324
1.294902323454003
1.1373792891495051
1.000110797910931
0.8691077865134967
1.7215376167044647
1.7158099681449732
1.7006716416194785
1.6692871673323324
1.6276963213162703
1.5665967287953522
1.5050804146282546
1.3420602176610292
1.1724531700162748
1.0240443702016326
0.8825802079015704
1.0261062189052446
1.027084978133264
1.1316517199401457
1.1482222050892263
1.122399702995762
1.2377267926935445
1.237894580567127
1.3322322673025457
1.2954029642269909
1.4373798432423228
1.445700192567998
1.387475756830093
1.5200583121774458
1.4969453591117825
1.5233051852605906
1.552793348741951
1.5729035689892914
1.598107367094295
1.5372329308759294
1.614023508394515
1.6358908871222184
1.6105467926588224
1.6563280017893345
1.651848832941157
1.5661938198888086
1.6244400785274968
1.6637079369325476
1.6858685623599867
1.668301149195997
1.5465182029078701
1.6785946626840438
1.6077534478229132
1.6453031086167114
1.4989649152027622
0.9415751594009419
0.9630628145635223
1.018744107766728
1.0415943645739378
1.0560152986268594
1.1321995279923898
1.156709727297807
1.1713041920970635
1.1779217995025726
1.1759169394597362
1.2452912145656925
1.2701366273440466
1.2838946082200955
1.289038616405744
1.283951599978715
1.2537635773885139
1.320497332786703
1.3447128984170236
1.3577288608810039
1.3607653892254359
1.3607569318722754
1.358477234030616
1.353460022203509
1.3373400146779426
1.316764316452013
1.3880630158659462
1.411689203608549
1.4224959323389719
1.4233319570189422
1.4195754927402058
1.4129430959083886
1.3928325367960168
1.3698434330552955
1.322245282148756
1.2735964748040216
1.1758208704007316
1.1307064928531363
1.065749076464846
1.45933743276332
1.4799364331927602
1.4877333521767413
1.4877047076312562
1.484591244949345
1.4773409001218016
1.4698991294018493
1.444649431483481
1.4174669290550357
1.3703084011365834
1.3069506741680772
1.262706276611229
1.1976974293082725
1.1455497203177447
1.0748483268932936
1.4945794057795165
1.5124272641004084
1.5180166422479073
1.512136842365293
1.5045946389281248
1.4937312452134475
1.4652668372184534
1.4350274753302028
1.3757818454972004
1.315544826328429
1.2675762002999664
1.1977871320167197
1.1438915053601
1.0673655933559367
1.525895279517071
1.5395030687517526
1.5413959346583486
1.531380016464898
1.5082974930682407
1.4419537902005326
1.3118620385803283
1.1844450715589478
1.045131992904594
1.5453856494996427
1.5480917548467164
1.5419275167428925
1.523388464148586
1.5070032114998095
1.4713611667583293
1.4335296896267735
1.365189906982409
1.2957124829332283
1.2505852472902952
1.1616022734769014
1.1047953915754531
1.0170101851097675
1.537915464743912
1.5420188198645528
1.5351304124942045
1.5160540928953627
1.4989764703806279
1.4848761711592906
1.4442438386602554
1.4024814477353604
1.3232620230908354
1.252616049614876
1.1897737683503629
1.1118681605440164
1.0439797967849125
0.9591269484724076
1.5214702588491984
1.5211139344867035
1.5106706628614828
1.4877552224345953
1.4705596795479152
1.450309750682292
1.4059726515472446
1.3638158595296062
1.2839777796426748
1.20709691180347
1.158586411362658
1.0605477469337807
0.9930375329051832
0.904804818846772
0.9144231201231581
0.9375132774256506
0.9878780477783198
1.012453339233449
1.0273925012832121
1.0955499144020808
1.1213147479944794
1.1360796230463774
1.133369551119808
1.2015366004875008
1.2281161997131962
1.2374064352307188
1.2412556237707815
1.2332727423952343
1.2718946996902492
1.296728599775563
1.3044167067464674
1.308712113205981
1.3068130573310617
1.2957011379413996
1.2642034786723806
1.2250101752298903
1.3338379590909104
1.3578818613019514
1.3645449737476958
1.367294128053684
1.3619444163326824
1.3482834960909191
1.3107471290412804
1.267174437339657
1.1737012819860502
1.0651414276758846
1.3978271203104922
1.418373367165018
1.42358768424896
1.423876812173685
1.4138512217073715
1.395950750546824
1.3578750071700194
1.3006250183236632
1.1956237589514092
1.0742643818044866
1.4288692521492203
1.4459918362548791
1.4490908087489296
1.4481815815258707
1.4349033467550032
1.4138706602527804
1.3645587092609994
1.3093899395451063
1.195804371240194
1.4542905538108906
1.467153997726419
1.464167034431706
1.4215593596762306
1.3059682036766087
1.1825855082286316
1.0446276069055438
1.4687855150930134
1.4716310871116756
1.470609847316303
1.464499914116171
1.4430321347317998
1.4142069519476062
1.354944637528221
1.2901657037554444
1.1598836404607238
1.016549505397945
1.4561906145114247
1.4583628093459957
1.4526149539368312
1.4453021610394754
1.4180813424226264
1.384688428852158
1.3143181601006724
1.247684558446595
1.1433343362857271
1.1103606142660583
0.9587412321971426
1.436242314932694
1.4335913890119563
1.4260645645153076
1.4142028114487526
1.38225373904656
1.347431663997246
1.275619504670871
1.2026403081546835
1.0592341926310864
0.9044807137909787
