0.7910959998693466
0.8086193656026426
0.7976340398891493
0.7557243243585346
0.7059163609012324
0.6617484531159408
0.6152964450277553
0.5734829111119789
0.5131757071191991
0.42519141066038074
0.8710675676940698
0.8976400436077724
0.9058438498438158
0.9069009675199582
0.8714526449476029
0.8152565005706697
0.7627181806437164
0.7067083155384066
0.656126141058759
0.6058935336022816
0.5574124948208685
0.5173186049024903
0.4412461348514061
0.954507789626855
0.9665357049439535
0.9759068327843609
0.9859018400766018
0.987794239556686
0.9731245332109473
0.915882395236995
0.856401853074933
0.7914455473119724
0.7324018763636738
0.6737015717559428
0.6170567820398623
0.5702299714562312
0.4412507408221876
1.0313455925878996
1.0535255902024196
1.05837636780249
1.065028690773446
1.0663105375974202
1.0636490203641331
1.0164855228179404
0.9520466177246284
0.8782508400353677
0.8103623129987861
0.7426549526560442
0.6773028224020355
0.6233059643832455
0.5687056070021084
1.1388964740162268
1.1517618239588643
1.161149260029592
1.1701459121599456
1.1714331120600503
1.159060047062472
1.0975496845081507
1.01274677271931
0.9312371755101267
0.8490769029853672
0.7696049158177181
0.7039824443722111
0.6377119736391856
0.5796773091779087
1.2115417672240403
1.2242915608604226
1.2335676754633882
1.2412371730153684
1.2422245198577804
1.2413311237255455
1.2024520027392467
1.114871457374338
1.0239403897839339
0.9305779609844624
0.8398628014295096
0.7649427056674023
0.6893638133559102
0.6232403287178401
1.177265856154837
1.0815893118295825
0.9813950685117245
0.8835500948359203
0.8026853975078204
0.6498790547045274
1.2951707571608022
1.317470722618029
1.3218254502156246
1.3181000553752282
1.2462512066286946
1.1471528608849955
1.039550840906244
0.9335080820834701
0.8457206050381791
0.7572560430555675
0.6799751069209269
1.3427153877006532
1.3626482217540903
1.3655039943922054
1.3257744371509137
1.227664352870736
1.1120722613008898
0.9959054991835835
0.8993370160674218
0.8020278253715855
0.7171033451251589
0.6352400886518034
1.3769988507762296
1.394254218452629
1.3968003951758086
1.378433986800095
1.2922433224053482
1.1720409648360592
1.0477795913941925
0.9438552454078282
0.8390614632846068
0.7476632305816672
0.6596765677054242
1.4243113415602673
1.4257325765193933
1.4218353525714762
1.4083763055614962
1.3594383134703762
1.3182800300040343
1.2380006187917703
1.105558229911771
0.993479188268711
0.8802071741187015
0.781484305798352
0.6865666618159353
1.436387490195907
1.4492085007899624
1.446076398719932
1.4192067397486543
1.3040711967775034
1.1649907723390727
1.0447335500710064
0.9226699214505059
0.816244323309173
0.7140685680269321
1.4711227206865216
1.4692531854879354
1.4646359660856763
1.4429543046791529
1.43046707052601
1.3824138987882233
1.3191956488646381
1.2400120463476096
1.110252747112526
0.9769977367913872
0.8605787369561064
0.7489569631445196
1.4819099535735984
1.479166163459261
1.4687566744690583
1.4447774770135764
1.411523340032143
1.3614215078324126
1.310395691426186
1.1736809224967935
1.0299754070091747
0.903851804128424
0.7827443589439552
0.7947357121424731
0.7915894578078889
0.8812112864094719
0.8920045124992817
0.8670846424128815
0.9672836810456797
0.9637479572148007
1.0452680539179977
1.0110581334949564
1.1397802017628127
1.143505901052986
1.09258671796961
1.2138001318132092
1.1919245774345741
1.2239710335748257
1.2448068974098276
1.2711919573339565
1.2907672295525165
1.2384674004228122
1.3148425205404461
1.3327346075348974
1.3113934825100109
1.3595751017287272
1.356336276802202
1.2851893305677828
1.3473073318048006
1.3886509127606217
1.4106790796291766
1.3981744525046538
1.298250794834731
1.4262239899910227
1.3708279673119559
1.4222775276597184
1.3045269516986835
0.7290711559037724
0.744543630372187
0.7912062249771711
0.8077716335828563
0.8177127575457647
0.8842454185232005
0.9020601176818032
0.912324692861315
0.9157995129056171
0.9125963545546081
0.979485084934298
0.9977715088503399
1.0073105160280136
1.0098087382689547
1.0041281431677278
0.9769905028291149
1.0451243781679627
1.0631621414130383
1.0722204190554065
1.0738569771263031
1.073316384883462
1.0707529168379757
1.0659174998357135
1.0514701307933796
1.033540898432805
1.1067039637427432
1.1246644471310525
1.132354806796246
1.1317904762521498
1.1281468461759516
1.1221292725092327
1.1045524070106338
1.084775203752922
1.0441931177333525
1.0028659296589424
0.9198792774439777
0.8814582931467754
0.8260365028291959
1.1764804412208787
1.1927646886231271
1.1986127082189377
1.1982672776430845
1.1953766912868746
1.1889623538313683
1.1825243443515299
1.1610126644212166
1.1379729357753672
1.0981301773897891
1.0446644348780727
1.0073024792305716
0.9523204481812318
0.9081627388955292
0.8481728166516453
1.214880390236146
1.229567005651022
1.2340592563699864
1.2290093512363158
1.222624371262525
1.2134555945306376
1.1894576450840233
1.1641369853477608
1.114345670583777
1.0636734422367882
1.0232625626318563
0.964375263842713
0.9188501614593093
0.8540843859844893
1.2553611075784639
1.2675231172464667
1.2697191970885455
1.2618222606996425
1.2430119033802678
1.1879040353693733
1.0789404630888104
0.9717742214840152
0.8540068644047857
1.2858017668337576
1.2898868754449233
1.285512547447644
1.2709311217104045
1.2577192166389244
1.2284804101416391
1.197118862195461
1.1401388354398183
1.0819633968718936
1.0440910049165175
0.9691585845871845
0.9212323322432376
0.8468924869095616
1.3016614064826226
1.3083241611564707
1.3049759858137882
1.2909979667979177
1.277634506449871
1.266425685051551
1.2334426883237266
1.1990833386200486
1.13314952094907
1.073896847580106
1.021004680003628
0.9551507989885829
0.8977179006908442
0.8256444965836066
1.3078344505134525
1.3115828401532061
1.3058855082338556
1.2894153816168303
1.2761871565807335
1.2602687763491784
1.2244061489486207
1.1897833706568195
1.123264478149094
1.0586950386360534
1.017879283272979
0.9345913024544931
0.8771733083457615
0.8016600936349415
0.7064895291484893
0.7229428356567438
0.7655554355581642
0.7831126105696787
0.7930164078171792
0.8536311998943441
0.8721391314560467
0.8819064044850655
0.8762576504031214
0.9429097448129636
0.9622264142225371
0.96854655539843
0.9708258753947722
0.9610549578646572
1.0044116005000603
1.02272026348178
1.0280541128854404
1.0305945553160067
1.0274386011874688
1.0169520244580559
0.9892445650253452
0.9554601347370988
1.0612439225792365
1.0793230588219276
1.0840437130505567
1.0855559318709027
1.0798210940179827
1.0675232621198427
1.035002959611333
0.9977388471974887
0.9181909201849534
0.8255539038083387
1.1248835750693797
1.1410621967951344
1.144867616723307
1.1447683440147558
1.1357381663181447
1.120311032650423
1.0879188068208585
1.0394651452965222
0.9506129264029187
0.8476903210344923
1.1596864667804905
1.1737833206735215
1.176273288548011
1.175389220510718
1.1640566256212477
1.1464174470270208
1.1049263856042113
1.058486385614421
0.9626980756330522
1.1951170274374558
1.2067365513332629
1.20507812804508
1.17029025319057
1.0738020483058346
0.9701335206263332
0.8535535005538689
1.2213128212162931
1.2246584177267097
1.2244895112281933
1.2202353238529624
1.2034048638328712
1.1799520336815594
1.1309744909595545
1.0769635146669034
0.9675806963456397
0.846457295851739
1.232809575590376
1.2380190162495417
1.2349285058094135
1.2298866539394344
1.2091209260367244
1.1824489031309728
1.1246834484003048
1.069170775098858
0.9815568758560123
0.953663153535598
0.8252434845927148
1.2352863918788985
1.2377058476621492
1.2335431211485062
1.225513642086361
1.2013762166732311
1.1737550328523647
1.1149440291190884
1.0541776056325436
0.9331982473617556
0.8012900098547553
