2.3917877910073706
2.4163236517915707
2.3127978789816233
2.141797970658259
1.9581543672974147
1.8038490618773573
1.6486319768774624
1.5144340806224208
1.3298769701755762
1.0776788739076997
2.6673655087786523
2.715184041311764
2.720025892367557
2.689970547510722
2.518687274958634
2.2994982610127686
2.1083483261294487
1.914198417017507
1.745970676841611
1.5852399570771964
1.4358846095291877
1.3163300250114918
1.0979554227453292
2.9342654231845855
2.9575792045075247
2.972884951843514
2.9814864103167222
2.9800621624248076
2.8629426465661423
2.6223815521883647
2.3970287220083986
2.164255249989119
1.9616891812122543
1.7680927658517394
1.5882935370184013
1.4444793854585358
1.0670570861362887
3.181604200430739
3.2202763790832787
3.225343983265116
3.2234501010097745
3.212320137526126
3.181364598936941
2.954512000790061
2.6981327258147667
2.4244691651914687
2.1842721723971645
1.9544253862664183
1.7410868251127232
1.5706572524881695
1.4032713277253905
3.521626827100177
3.544654504534311
3.5571712954295958
3.5571210229824355
3.551786627167483
3.446930769926978
3.1700127465883465
2.8360346414928888
2.5340219235989982
2.243203764978888
1.9733668127244912
1.7583254887671735
1.5477995694207407
1.3683292448775364
3.7438985421985866
3.764743889718996
3.774482630682757
3.768914800977887
3.760680533091576
3.736979485793336
3.523321247904795
3.1562791129695165
2.806545256437237
2.4657964235664145
2.1491857741892755
1.8973354027432463
1.6515121320163761
1.442625058568576
3.3557401295708096
2.97814484632646
2.605422965306817
2.2582971584243037
1.982536461172557
1.4860008599690149
3.984983900628785
4.005031232008382
3.9782459763532447
3.9364181060584467
3.5803942162581515
3.175529723338899
2.7661629979465223
2.3830282681732555
2.0787034053263196
1.782931213383431
1.5329014742732294
4.108445181982744
4.120048765796889
4.082071012249025
3.846568117561823
3.4216243477824544
2.968270393543566
2.5389787502258927
2.197785844897422
1.8670704120357906
1.5885606222078166
1.3285358470822237
4.187964592058095
4.192976679800259
4.153822224284708
4.0229882771182
3.6226211766532943
3.1369746631106166
2.668951402986487
2.29613451459518
1.9354175346388784
1.632634057138168
1.3510825578853007
4.244758044468738
4.208611904956454
4.166016757089172
4.078470483455178
3.8364857193009483
3.655522466230342
3.3246473807598056
2.8142915264687156
2.4053851593198647
2.010269416648882
1.6797783406922298
1.3739146098207304
4.286040013338772
4.270739464790944
4.198270423518006
4.033259954178603
3.5153347173952616
2.964590014142418
2.5180080792451722
2.086427906766821
1.7266898685048964
1.3953910463332466
4.258886834795466
4.213030484648435
4.170611181483301
4.0374590139278554
3.9711758793107252
3.7462769617169904
3.4753034214913283
3.1558593179717436
2.661880815484483
2.1826691008235493
1.7845497149526062
1.4202646069942682
4.199629026553025
4.154397939694166
4.073153682124874
3.936723051858002
3.7745325802338234
3.5512421311879963
3.337433361028902
2.8013842062113725
2.2754586424520507
1.8390199247132062
1.442046373730118
2.361232324028311
2.2959122703792243
2.6488141744107914
2.6472171166014267
2.506357002665266
2.9056593670047985
2.8358987643556386
3.1272466650915933
2.9388796522247205
3.4565078640725897
3.4008590697098007
3.155679788112965
3.6540340780689653
3.4923764054179838
3.7420552593551673
3.6798309742418134
3.8632510742181556
3.8541171767137734
3.557845151639584
3.973713250099828
3.9566018596104904
3.8043852840215635
4.04149079810335
3.9576331683621047
3.6026567592341214
3.801858298016782
4.113259433334367
4.093726138537945
3.9726569746541487
3.4995836291294986
4.0231058671661835
3.7147094902515296
3.87498393790172
3.3226785455027996
2.1583580831282325
2.187757857461869
2.352052129392759
2.383456195005685
2.3960154478073834
2.6408203867265136
2.673764925580733
2.6846410587454947
2.6749026316369324
2.6435266484391287
2.931203520612619
2.9629829557139
2.9695745392111776
2.9522920486048565
2.9096089646608165
2.782944647542485
3.125169126844551
3.1544542855473394
3.1565806384689483
3.1447696096015907
3.1329403391041746
3.111183428190348
3.0817880634286308
3.010526812187591
2.932102982249034
3.2991900121077324
3.324595886213108
3.320977295573893
3.2881844224083197
3.2610258077507623
3.226517197496065
3.1422109857524148
3.055875749176214
2.8918788866314706
2.7331191587587367
2.4293246226541805
2.2937971326255
2.1026213601320203
3.478950156277962
3.495887022706197
3.481958326828063
3.4642402290513434
3.436513629907645
3.3950600854246455
3.360125823696355
3.2585390673267733
3.1588970393178
2.9969912247957935
2.7906046358825507
2.651300874880816
2.4514650515585306
2.29515206215298
2.0875548128827823
3.563512925743028
3.5723017160924555
3.551334996989364
3.4983550381749704
3.4592290867803452
3.4102421968274723
3.2976864170954974
3.188754205685359
2.9874220993715648
2.792644556749717
2.6417577865749604
2.428073600637328
2.2667536828048185
2.0428719961121082
3.6308195757229496
3.628694690733218
3.596324587945407
3.530070005711194
3.4281001884324276
3.182795205774377
2.7543907259312537
2.3622578448211216
1.952979294671677
3.6456750650291756
3.602385971975068
3.560642186190511
3.471847732508375
3.405129421735652
3.27129915089117
3.1382718080209244
2.9098765932218384
2.6878840585559955
2.5473499835162285
2.277282122494082
2.109323497490965
1.8554039047662567
3.613894802405132
3.5855393764399666
3.528481448318761
3.436851696502169
3.3660311028735115
3.3115376250642026
3.162939565866671
3.0192794727519754
2.758221562368683
2.535651215047481
2.3419565626931558
2.1087893532280453
1.9107266856712932
1.6693868406829768
3.5394828750298712
3.4994615266858364
3.433907895132313
3.3310707735656773
3.2625346877404113
3.186651306384168
3.028603292195126
2.885269856600088
2.6252921205018396
2.3847244034787316
2.2373920491416395
1.945902244504241
1.7515708763165567
1.5034833645353756
2.0671356167885175
2.098121470380219
2.2481203809818555
2.281004230840532
2.2902751675688267
2.5159883224541164
2.5496917580871616
2.556021277624009
2.4988528082374977
2.7815564244499726
2.814268840912676
2.8180791851899287
2.813693967593939
2.737686831260574
2.9574877307643788
2.985469830011492
2.987222419466848
2.979684860359892
2.9416590734234394
2.8849547301017067
2.76447268926648
2.631339730159969
3.111731441519782
3.1351512524435132
3.133001980797873
3.120881653390466
3.0715056843188497
3.0070165164230005
2.866286353644926
2.719071664527241
2.4248491727664883
2.101393931877486
3.265846766277902
3.2790042468075855
3.268065818820276
3.2519473457746724
3.187056314253454
3.10951939339451
2.968960709174359
2.7766673143261467
2.4470807274976645
2.0863839353938984
3.334899404037218
3.3395277989527106
3.32676472409007
3.302274896186823
3.2266817838300863
3.139905114117215
2.9620836495473726
2.7790299481382137
2.423893954537999
3.382517059208525
3.374376904059902
3.32264153666348
3.135457007788264
2.7413886193539527
2.3583703884246248
1.9519983613070868
3.38109895338402
3.3671136793854
3.3440774651358627
3.3031438897562273
3.2044473342779454
3.0933923875582576
2.8867281875232615
2.675702606740206
2.27373243448865
1.8545293314546005
3.3323205893113856
3.2957057893855257
3.2536774333445315
3.21637796082669
3.1012507904505475
2.9781024993698724
2.738223640560367
2.524499230097472
2.2043426358001157
2.105769528911401
1.668695099961027
3.2487456678178597
3.198611463789773
3.1548307413906507
3.100307632070596
2.973028695879452
2.8476716846983074
2.606816401083263
2.3752598609801505
1.94335844486149
1.5029413014462798
