2.1114491067999475
2.1236579318578985
2.002201243713682
1.827413927458334
1.643782310338289
1.4908624262152603
1.3377829182474994
1.2059721184080419
1.0252060941719332
0.7787966617992288
2.3309013963315888
2.3616620527377523
2.3584426935329748
2.318779162833345
2.139976276686741
1.9225317179281425
1.7357276313887944
1.5474991756037644
1.385377232479771
1.2312683083958629
1.0885849762422874
0.9747683743740679
0.76776179972047
2.5367281793975014
2.5522806635847983
2.5607806029007234
2.5600730483241945
2.556056734043391
2.42484578356208
2.1859802270946473
1.968005675889724
1.7453683652960987
1.5531841605225396
1.3707350617041767
1.2022434860315894
1.0682221487736492
0.719975403442857
2.7235195627104423
2.7460385407102783
2.7467390720763585
2.7366776314150876
2.721407465653131
2.6857580811199258
2.457013196424342
2.2105945703216223
1.95187183180528
1.7271432308456942
1.5138738017189572
1.3173896764239825
1.1615774249538529
1.0096402143274001
2.972797024412288
2.986171881618379
2.990639006158176
2.9804209927927476
2.972545576896037
2.859100642481119
2.5916552751512105
2.2798767656581576
2.002271445122754
1.7378794475841548
1.4949348341569346
1.3031733480508305
1.1172150442912554
0.9604783141057913
3.1297781290124176
3.1407894631362896
3.1423234895390033
3.127234301202742
3.116399126290802
3.089250405945281
2.8778263746457293
2.536342501128619
2.218182544381852
1.9123316100796224
1.6313342790954217
1.410241089198343
1.1967651741470755
1.0176303801623108
2.6966366834796784
2.354816541558564
2.0225119465975356
1.7168136042347533
1.4766718802148042
1.0519537622508022
3.2924698903788
3.2930574691101833
3.257955490096875
3.213772182944264
2.8777216222750486
2.512554572862644
2.150025821568808
1.8152605867697191
1.5526174260526706
1.3004139291758747
1.0903075111655582
3.370131500178242
3.3642426686693776
3.3191101170289063
3.0931580116076454
2.7101341063074265
2.311311181438508
1.9393574062077847
1.6476134043725175
1.368382788004954
1.1366324686414009
0.9234337727932446
3.4162252970218505
3.406477772639108
3.3613103922969096
3.2342934148784344
2.872268144931103
2.446690059927149
2.0435789601088987
1.7268684984503702
1.4244332711853736
1.1743019840463698
0.9452044978514506
3.4286085032991416
3.3888530103423475
3.346689290357239
3.2642148674114186
3.0455626483305838
2.8858604015512035
2.5980549959282158
2.1608635807030216
1.8156667743398838
1.4865651566299651
1.2154124292004067
0.968280428150156
3.456557470637677
3.4313409605973355
3.3579445783747737
3.206169326435171
2.752854954587297
2.2829307810111374
1.9079657119629878
1.5505671017483118
1.2571161137020097
0.9909865592698465
3.3999645875585816
3.355040210701959
3.3153251447595276
3.195238350811398
3.1366671740345327
2.9413275452825847
2.70934050718993
2.439338428261476
2.0268711032323457
1.6323727696168144
1.30951666505758
1.0183542094102607
3.334259458944014
3.291623630278626
3.21828412276325
3.098558570663411
2.958663420399918
2.7689204089877144
2.5889577846542413
2.1431001056558046
1.712069857918922
1.359784832103421
1.0438819228853224
2.069088526357919
1.9876131120138898
2.296867411440057
2.282063397712192
2.1295644885117615
2.4868404396297747
2.4021047869377763
2.6404399495112822
2.4441442262908737
2.8935658147040693
2.8212814610493537
2.5800766196369156
3.021404409369389
2.8528382697383017
3.100257139955043
3.0051470869411556
3.177708372900177
3.1472892900176985
2.859798201357915
3.2459563546686816
3.2099418355861773
3.059571678332
3.2712382643102913
3.182215177490349
2.856571221020793
3.0182568171587163
3.3115073927038896
3.2748046145285956
3.158233748213634
2.74055527611176
3.1907737324916483
2.916537208246301
3.049799700577835
2.577414169195893
1.8846455420688475
1.9044571057700206
2.034613047439201
2.055029370822982
2.058865756130618
2.2526897973588573
2.2727685434827065
2.273800381560463
2.2561588428216184
2.219384980314277
2.4646208741727875
2.4820424005736883
2.4783429303628677
2.452994073524644
2.4057789353710226
2.2784740006056836
2.601304392728133
2.6156755744323936
2.6071767783797624
2.5905154707943256
2.5764552907301415
2.5524823688073623
2.521801410056564
2.4507447964218185
2.3749861157264753
2.719303433092979
2.7291828910390477
2.7159095723686044
2.6769348804956903
2.648425546125998
2.6136756183714
2.531829490858954
2.450348238183503
2.298476313731141
2.15371729544914
1.8804131819862482
1.7595405049112594
1.5904103978278745
2.833569870399057
2.836294200059617
2.8138999023458977
2.793693411271749
2.764633265595164
2.7234744187370827
2.6898261594659836
2.594419204957038
2.502978199435513
2.356806742237636
2.1730560852027816
2.0501524687603525
1.875254582600125
1.7393487842875197
1.5603632203082092
2.8816158981797004
2.877329369513979
2.849650278229583
2.794980836787232
2.757011833134747
2.710769810101118
2.607328053119837
2.5091813963067744
2.330526065564113
2.159760447174751
2.0288045409095212
1.8445143724081143
1.7065504546415418
1.5165812554998264
2.911070229355325
2.8983684946932624
2.8615621905581117
2.7968488438137893
2.7027034813434874
2.4846969497240288
2.1140019124245177
1.7811315394468241
1.439014905908349
2.899353766835019
2.8511432650020323
2.8108220538347033
2.7290415812362103
2.6693237782329775
2.551506796690629
2.4359618437514925
2.240259587206973
2.0520295952379826
1.9337741490737768
1.7082478519488304
1.5691485074863474
1.3605640006864383
2.8556255874296634
2.8234659553311348
2.7690022339890867
2.6863157224918823
2.623980144295243
2.57667900585565
2.4491557011414042
2.3271558510146693
2.108177164090016
1.9229649377151115
1.7632823254473344
1.572245940920874
1.4114621512463776
1.2170446315797034
2.7812306813095575
2.740981945014364
2.681068359765344
2.5910100375357663
2.532012909931751
2.467321840264086
2.333958164495766
2.2141858449622815
1.998830147965381
1.8016147021677986
1.681342530613529
1.4456444836400768
1.2897221207177776
1.092382591572773
1.79385952337203
1.8139989965434102
1.9323353103185694
1.9528437881924887
1.9518941215089185
2.1320593706963247
2.1514186677300757
2.146568635081272
2.0778953577506365
2.323048174453307
2.3395444778177774
2.3360600777529874
2.3273630043288085
2.2418786707113707
2.4446332858996906
2.4566110891760182
2.4520031343225845
2.4392709517641986
2.395392790571078
2.337298989612721
2.220385380584981
2.0950749134232094
2.5468517562086492
2.5538704690674954
2.545732774015269
2.5291707690763587
2.4755889142934375
2.4116881118131372
2.278416955506609
2.142808859359079
1.8770047072443845
1.5894988619146275
2.6412693110059107
2.63937968600492
2.6227841167299224
2.604229701091346
2.538165765090748
2.464314855690554
2.3350304330344356
2.1623362630604377
1.871943597592988
1.55949965253761
2.6777951308960164
2.6693928198173023
2.6525175163478116
2.6258203591129847
2.5517755073589923
2.4711268200447334
2.3109539288796865
2.149343796941789
1.8413682350884222
2.6928124126521236
2.6744428471520485
2.620164955221594
2.4479890372232744
2.104069575506915
1.7782069627018549
1.4382906918161527
2.66980990099084
2.6529090078305244
2.62905882696865
2.5897022459695886
2.499537348072855
2.4012164889645766
2.222456555420818
2.042723005456173
1.7055709234940852
1.3599140944416503
2.6150175630838715
2.5757564203219783
2.5362257561726427
2.5024572847447675
2.4011936431943055
2.2952268458102156
2.0927568940516377
1.9147382182888635
1.6505860696222563
1.5699451847046888
1.2165201109319348
2.535618723646582
2.487202847360206
2.4477159478997654
2.399731805999892
2.290624181155848
2.1849056493060757
1.9844970565116462
1.7942884760529267
1.4436776455323475
1.0919596699909764
