0.8084769949599447
0.8087641765039961
0.7488568942703264
0.6718668265419955
0.5929606947116702
0.5281395633489159
0.46393495332690105
0.40920382948837336
0.33505775821038214
0.23603166860403413
0.8827003833477257
0.8893791059064444
0.8848636501636455
0.8640149639829627
0.7840895860775783
0.6914566650863931
0.6133625836849552
0.535664025219132
0.4695214061355512
0.407360581621132
0.3504817074671022
0.30564473882212884
0.22556419372261405
0.9493985398068651
0.9532003223292929
0.9543187349675575
0.9505458670107962
0.9478529843691493
0.8862415185986504
0.7845759841940187
0.6943376572534848
0.6035671503716539
0.526240110270108
0.45373705290159555
0.3876370457794311
0.33574082852446513
0.20450376363816508
1.0085037585438705
1.012356859194543
1.011084239329354
1.0038431567104402
0.9958182083892468
0.9788714323356259
0.8804537118675106
0.779080280592014
0.6746996720958198
0.5853592149740974
0.5017096072010553
0.4257000409289684
0.36626172120618
0.30912853975458626
1.0846096576799908
1.087014813532408
1.0861719306672377
1.0783507338897818
1.0741180907770853
1.0229324028505065
0.9126060873050175
0.7882276061739912
0.6795189652484305
0.5775296752869796
0.48520444907591403
0.4134166791579364
0.3448655288293451
0.2880475944912246
1.1303055312280932
1.1317384430229311
1.129683880785337
1.1201499941845832
1.114698714062487
1.102055050665162
1.0132744967894942
0.8774718186216375
0.7539548554035455
0.6371726113288201
0.5315553548541214
0.44973642311569206
0.3719763563518371
0.3078722249299692
0.9334693493018322
0.8012974600628043
0.6750944773782878
0.5608686708373208
0.4725424895273429
0.3200503513233235
1.1748313806065036
1.168913974607606
1.1514855505634296
1.1321160480449037
0.9969652382702842
0.8561788979042513
0.7192148129400846
0.5948629197961918
0.49885639068263055
0.40814297029252583
0.33386823040342567
1.1938311620744975
1.1859661877102334
1.1647904988398938
1.0728573046379546
0.9252578183698403
0.7753636525950572
0.6380614341479073
0.5321121966993849
0.43233798831937936
0.350996755535183
0.27757549408962917
1.2034632836263943
1.1949155982331119
1.1741743258683037
1.1221237470210288
0.9822590283305302
0.8227786453473162
0.674615174625365
0.560129480665448
0.45255451451159984
0.36515931581593253
0.28660304613842086
1.1959635439780172
1.1782943061448685
1.1608017144252125
1.1278624966849125
1.043530401152859
0.9832306350133235
0.8760902731402457
0.7160276075366917
0.5917880130439899
0.47523317762081624
0.38088817994011476
0.29645310676781184
1.2043505881771224
1.190941658377843
1.160155168081782
1.100802360696532
0.9309223914087559
0.7594576199042115
0.62499043803644
0.49887188279603145
0.3970968294494858
0.3064589192087395
1.1732815044155014
1.1549427976738844
1.13920601756722
1.0931043983145847
1.0709906429923972
0.9983227627988476
0.9133342588554403
0.8156393445233889
0.6682020790429393
0.5294997012394582
0.4179124852348426
0.31900192868394556
1.1452347112534504
1.1283614696257096
1.1002232504998426
1.0554228174501394
1.0038131294550547
0.9347089847709225
0.869767783405588
0.7108561226188029
0.5596822358664186
0.4381955501520481
0.330929959468822
0.7851871434740223
0.7434204692649797
0.8618587118960683
0.850403241947357
0.780301694551604
0.9198758178949855
0.8779950895935572
0.9624947770865363
0.8758875632721049
1.0458514050866865
1.00953479605244
0.9085718901801182
1.0780897255719475
1.004563756412468
1.1090210810862804
1.0583896468886844
1.1283575753394752
1.1089092091224237
0.990808353261199
1.1446267332316076
1.123746265810905
1.06129317702449
1.1429316144804063
1.1041689540441453
0.9769155350815517
1.0342022914032545
1.1516352232888774
1.1315070159967988
1.0843669754357008
0.926752793947673
1.0938441198010438
0.9898652013681178
1.0386875343573962
0.8658290671020593
0.7122704789300749
0.7170840240138686
0.7610943329657169
0.7657455017538617
0.76411588722454
0.8300676776858781
0.8340636894979246
0.83099909992793
0.8206473865054932
0.8030121424081798
0.8944135022207027
0.8969577543777988
0.8919135519863337
0.8784356018524129
0.8568707839950329
0.8027193382691304
0.9341423149466979
0.9353607505738799
0.9283173204139477
0.9197036161968903
0.9130319791402486
0.9021816079965355
0.8888114605377399
0.8588965596581811
0.8278277697694615
0.9667185444151734
0.966011738942857
0.9573943380965525
0.939061989414921
0.9266475905700566
0.9119693540684092
0.8783717449368764
0.8457039799468352
0.7858678909009138
0.7297119396601863
0.6252786227639596
0.5796107744175427
0.5163611975412838
0.9953667396594083
0.9922205467175242
0.9803200911659712
0.9711209410918124
0.958573240150554
0.9414528236492261
0.9277793375458285
0.8898026481966711
0.8541265964030036
0.7979424136372227
0.7282918056522224
0.6821719751179071
0.6171369732983624
0.5670440639843106
0.5017081433283658
1.0050859419628426
0.99947281372857
0.9859698357735646
0.9627072217038767
0.9472416704481036
0.9288341696152217
0.8884384910833798
0.8507925191207241
0.7832494557813715
0.7195119839811567
0.6711030011327833
0.6035503417154227
0.5534592992989444
0.48508973997967036
1.0070546115712278
0.9987983536292913
0.9822501579893714
0.9559063259381396
0.9191213024423446
0.8365389491859379
0.6998531173079748
0.579541245856976
0.45809935949969594
0.9953254369217817
0.9740734480196587
0.9578214447080012
0.9259943177793099
0.9032882669313832
0.8591093853094637
0.816293229883463
0.7447412353536804
0.6766479554787059
0.6342214524639327
0.5539781493238501
0.5049488740360388
0.43213391316001254
0.9749971177061795
0.9608287594858013
0.9391696385982845
0.9076342127006188
0.8843241072281652
0.8668322456618899
0.8201180754143184
0.7758920235315547
0.6973597318506358
0.6314064656886924
0.5753706574538779
0.5084665780401149
0.45294529137575695
0.38619785562236236
0.9453497441125716
0.9288685160788427
0.9058834476508576
0.8724135567995226
0.8507990547195283
0.8272654264860987
0.7792162213064923
0.7364325464329965
0.6601325051793571
0.5909807554823512
0.5490270800244973
0.4676048282200575
0.4142208439541568
0.34725902659881336
0.6729736088125804
0.6774952147948973
0.7174239045453253
0.7216595274654749
0.7174811937079135
0.7796313800953781
0.782882109932624
0.7769069158378356
0.7436755283147806
0.836594009808584
0.8382286010510531
0.8343444253287847
0.8292371688036622
0.7899709180524985
0.8710621115362307
0.8710187474977936
0.8670472062530755
0.8600392754480498
0.8397110051504872
0.8148379410672878
0.766875902362635
0.7168143720402057
0.8984287317138094
0.8963420914612028
0.8910903168045516
0.8827892468298135
0.8590616345787807
0.8324981504209125
0.7790794827288238
0.7260532186218749
0.6241560519577741
0.5160677067345795
0.9207307211470926
0.9155287217527823
0.9069467083084185
0.8985061266553793
0.870666701047294
0.8410358720770951
0.7906222211042752
0.7247219137167408
0.6160519958365764
0.501430621525922
0.9269554376717521
0.9197529150435882
0.9115828049762541
0.8999151644205224
0.869619711863693
0.8379571196212671
0.7766984935002389
0.716047669057802
0.6025201311154447
0.9246005744096653
0.9142211285852433
0.8911278290842289
0.8241887849445527
0.696553204552334
0.5785805965491386
0.45786421973874836
0.9097965146598135
0.9020703311442768
0.8920523484527434
0.8763120879288049
0.8415654918362152
0.8046018996580365
0.7387823654968961
0.6735479916612994
0.553093729330584
0.4319204901492702
0.8866377673731837
0.8700091477662172
0.8545056367271322
0.8416234134946713
0.8038761191322643
0.7651031028723987
0.69216470725297
0.628651851407178
0.5359342064503482
0.5076941740311732
0.3860204592578366
0.856127862678509
0.8369571404958507
0.822029849824587
0.8042150569834733
0.7644559294372558
0.7264735455893075
0.6552571015971321
0.588486664733399
0.46693061060597224
0.34711056429581083
