1.1713630800308115
1.1822447891323973
1.1313956829328005
1.0482204667568402
0.9582301311447124
0.8819309005568131
0.804535505044492
0.7370509330973722
0.6433477153484479
0.5135348549204333
1.3284968433151538
1.3509920837319969
1.3530637016981684
1.3380784932877898
1.2539077149168867
1.1456549982040503
1.0504733219010907
0.9531084961393721
0.8681246330168848
0.7864099312957498
0.7100243791706967
0.6485960346503578
0.5356915541025158
1.482984706621187
1.49434912737531
1.5018033184245734
1.5059686747885175
1.5052608755408723
1.4473226401730024
1.327661528754872
1.2147211269675713
1.0972812647556065
0.9944116601072659
0.8955629448107216
0.8033269082436499
0.7293073637574509
0.5341843475033482
1.6322487391505631
1.6518869970150032
1.6545429679531551
1.653858405853156
1.648407360900721
1.6332033271111541
1.5198140878979405
1.3904788786705757
1.251494909888355
1.1287610150894483
1.0107487178142607
0.9008011013720816
0.8127623540640483
0.72612226785059
1.8490583354142318
1.8615928904290564
1.8687161907899092
1.8697336054653302
1.8673258449757344
1.8155320661136118
1.674991139577432
1.5036721086572291
1.3476987689489217
1.196838060197214
1.05643243442024
0.9443679671921488
0.834528613380281
0.7409521335852893
2.001469828795509
2.0135619984468414
2.019824173054159
2.018703243776018
2.014993348272615
2.003680612545263
1.895995982706458
1.7066880404698301
1.524571392446986
1.3462340279705478
1.1800162194754136
1.047608445269391
0.9182365993022218
0.8083808352951561
1.8361984881407858
1.6386447045864339
1.4424552891949785
1.25911146575938
1.1131715062202063
0.8502515263909717
2.1829148281846007
2.1985679389505037
2.1877201056749986
2.167619055008157
1.985141177901747
1.772408237002259
1.5555294340387973
1.351694799826741
1.1894703184610709
1.0315804299029374
0.8981278351003845
2.2885694624990793
2.300994338782496
2.2853214128640653
2.1667649518474166
1.9430959501223732
1.7011027645174697
1.470579290336906
1.2868476886576905
1.108385982172166
0.9580365538113934
0.8177338346563571
2.366288698041406
2.375864123623779
2.3601636313091507
2.2958726105195724
2.0860105689229904
1.825475199805022
1.5722269670317648
1.3696910814149024
1.1731815730173851
1.0080135548955245
0.854401244519428
2.4464603441070127
2.4320077113556176
2.412007411331778
2.3684632718834244
2.2423011769378403
2.145726252814116
1.9669959847036205
1.688609734234067
1.464244609527379
1.246598922319434
1.064113947631045
0.8949934237880193
2.5048024056494147
2.5059266756445404
2.4747734057216966
2.3918821810078095
2.114431445800913
1.8119004976298936
1.5643585595422635
1.3238366560658072
1.1225794270484957
0.9367249888084404
2.55998777079115
2.540940201201295
2.5210823454989244
2.45425820867484
2.41961793781067
2.2989876072703392
2.150699513745393
1.973277624399236
1.6961289368147765
1.4249969517686916
1.1983962691430021
0.9900309208051311
2.588126753377366
2.5690104702736827
2.5302394360559233
2.4602016270030993
2.373527536480181
2.2510464284973906
2.131724541280367
1.8281437974075718
1.5262861993719126
1.2736182304505972
1.042101684638303
1.1559610864740169
1.1234277294567865
1.318816501769921
1.3174724616905924
1.2479378154791425
1.468629199326163
1.4339655139772935
1.6059344351913747
1.5118891840046573
1.8177350606243825
1.7914383877110485
1.6674388481095164
1.9592458947871088
1.879289830021675
2.0255263597413764
2.0018460114561973
2.1200679050015596
2.121791367584877
1.9724155216772878
2.217890867912718
2.217081215889311
2.142443776945751
2.294701680012439
2.2575021344032957
2.0740902532416556
2.221195384402704
2.4048805560330777
2.410396587369484
2.3541878231662845
2.1043644307451514
2.436059673625536
2.278242026655734
2.4185613032376168
2.121337999989853
1.0599846329990117
1.0733072676521307
1.1690426527507585
1.1836326229590672
1.1892052307222023
1.3380556486929425
1.3540324863628626
1.359245503996922
1.3542534928605574
1.3384630734014884
1.5181417681668816
1.534602115552065
1.5383112196154498
1.5299287377835438
1.5086421600522177
1.4446734437663302
1.6467245659855454
1.6629105602667247
1.6650533354653105
1.6595748488611763
1.6538276928781588
1.6430878243432347
1.62834635908847
1.5923131370079373
1.552318397897211
1.7711135663120356
1.786597471792081
1.786483659335526
1.7711620104166894
1.7576849062860251
1.740382524419883
1.6976065198425632
1.6532125432484985
1.5684099382992536
1.485729067293248
1.3269366135473688
1.2558859006364655
1.155520968623494
1.9160409592138046
1.9287663760282687
1.9246806147327749
1.9167491956582212
1.9035013109239272
1.8829269354250522
1.8652701334388162
1.8132754840032788
1.761517708235482
1.676703762114784
1.567827127944251
1.4940549976417161
1.3878583954990666
1.3047337880086753
1.194094056215665
1.997630160948311
2.0075060685242287
2.0002619530752517
1.9755546182912587
1.9562192907609395
1.931427858146524
1.873325435305661
1.8163724229493485
1.7098619155662589
1.6060157524303826
1.5252726470704043
1.4105768226782918
1.3237762192753182
1.2031693131931658
2.0850453860178364
2.090784919224826
2.0786421746531123
2.0475173315305404
1.9961270257905646
1.8672505763504144
1.6366651657670168
1.4233151077561381
1.1993300344224453
2.1405486353790066
2.1260847951335267
2.1071176882320506
2.0632709467513233
2.0290657930324185
1.9587299582907745
1.8875649577185243
1.7637310168071216
1.6423339999758217
1.565020667254702
1.4159187011628775
1.3228460868508114
1.1818141735248535
2.18689945644067
2.181569388045213
2.157878367264471
2.113777267140878
2.0776709633332344
2.049264612139511
1.9698897889108162
1.891833479685639
1.7476260996573887
1.6233594815148251
1.5141431603632614
1.3823582038739837
1.2700208798277088
1.1325058595650226
2.1989973900812787
2.188280366853558
2.160361583079448
2.1101252218019337
2.0748193261232317
2.034866958266023
1.9492718358926122
1.8700804506283175
1.7241070350475274
1.5873009057760787
1.5028988051098824
1.3350477312755142
1.22240543604553
1.0777821487064432
1.015875400878541
1.0298316813895336
1.11821235899593
1.1334274561656208
1.1371898797059692
1.2759321013065121
1.2923136810818021
1.2951123691612185
1.266158352243064
1.442299337483138
1.459318513885156
1.4615050195059953
1.4594752956485566
1.4213841123459683
1.5606611701516393
1.576336485691991
1.5778714341996207
1.5745605273446903
1.555940276022675
1.527354844447604
1.465970552414909
1.3975665715359158
1.6735549331188493
1.6883300364674327
1.6882916767648177
1.6830308970224805
1.6590854791276706
1.6265114998778043
1.5543409595408944
1.4779619726448663
1.3244304657735413
1.1548213864663006
1.803224456249483
1.8146434736882007
1.8111148502546162
1.8039833937263972
1.7725780267038265
1.733282811286567
1.6605603969545781
1.5597217901799196
1.3852598662711642
1.1933805768047459
1.8751188395944909
1.8833089161755903
1.8790876256808198
1.8683837071802134
1.8316361742365346
1.7875205696730474
1.6947406226059516
1.5978017028503357
1.407992040836441
1.9500154774941252
1.9533116603441236
1.9318716932412006
1.8379853665168433
1.6283943676384143
1.4207563489724566
1.1986500205685338
1.9950513755277075
1.991803315920595
1.9829418281859015
1.9646359545347167
1.9161035391620431
1.8586839582277843
1.7485831709091044
1.6342130481231207
1.4134463696788342
1.1811619923943537
2.028830935492899
2.0200408764746065
2.0025925463833536
1.9853758528457788
1.9279459434966157
1.8634689094266448
1.7335070630014142
1.6151533382718446
1.4357384244893299
1.3800296861668686
1.1319126299063436
2.0327279184278146
2.017757651992731
1.9991807532428463
1.9736679177572851
1.9093045269248001
1.8426067517306515
1.7101966654525722
1.5799287587683593
1.3328878825656272
1.0772463296552315
