2.099457470212715
2.107417261839578
1.9789118747560368
1.8002238522711798
1.6126089848851302
1.4559345812448483
1.2987270556987192
1.163055499938892
0.976849944594074
0.7236177480741095
2.3493019808192193
2.375445241021534
2.3697786402086556
2.3264043013708555
2.1407130487175876
1.9167779898642863
1.7242500360928834
1.5299917361985547
1.3624773403043327
1.203232005398395
1.0560012181466507
0.9388625820481715
0.7269892454346512
2.5856640514916602
2.5996929210680624
2.6067145531290272
2.6036251522562597
2.5988410168491844
2.459399713139829
2.2112466802589363
1.9851891017343362
1.7542061225972254
1.5546933677668568
1.3654002224576098
1.190942754637229
1.0526251394796307
0.6966744990722651
2.808687882678717
2.828862511895158
2.8287183004187075
2.816590723332582
2.7997397543240075
2.7616416126699144
2.5214820581097515
2.2641481660697576
1.9941024067405544
1.7595139741730033
1.5371034975455458
1.3326978049033822
1.17118976502984
1.0143725615895112
3.122420840392277
3.1355244857522466
3.139431577927613
3.127545050692234
3.118935279009449
2.9980775430610276
2.7157051514646366
2.387028852601865
2.094434489967359
1.8160843791408645
1.5609909611864263
1.360397822161629
1.1667163530424058
1.0044132974855997
3.3351836543527957
3.3465534742232164
3.347953678871834
3.3318069813994544
3.320217433304691
3.2913063832072766
3.066849473216596
2.704251011256396
2.366279756503891
2.0416547022253835
1.7441456708070349
1.5108912766083538
1.2865824273115298
1.09943054892029
2.907149090141352
2.542280020802827
2.187734092474823
1.8622661263497011
1.6074333987304106
1.1595114078544353
3.57944283727099
3.5823761068380864
3.546172101489379
3.499571151912071
3.1411043530875276
2.7493766961137047
2.3602138822329493
2.001425822262462
1.720736891400226
1.4521160249988974
1.229244605583054
3.7155878156647186
3.7133307360567693
3.6675248691176288
3.427513609212541
3.0148489789266697
2.583581365604397
2.1815293864450696
1.866818946922674
1.5664046244234606
1.3180476242887806
1.0907425467370568
3.8122988969675027
3.8071044095213247
3.762144114305057
3.6285198983217786
3.2382749908921658
2.7756085601605567
2.336759934339386
1.9923804139524497
1.6641309349434756
1.3935037040179803
1.1466667096143852
3.8888996266011024
3.849906201260329
3.8063362085072203
3.719351831463732
3.4840295265220664
3.3102897852590787
2.9954698210868185
2.515872713764657
2.137084366294485
1.7762661618926427
1.4795892731984923
1.210001639602851
3.9728746836893807
3.9542328019887303
3.8816865547030757
3.7212152540523906
3.226208959495042
2.707250289466393
2.2919188592936925
1.8958431436876966
1.5708993151989508
1.2767112384093273
4.004840853412005
3.961674692366998
3.921261382327398
3.7947372620341113
3.7315782519125937
3.517908982043064
3.261398612218059
2.9603055651371366
2.498184262603879
2.0548769567317167
1.691684058965049
1.3642519275515554
4.019765450746143
3.9788921447427863
3.9039571474883794
3.776648262321605
3.62410333088053
3.413610336965551
3.2118387364310528
2.707618540293343
2.2167735270219793
1.8140862995571554
1.4522923562189938
2.052702215598838
1.9649320250076243
2.3096925898464122
2.2905648144232567
2.130548534370223
2.5284372420418317
2.4368091709931328
2.715836556212446
2.5084556073024546
3.036919293969683
2.9587289162476136
2.703621545256568
3.2192230717969017
3.0401987149771488
3.334774258525424
3.2352553158652255
3.4562686023018117
3.426648652814351
3.121284395643578
3.5812038708132703
3.547856113662982
3.3896329999231622
3.6593677781833294
3.5687940530784292
3.220054400439862
3.4517166038612808
3.8063569994151227
3.782122452132667
3.6633715189541705
3.211049805518944
3.778235448166305
3.486508931077175
3.713275899877236
3.1962818106822133
1.873069503713457
1.8895661196545093
2.040695184077361
2.0579426227318565
2.059043233264685
2.2930875822354775
2.3104519114153654
2.3090330821162026
2.2887079285442553
2.2489704830693
2.5521281964602873
2.567825878583823
2.562114467412859
2.5340599573450695
2.483573992421866
2.349128273666096
2.730734217968112
2.7443611144118414
2.7343857527917117
2.7162578185736335
2.701153825224681
2.6755750421302005
2.6429243717320205
2.567655656856348
2.4875270548852795
2.897897973593568
2.908278914339032
2.8941379674873406
2.852852201893474
2.8225072865750813
2.7856528850385103
2.6989611292081404
2.6124081461340602
2.4512388651000383
2.297541452025752
2.0077039698442034
1.8797264649652636
1.700914983878508
3.0842847377966676
3.0891683113055337
3.0670418842081286
3.0461533405999326
3.0157283052146315
2.9722153722310707
2.9365017671815554
2.8351121512380266
2.737509124530417
2.581161823708089
2.3843746062032336
2.2527431022473183
2.0653869051202065
1.920103440771422
1.7289092273975923
3.1839094953511338
3.183171591930078
3.1560571991581727
3.09962858072926
3.05973684775428
3.010732349683632
2.9003772599522932
2.795223525531044
2.602989210215785
2.418881574297984
2.277592055110822
2.0788251536816538
1.9301079506476526
1.7255061249453232
3.284406175735532
3.276890962466598
3.2415386835423963
3.17520719425857
3.0758524195356034
2.841220709457146
2.4384393081123
2.075570857183663
1.7026010036901977
3.3348567865106404
3.2910720775118505
3.250572588189805
3.165196956819583
3.1018098526500664
2.9749983757809875
2.849454408071311
2.635442589278366
2.428817310053053
2.2986948215959475
2.0503743560666354
1.8970437771397466
1.6671140445180903
3.3781990662505064
3.353986149268272
3.3021947734116757
3.217605330206522
3.1517767022323278
3.1011511558528966
2.9626160112519666
2.828785970261602
2.5859803041245777
2.378930259533526
2.200613987877605
1.9863736321829106
1.8059508938047788
1.5874525083042144
3.3727006055421334
3.3413968743898383
3.2845659673688323
3.192188087929208
3.1296622130760605
3.0600610521251967
2.913974890155231
2.781028729326759
2.539480993550117
2.316532213393405
2.17990273798574
1.9115989570287215
1.7335964736770149
1.5076802021475435
1.780992281236897
1.7973809796822269
1.9361153915294083
1.9530503948905222
1.9486533158375823
2.168225711471219
2.184640180184239
2.176614968064469
2.1020310036348895
2.4037586694147723
2.4183138286586945
2.413396148331217
2.4035256349403764
2.3117320404461563
2.565089579791403
2.576223537797365
2.5707778823091574
2.5568040562728984
2.5098332702460224
2.4481168129313358
2.3245643535539386
2.192294930936151
2.7138608275429963
2.7214302483625485
2.7127590317927113
2.695265240363371
2.638692778872545
2.570909091903008
2.429635227019255
2.2857529243580106
2.0039906223999857
1.6999093965199055
2.876636098615625
2.877253536274656
2.860728580568091
2.8416201124348373
2.772559628495706
2.694391362625395
2.5567565921743984
2.372279682284685
2.061598347621233
1.7278990524157107
2.961866580675064
2.957289853405995
2.9410964296492166
2.9140963869786924
2.836921103973842
2.751582895631394
2.5803739305622386
2.4067333298054807
2.0750880300555012
3.044160727274913
3.0314300362877287
2.9783998894374326
2.797391129361993
2.4263112234387822
2.0718977565653827
1.7016499785217183
3.0802070766979726
3.0661348195488745
3.043734649169476
3.0047138772225113
2.911158219278647
2.8064544080914122
2.6131100182974776
2.416962418845505
2.046835675046231
1.6662024949131529
3.106979738904444
3.0764665451947146
3.039079721511242
3.0054557186284723
2.900137148780065
2.786747104922916
2.5652460755017836
2.3676740709954314
2.073454009288442
1.9830365275887416
1.5866175336474075
3.0919876012182033
3.0534035978404255
3.016283612989877
2.968556340749582
2.854504427849512
2.740345977441415
2.5190194995595374
2.305761160522517
1.9084828003494758
1.5069163862059982
