1.252030999500262
1.2618064877671438
1.197211060007872
1.0993367490473622
0.9957679866209462
0.909345114732246
0.8227753251369438
0.7481826331647672
0.6458685351797394
0.5063357997078464
1.38240245531114
1.4035025785637296
1.4034264361685762
1.3831070421236185
1.2838348541737947
1.1609296630110535
1.0548489381905202
0.9477347548748263
0.8553281598650203
0.76734718738378
0.6857770451790753
0.6205921525051676
0.5017179216666796
1.5057432028255033
1.5161033691133576
1.5222874478100064
1.5237794688122057
1.522036699587904
1.4509045706441275
1.3160004230306666
1.191836710575587
1.0645760712082866
0.9544359844255317
0.8496241833844446
0.7525935260315253
0.6751891916552393
0.47281993470184003
1.617244865423917
1.632990112772195
1.6342080939191859
1.6300662827928916
1.6222486993357212
1.6030193308209528
1.474505666425345
1.3339044859510945
1.1855008997800212
1.0561504475516037
0.9330077655779977
0.8191873568748501
0.7285895937136868
0.6399057104471497
1.7652512779354304
1.7743682661807652
1.7781949154684182
1.7740915933510115
1.7700537186538938
1.7074782827746358
1.5551149594279694
1.375687424817238
1.215134049940944
1.06160624939744
0.9199485203034949
0.807625799941192
0.6981896374286618
0.6054012387137794
1.8575511121186454
1.8651773598883388
1.8672096550958406
1.860035107016775
1.8542899149058756
1.8394390226323059
1.7196148121836687
1.5229335529135497
1.3385011862974718
1.1603845939812651
0.9960034710561789
0.8660353096841638
0.7399160437456628
0.6334559753879453
1.6143474388895538
1.4159995188916246
1.2222399521463057
1.0431559161592998
0.9017779298726434
0.6497797780294152
1.9515333148277585
1.9540223728357162
1.935007521571869
1.9101819292830426
1.7170211697922806
1.5049768094938698
1.2933703935393384
1.0970363340401124
0.942234138037625
0.7928429250049609
0.6675637207225653
1.9949984224978234
1.9931847959172893
1.9680460479655346
1.8382008435307806
1.6156961968680525
1.3827068540199743
1.164386902605336
0.9923078569379147
0.8268117505706539
0.6886655958603103
0.5608046567273126
2.0196123204421146
2.0150090325883503
1.9894822614526146
1.9163355675598048
1.7059197405835842
1.4571919993380313
1.2205114037327358
1.0336982592028416
0.8544599625005532
0.7054307931801388
0.568144383704416
2.0240848108690117
2.0012524511515752
1.9768706644330687
1.9289979788274558
1.8016469569909037
1.708391465997746
1.5400254062276486
1.2832504743645017
1.0797003099443887
0.8847965445646533
0.723515520467925
0.5755453975470708
2.0354886882736203
2.0208089416592343
1.9780248043555706
1.8893565899860612
1.6240232159116401
1.34811944642393
1.1271646829770623
0.915735225874404
0.7413667129794597
0.5825109226602077
1.9951972966052056
1.9685850728348644
1.945179248643408
1.8745168692150647
1.8401154104739355
1.7253327375651737
1.5893210752510354
1.4306246210239735
1.1878253758965023
0.9549026976840735
0.7635881244009248
0.590535659247063
1.9485633747600455
1.923039777771316
1.8794735339826298
1.8087066410119685
1.726312024560523
1.614659347282505
1.5088733813718298
1.2466555395844932
0.9926698334321625
0.7845407307400949
0.5975050958076048
1.2307834580710395
1.1884282199943292
1.366556269728068
1.361071385546534
1.2775493789636265
1.481959017093498
1.4372255446272164
1.5758557266700395
1.4667528554033158
1.7229177395399033
1.6848524166067018
1.5481611013590906
1.7990420210744922
1.704699264680436
1.8409345194172204
1.7912107980564465
1.8857706878894906
1.8708094168516665
1.706389409915635
1.9234824448983845
1.9045206963076469
1.8183967913554535
1.9366168343131331
1.8857746423895991
1.6967174594004155
1.7857353650282832
1.951257952731565
1.9297958924841707
1.861588669308431
1.6169337299665507
1.872800306308072
1.711166602280955
1.7810690597577639
1.5024069826864888
1.1221027317184347
1.1355638808253552
1.2125084189550723
1.2264942276769883
1.2306044663605442
1.3437837888186277
1.3577381242815096
1.3603135295167343
1.3519739372721324
1.3323634754921712
1.4707894847871277
1.4831999944535614
1.4829660940912432
1.470126227067554
1.4443275993797415
1.3727284792410412
1.5519928833179488
1.562507261792264
1.5593900035710575
1.5507652010891462
1.5431852844338363
1.5299994792899947
1.5128947221824238
1.47275798903059
1.4295855522116905
1.62120598425343
1.6289178756609084
1.6227225215256156
1.6014899998304557
1.585548937926739
1.5659045543241679
1.5192138224128031
1.4724143025879686
1.3847458997565787
1.3008271336375634
1.1416876844331603
1.0710780943594973
0.971972218135134
1.6864061734298674
1.6894225346389817
1.6775038681970387
1.6662287485439002
1.6497962616888842
1.6263027053398185
1.6070153635993587
1.551951962078992
1.4989788560115527
1.4139706938642638
1.306744509283165
1.2348393637576882
1.1322752259085231
1.0523570297089113
0.9467328879781919
1.712223183146314
1.710724476716839
1.6953399081106006
1.6640969282147582
1.6422222728362816
1.6154903519140151
1.555439037661332
1.4982448048363586
1.3938866926820423
1.2938868339767744
1.2169774922781256
1.1085363299511493
1.027142228368
0.9147133053518953
1.7249383292356202
1.7179047198681334
1.6966915507945388
1.6590782686057544
1.604131570741768
1.476546733175799
1.2588262370661218
1.062473219940776
0.859741965227839
1.7133841284281544
1.6850290022432508
1.6613236362803812
1.613292818025539
1.5782165832741513
1.5090055948341334
1.44108638145344
1.325951648664887
1.2150060990573819
1.1452011668425666
1.0118966232674453
0.9294767388900999
0.80557096254636
1.679117584996762
1.6593918455884324
1.6267445715384332
1.5775338596047583
1.5406868607589477
1.5127049999630733
1.4374004658179125
1.365407241129414
1.2361763773402126
1.126795008791902
1.032489140694522
0.9194523376286792
0.8241768336558019
0.708680119895854
1.6279051310911075
1.6028777497545654
1.5666284203408898
1.512745972945719
1.4776463320162336
1.4392268319914325
1.3602888511151296
1.2894757492366578
1.16232589310179
1.0458455582729795
0.9748512714280088
0.8354955434371572
0.7432328575707623
0.6263199495691886
1.070705125522411
1.084650571633095
1.1544616459782024
1.1688051902830492
1.1705679810895917
1.2750390226601795
1.2888640232386865
1.2884132696539485
1.2520745772066313
1.3897060137720763
1.4019018362004112
1.401235942407475
1.3970997628482156
1.3506192419373937
1.4620180462310488
1.4713119344728578
1.46970262076704
1.4633357035005836
1.43947523150759
1.4068954832103973
1.3403072981207331
1.2683076776432751
1.521821154195451
1.5279761353669483
1.5241752648711
1.5153763621831136
1.4855527233228127
1.4492556990570329
1.372711763376368
1.294274139721264
1.1396355092577963
0.9714224111873381
1.5751494403021307
1.5755013628316858
1.5665674406194081
1.5562230369313128
1.5185602238709952
1.4760132484594641
1.4010362651378667
1.3003784273847299
1.130310785499882
0.9462223207378754
1.5940087175356665
1.5900404291762245
1.580605599036952
1.565400883016549
1.5226895016771385
1.4758172751937106
1.382360815960505
1.2877532768742859
1.1066927296696765
1.598042519304242
1.5875640856101805
1.555950145755934
1.4551649263056305
1.2530723843381628
1.0607935746091552
0.8593328940235535
1.5796006572011443
1.5695504116769825
1.5554221379438946
1.532175625768132
1.4790086776468487
1.4210703435447607
1.3157376237717782
1.2096933724953818
1.010389325701143
0.8052144789026237
1.5387723386352694
1.5146045446757155
1.4907487461182762
1.4705114876835312
1.4102354265529047
1.347391373841168
1.2275433569459173
1.1220620130626935
0.9659513512393858
0.918206335993741
0.7084098476439732
1.4846423579632368
1.454429106499233
1.4303912896256714
1.401428406909576
1.3361797502748807
1.2732796203703916
1.154479954090601
1.0418876056008948
0.8344726683098309
0.6261172408073803
