1.0972371187546244
1.1065717800617283
1.0533508750700402
0.970345059578319
0.8818020656315859
0.8075036762052809
0.7327508659614016
0.668078601706695
0.5789934413026463
0.45683124523799445
1.2227015119936473
1.242388528006358
1.243160082493166
1.2268364593521837
1.1428449499541904
1.0373702581567836
0.9457323612499977
0.8527844367295707
0.7722849301336774
0.6953826157706513
0.6238902029259692
0.5666421429840458
0.4619753369738305
1.343251686567995
1.3530136513823892
1.359099331638711
1.3614812542760537
1.3603048235935153
1.3011152170900822
1.1851788345413916
1.0774883253500396
0.9665518232731648
0.8701544311627225
0.7781190831577128
0.6926996636047873
0.6244321006359709
0.44550761169588216
1.4550765277391182
1.4707687981154183
1.4724081473042674
1.4699927147134493
1.4638454473812406
1.4480314281423214
1.3379625864562328
1.215636787327594
1.085686831811926
0.9719186062634276
0.8632464265045815
0.762544329834304
0.6822413497183877
0.603507106651735
1.608985358950905
1.618453615359701
1.6231138934809504
1.6213239316748747
1.6182997234615213
1.5660676993272729
1.4336130822090456
1.2755919245191905
1.1333207807501635
0.9967390720066603
0.870355794373773
0.7699303610630382
0.6718984812630325
0.5886403186869961
1.7099458960241944
1.7184074037650634
1.7217879263816205
1.7175422068189488
1.7131301923655327
1.7011008573550037
1.5980859436227124
1.4245477965492406
1.2602707304881524
1.1008395313293302
0.9531975883622121
0.8361652371778088
0.7223332093500606
0.6260319017013027
1.5178418330440089
1.3407121283720023
1.1666262347086949
1.0051011454138015
0.8772133116006574
0.64837622108073
1.8201936290879304
1.827066332781933
1.8129375780599357
1.7924015030446296
1.6234197154822871
1.4336649497154745
1.2427900653802608
1.0648596658837408
0.9240904415092253
0.7878158756400301
0.6731791230083878
1.877310788053352
1.8806278930902802
1.861434463388668
1.7493268521206036
1.5502308248296113
1.3391611802686625
1.1401598209775783
0.9826500367080536
0.8305915362161481
0.7032589924331163
0.5848383105801073
1.9146569374235636
1.9153585836815399
1.8959191640181616
1.8336176406393576
1.6460088345222603
1.4200837085995024
1.2033680636406365
1.0314502123802822
0.8657871152786798
0.7274130535977971
0.5994056183311638
1.940923193880372
1.9233398586164958
1.903048538114269
1.86177635239278
1.7485420505758966
1.6642648844132215
1.5106112947783625
1.2744924950523422
1.0860790705182506
0.9047338032886547
0.7537834308534155
0.6146552616447658
1.9633076433075127
1.9554335366941757
1.9209989779489642
1.8437893202325537
1.6031491512859857
1.3484904008525622
1.142801268891821
0.9447788125584855
0.7804374769099479
0.6298067752233982
1.9539999836225477
1.9326178758762032
1.9128581787142795
1.8510332352118726
1.8202823201322185
1.7161213402603168
1.5907741248626974
1.443298237262919
1.2158077792134176
0.995840448539973
0.8138225472672239
0.6479642029191462
1.9317024998953696
1.9108895566730444
1.8735001277185428
1.8106355534445058
1.7356133375480387
1.632622868132861
1.534010757456865
1.2871297071619805
1.0455307025034792
0.8457167389716553
0.6645992992384882
1.0802765394424654
1.0457043404423159
1.2107902319172152
1.2074442902543026
1.1372825766848855
1.3254252440068253
1.2888896555902924
1.423514999234485
1.330917138865682
1.5750427593461702
1.545206118936946
1.4271512935529758
1.663425211117086
1.584073947786317
1.7073247189011354
1.6721443526977235
1.7624017012170758
1.754917674926686
1.6131809060550264
1.8137258147861919
1.8030669577447682
1.7300850732438198
1.844457832654931
1.8036970679274074
1.6368788870820759
1.732629953002067
1.8830923035047102
1.8727415182434413
1.8158075228741717
1.5958659028173927
1.8443003923649701
1.7014198797795064
1.781695283270388
1.527048466138181
0.9866390459633384
0.9988154026974205
1.0737765060365048
1.0866958724689804
1.0909985514091285
1.203554403654122
1.2169528869155843
1.220296628516008
1.2140521785313976
1.197819789784956
1.334080095956264
1.346795518486225
1.3480746801473127
1.338203194923102
1.3166865253579985
1.2551581643884548
1.421496597728104
1.433054916103534
1.4322052512727248
1.4256247819472512
1.4194982679395793
1.408564795368656
1.3940875557597971
1.3595795494972984
1.322015918384944
1.5002914756460661
1.510042705161537
1.5067036604925776
1.4898215468746852
1.4764403416032932
1.4596916631898715
1.4192771312463635
1.3782489343732607
1.300786224956701
1.2261406510764399
1.0839014746280375
1.0206026133288835
0.9315500839272768
1.5825086845894216
1.5886418300619423
1.5807333114371371
1.5718328955944558
1.5582666462208845
1.5383013959151222
1.5216292927098645
1.4735102638363256
1.426590150855225
1.3507049641988207
1.2543559179274757
1.189489176021614
1.0966440535184283
1.0241850405029698
0.9281921443333206
1.6219364342396885
1.624536847513414
1.6136409154634428
1.5879710408432517
1.569320560119717
1.5461137512128138
1.4931653541464036
1.442195106191798
1.3483084453105652
1.2577572618472477
1.187804153173801
1.0889141689317312
1.0144482697324506
0.9113506038885384
1.6547134839281858
1.6527111468723716
1.6368746049775276
1.6054558582115583
1.5576252040141516
1.4433484103831307
1.2448951033148952
1.0641066146392484
0.8762239287480078
1.6634901029909477
1.642745565650675
1.6231511327668906
1.5816978776081065
1.5506768074232338
1.488576509860257
1.4269716066254035
1.3214131036550802
1.2190503719328138
1.1543541887645594
1.0302722107101985
0.9532769702922391
0.8371536714273796
1.6541207906254283
1.6410504167102484
1.6147338245592056
1.5724774592545314
1.539784876443933
1.5146750426677915
1.446184895246112
1.3800173320087827
1.2599796778584342
1.1574012065815904
1.068760051480391
0.9619317831701135
0.8714270198982997
0.7612986361994579
1.62460891014307
1.6066400898170634
1.5768041803969017
1.5297812832988016
1.4983594232081916
1.463564683637664
1.3909992860121467
1.3251542748727367
1.2057979922513924
1.0954653831640209
1.0278977925943533
0.8945360765931587
0.8056546255745685
0.6925423754309894
0.9429050958862049
0.9555760344994818
1.024059897604265
1.037402111734782
1.0397898187445738
1.1440679253463073
1.1575419721582727
1.15839275250835
1.1284463013078376
1.2631194675892088
1.275927406172163
1.2764071737258966
1.273482586057618
1.2348373391805023
1.3421872798343186
1.3529050339085367
1.3526268613256567
1.348048608691688
1.328574555175984
1.300821207708321
1.24300766184772
1.1797697551347957
1.4119444866715263
1.4205961339861097
1.4185637644364646
1.4119672829596441
1.38737674359463
1.3562332827712835
1.2892793538262677
1.219838006541394
1.0819019789708275
0.9310044788859476
1.4825149654363898
1.486740995914693
1.480666959965143
1.4725492906594146
1.4411072644293543
1.4042274993931718
1.3380256467464093
1.2480608952162298
1.0946682611012701
0.9276655075332152
1.5149530960138193
1.5155881935149444
1.5089708928142318
1.4969401079428233
1.4608586193990405
1.4199703533350372
1.3367887741242503
1.2515711054259624
1.0870159106489552
1.5388413830088037
1.5340786516141462
1.5092814904356817
1.4216515004256987
1.2389277821584164
1.0623176767306335
0.8757697273744691
1.54037200726088
1.5336403108945997
1.5227706704590074
1.5036290408974249
1.4577188425557452
1.4062442962663486
1.3107050489260317
1.213404059781499
1.0286169901674207
0.8367408830549837
1.5233742661295204
1.5066191185497289
1.4873653390357808
1.470248829970124
1.417334813063471
1.3607164634690536
1.2505712524457322
1.1523575231291037
1.0056297813648574
0.9604859787702001
0.7609585959914711
1.4897420933953474
1.4673857193649322
1.447565471835785
1.42273005375041
1.3646795117588966
1.3072987927198634
1.196967447089277
1.090907409452299
0.8932842256727852
0.6922633305096983
