1.4034792392963091
1.4089716467573776
1.3233669963208017
1.204078505578684
1.0788032285952494
0.9741832955865223
0.8691983215815251
0.7785834535270485
0.6541808480203614
0.48488361579736244
1.5694644491032381
1.5871545732128796
1.5834832231760534
1.5546665748850728
1.4308628184401158
1.2814503925287037
1.1529776703250822
1.0233396362076135
0.9115387179894289
0.8052377921503577
0.7069332397542756
0.6286986811074335
0.4871224704707562
1.726465845628947
1.7359292819281784
1.740705895093528
1.738773471893574
1.7356180208323937
1.6428387357917957
1.4774001869446138
1.3266462065727993
1.17259092058294
1.039513859800998
0.913234950131764
0.7968294633411012
0.704515911196596
0.4668284778268561
1.8743612511736818
1.8880215808125385
1.887984639424222
1.8800136052583478
1.8688449522231994
1.8435235602825952
1.6835817742396493
1.5120801744185033
1.3320741976091457
1.1756894460082767
1.0274037596684813
0.8910980964011018
0.7833755508224785
0.6787579912609021
2.081953918676867
2.0907948872439213
2.093495028227845
2.0857127469111436
2.080016979953445
1.9997087077576163
1.8117360656766532
1.5928363586949241
1.3979399442410805
1.2125083516762627
1.042542891391665
0.908865366253995
0.779767465672591
0.6715502992284267
2.2223082075185725
2.2299868422042417
2.2310134780110813
2.2203849292657263
2.2127096390019636
2.1935279358721784
2.04427368347263
1.8029454837356285
1.5779555170927968
1.361820313755251
1.1637080365800734
1.0083558788822955
0.8589323527640919
0.7342289167911359
1.93713368247224
1.6943226789205468
1.4583489880353686
1.2416932603634228
1.0720282778274355
0.7737033128425516
2.382774043090013
2.3849037806337265
2.36092686749276
2.3299883572468736
2.09165290765368
1.8310727862426441
1.5721585812997416
1.3334138796065107
1.146606425514589
0.9677894321365194
0.8194021364696138
2.471701716713084
2.4703322008459105
2.4399500241105048
2.2804568620314134
2.0060834766483016
1.7192864227757692
1.4518777630465485
1.2425271922060548
1.042643785079202
0.8773651671187455
0.7260539194594695
2.5344976131646195
2.531111098395912
2.5012700930520846
2.4124868812019535
2.1531062817554525
1.845539474083047
1.5537706956432515
1.3247698028550197
1.1064598267470265
0.9264257802431559
0.7621793386960724
2.5835401837872944
2.5576292898465827
2.5286803179683908
2.4708756669283765
2.314493742253769
2.199037792622512
1.9898271746752092
1.671095564260317
1.4193239773985504
1.179460773919032
0.9821867482349967
0.802883557449229
2.637224353246189
2.624740286267655
2.5764744210386765
2.4698164678752232
2.140937824144159
1.7961744848204506
1.5202427245732262
1.2570610208688506
1.0410978721153799
0.8455269044461957
2.655155073271368
2.6263818585463072
2.599490250236129
2.5153588107595084
2.4733921633493274
2.3314386389590296
2.161080458202929
1.9611376067693558
1.6542776871222706
1.3598964363004216
1.1186670539199421
0.9011550270824118
2.661546807003051
2.6342671014294154
2.5843590214109446
2.4996956245808164
2.3983370320129747
2.2585474303615447
2.124597277874219
1.7899322727393299
1.4641713263848184
1.196886004765622
0.9567175874657444
1.3724090065157861
1.3139987611017716
1.543250069986566
1.5306681376927205
1.4240558264884995
1.6886072004229644
1.6277212085002501
1.8128937255294133
1.674869567940065
2.025237160171534
1.973424700106138
1.8036629268587847
2.1454249287425418
2.026486631091735
2.2211134864230333
2.1553331180428175
2.3008647574317607
2.2813899749290196
2.0784425030173095
2.382371585724019
2.3603510495973237
2.25523641803527
2.4329066597165707
2.3727597139906402
2.140986892368835
2.2930265076611294
2.5266354414997627
2.5104046457047824
2.4314364826968755
2.130882764796054
2.5045881244455597
2.3106532525012944
2.457820693599981
2.1143283700855267
1.2521576494135072
1.2633156088518058
1.3636460285245529
1.375315626537997
1.3761736394744266
1.5312817196558541
1.543042228751675
1.5422325655420361
1.5287915435506516
1.5023815850087021
1.7029627489456334
1.7136146091176143
1.7099523685770515
1.6913822400021834
1.6578324812701086
1.5683427820376261
1.8210247148921492
1.8302876262898595
1.8237885496683381
1.811792919520167
1.8017747907764194
1.784788772332372
1.763087840150351
1.7130199115939262
1.6596921340453799
1.931173478663427
1.9382639970368736
1.9289820865765988
1.9016123795164894
1.8814597131371382
1.8569686696961316
1.7993131168295489
1.7417336108960164
1.634516082137474
1.5321688953336214
1.339204464440263
1.2539901409846517
1.1349149829452028
2.0533591493461647
2.056741659195824
2.0421227353292717
2.0282679084873303
2.0080877523206526
1.9791702880224853
1.9554379493370342
1.8880295964509315
1.8231236401804134
1.7191289037195088
1.5882146625332263
1.5006369035808211
1.3759722349007548
1.279291903688123
1.1520437020597982
2.1181499278819116
2.1177547093651516
2.099800238652517
2.0623340945783815
2.0358300433667584
2.003266597919872
1.9299111440544607
1.8599996295107704
1.7321734574708993
1.6097373207124064
1.5157646512868563
1.3835596204802534
1.2846167907071044
1.1485087461564418
2.1827273513612186
2.1777506614782633
2.1542731297465787
2.1101970173070277
2.0441669733304018
1.8882235313245805
1.6204903004433815
1.3792504946468265
1.131257823181513
2.214192196848914
2.1850387006766527
2.1581052345759484
2.101356084034518
2.059221407148683
1.9749470174783046
1.8915221465047907
1.7493114373850265
1.6120063141966678
1.5255390114126244
1.3605057738195987
1.2586025509639989
1.1057729347774792
2.239401713223624
2.2231306265276474
2.188593709774719
2.1322983172273644
2.088528779129423
2.0548806600682576
1.9628176304678173
1.8739105529769666
1.7126387281148503
1.5751274532958952
1.4566997254205016
1.3144088027206635
1.1945880771675828
1.049440010860203
2.232611687992768
2.2115256165234642
2.173564274005638
2.1120476588552273
2.070457234319504
2.024176672119916
1.9271177482343076
1.8388215653768256
1.678437108986614
1.5304392948735615
1.4397442762900905
1.2616338384086168
1.1434518304609564
0.993416269698647
1.1906651439786815
1.2017671186407624
1.2938411581393054
1.305319542449522
1.30253162759772
1.4480040756215395
1.4591465085964768
1.4539567389883046
1.4044051989460684
1.6040836802154292
1.6139960825991144
1.610822143670416
1.6043096061196982
1.5433348632016186
1.710695802243419
1.7183145306791745
1.714775673006566
1.7055507556870932
1.674385682294607
1.633357882696439
1.55113831934988
1.4630748873917225
1.8086636671493748
1.8138955443126827
1.8082064678775118
1.79663585940806
1.7590815061826475
1.714029262338752
1.6200914287259793
1.5242966161098959
1.336723832307147
1.1342428672376097
1.9152169642959214
1.9157760665318613
1.9048601317374185
1.8921944912295416
1.8463328556641037
1.7943803008656627
1.702858291115971
1.5801501084168952
1.3734454671031724
1.1513697098987252
1.9705087296794264
1.9675636723317236
1.9568373420502594
1.9389238794372896
1.8876591577875241
1.8309409474261007
1.7171139163438736
1.6016472920198388
1.3812685637750213
2.0230670505520267
2.01462387996364
1.9793889596671141
1.8590908825330332
1.6124298100277763
1.3768096151054945
1.130625970695537
2.0450321380267447
2.0356490207977225
2.0207396981153787
1.9947805582978928
1.9325812686073858
1.8629889362270717
1.7344948336857908
1.6041426114598365
1.3581594887428885
1.1051689754952763
2.0593561132859883
2.038877832870746
2.013941894716239
1.9915516661724961
1.9214802923982954
1.846103150041075
1.6989300358334187
1.5676887622420712
1.3722657850787894
1.312206797696252
1.0488899200660258
2.046388133010479
2.0204166776232473
1.9956132600786813
1.9637837275801162
1.887882507070862
1.8119912972573406
1.6649528493884953
1.5233469793015302
1.2595861298973645
0.9929160834330855
