1.4416053044298027
1.451929879937324
1.3840796910910556
1.2786899920210058
1.164785203212829
1.0678380758607904
0.9690748927248227
0.8825740471472486
0.7619379470752107
0.5939855757109994
1.6531485970353141
1.677147321388511
1.6777563489911846
1.656426125517655
1.5475997400441848
1.4094450698030518
1.287840227135597
1.1630739115295792
1.0537973230951636
0.9484501868411483
0.8497727334876845
0.7703252989527605
0.6242410517773657
1.8616010367503306
1.8741825910587668
1.88202428489527
1.8850648901509768
1.8835315101609666
1.805638016113069
1.6513451889796376
1.5061834768445348
1.3550052828626051
1.2222465654211725
1.09444270285435
0.975050844685686
0.8792126358296507
0.6270605188317754
2.0676874456333456
2.08923763588212
2.091639712162666
2.08881035384702
2.0807043493090576
2.0598764234157834
1.9113885981681078
1.7439411766463957
1.5640760336556667
1.4049879290466347
1.2518461476143825
1.1091109079737675
0.9948697752106684
0.8825602256592789
2.3755089735723574
2.3899373632737824
2.3975967358197408
2.3966882808201913
2.392932164477072
2.3224468513538907
2.1377329624781964
1.9138927775822276
1.71012289054274
1.5129954670555914
1.329615419822946
1.1834354164624457
1.0404202308357233
0.9189696294897345
2.599590942014198
2.6136956762578984
2.6204192761928584
2.6170402500958523
2.6115415067552137
2.595715194135726
2.4519063311562617
2.202447195416279
1.9629016335759883
1.7284349357283362
1.51010862147004
1.3364801650757914
1.1672012638076834
1.0239854435381557
2.3898123486697553
2.12879416243397
1.8697897057977606
1.628025535273477
1.4359332496208852
1.0912594933885809
2.8777904895946347
2.8959057761471225
2.8799857489780516
2.852456578399861
2.608712177655993
2.3261514039272613
2.038419469575709
1.7683495466564418
1.5538208347172364
1.345509496836933
1.1701271931463544
3.0481532211740623
3.0629675083526204
3.0410193180127485
2.8815467386959077
2.5825228998822767
2.2594363563529463
1.9520689672396927
1.707554423377956
1.4705993755036268
1.27170408961038
1.0870152657570857
3.179330467667586
3.1913388060779755
3.169846497551812
3.0832409725130407
2.8013899640511455
2.4517388450469237
2.1122246046538913
1.8411626579437752
1.5787396186590623
1.3589668471440306
1.1554769031112933
3.320621586578228
3.3013197223176673
3.2744111383258616
3.2158805587893085
3.0459612097717006
2.9157278252596113
2.674545804067001
2.299022832583288
1.9967790660039588
1.7041352518912085
1.4595842231464198
1.233867236931591
3.436555189049148
3.439399049404137
3.398502754537638
3.2871697020091553
2.911472606006269
2.5008757607944263
2.1650808875980436
1.8392666965284004
1.567428193046834
1.3172976904993454
3.5669514356003234
3.5427160344559288
3.516520674702158
3.4270663690907077
3.3801866402958978
3.2163703792143092
3.0140238046573296
2.771417504765895
2.3921203129888617
2.021185618033603
1.711829767769542
1.4281644179469977
3.663365668928054
3.639305614899641
3.588431250406279
3.4944006212736234
3.376597514878837
3.2088693660970935
3.044719670846593
2.6259612975768665
2.20893079389032
1.8601996691690557
1.5412304091244329
1.41938795500075
1.3746932721578564
1.6368592449421278
1.631809372413189
1.5404665796422328
1.8377706705201509
1.7894669994083248
2.026423483222509
1.9016644420193138
2.330832279507872
2.2922588920419824
2.128266092637186
2.539151147244148
2.4306179653171696
2.648363089261053
2.6104393479503507
2.7938095794968505
2.7927894067947445
2.592105021795851
2.953232939587016
2.950046048305218
2.8493281864148985
3.0821892132861315
3.0317708648397383
2.7853335624035007
3.0171232728328827
3.299384762426993
3.3094744217102385
3.234894798485412
2.8974060892463016
3.3987825894049006
3.186784518011478
3.433832253555425
3.0294022966532492
1.3044647085358632
1.318505882212108
1.4489180480087702
1.464429909561319
1.4691808274782707
1.6773175737316337
1.6945095270948465
1.6987281286878066
1.6902780106321105
1.6684140037470805
1.9278023003234621
1.9458234384301365
1.9481817928388532
1.9351722395234412
1.9060417932252793
1.8213789751609475
2.1124370405738255
2.1304409185976
2.130899501549703
2.122494753857092
2.114333291619386
2.0995247799919183
2.0795622030455174
2.031529282738822
1.978673395177096
2.2972200035807364
2.314787827155798
2.3126355397048917
2.290805239584358
2.27235583479706
2.2490288274330257
2.1920187897998904
2.1330885212746264
2.021043917981048
1.9120916065318905
1.703169343339952
1.6097827788155556
1.478001884084752
2.5233061442714115
2.5382424213691746
2.531545252130828
2.5204655616252003
2.5023259957094375
2.4744490357366202
2.4506881061249066
2.3812049134514726
2.3122161138649724
2.1994340078357033
2.054868587511309
1.9570253387165635
1.816248062310879
1.7062259965872864
1.5599276957313606
2.6586936109933554
2.6707866863044063
2.660272707003016
2.626725556287318
2.600689909866227
2.5673559091194993
2.4895353822691058
2.4134286295214
2.2711591566386886
2.132583526052671
2.024942035648096
1.8721279927171959
1.7566140165255808
1.5963574030571621
2.8156915927167945
2.823631320341455
2.8074307181841323
2.7657677232288647
2.6968827901162817
2.5237472165010195
2.21390844847173
1.9275481161300054
1.627439791250764
2.926673666383778
2.9085905891757773
2.8835838498090527
2.825013581390243
2.7791515123550266
2.6844810780586004
2.5884505711434524
2.4211836189190814
2.2571640256543986
2.1526794844239485
1.9512944184408367
1.8257398473668045
1.6355487039018355
3.0493769035719853
3.0454728104716566
3.0156799504031224
2.9576691262159964
2.909347335156056
2.87117452054551
2.7637678891601647
2.6578405984936335
2.461331825721842
2.291038511514156
2.142542355157004
1.9625769803684723
1.8093697521148642
1.6219334996767834
3.1167857120172906
3.1069798774807573
3.0723117414793757
3.006437194316466
2.9592177463287372
2.9054391137741553
2.7891193779359744
2.6808391934754643
2.480482874231021
2.29219540071476
2.1758113928164513
1.9445901978956488
1.789374489245702
1.5901566271433953
1.2491458671192477
1.2636543256700663
1.3846688242820326
1.4006283250442606
1.4026097285950487
1.5978626373925149
1.6152880055482137
1.6159348179811255
1.575315456659676
1.8296770280359036
1.8480178012389377
1.8490858869080162
1.8453554199931723
1.7926404403444218
2.0000724782354196
2.0172067801591806
2.017778845783849
2.01214179782273
1.9859335334841126
1.9473804790997429
1.8660416573592329
1.7760577456378093
2.168739666736449
2.1852328304731317
2.1838954849823464
2.1759078647446444
2.142890309129208
2.099027863677827
2.003090508357474
1.9021769411746992
1.6999681996333573
1.4771073949855762
2.3731528887344036
2.386372375490948
2.380704117683514
2.3706614600579106
2.32802065945631
2.275294049860687
2.178300856408844
2.0442423285505487
1.812831392476242
1.558985288038669
2.4944030493980334
2.504349104718972
2.498311635025568
2.4836307655684147
2.4341060169910076
2.3750256456565135
2.2509913310723912
2.1216046817211422
1.8686559148421935
2.633038700332903
2.6378658126611843
2.6094972311595552
2.4838060378127693
2.2025428389650616
1.9240023323237962
1.6264853265158465
2.7285740285327353
2.7250257861961518
2.7136887207582303
2.6897434392585207
2.625182225610801
2.548174345822463
2.399960814082907
2.2457312632218303
1.9477727261376616
1.6346030596520436
2.8315835218100744
2.823568185942399
2.801734073447663
2.7794679640059607
2.703332912798071
2.61681416556282
2.440758243450835
2.279698114090377
2.0351710790066977
1.9590966146304392
1.621021049571932
2.885350251476878
2.8706279844798663
2.847754739835704
2.8150323740184504
2.7297804134944474
2.6398822556517505
2.4595322470637173
2.2809765994885334
1.9412203039009082
1.5892869392681503
