1.6894307317088841
1.7064774780420622
1.6353857543679737
1.516746565577869
1.3884030367934301
1.2798164802182581
1.1699150649224652
1.074312803161025
0.9419075209069868
0.7591152359446397
1.906334032660049
1.9402671553783701
1.944035352621206
1.9236069081191587
1.8044381697324385
1.65052749046511
1.5153419956221352
1.3772840936275446
1.257006823813271
1.141535550070674
1.0337454628744893
0.9471512946883637
0.788189898843805
2.1191182708875806
2.1360148516211743
2.147253230056985
2.15403636346722
2.1532650102783557
2.072351335313571
1.9028482596629737
1.7427973063961866
1.5765515127055203
1.431144617487882
1.291584570335505
1.1614818542927696
1.0571312601000675
0.7821428351741381
2.3222672115205985
2.351389364493405
2.3555013611441558
2.355190711620596
2.3478416047173916
2.3267065766820543
2.166907800443702
1.9841040740320248
1.7877510902769753
1.6145461890985744
1.4481460693534023
1.293203037634391
1.1691552025619107
1.047084676506714
2.6128866314536814
2.6310770262209004
2.641549747331134
2.643572112982111
2.640335085383089
2.568075841656864
2.3703725738303456
2.1291800634906433
1.9097314245482635
1.6975808299138717
1.5001631958525994
1.3425569412328755
1.1880258227486562
1.0562181211822315
2.813197768217692
2.830512718513166
2.8396141563517396
2.8383499181217937
2.833250459224714
2.817516320655142
2.666540775189596
2.4007554680047423
2.145202972573897
1.895015781831249
1.6618430195655407
1.4760250221253595
1.2943752215481383
1.1400052236597518
2.5725014348283044
2.2957263230961917
2.020968819884873
1.7641924548785268
1.5597105585097137
1.1908875989722538
3.045819406216784
3.0675798856654595
3.052281865650668
3.024093575857198
2.768500950943183
2.4709856703717366
2.167852050042151
1.8829555909841194
1.6561194349595822
1.4352108859947643
1.2482594317114801
3.177013844552043
3.193661179321298
3.171234240035782
3.004960380933096
2.6926627844855053
2.3552499460795278
2.033917713791166
1.7777283206041214
1.5287651955805468
1.3187390085094886
1.1224793088356502
3.2705984438510174
3.2827547478479073
3.259991317116911
3.1694548468079735
2.876503108346314
2.513900074015125
2.161702891685676
1.8799999151536948
1.6065822769805846
1.3765236128424954
1.1622531296511889
3.362558109806864
3.34137711621081
3.312953926011321
3.2516479744146096
3.075414329425173
2.941024226404082
2.6928043480922925
2.3066261945888336
1.9954730244488084
1.6936035006867136
1.440281142881326
1.2052340957496077
3.4258034412263343
3.424939348480919
3.379607505169245
3.262946388002205
2.8773008560291666
2.4586133185535677
2.1163741149709643
1.7839222044529148
1.5055866902644823
1.2483364545796651
3.472052333647325
3.443884527637963
3.4154272439823656
3.3211373477340667
3.272757228525166
3.105089613565543
2.8999623210954897
2.6551858093926746
2.2734712838610993
1.9004172108980826
1.5886279390697007
1.3018420530789867
3.482052839337074
3.4537313824323155
3.3981864861896747
3.299720469217517
3.179099471300117
3.0097577722678364
2.8454196555470737
2.4286068636342226
2.015124127758975
1.6692738475537614
1.3524835191440538
1.6686164233471132
1.6237007754684367
1.8941345630841946
1.8935885163263493
1.7957430578338587
2.100769655700783
2.053018916348386
2.287488946475018
2.1555153217913885
2.569721870622273
2.5337876928771754
2.359633106640996
2.754767965992833
2.6429736098263668
2.8372964693809313
2.8046796501728917
2.9578888351124926
2.9601145095787
2.7507747126040942
3.0784321353919286
3.0763231634683943
2.971330106085839
3.16990156738295
3.1167249928265095
2.860171705666541
3.0467128522154847
3.289102252980913
3.2925105270073303
3.2120595416611866
2.8637907785707846
3.2992963228731003
3.077531458597221
3.2449440769172466
2.8318968042227497
1.5286684656362348
1.5489321695820135
1.6802396573859484
1.7023124780724617
1.7112436149434782
1.9126654971307573
1.9366270438810365
1.9449785705237272
1.9386874011541844
1.9169085622706146
2.1564530044129877
2.1808248258403293
2.1868914687840255
2.1757541846062076
2.1461850724193954
2.0564232630173374
2.327421821393313
2.351098029985747
2.35474213541783
2.3473638229068303
2.339447390472385
2.3245277643516884
2.30396350333384
2.253479909499867
2.197346195890446
2.489554435919972
2.5118127612521466
2.512008731178328
2.49075467802887
2.471977367778246
2.4477722713580228
2.3878057431543724
2.325589151906628
2.2066097970412626
2.090711684763226
1.8679833748484813
1.7682803600914483
1.6274642806113593
2.6728171275294517
2.6905100939633737
2.6845909067423395
2.6734118736292305
2.6548082559057296
2.62597928157159
2.6012527328156154
2.5284423495739485
2.4559901209821082
2.3373420588998592
2.1851193810475937
2.081991916817814
1.9335561603588558
1.817331385271402
1.6626051126350083
2.7717973988209064
2.7848817476159096
2.7742660671587234
2.7393025048135713
2.7121095869334004
2.6774375876350653
2.5960402474778554
2.5164261054980224
2.3677405483429492
2.222883285659967
2.11027546152323
1.950341706060513
1.8292909849156627
1.6610390063755944
2.8717833655036307
2.8782823867431726
2.8602714963185765
2.815993541021543
2.7437412209487
2.563811388486123
2.2430152329796456
1.946519542116629
1.635312153545986
2.9288473613955905
2.906408625068334
2.879111883077283
2.8171356851388003
2.76913147843071
2.6709156917216497
2.571881106338041
2.399938673095141
2.2316029851840735
2.124479784145433
1.917987840162101
1.7890720914577931
1.593622877743241
2.962937851645619
2.952319606515219
2.9171322091072565
2.8541362785343263
2.8033267915840203
2.7635378386323914
2.652971245974408
2.5446911304031685
2.345349790946866
2.1732870892300156
2.023452044603228
1.8419930224562469
1.6873456698656912
1.4980153701496468
2.954198196154716
2.9354147586213375
2.8939412113662835
2.8222302862083537
2.7725471472725323
2.7166431549825347
2.5977563314251073
2.4882599219570576
2.287271504417792
2.0993627766749765
1.9836454474250178
1.753579046505411
1.5993329582822533
1.4014176353231884
1.4654633718584473
1.4867908159188177
1.6076515667937417
1.6307703225005756
1.6373339161847698
1.8243965837547254
1.849046078223681
1.854172074586285
1.8144778490783098
2.0492457815653853
2.0745391274910805
2.078219957624146
2.0757173845153964
2.0230504200488935
2.2062236727207782
2.2292249873983274
2.2317760958712727
2.227477575270012
2.2017685327208407
2.161862907061544
2.0757635192538175
1.979694575059838
2.3526969125054586
2.3739523154179247
2.3741369140577415
2.3669265445324474
2.33352877469679
2.287981060788716
2.1868078558967823
2.0797869886988223
1.8644637131361226
1.626483922764831
2.5152921931188787
2.531026164378531
2.5259811667198107
2.5159355601903757
2.4718315567824374
2.416743236956716
2.3149284684121065
2.1738835094948255
1.9299651156824726
1.6616236741922146
2.601311074667406
2.6119164580313203
2.6056427365104238
2.5904591884676265
2.5385863855974686
2.4767010258726345
2.346961052414679
2.2116180280136746
1.9468128105329894
2.684634207109754
2.687502868351996
2.6562253638655844
2.5240703100530575
2.2318478483757347
1.9430885464628413
1.634409798581414
2.7277668561967974
2.722114986981104
2.7088187214088024
2.682343860494599
2.613611135612808
2.5331315854091687
2.379687732481143
2.2207897606136044
1.9147264392390595
1.5928834513535595
2.7457498404539487
2.7299148783003546
2.7039778354596278
2.6790878651062955
2.5976888566811094
2.507412459448699
2.326900982729412
2.163249657090116
1.915739365477288
1.8390104093661646
1.4972727917793938
2.726923886193731
2.7016979730440505
2.674012484461516
2.6370504271485817
2.545988522715156
2.4528276699833906
2.2694488931370986
2.0900017805947777
1.750887305158538
1.400771238031395
