1.2322978148619073
1.237932629078348
1.1616325975016564
1.0554176003941214
0.9448072401034368
0.8532088918392097
0.7619061930239309
0.6835757945006861
0.5765613537872295
0.43134766088156823
1.3477534437905077
1.363683180570391
1.3604638559128717
1.3349988503893961
1.2260616984565988
1.0956801659082207
0.9844484084190097
0.8728735513352389
0.7771672409372137
0.686481718667711
0.6027397440082802
0.5360751685956063
0.41512489474670755
1.4538564573390178
1.461914063280117
1.4658814583393183
1.4638791965746774
1.4610188309662098
1.3797613387539145
1.2367931254784938
1.1076256622493612
0.9764040796782246
0.8636079817994782
0.7568982558604644
0.6586236217289733
0.5806246537093211
0.3785969296700965
1.5474142224726668
1.557979043430288
1.5575875016459886
1.5500590068359203
1.540158098705082
1.5178949626382756
1.380558817616293
1.2350758577823053
1.0833912327266135
0.9522776282796899
0.8283083633702273
0.7144449870382569
0.6243726759023698
0.5367428439312765
1.667092566644384
1.67308301450273
1.6740697869764833
1.6658388971262525
1.6605866318680302
1.5909375709294142
1.433037004372406
1.2514585728978411
1.0908728756463846
0.9386250742429393
0.7992331597499753
0.6895438099437785
0.5834850193649275
0.4943300501574739
1.7378652859062307
1.7422119540351573
1.7412298149530616
1.7300067144594249
1.7229321224788061
1.7058697761542017
1.5798610293449675
1.3814631743016363
1.1984591029896736
1.0235394169817462
0.8635148594468852
0.7380612904379211
0.6173542788570499
0.5164374818982252
1.4621226319827483
1.266079446922602
1.076789393634942
0.903482916094899
0.7678934072022416
0.5294701814868751
1.8045795728479122
1.7997448629447925
1.7764433486693245
1.7492879663829162
1.5526611615248775
1.343732355478014
1.1380896224965062
0.9492556083094961
0.8017784289778821
0.660790224836949
0.5438111322092521
1.8310434253966295
1.822386567362926
1.79303675187705
1.6594183883701077
1.4403697283414942
1.2151640256449399
1.0066019867170393
0.8438795333378617
0.6889194847615231
0.5610651115963863
0.44396962165764453
1.8425735085751116
1.8319537378897544
1.8026127699833672
1.7267271844146865
1.5191148375685641
1.279481308609551
1.0544828399442892
0.8787868155617296
0.7119469258928968
0.5748005928395357
0.4499526014842123
1.8281108229795984
1.8025233792469395
1.7768849215599956
1.7282247287000627
1.6026306136190065
1.5123043923054598
1.3510386009017807
1.108065934709464
0.9176625635324456
0.7372928378229656
0.5896783769245717
0.4560776752791227
1.8330160976748788
1.8134834975584608
1.7677753027763616
1.679091887039563
1.423559865285839
1.1635398452991128
0.9578650375510873
0.763228257920432
0.6046324871769306
0.4619307021555107
1.7758861154672514
1.7479755748979822
1.724243933436071
1.6544645283647204
1.6210741679221607
1.511210901948033
1.3821501313389193
1.234157171769491
1.0093126408790762
0.7961563077117856
0.6232132090897939
0.46873452170866486
1.7209846705391052
1.6948361820392548
1.6516310444039628
1.5832468606800574
1.5047333739311666
1.3997419116500613
1.30114750961502
1.0592500901273654
0.8279528022427343
0.6407490204544158
0.4746781870424114
1.2048196440536578
1.1531083463553315
1.3247436130852406
1.3137617070493417
1.2200810286887867
1.4202357932949932
1.3668173327996
1.492332400762716
1.3733590839428862
1.6167335366729596
1.5700509914580054
1.4266997171575597
1.6687853816015288
1.566314007716974
1.7083479009644995
1.643228669603385
1.737600757113887
1.7136593214292473
1.5431751129405011
1.7594426701657768
1.732120237045577
1.6417761299870877
1.7553280933015583
1.6995520901959846
1.5110373861605733
1.5886722537380493
1.7548591527416513
1.725241418224181
1.6547442469743079
1.4174346066425592
1.6567634095993902
1.4989672233666762
1.5593513921578608
1.2956411069064546
1.0954029387092339
1.10611817329396
1.1738026813997562
1.1845342587866177
1.1855845532005365
1.284581566738941
1.2945618847550964
1.293568123599668
1.2816949411911966
1.2587891020296993
1.387456397637352
1.395225636221659
1.3911001749739795
1.3744417055268507
1.3453691737138749
1.2692284512432703
1.4501342609032315
1.455652964970371
1.4483721789097665
1.4374181011191356
1.4285543336753899
1.413752756569275
1.3951717164113513
1.3527652911133252
1.3080860890594879
1.5003614219480088
1.5026887435430747
1.4925064552216363
1.4677271987089167
1.4503700449658008
1.4295121674061966
1.3810783188987814
1.3334527962292633
1.2454179601468265
1.162030468640411
1.0055109411629624
0.9365210350198345
0.840293766544299
1.5419844129376374
1.5397892040577545
1.5239683738432654
1.5111241365713872
1.4932611066703032
1.4685625958074586
1.4486789326811842
1.392879994485193
1.340031399123667
1.2562545260934985
1.1516555272375613
1.0819887320058452
0.9832335704584643
0.9066665054560751
0.806184948008049
1.5536245616818591
1.547041173068551
1.5282268761496798
1.4945739846897088
1.47190830291769
1.4447271156127475
1.384793797098194
1.3285042194722143
1.2269806922268314
1.130599962195967
1.0570164231434651
0.9538009456547353
0.8768203907930494
0.7711159292137153
1.5501799253593875
1.5386022648764734
1.5144539163363056
1.4752947857401975
1.4202209803737669
1.2958368465934371
1.0882258666805782
0.9035921659347955
0.7154751010901237
1.5256375043792645
1.4936472704900883
1.4690956031178253
1.4210036911406156
1.3866187212690035
1.31965609125122
1.2546407871351029
1.1456552345388373
1.0415019121683529
0.9763914585169834
0.852779232792557
0.7768516405860678
0.663487496704382
1.481537346448729
1.4589500516694613
1.4252650134100529
1.3766130508727819
1.3408704581420317
1.314037573159319
1.2425854387921076
1.1749067846340466
1.054602241645398
0.9535595695011859
0.8671551536849617
0.7640638706943961
0.6777757896306247
0.573988559947349
1.4246560276517517
1.3977587544527084
1.361345563422873
1.3091542751255054
1.2756783969523608
1.2393431916830833
1.165433615598795
1.0997451208243092
0.9827063318672485
0.876509558667547
0.8120220793020653
0.686447407305041
0.6038180201887196
0.5000752023156573
1.0404770045254081
1.0512443916868286
1.1123634449371256
1.1229699085524716
1.1209729370273267
1.2129101545872494
1.222214952045101
1.217532614981135
1.1745775795309403
1.3043600778928492
1.3112277049503238
1.307794926566089
1.3017939218121777
1.2490051380674199
1.3588769480244676
1.3627413656960947
1.3586542975877218
1.3499857554122838
1.3225577612874084
1.2875840858968093
1.2185032867069825
1.1453324976809627
1.400821313623857
1.4011877244921511
1.3949354441973243
1.3839767199358173
1.3508879952023758
1.3127725054067256
1.2347583846478087
1.1562723339256686
1.0037382782598159
0.8398296711856504
1.432243816964501
1.426946424059825
1.4153757934718734
1.4035424341354867
1.3633517643311412
1.3198232411432045
1.244940995105083
1.1461436318552782
0.9815626528194705
0.8057611287554095
1.4381770016425848
1.429021494152326
1.4174873461521917
1.4005945903958905
1.3560820712576969
1.3089309709446213
1.2170053691667844
1.1253368020845207
0.95224781337673
1.4276894246342235
1.4126277170241117
1.37820604803008
1.2773704719322525
1.0833412042145587
0.902193543700325
0.7151436193895132
1.3978870586853318
1.3860777157650082
1.3707848227947421
1.3467691669947943
1.2938238810395244
1.237487604767634
1.136975896572178
1.0370278263825423
0.8515349156606697
0.6632016286722627
1.3492623623773425
1.3223849079694547
1.2980058350730883
1.2779063136169109
1.2194381583300193
1.1596345577035676
1.0473499406999807
0.9497720111152361
0.806531261851384
0.763047995203535
0.5737754053221509
1.2910332739621517
1.2593356302999192
1.2354118797084173
1.2072128006480165
1.1450451785481972
1.0861130164136843
0.9761625139495115
0.8732400378170998
0.6856211881613378
0.49991765934103605
