1.6601368505312848
1.677709822769561
1.6159247807333725
1.5073169410551273
1.3880747745594804
1.2860774870842138
1.181928030948508
1.0905408613129761
0.9628238950335635
0.784334299376634
1.906344156750477
1.9411437186713323
1.9463672339281815
1.9295599442846927
1.8205140830032907
1.67608645986112
1.547616682604908
1.4152018712646515
1.2988385925576857
1.1862974367922567
1.0805592467901088
0.9951531326622064
0.8372955462271128
2.152759652647844
2.1704207949478502
2.182596503334068
2.1913004619780914
2.191257267707777
2.1192205484447997
1.9592396332753808
1.8056204612278466
1.6444280914966776
1.5021822430229759
1.3646517571342005
1.2356295744932004
1.1316068077728938
0.8553438047152887
2.3966205797493534
2.4288542558683326
2.4340628584801793
2.4362956043704025
2.4306067671379763
2.4122350719311987
2.2617293302417476
2.0847834363806172
1.892372909095507
1.7210261880927735
1.555176517776664
1.3997749757503257
1.2747209488481133
1.1510852742316608
2.7618177762778884
2.7829603812661707
2.796164684374808
2.802199061955292
2.8001748320804802
2.7350778006661876
2.5429620020922674
2.303239340461008
2.0825042603854413
1.8673510618621656
1.6658273190163821
1.504092792193824
1.3447534964053138
1.208337562949107
3.027957315299089
3.0492088672333773
3.061927422000741
3.065514083598693
3.0619478431700675
3.0487421923839153
2.9043682810907736
2.638439745628565
2.3783849778975727
2.121375373466962
1.8801298393269026
1.686799572102231
1.4968430861791386
1.3346787777128197
2.854265619142873
2.570868814964953
2.286412513540488
2.0185369512879268
1.8039531021016906
1.4140773269901765
3.357750909365785
3.3912491496795876
3.382503140109148
3.357614528467172
3.104470140645886
2.798142489227078
2.481672439803165
2.1816803822642283
1.9412971752972197
1.705864683232381
1.5056883112052197
3.559031567521464
3.5885714983318397
3.5738556636131857
3.4129156420625444
3.0905696416342074
2.735017600684875
2.3928291125293306
2.118037449044915
1.8493241264934732
1.6214545350078233
1.4076069258514248
3.71314656062778
3.7384127266284617
3.7238419518653556
3.638702605526241
3.3375847265408267
2.9531381182294
2.5747438608138062
2.2695889498715864
1.9713778105318804
1.7190123593716902
1.4828087723644785
3.8891170523182472
3.8750748492643936
3.8498790277486568
3.7907762354472667
3.61033806821722
3.4687425364730253
3.2031904810912257
2.784515997960565
2.443827599269696
2.110767372269322
1.8294527235031808
1.5669522638020172
4.010921841675343
4.025118252897555
3.98953479705913
3.8748855806247433
3.4658461782198375
3.0083624108541036
2.6296633297516228
2.2585385819254844
1.94553689449644
1.6543502841607998
4.167572839332064
4.145876264398006
4.120081954124231
4.026833441169336
3.9767357685939553
3.79826983099044
3.5747621255221014
3.3038796453863353
2.8762977565615535
2.4537517544400647
2.097509640286521
1.7672835111943959
4.268871826130711
4.246300202498176
4.194223370371582
4.093696135749044
3.9652848898471897
3.779950327712617
3.596994291758171
3.1256502937607364
2.6510337158794015
2.249851902705541
1.8789677794724755
1.6431108240246333
1.6048074640516696
1.8981911357233092
1.9004508638664432
1.81199662059463
2.140839299698114
2.099950844716567
2.372451639642395
2.250044747817071
2.7263736388109483
2.698986152021676
2.5315298503851866
2.981316288218377
2.8787859026681435
3.0946203896644464
3.0828064504859647
3.2699861645492714
3.286425893982674
3.0844515872058937
3.458319712705521
3.4720796624166277
3.3743044165287848
3.619683025015178
3.577300961462566
3.3182664490595664
3.5758693458472726
3.854906648869351
3.8842167736451843
3.8128403404697893
3.449017592247288
3.987773520291233
3.7632467101984908
4.022754059950854
3.578965709432533
1.5120569385599025
1.5320999459983762
1.683854123604441
1.7063056316800391
1.7162150439384396
1.9567150460266474
1.9822478976865998
1.9925421477087033
1.9886048705858217
1.9693797497702479
2.257361503922982
2.285076903521851
2.294206816528179
2.286240665489012
2.2596520904943524
2.174240674830505
2.479460168245106
2.507947010683304
2.5157879906368934
2.510742264067536
2.504109933635675
2.4908149911263147
2.471696229715545
2.4234376809781253
2.368649614937204
2.7017660398392445
2.73078651370106
2.7359087016140085
2.7189808279737977
2.7017686113003725
2.6789100864481683
2.6207551760483376
2.5589733365467624
2.439361956617117
2.321492232616075
2.0930690413309945
1.9902538467745188
1.8443652640203756
2.973183557867317
2.9995783314694298
3.000230132160465
2.99161760379819
2.9752293078658676
2.9481028604569395
2.92410802409653
2.851883047824878
2.7784708544977086
2.656610921072751
2.498517087909177
2.390702114334738
2.2346283729080203
2.1120266109767916
1.9480287574943755
3.1348273130882767
3.1582932147906013
3.1545321607206556
3.1243412996155855
3.098611412592011
3.064539684214018
2.982580803787082
2.9008068236828812
2.7457158304283613
2.592990303804992
2.473455671956343
2.302872266286131
2.1731232027166896
1.992128482689273
3.32015055387659
3.3385855711181542
3.3284093022387933
3.288728679661265
3.2175759810250364
3.0309534605985253
2.6880873942328494
2.366304267806649
2.025194246574333
3.4536448822895673
3.4437477518213298
3.420130581183344
3.3602716158270587
3.31160609134809
3.209290932667931
3.1040594039840563
2.918441474113808
2.7347948836385125
2.6170775012638154
2.388872714933719
2.245713186359821
2.0276014796760173
3.5855120559210105
3.589012215857782
3.5617737809420604
3.502044899488426
3.4504680342212155
3.4090842411741034
3.2912357232730214
3.1736424752249035
2.9533499027917163
2.760936128152307
2.592036092415418
2.386371679788423
2.210131270353434
1.9932556589495511
3.6544578195622006
3.6499937831418845
3.61606378428302
3.546253919671485
3.4950072351942834
3.4360025116304853
3.3069693471699813
3.185749481569758
2.959755585085701
2.7457116968748565
2.612852957063775
2.3471828219193136
2.1678028981960025
1.9361636530634476
1.4537284757310973
1.4749487052015209
1.6159358202302054
1.6396445664608728
1.6475513351641418
1.872308525169821
1.898966666141509
1.9064505365508082
1.8716709165347054
2.152370766962755
2.1816168929312414
2.187498392909439
2.186559233601998
2.139388210521657
2.358847005725141
2.387258713397275
2.3923094953079143
2.390309427699729
2.368200018920072
2.330606975398179
2.2467964633610675
2.1514278717712405
2.5630480486631075
2.5917810104911214
2.5950143325676813
2.5905153347255188
2.561150250646149
2.5175118849582816
2.4173749538214016
2.3092781720706514
2.08907705409694
1.8432324853568531
2.8099021553637513
2.8354963828283615
2.834923703320063
2.8273595134090113
2.7873596672856524
2.733535602672067
2.6307640284209466
2.485437534603412
2.2303749344634123
1.946838870768944
2.9553997227850446
2.9770326002450354
2.97519057479906
2.9634390089709486
2.91542484289944
2.854140451566363
2.72107667036955
2.579506115557842
2.298562480628588
3.1196056118042144
3.1352147420038023
3.1123947044969404
2.982604520299692
2.6742001105076127
2.3619321577722507
2.0240047685454785
3.2349784478217742
3.2356180964247363
3.226994438838212
3.2044160166254696
3.13801145772918
3.0555261740452226
2.892767838891758
2.72090750212935
2.384562724884158
2.026434641298101
3.3438017058096987
3.342989005203865
3.3226868701894388
3.3001083193275638
3.2192781430572643
3.1247084348113585
2.9287392492908233
2.7473373260602423
2.4691916288310902
2.38218027894997
1.9921534401149588
3.396481491433079
3.3865542353669373
3.363846174735636
3.329542279503393
3.2370048573610695
3.137409600090075
2.9349891325197017
2.732434801098735
2.3431913172611716
1.9351358274966288
