2.035793530906275
2.0596443172006444
1.987204022195261
1.8556494194850213
1.7113319704894125
1.5883468331413033
1.463281208669737
1.3540229596379305
1.2020992298244055
0.9914001536464676
2.320152728480794
2.365496003404345
2.373228081205588
2.3544902596418207
2.2239699196215987
2.0500365350189083
1.895649685034833
1.7370410035526442
1.598174062004846
1.4643122370334345
1.3389556094512711
1.2379960685821518
1.0521151683640166
2.6039222356641334
2.6265180638127
2.6423268026724993
2.6543416526225245
2.654709380193094
2.57051978216198
2.37900231308277
2.195057302485641
2.0025080902154957
1.8331160890873153
1.6697856926923595
1.5169575525585803
1.394006518670648
1.0685274423178854
2.880360068549532
2.9213839571553146
2.9282726880341166
2.9321694191529777
2.9260444694558947
2.9047980131445894
2.726165126634519
2.515186034591247
2.286077961241649
2.082558657272469
1.8860075926597122
1.7022060323314816
1.5545243090750596
1.408718298187301
3.2863801669936046
3.3125555357445817
3.3291390659993456
3.337533458381106
3.335449588669397
3.2597108111808883
3.032467505159248
2.7486108747325417
2.487659962166328
2.2337136100956214
1.996160279534143
1.8056638464412091
1.6181007497086473
1.4574691918178857
3.5751906674227065
3.6011443027238186
3.6168156345274176
3.6218952984646813
3.6179624345606776
3.6027732349706434
3.4331578576337747
3.119705477508125
2.8134992262570746
2.511264487781898
2.2278296439018868
2.000790155200618
1.7777643929097502
1.5872249803597211
3.355763447525629
3.0229274152331076
2.689243671579451
2.3752576127135554
2.123810926032735
1.6667970739231435
3.922888538854326
3.9625754091639025
3.952486712652452
3.9233819757522443
3.6264999802196147
3.2677529249639647
2.89760394302912
2.5469877477709963
2.266097114725418
1.990987480959082
1.7568237804231723
4.127868623351617
4.161854514909098
4.144139165758121
3.9553335716057663
3.578922883971115
3.1645867326373587
2.7661900808404902
2.446332689570848
2.133541749833022
1.8679967422038493
1.6183303520496233
4.279994275851442
4.308048211269544
4.289945539322148
4.189567349264932
3.8382986917410093
3.3915552068834596
2.9524611886773595
2.598492937197761
2.252597619968538
1.9595676409622385
1.6848160662126004
4.448664461819118
4.430849625245102
4.400747664874243
4.331067166761482
4.120543819278764
3.9560952552866
3.648526825983899
3.1644637060857366
2.770888052016933
2.3862084168539477
2.0609789692706424
1.7570924009903972
4.555310644785293
4.568145997241019
4.523754216818062
4.388686349897695
3.914677845678343
3.387578671929255
2.951973500223829
2.525331774935104
2.165266733096202
1.8299484877910683
4.679613209773202
4.651932780027777
4.620617924673203
4.510328964882167
4.451952961689792
4.2452061763810605
3.9879915644276704
3.6773201586436657
3.1881276920994623
2.7054100134720755
2.2984011003364557
1.9209133466389254
4.740845046005777
4.711781671496166
4.648672529854276
4.530349783031862
4.3814101485093095
4.168338334779753
3.9590916933042295
3.4222557708464723
2.883391929920876
2.428240334594476
2.00756411669846
2.017086592698917
1.9731965182867501
2.313062358481001
2.318156265010061
2.2133472462111627
2.593231324192777
2.546699146513214
2.856059216999542
2.7118643153903315
3.2463159699347486
3.216161071369918
3.0186896260818346
3.5222996640384086
3.402670347791614
3.635769623442977
3.6240836828114467
3.8199929315668824
3.839781719953449
3.603055768169248
4.010356213400082
4.025612250783402
3.910577508133177
4.170039251763003
4.119006472568129
3.8161845119898166
4.081479101826124
4.377758220489468
4.405307749335547
4.319082292474434
3.895926270108606
4.470664144488032
4.206727677561096
4.453458486711867
3.9397774875769658
1.8531565862959127
1.87957640804786
2.053403763987286
2.082767838477172
2.096459113952198
2.36703276346555
2.4000187137272673
2.4141040596087104
2.4108090898779224
2.388868381057807
2.705711093304472
2.7409053792137916
2.7533681636851868
2.7452690109494937
2.7145741398787586
2.6140206519648297
2.9504479921631903
2.9860733377145126
2.9967035983011434
2.9914406850455872
2.9839592201343343
2.9686540324262083
2.946418433076401
2.8898060284956326
2.8253063157763627
3.1897262794379553
3.225293736774069
3.2322806064465923
3.213067696500639
3.1931128343193613
3.1664337332996695
3.098186817734013
3.025665650887198
2.8850322134165842
2.7464618342917073
2.4779515518948907
2.3571706883234573
2.185802298942616
3.4722208615564045
3.5035072063440365
3.504343413309377
3.494285478861733
3.4751379343743722
3.4434366052328187
3.415375439785454
3.330763123043014
3.2448419747057193
3.102231992138949
2.9173333610716896
2.7912823239790447
2.6089254974359437
2.4656200535742965
2.273966229044115
3.633504991646013
3.6602902387562293
3.655475796628953
3.619760348555184
3.589527867852122
3.5497351546587987
3.453770623315672
3.358236903603377
3.1773549959881735
2.999408602103497
2.860171275937049
2.661577244838105
2.5105304600788423
2.299789726671484
3.808697347402337
3.828143037667797
3.8148351069127164
3.767460265242615
3.6838141504451007
3.4663249276470007
3.068497960651646
2.6957142296493317
2.3008451177710567
3.9263221323812054
3.9114227007305202
3.882675209102622
3.8117888325261333
3.7546996083412374
3.635482034215326
3.513417521793124
3.298691071819481
3.0866358258588003
2.9508518325379516
2.687754685467561
2.522776667476321
2.2714078354946863
4.02098755418082
4.019844430831578
3.9846550781295047
3.912747028778842
3.8520274216931654
3.8036163848672957
3.6668153815551037
3.5310150922975936
3.277821349420635
3.0573093468621506
2.86399125082202
2.628820946536922
2.427273631728925
2.179104294928402
4.0514688006541135
4.039773786709673
3.9960100911102816
3.91197643889635
3.8516311284034352
3.782697914938698
3.6334984712355247
3.4942204930844776
3.235866765287097
2.9919221142217274
2.841002518780167
2.539048750099958
2.335419060052836
2.072642888785377
1.7820196930546057
1.8101329366435626
1.9710202085879271
2.002173880541004
2.0138174612999054
2.265481107520961
2.3000301098042963
2.3111116027149454
2.271905340736147
2.5804287595368165
2.6177359144227625
2.6259036962035274
2.6254998617679104
2.571564666918273
2.807417990054745
2.8430755689057903
2.8499106164917385
2.8483280812849063
2.8232549019156
2.779485398148804
2.6809936061550066
2.5686113490757654
3.0262647296806873
3.0615457951277616
3.0659915415076946
3.0611901160113253
3.0272604037486115
2.976351370826762
2.8589021914427137
2.7319569597069475
2.473217900308754
2.1844615980157926
3.2812621480950135
3.3114814851929326
3.310941356100739
3.3021531268167346
3.2553224605384194
3.192343295068206
3.072074570115635
2.9020980035760386
2.6039658453673833
2.2725906698051554
3.424790960181131
3.4492732932559944
3.4467621903596775
3.4328546664807407
3.376228689967685
3.3044137172770784
3.148995105482526
2.983920871676688
2.6566500739194137
3.576877037400082
3.5927420484296064
3.564293723916067
3.4115663124594375
3.052866172882266
2.6908282643689914
2.2995296513908805
3.674734549699699
3.6738141158034257
3.6623695172502213
3.6346683444079333
3.5558394119296124
3.4593073780959194
3.2701788533840648
3.071278758125959
2.683034735997307
2.270148351380284
3.745242761929399
3.7384740981806974
3.7122498600448983
3.6845524047676412
3.5884506871148196
3.4778926744056204
3.251269533982942
3.0427268540855894
2.723879749761669
2.6243923052719103
2.177966342516277
3.75942806197822
3.740449690696887
3.711024191529356
3.6688103433912826
3.558967064709704
3.4429291408853895
3.2097938148607823
2.978062998614373
2.5349662026499744
2.071624884679932
