1.5453041213131777
1.5586634429693114
1.4846632999795681
1.368587897163962
1.2446091231043745
1.140493687216337
1.035686241303275
0.9449691271020416
0.8199580628276188
0.6484604880940387
1.7245825717259065
1.7526064502163987
1.753910671286778
1.7313225448407406
1.6139032680043068
1.4660776533886526
1.3375132304766184
1.2070291241573503
1.093960668940496
0.9858992131115298
0.8854092726171358
0.8049252625294695
0.6577472944984513
1.8972454252089583
1.9111538998645075
1.9198845568450351
1.923506193891442
1.9219358787308591
1.8394261442257542
1.6768652547074991
1.525633706786688
1.3697249477141933
1.2341682218374932
1.104683758456693
0.9844651470233865
0.8883615100745514
0.636400474377664
2.0580097599624123
2.0805457057921255
2.0829906262727387
2.0798802724888885
2.0713983214275484
2.049390954168431
1.8951135350568722
1.7231975668452928
1.5403793685027105
1.3802137445335911
1.227140240867944
1.0852356641537295
0.9720411786470163
0.8610267249943492
2.280411269058261
2.2940678492774076
2.300925499566539
2.2988169149439464
2.294676511152144
2.221750013057309
2.035555734191576
1.8129554624750037
1.6123377264657612
1.4196202340815862
1.2411999241320568
1.0993678286246413
0.96086339722883
0.8432406203115861
2.4272922813311943
2.4395981513375213
2.444708518130792
2.439184904967081
2.433111469056492
2.416393100948406
2.2717964392623324
2.027201361831095
1.7953108210887456
1.5700717308844292
1.3613639475438155
1.1958461246564958
1.0347810795794234
0.8984596403591132
2.161588839225848
1.9114117909615664
1.6652988170868208
1.4367855186565734
1.2557635411062555
0.9316117559744705
2.589136258918694
2.5998295527127198
2.580476878412372
2.551815886518525
2.3138718819282578
2.0457372683153006
1.775685240827662
1.5237456715579314
1.3243046638242748
1.1311228054263052
0.968523879488704
2.6741039326112457
2.6798263080742477
2.6533948771635267
2.4958185259060963
2.2144322991555496
1.915565038733476
1.6335035928011945
1.4100954579090978
1.194282304270881
1.0133318061324836
0.845167889244469
2.7304848822490215
2.7324907516183288
2.7057194525226373
2.618318514505449
2.3532647821411885
2.03319863776526
1.7257891775488348
1.4817284054011766
1.2463809525270544
1.0496626039882049
0.8675616488183315
2.7727498850981798
2.7484879911703612
2.7201214043637094
2.662092168153931
2.5021752517145526
2.382845804266015
2.1649933286789014
1.829799270663706
1.5620683107049937
1.3041755718886592
1.0893396520983625
0.8913413396770714
2.80748471470003
2.7974522129123836
2.749535858019115
2.640861008954801
2.299942737064189
1.9381931739679898
1.6456479811687488
1.3637482693828924
1.1295934222506379
0.9147914547358857
2.8007165596356596
2.771000827196336
2.7433223729050886
2.656182620202044
2.6127024683692097
2.4650804535669852
2.2870839841649766
2.0773682453019386
1.7534660566879199
1.4399784879823647
1.180238799064684
0.9433620621880748
2.774114526893723
2.7451419515196016
2.692522443176985
2.6037971463679477
2.4974606903068706
2.3511460446816286
2.2108369825824097
1.859069722137892
1.5143173451685545
1.2288552620810553
0.9698180240869432
1.5218715609941678
1.473906902542617
1.7083238283138238
1.7040005232806046
1.606058317434544
1.872903732902113
1.8221593139178018
2.0147158244979164
1.8851374780468264
2.2333443789606973
2.192150038159231
2.0263764988363406
2.3628468269594434
2.2518611227635685
2.426440050355249
2.3787300431105005
2.5077105933903923
2.4983822985989277
2.2992535763285518
2.584338237709735
2.5705953307010794
2.4683103177868664
2.6321207221216314
2.575494549944659
2.3401751890412577
2.479334037369094
2.6930613804547794
2.680255880182215
2.600644375432313
2.289449772075291
2.6455906049226865
2.4438638605209744
2.5619613807130155
2.200739709878711
1.3904257641988598
1.4076894017377863
1.5149849244926474
1.5333576506802544
1.539609556903865
1.7011789467349594
1.7203347723377032
1.7253181860104876
1.7168048515777885
1.6942096406859888
1.8894682413709702
1.907799831458954
1.9099548233526746
1.896392197168365
1.8663794701230136
1.7800809446518955
2.016358829091247
2.0331636317657913
2.032396900717514
2.0233587673519065
2.0148534105703764
1.9996059789836889
1.9793454352982855
1.9309256395035552
1.8781151118600754
2.131562726953186
2.145950120704453
2.141710581482187
2.118321485782606
2.0996112127753124
2.076133058469363
2.0193412050845754
1.961567493828287
1.8523586688079814
1.7470067373563218
1.5460992412805188
1.456647808353292
1.3307464944755782
2.2532345977378596
2.262622292547035
2.2520296086755134
2.2397020961633167
2.2207712720832693
2.192780338782586
2.169347550893745
2.101591984762176
2.0353920860901544
1.9281910255091443
1.7919499237784429
1.7001673895848934
1.5687240889291678
1.466109368183396
1.330104695674639
2.312746113792113
2.3172390714500746
2.302434729262188
2.2666292690654695
2.240464652495784
2.207881891050491
2.1331381694862714
2.0611355935997118
1.9283227921032924
1.80007856740668
1.7009813038261228
1.5608256719288651
1.455181641598247
1.3089052296008352
2.3640934900205606
2.3621678920364753
2.340417808001735
2.296461306544043
2.229115474926663
2.0675359316648074
1.7861769326160146
1.5294849135803763
1.2624530931134725
2.380987645804213
2.352618084559413
2.3252468684250114
2.2669463739648745
2.2231595411685556
2.13533678980011
2.0479770998970728
1.898226063990148
1.7528268148811255
1.660867697282273
1.4843953983672469
1.3748304766702018
1.209503355777924
2.3730703274834792
2.355555989305483
2.3189552269258593
2.259565931294046
2.213400516948725
2.177869783658582
2.0807710748133013
1.9868290515143654
1.816130782856563
1.6701000191388342
1.5438127364362886
1.3915184077833194
1.2624219527309781
1.1052353096227194
2.3355300214826005
2.3110739610555373
2.269443437078008
2.203202427132263
2.1587634268280795
2.109466148336444
2.0064336974687262
1.9127946960628517
1.7427859802049357
1.5854438121375085
1.489025042260251
1.2985798374083908
1.1715567529732742
1.009784549550912
1.3292052083416905
1.3471910050538287
1.4453066987578544
1.4643091758490971
1.467912990634376
1.6176524293655308
1.6369661192305112
1.6384885008892798
1.5968456984145487
1.7896252319567658
1.8081567025193812
1.8090863882002932
1.8051308650984967
1.7512579347557558
1.9046215680114635
1.9202961539721355
1.9201634795035831
1.913948872098037
1.886865421014486
1.8479839215577414
1.766731086329099
1.6776878030369022
2.006899619705838
2.019798809969515
2.0172235718348372
2.008182028833488
1.9739014094856946
1.930192909738178
1.8359471380971328
1.7380106413280652
1.5432404333849414
1.329964626927099
2.111867504085896
2.118655995503907
2.1104740090786502
2.0992431020690088
2.0552827364066415
2.003416070820251
1.9100461870558523
1.7829317720475104
1.5658877780969396
1.329346504475039
2.1613078064333067
2.1630700089637958
2.1540992941509183
2.1374871866599436
2.086861841121383
2.029282655223892
1.9117951852826545
1.791193385918977
1.5580926295357784
2.1998224752857527
2.194039180693766
2.159699403842689
2.036338419514518
1.7775745913253922
1.5268982660493144
1.261793436713636
2.2062093724159655
2.1971567212675347
2.182153372988542
2.1554314189587753
2.090878770332554
2.0180867242373894
1.882763656920435
1.7446608776716541
1.4819928288308657
1.2089008650076123
2.187096056596922
2.1644353593495693
2.1376404220617298
2.1136552189634097
2.0390211720307305
1.958867732272689
1.802473366225194
1.6627639565131094
1.4537618734163262
1.3894050129292206
1.1047341484408733
2.1433729421271472
2.112766524654172
2.085101248171532
2.05021117604113
1.968192643646417
1.886816810323828
1.7299096034554464
1.5787800138268924
1.2967374409104164
1.0093690391615524
