2.11245771799308
2.1220392164197253
1.9936056988467779
1.8136011833637198
1.6251239970621778
1.4682858669267569
1.3113427525284633
1.1762465883793687
0.9911219517373788
0.73935244641645
2.337631137136798
2.365528474238196
2.360522205388023
2.31778353612337
2.132527406441415
1.909234390377584
1.717812817337935
1.5251265081206362
1.359335290515014
1.2019144758185032
1.0563993584970126
0.9405511481530249
0.730563631814512
2.54839703368678
2.562886395909814
2.570313214309805
2.5678004415724494
2.5631792489050427
2.425455999677489
2.179717755399639
1.9563800468297006
1.7286618528749333
1.5323544759817032
1.3462947724008532
1.1748179417717879
1.0387528189154358
0.6872760483060729
2.741515289077544
2.7619621322484176
2.7619303957775316
2.7501967024772216
2.733737594690488
2.6962281266222172
2.459999079083384
2.207370969242788
1.9428003078404779
1.7134047475834415
1.4961205691959867
1.296409079299922
1.1384723928309555
0.9849235818951148
3.0026863666840993
3.015221856749766
3.0187828772358722
3.00689094280109
2.9984217720513326
2.8802027099313157
2.605331896570828
2.286334255407819
2.0029669202457616
1.7336773266967835
1.4868814388932365
1.292664486412245
1.1049268345077208
0.9472606604787684
3.1705216592509786
3.180881719923112
3.1816113690174466
3.165130008725888
3.1536792832840184
3.125312782292659
2.907426253500006
2.5576858208611326
2.2327583626335277
1.9210634326651002
1.635483153140735
1.4114610070073295
1.1958412224468988
1.015620963771038
2.7285212046734206
2.3792171167259464
2.0404050344317053
1.729538794683748
1.4860602044524016
1.0575208713933602
3.349896619597049
3.34952959762565
3.3129963411723558
3.2674019575185076
2.9227490585128173
2.549340982590935
2.1794288114468063
1.838697971340499
1.5721330067620076
1.3169318986894796
1.1049638290897739
3.440003157213034
3.4337301128855557
3.3873791062300596
3.15586621960714
2.7639963417078475
2.356611312089072
1.9775103461526338
1.6809213426768967
1.3978260489178622
1.1636591115975017
0.9490492193424903
3.497160048481967
3.4875249046990944
3.441597449014058
3.311854668384195
2.9415342278785914
2.506463741090507
2.0950685594737033
1.772595115842374
1.4654000657884498
1.2121138600105297
0.9809184162080438
3.523271532045721
3.4831991671987037
3.4403492120943047
3.3563497539966503
3.1330103788203014
2.969694505186693
2.6752585953739816
2.2284132658538103
1.876258877763056
1.5412435613159419
1.2659280154281607
1.0156713219377005
3.564741256504281
3.5407018264946863
3.4669964799187136
3.31273074744407
2.8491585358130394
2.3683601100539717
1.9850161479255422
1.6202118124195304
1.321306197214549
1.0508958296412283
3.5289035371507125
3.484275196553133
3.4443665132992938
3.3227623450614105
3.2631217915099753
3.0634772605681504
2.826167808384871
2.5494195063422262
2.1266106981663357
1.7225085351025886
1.3922485738697763
1.0950848785679934
3.4827621721454993
3.440714812533925
3.3672040159902994
3.2459767341473715
3.103390069549141
2.9092834495790347
2.7246987331305133
2.2666715756577793
1.8235956656367986
1.4618353107850217
1.1372951107283602
2.06634580704368
1.979195928354746
2.299346848205683
2.2813409294652787
2.122218938661172
2.4929062657870444
2.40283155281024
2.6509268978668032
2.447158268823317
2.918924797737372
2.84215825862421
2.5936951146609215
3.0566548803761786
2.882144215351259
3.145543438697158
3.0450780242600177
3.2318536391893313
3.1995557050184713
2.904437993333513
3.3123491484809535
3.2752924138444808
3.1213385105296156
3.3486251943984167
3.2580375694035606
2.9252639978621366
3.104530799367763
3.414304060256708
3.379935746652878
3.2624223096245735
2.8361646863027365
3.3153145679274374
3.0370539085347
3.193585986485322
2.7121323855020663
1.881897535790113
1.899887582352712
2.034270447563721
2.052792222584016
2.054816739276579
2.2575598481301853
2.275732118502136
2.274938959977226
2.255284404526844
2.2163559236544756
2.47746301061555
2.493174629328195
2.4877535989657513
2.460365211860761
2.4109645136209292
2.2794942012176085
2.621872072515209
2.6347957876817745
2.6247273621244243
2.606926822675711
2.592143425499319
2.567136299619713
2.535322749408988
2.4620469645284127
2.384207004030612
2.749508690151577
2.7583083020654673
2.7437549850849137
2.7030683534485367
2.673545035179264
2.637727876703144
2.5536740782273624
2.4701608496566374
2.314837582884214
2.1670478028328706
1.8886346724231733
1.7656788223008786
1.593983105358856
2.8788553907424164
2.8811137938470095
2.857900575166296
2.8370911271600323
2.8072407989675527
2.765011928635516
2.73053660987285
2.632957149111724
2.539493151410147
2.3902449780835604
2.202842246200965
2.07764707797227
1.899633898345747
1.7615688316762408
1.5799537990969583
2.9382040293366294
2.933952096097189
2.905747455432974
2.8499863045759253
2.8112517009218894
2.7641145341523266
2.6584075572755905
2.558252369716715
2.375969902132275
2.2018917724880196
2.0684630240347825
1.8809340789762359
1.7407182891824402
1.547877904845625
2.983873090805196
2.9718964859799106
2.9349510690954417
2.8695628724515077
2.773883852382707
2.551564152762482
2.173597926263659
1.834512888316663
1.4867046702260052
2.986706187285895
2.9392822769163476
2.898835510749412
2.816125639043447
2.7555274576620286
2.635630529035329
2.517802215663612
2.3181554925427448
2.126071552761232
2.005421122679094
1.7755197676243761
1.633733327227998
1.4214343812431072
2.9643052576440034
2.934224244194908
2.8805929974956963
2.797666981244207
2.7347557351701552
2.6868302275927465
2.5570939083599695
2.4327456020247875
2.2089159049952736
2.019091454677145
1.8561054358557347
1.6607213307941233
1.496415344836758
1.2977149434218613
2.9071728434888704
2.8695036277477803
2.8107644977126567
2.720702807131045
2.661207227091614
2.595660069511776
2.459945277573594
2.3376519161437517
2.117158776607054
1.914943389380573
1.7914708961215637
1.5495469270893774
1.3895480250551473
1.1869314386690042
1.7889093760563102
1.8069456909111954
1.9294849976754964
1.947816503595576
1.944573948166128
2.133934006049337
2.1511518229631945
2.1440122530082393
2.0711013220834324
2.332377616270434
2.3469086374976116
2.3422014169061263
2.3325831992659802
2.2429530113462453
2.4612676903811543
2.4716571214425405
2.466131655953599
2.452375258603518
2.4064319942094152
2.34635152367128
2.2262597854731516
2.0979888166674323
2.5727072602785417
2.5785602588809207
2.5696505773421467
2.5522348672140773
2.496774799394564
2.4310437785160732
2.2945394383209283
2.156006438459448
1.8851809995262157
1.5930572856677407
2.6816044962295327
2.679283002425912
2.662123090012517
2.643055099741232
2.5754329393883375
2.4999340266619785
2.367946909071344
2.1918459615639843
1.8962251531484624
1.5790588413213225
2.7290065277954434
2.7207431180074555
2.7036898326978176
2.676617272928843
2.601133303684854
2.5189791113498163
2.355730316711863
2.191083448386099
1.8776535716544462
2.7595871450230827
2.7422105004067814
2.6878833323315483
2.513188804459709
2.163139186108029
1.8314030070854406
1.4859216175850654
2.75081184274705
2.734524306826824
2.710989657948979
2.6717011448892576
2.5807873539523776
2.481044165970456
2.2992349648594144
2.1161271347097044
1.7726198033774578
1.4207136298279195
2.716417284213166
2.679561112795744
2.6407734694513882
2.6072290950272
2.505471145165862
2.3982457142626106
2.192169765258553
2.0100966933624753
1.7405873032099624
1.6581401291231115
1.297104606688027
2.6534348678968334
2.6080239310483315
2.5695079115675274
2.5219574450025846
2.412453457271331
2.3054254536252543
2.1012114291261192
1.9066959036695177
1.547262879866661
1.186410593470446
