1.810598846068236
1.8295810482834627
1.7535734874224997
1.6261680169425383
1.4887821930071912
1.372994681688555
1.2562376680418927
1.155052189495407
1.0155295339187762
0.8241609691090578
2.028892514575225
2.0658400821899834
2.0700719639873606
2.0483650500885937
1.9209083190804062
1.756656524434407
1.61287018081035
1.4664977087861426
1.339392078259324
1.2177075225452627
1.1044418878224598
1.0136475541824914
0.8475043652882498
2.2417409843582674
2.2598707491344645
2.2719316196147687
2.279221809628852
2.278397624386222
2.1920658768014976
2.011655335258226
1.841847557121771
1.665980393082382
1.5126036031604606
1.3657392645073043
1.229136817415658
1.1197489096776176
0.8321844632380732
2.441451371539682
2.4721729672546706
2.4764492477131292
2.4759440239107384
2.468056973335708
2.4454230051800256
2.2756267276955393
2.082156623275307
1.8749531564618704
1.6926695793153876
1.5179038916556815
1.3554672966541392
1.2255677249295394
1.097869159994321
2.720672012094382
2.739315586708825
2.749862707343571
2.7513045316212446
2.7476859308033923
2.6704266399705325
2.4616051937253056
2.208039585378432
1.978005047055334
1.7560541377654157
1.5498074647290463
1.3852719044609418
1.22404312333832
1.0865798327901637
2.9073957385660765
2.924668044479403
2.933396532350573
2.930927334429186
2.9252246762484195
2.90812026973621
2.7480713039557125
2.4691871537839263
2.202129873825011
1.9412978500871318
1.6985219896852017
1.5051750035342895
1.3162557484723698
1.1555873124590512
2.6326765285955234
2.3439939973949597
2.0581444123824117
1.7914207346623532
1.5791628534050037
1.1964780227005454
3.1159600215167274
3.135310945892811
3.1173020683630353
3.086737008734037
2.817620927423902
2.5077738724160024
2.19321640423207
1.8981244081333948
1.6633664850571173
1.4348925155001049
1.2415162614569148
3.227508562862266
3.240756645692101
3.2146235205902904
3.0380583448666045
2.712933578743526
2.363821640370852
2.0322126669859997
1.7681442282863564
1.511756275437083
1.2955054069811427
1.0933574877823518
3.3028706173136992
3.3110488057147665
3.284178424643428
3.1869545026274295
2.88131874976028
2.506833672324171
2.144480421590301
1.855137171508103
1.5746394380495903
1.3387501041219074
1.119049330958106
3.3674567194361793
3.342435825617916
3.3112612154984684
3.245764692790418
3.061379261896126
2.922249189805963
2.6665783737024586
2.2705310882097076
1.9522199005918546
1.6439221404921025
1.385464996051388
1.1457728460059173
3.4110840261727944
3.4042694626680374
3.3525253235795742
3.2283992557286663
2.8295943919949895
2.401382636235149
2.0527071788669815
1.7148044790254748
1.4323436346991307
1.1715689787294252
3.4164260287002675
3.38372074614154
3.3524458340615144
3.2520700459391114
3.201467693765004
3.028202632947805
2.817879172640202
2.568627969697149
2.181641576302669
1.8048040485824504
1.4906370211408566
1.2022552268691564
3.3905357023807503
3.357975883423018
3.2974925011011877
3.1938816679976583
3.06869188330318
2.8952662022436524
2.7282201084636424
2.3072196596222385
1.891986413808783
1.5459562538032743
1.2299683281403266
1.788577830712327
1.7408584028232919
2.0162028259303324
2.0159874830520117
1.9115464711074852
2.2222729614299697
2.171423898340605
2.4038977208039314
2.263593577742649
2.6739264246522825
2.634680691052405
2.450443926735154
2.8433630530418186
2.7238283936815018
2.9171175261873716
2.877354074631162
3.0236687797530033
3.0217789283492578
2.799724630529724
3.1247262491188845
3.1172367679115984
3.0044116191404338
3.1944476482795197
3.1346014827672803
2.8652221511806815
3.033333217621971
3.274400776428028
3.2677790699526414
3.179099047347178
2.816657895299216
3.2361460851293176
3.002119713822467
3.142608720910182
2.715795089043256
1.636470392512036
1.6588846135153823
1.7898468721999425
1.8140114577249733
1.8239645922025096
2.0212827616169884
2.047054060903508
2.0560739596640447
2.0494779221685495
2.0264162733147195
2.2582533207892124
2.283760209537849
2.2899189253965138
2.277912329711207
2.2464505432344897
2.151482469075779
2.41988292321278
2.4440266611659043
2.4471505220525294
2.4390146909473946
2.430482870849716
2.414524338479629
2.3926839850538744
2.339273687940695
2.2801081317047247
2.568423829489752
2.5902177188516253
2.5892757007556653
2.5659383264984865
2.545884254158304
2.520165075131433
2.4567814077990078
2.391408125312968
2.266719818288027
2.1455755686640217
1.9132061855951321
1.8093782307274962
1.6627617042023262
2.7281477687634514
2.744098361539831
2.7358541373611382
2.72332616253152
2.7031022563928673
2.6722981598802082
2.646097032067374
2.569373051310665
2.4935433272362793
2.3697905881609564
2.2115516702817315
2.104512287807866
1.9506923046102769
1.8302894517064257
1.6701405240929605
2.8083034585558475
2.8185418813079712
2.8050806048998527
2.766593141242863
2.7374929811736974
2.700658063952398
2.615256792766472
2.532128388492368
2.377678057802268
2.2277394699900106
2.1113303852573884
1.9462474464662367
1.8214300524920493
1.6480691404943568
2.8803395153646174
2.882677573492127
2.860812218244822
2.812226278302865
2.735501983122964
2.5479159304537617
2.2170287699787883
1.9126404496125173
1.5939425123639206
2.9102537465159224
2.881510056620201
2.85113452690652
2.7847169114453103
2.734075856729853
2.6316585590132435
2.5291916574287945
2.3523428462499987
2.179848622847749
2.070372609625896
1.859602636813603
1.7282892475881744
1.5294915365763935
2.907147906719581
2.8899115802870434
2.8491451823538116
2.780863358569237
2.7270902159649837
2.6854186831701274
2.5709060122469247
2.4595652183633465
2.2561384946609233
2.081398037568602
1.929689960643742
1.746289685141532
1.5902036517356681
1.3995335664974766
2.8666961945261553
2.8404779588824076
2.7930079885962154
2.7157176592871575
2.663412608950059
2.6051756174687766
2.4826591262581483
2.3708463319132753
2.1670714410874994
1.9776125311879897
1.8613014918593693
1.6305782797720356
1.47632346242859
1.2788815743730522
1.568402952719284
1.5920553004534885
1.7120374546897776
1.7373933304484153
1.744945701187744
1.9273331113476402
1.9538241521521822
1.9595109086634184
1.9176104959586766
2.1449798240887263
2.171412692809126
2.1751346146481967
2.1723640387360366
2.1164506312132723
2.292485758139452
2.3158011104729384
2.3180683085755445
2.313186526024331
2.285583237601655
2.2433045516355636
2.1525205907478044
2.0515782782506435
2.4253737766335437
2.4459130489349947
2.445406041093632
2.437196419915229
2.401160061489104
2.3529189744016135
2.246503633177158
2.134449189162315
1.9096404931008106
1.6617757854025832
2.5646311339968606
2.578112784952052
2.5714284954732882
2.56010176676806
2.5124294043108177
2.4541395154037975
2.347351851774495
2.2003511980104844
1.9471411308046476
1.6691812642859845
2.6322529745272703
2.6395400877753006
2.631423359946507
2.6141071654423094
2.558220327635075
2.4927924620081687
2.3571910056009933
2.216684215223554
1.9428205194095742
2.6882286249878025
2.6862851782351345
2.6499757323651134
2.5093234747591064
2.2063146497283115
1.9093964050231471
1.5931079876483785
2.70473715186878
2.6961909974254525
2.6802649220655246
2.6505599291025193
2.576733067769463
2.4921976008521183
2.3331477621670262
2.169680574588083
1.8565929830361372
1.5287313896747303
2.687037622320984
2.6637675778332555
2.633752277453668
2.6062542437090794
2.5193548792970315
2.424992331266614
2.2392116602141434
2.0722872616814016
1.8212008024853483
1.7436550800017023
1.3989067739569072
2.6381476051007757
2.604516887969415
2.5727848716949295
2.532168129859836
2.4355315267400295
2.3388038853833257
2.151165227417564
1.9693715183801548
1.6282972878426933
1.2783681809809626
