0.78899027969153
0.8065005884703252
0.7956355530115278
0.7538898218910945
0.7042448296235243
0.6601980326562216
0.6138516469923926
0.5721049054099687
0.5118452356185575
0.4237683949453709
0.8689697172865682
0.8955225423358053
0.9037337538906844
0.9048322261373195
0.8695460118480185
0.8135337861031474
0.7611354947531211
0.705253703317462
0.6547568306291073
0.6045830861576188
0.5561257924248667
0.5160211019471109
0.43982103394575656
0.952428939239811
0.9644510073018749
0.9738217286878947
0.9838266596549574
0.9857252442673192
0.9711801233276196
0.9141318049814982
0.8548106077470967
0.7900034485391245
0.731061660366103
0.6724379982743912
0.6158347337359189
0.5690129791789716
0.4398392046351944
1.0293135847616477
1.0514980565603065
1.0563550179105485
1.0630284844342477
1.0643275461300383
1.061702580632679
1.0147263212056108
0.9504613730808175
0.8768570257174418
0.8090654273207348
0.7414528410086679
0.6761605600067386
0.6221851303532799
0.5675737116112787
1.136969497126747
1.1498447504820581
1.1592457290063516
1.1682722397787957
1.1695713809267883
1.1573085518776325
1.0959886976500015
1.0113783151248779
0.9300184328262922
0.8479799914396527
0.7685951220266494
0.7030186023810177
0.6367645024773748
0.5787137992494272
1.2097113694837038
1.2224790240043462
1.2317733988472785
1.2394806285612434
1.2404835865158892
1.2396213067113808
1.200909675173574
1.1135396356119123
1.0227776139123668
0.9295563008544101
0.8389476648727483
0.7640905442236293
0.6885462647891581
0.622421120512393
1.175951882455859
1.0804545899492002
0.9804127610632509
0.8826854698879728
0.8018934724709645
0.6491400712394564
1.293523038014085
1.3158301784620252
1.3202427556762382
1.3165630745019357
1.2449501371809153
1.1460399649205393
1.0386027580190846
0.9326895688050166
0.8449849098752915
0.7565767633817547
0.6793129974075561
1.3410906804723306
1.3610910171997441
1.3640142243359537
1.3244411043111337
1.2265582729017417
1.1111456744766648
0.9951220505173378
0.8986477096483493
0.8014070773408994
0.7165087428844282
0.6346605667033741
1.3754281019883223
1.3927486938786013
1.3953619799310069
1.3771038567297509
1.2911211284966575
1.1710858776064434
1.0470020266114126
0.9431800607521774
0.8384634558858814
0.7470971375322372
0.6591343634370986
1.4228522349042054
1.4243294601132521
1.4204748219115821
1.407077656276727
1.358271201823043
1.3171912107588144
1.2370061057605732
1.1047581091145808
0.9927894675068794
0.8796025127033331
0.7809160941744778
0.6860311365340742
1.4348792074917551
1.4477692842476193
1.4447287812512817
1.4179528664200438
1.3030720611574238
1.1641298049900466
1.0439904819311632
0.9220191079382791
0.8156259403700497
0.7134964319921673
1.46966302589914
1.4678361183024748
1.4632624035097868
1.4416474081852162
1.4291978444506372
1.3812269826711
1.318099946656959
1.2390105757992547
1.109376593910687
0.9762139494757804
0.8598414399810641
0.7482676678183793
1.480365899555139
1.4776572642452153
1.4673113224260481
1.4433620965001457
1.4101803525549654
1.3601424323412068
1.3091826172533936
1.1725984913235135
1.028996381627591
0.9029491623169795
0.7818590058631193
0.7926715538063162
0.7896052321660392
0.8791522586716112
0.8899657662472858
0.8651862355803935
0.9652687090291123
0.9618184517730467
1.043345668339955
1.0093052985273523
1.1379473287373187
1.1417670846020436
1.0910290157367284
1.2121060906935608
1.1903868073342656
1.2222660846001527
1.2432764042815967
1.2695652791812557
1.2892360035759807
1.2371663057708644
1.3132907629847301
1.3312846853292344
1.310058985967799
1.3581344212719466
1.355002776128045
1.2840646021899746
1.3461357779778673
1.387170934234416
1.409322847653341
1.3969135730360542
1.2972481506852114
1.4248723014035316
1.3696360398586591
1.4208739191923614
1.3033114203400102
0.7271901506762023
0.7426418734171133
0.789324013125854
0.8058742525614964
0.8158143812732215
0.8823971375650556
0.9002081716486245
0.9102975782693309
0.9139783173386877
0.9108090435708533
0.9777202967203666
0.9960159581851573
1.0055738095251767
1.0081047865405592
1.002467902299878
0.9754272149352387
1.0434425604286772
1.0614998959021165
1.0705872012430553
1.072246457361355
1.071721480855882
1.069182075990681
1.064372819096853
1.049979991881821
1.0321028210259413
1.1051179448054966
1.1231159849322543
1.1308373453634213
1.1303213232158058
1.1267041232894182
1.1207154854334704
1.10319792643373
1.0834737014812201
1.0429804055133476
1.0017289632190787
0.9188691326724383
0.8804973285210203
0.8251387336759661
1.1750198427945497
1.191348395342339
1.1972449447164448
1.196925484646757
1.1940654065629837
1.187687174346897
1.1812751983682457
1.1598234707012267
1.13684532121416
1.0970769400170672
1.0436952936863402
1.0063916149414887
0.9514779371095012
0.907369365740402
0.8474343707378066
1.213492060546307
1.228231512499061
1.2327760277557245
1.2277855143417173
1.2214409686621903
1.2122988255301825
1.188369176221698
1.1631011627053993
1.1133982798298576
1.0628008791851402
1.0224375519474733
0.9636225612879714
0.9181430685303077
0.8534240624232261
1.2540392243075422
1.2662557002696457
1.2684996970920661
1.2606818919550706
1.241939918065686
1.1869806301802845
1.0781435211314436
0.9710905787316029
0.8534130180749903
1.2845392504706679
1.2887015642531428
1.284367620996453
1.2698633602049887
1.2566828512957273
1.2274990697210815
1.1961923723492511
1.1392899509219463
1.0811831579563067
1.0433254864069719
0.9684863323492457
0.9205917252394687
0.8462977103266208
1.3003370064550204
1.307062999401853
1.3037031588492614
1.2898457845739177
1.2765133067893775
1.2653332723394752
1.2323907712787918
1.198099841533754
1.132244428911338
1.0730415542435057
1.020175097955593
0.9543837585315555
0.8969799232340061
0.824942027578866
1.3064258202659826
1.3102235437100047
1.3045697067843836
1.2881486853896256
1.2749487549995053
1.2590270099187517
1.2232495728518502
1.1886756653896675
1.1222094650254613
1.0576904337327198
1.0169041105279473
0.9336375847273919
0.8762643261362792
0.800771906452892
0.7046951830009965
0.7211278657259343
0.7637644319655987
0.7813064310124439
0.7912128870016438
0.8518804398969202
0.8703854246159936
0.8801653822663915
0.8745797614468354
0.9412439258087855
0.9605727653471181
0.9669068337503377
0.9691993793848765
0.9595064483063815
1.0028300021180718
1.0211616890334942
1.0265127366315865
1.02907344251493
1.025963236566708
1.0155233242531276
0.9878958198207485
0.954187443579991
1.059757647255726
1.0778742589549635
1.0826169250565651
1.0841542978847376
1.0784733417539774
1.0662255012603232
1.0337913249923318
0.9966019800534884
0.9171804620238609
0.8246559093752589
1.1235208254457938
1.1397515571726715
1.14359134670212
1.1435172483756622
1.1345510078377221
1.1191801357461346
1.086862604255833
1.038493812372526
0.9497692352825728
0.8469513651641497
1.1583934173817723
1.1725488933989283
1.1750718101044606
1.1742224157663304
1.162959433109094
1.1453743153316402
1.1039738588765065
1.0576102824996372
0.9619437029652899
1.1938890330599028
1.2055743648869484
1.2039878654608434
1.1693552723594471
1.0730003063423725
0.969447772748454
0.8529588425514129
1.2201384620522127
1.2235234951456835
1.2233830792236335
1.2191771641341942
1.202406906012474
1.1790127435095783
1.1301174156339862
1.076177980272959
0.9669061748967255
0.8458616886703815
1.2315113361558296
1.2368372554973392
1.2337907305474047
1.2287732038047892
1.2080685656275727
1.1814530470381144
1.1237706508120242
1.0683104293123187
0.9807687286150887
0.9528939497151674
0.824540369200815
1.2339481885183368
1.236419886625746
1.2322873569410642
1.2243116570648296
1.2002076285995986
1.172638170913687
1.1138816075972198
1.0531690072903142
0.9322428017621021
0.8004011544050729
