0.7912293402839824
0.8087833182152798
0.7978567928879025
0.7559586166914174
0.7061327019557977
0.6619244505892108
0.6154048578869916
0.5735007868631617
0.5130134638619848
0.4246966121364741
0.8714301022057388
0.8980509319755909
0.9062789248853335
0.9073648662233634
0.8719339256865776
0.8157111400565907
0.7631184029501723
0.707026145178748
0.6563382791258002
0.6059774401546755
0.5574061947433359
0.5171650813023098
0.44070080160807584
0.9551025819642205
0.9671543720877803
0.9765485614257925
0.9865724754647474
0.9884725982601185
0.9738404312221114
0.9165698073946881
0.8570219790911516
0.7919691028445123
0.7328040293810283
0.6739550225664582
0.6172146466223106
0.5702314285224838
0.44061906433419257
1.0321634914368918
1.054398503536563
1.0592659126582507
1.0659443072198382
1.067237670964092
1.0645898046051914
1.0174107706795328
0.9528949133791745
0.8790091824463128
0.8109603709363287
0.7430893049518771
0.6776271713561693
0.6234638830723779
0.5686588265181598
1.1400204965637109
1.1529190901230282
1.1623368287906835
1.1713643318662104
1.172666501395505
1.1603162244974397
1.0987341935792492
1.013794871102137
0.9321233317199097
0.8497734458471686
0.7701657155017786
0.7043591650350919
0.6378695247147945
0.5796145626579184
1.2128529611400716
1.2256401787749684
1.2349448212397307
1.2426511445550388
1.2436482790375016
1.2427644471252184
1.2038545058420689
1.116131248318074
1.0250194339262884
0.9314455685039229
0.8405722156536587
0.7654526848209282
0.6896407415716892
0.6232894362553415
1.178638810936524
1.0827700781695446
0.9823504054555074
0.884332333738675
0.8032578112053382
0.6499749282474646
1.296645574578989
1.3190188747702503
1.3234036321210398
1.319681880403312
1.2477300116873362
1.1484278218738884
1.040584620813549
0.9343509315460203
0.8463408211125265
0.7576238579786101
0.6800995441238775
1.3442334338410467
1.3642303516407501
1.3671093894393087
1.3273061887198312
1.229018345327401
1.1132964494478976
0.9967853915017352
0.8999769673307891
0.8024009968886784
0.7172200246740256
0.6351107961122371
1.3785073369791516
1.3958142435670031
1.3983776219009256
1.379985621965479
1.2936192074441182
1.1731214869541071
1.0486509450134707
0.9444730073552531
0.8393997582836317
0.74773324178655
0.6594944052907697
1.4258008780597027
1.4272217688409576
1.4233159656391727
1.4098312378162332
1.3607883051303526
1.3195397335264138
1.2390418399279153
1.1063780237684198
0.9940269440012831
0.8804597377005
0.781454665161316
0.6862776585182944
1.437699266906527
1.4505454169842746
1.4474131031338835
1.4204596402565557
1.3050867140031868
1.1657000684838768
1.0451530330376892
0.9227790510822571
0.816048632084655
0.7136118066510234
1.4721612905341162
1.470268739162887
1.465645517464821
1.4438858608453613
1.43136464139804
1.3832253477617615
1.3198093958754702
1.2404891818594153
1.110418194093841
0.9768304807081667
0.8600923790074497
0.7481940963596853
1.4825321036360004
1.479756296076507
1.469310270846979
1.4452288665408857
1.4118759664969065
1.3616452102919099
1.3105403500267663
1.17349053594793
1.0294309321633135
0.9030077068416015
0.7815775317584474
0.7949079590456576
0.791808721520189
0.8816237659254875
0.8924542676425807
0.8675614165163735
0.9679489947000945
0.964451411415592
1.0461795385348895
1.0119744147499707
1.140952919282981
1.1447316414184125
1.093761235218881
1.2151749353550394
1.193304210266014
1.2253342119646307
1.2462766163846652
1.272635592200237
1.2922866898741499
1.239927991999684
1.316315097325483
1.3342726555825872
1.312891922918536
1.3610675882298477
1.357837407623935
1.28654894847781
1.3486326254089225
1.3898652025704263
1.4119437054528914
1.399384887424147
1.2992545797667894
1.427141670813497
1.3716202076348887
1.4227051527577461
1.3046656746062013
0.7292265513516519
0.7447178158100659
0.7915228152354193
0.8081135195627521
0.8180766635997988
0.8848215040496951
0.9026708124472703
0.9127783810959342
0.9164602824177904
0.9132607111415966
0.9803292249390849
0.9986619725716417
1.0082311050550363
1.010747547712689
1.0050712094744112
0.9779076045338563
1.0461456452174511
1.064232780102389
1.0733229421275865
1.0749718895283573
1.074435695550842
1.0718749285713447
1.0670369123941437
1.05257343960907
1.034618061962638
1.1078697373180222
1.125888782171525
1.1336032715175082
1.133052877135634
1.129408041537924
1.123377000951081
1.1057819780816514
1.0859711392906544
1.0453129953301816
1.0038986289809253
0.9207218782984502
0.8822131637279885
0.8267211929648028
1.177752951379925
1.1940863475346568
1.19996121170776
1.1996203172732045
1.1967292862270518
1.1903074571032057
1.1838595922871427
1.1623049903716858
1.139223652309958
1.0992985789801974
1.04570868985209
1.0082624251018226
0.9531814830926871
0.9089536021375187
0.8487996607269432
1.2161607248435593
1.2308900227543906
1.235401639643058
1.2303499230216104
1.223955883105818
1.214770525351432
1.1907233693956956
1.1653466741071368
1.1154446641161817
1.06465408692738
1.0241643550290551
0.9651882206681335
0.91953126375225
0.8546082689763033
1.256556745069143
1.2687469359975578
1.2709590046044867
1.2630543027586851
1.2441922183916907
1.1889842298698914
1.079788943600568
0.972367050997319
0.8542898511952096
1.2868685685196157
1.290954623243985
1.286566391664472
1.2719579142880466
1.2587101768096458
1.2293919980570138
1.1979577387767313
1.1408881573568295
1.082583598384765
1.0445921648800744
0.9694984533178455
0.9214399208753091
0.8469036029698497
1.302341570416673
1.3089986367826292
1.3056136856222094
1.291587253840743
1.2781793916710782
1.2669491701439184
1.2339177173423708
1.1994917278861918
1.1333847208751637
1.0739770409521348
1.0209379545405626
0.9549298009446668
0.8973463033532921
0.8250818601948692
1.3081069987520018
1.3118236353379626
1.3060763082814328
1.2895562239150198
1.2763025622448652
1.26031482814086
1.2243786447627867
1.189657172422197
1.122961669435467
1.058228806405837
1.0173133549823612
0.9337909118478634
0.8762492705475822
0.8005435351226241
0.7066525907659458
0.7231268222550475
0.7658731076326539
0.7834569332738851
0.7933812980355307
0.8541913453363884
0.8727398984144191
0.8825287504068084
0.8768932510845874
0.9437183551904582
0.9630818668143173
0.9694212122437547
0.9717100024508109
0.9619433779251897
1.00537999404306
1.023738693970384
1.0290905978451113
1.0316428967420563
1.0284931722921185
1.0179953065281502
0.9902455222463615
0.9563974610137973
1.0623379843237548
1.0804707520772223
1.085208171088475
1.0867232285907338
1.0809957939103307
1.068680675842029
1.0361020805348975
0.9987598575887409
0.9190295983121932
0.8262374209765007
1.12606125679146
1.1422879055784259
1.1461096802716721
1.1460151815118367
1.1369712013852038
1.121519796575722
1.0890627488329838
1.0404967054130048
0.9514696952257155
0.8483159103686103
1.1608552797285134
1.1749944541959396
1.177491469291583
1.176614442916933
1.1652622246825926
1.1475849537218363
1.106002731142343
1.0594544236439258
0.9635068161815346
1.1961878844764802
1.2078429717902928
1.2061724122074655
1.171330051307925
1.0746386398039307
0.9707224765426355
0.8538353752369258
1.2222329376322782
1.225488367763233
1.225407775399362
1.2211481003640359
1.2042643669057924
1.1807552785649835
1.1317047741497352
1.0775733152222302
0.9679172455816162
0.8464674747472349
1.2333296816050514
1.2385196691419993
1.2354109404770535
1.2303518456386573
1.2095490161390159
1.1828320137686632
1.124907301332314
1.0692441731828712
0.981403927080691
0.953440127266544
0.8246806228408721
1.2353997712196017
1.237792527061467
1.233615016822422
1.2255893156767088
1.2013272808269813
1.1736148517520675
1.1146347935354564
1.0537083340351292
0.9323972117888394
0.8001733741720692
