0.7884712211663859
0.8058797008709523
0.7947768730451084
0.7529152813035422
0.7032117887907543
0.659155169075525
0.6128236423449389
0.571113180491901
0.5109109532790597
0.42279575920395823
0.8671471121230458
0.8935306615859152
0.9016616139665045
0.9026623040258673
0.8673132918718699
0.8113626139947766
0.7590734064823973
0.7033362128531608
0.6529961645849803
0.6029855612446715
0.5546758666800647
0.5146678882076452
0.43847493308662927
0.9493308514175655
0.9612641019391517
0.9705587721268975
0.9804662969025751
0.9823382379490335
0.9677126471940147
0.9108278163428281
0.8517426038364887
0.7872240807809242
0.7285749190281682
0.6702488314515156
0.6139236458772308
0.5673074631583761
0.43828426197454806
1.0249716396776745
1.0469635289562667
1.0517727915289492
1.0583662603165584
1.0596379662309996
1.0569929526229183
1.0102210381691419
0.9463247590485138
0.8731777492386461
0.8058376620984803
0.7386809807997333
0.6738200694050565
0.620177582986353
0.5658563271876675
1.1308879675023813
1.1436421183466772
1.152950841414455
1.1618872646204912
1.1631713849956908
1.1509923307159045
1.0901826547193696
1.006309834152801
0.9256737268842954
0.8443728145843892
0.7656902916087652
0.7006703248343266
0.6349341077581682
0.5772659888319656
1.2025052465728021
1.2151594598508904
1.2243711771187284
1.2320132060260693
1.2330132754618954
1.2321668994187447
1.1938821000821676
1.1074318232298073
1.0176215554088872
0.9253770238230059
0.8357019844889162
0.7615902654768074
0.6867569601907585
0.6211829764027125
1.1692239835813696
1.0748196395068994
0.9759109678320683
0.8792694902664908
0.7993467540343449
0.6480863090030813
1.2851377415880691
1.3073395632190723
1.311767761625464
1.3081777717765524
1.2375526472417362
1.1398879214929736
1.0337663963085322
0.92911923059392
0.84243052490271
0.7549993337215931
0.6785204225392829
1.3322716457906776
1.352171230056008
1.3552062971665226
1.3163122100068887
1.2198170432144293
1.1059466726446585
0.9914211329029149
0.8961506090774857
0.8000679283685108
0.7161144778987886
0.6350608223281006
1.3663771856131708
1.383654310517596
1.3863827595088125
1.3685552160160985
1.2839495192857922
1.1656348134269754
1.04324472781873
0.9407868301510764
0.8373832041003253
0.7470914136433272
0.6600418582334014
1.413769292913998
1.415385156512964
1.4116926880403162
1.398619606942153
1.3506994546177458
1.3102887638618128
1.2313291617704576
1.1009927854330173
0.9905659221174439
0.8788687272713713
0.7814003043050901
0.687558691806905
1.4259509113743787
1.43892617402573
1.436212124522948
1.4100971967350617
1.2971953444436382
1.1604201613945373
1.042014189629876
0.9217115885799408
0.8166784670514229
0.7157181102530692
1.4614810200440858
1.4598752685568053
1.4555170216448905
1.4344950028875532
1.422338567968832
1.3753441802870625
1.3132696848494587
1.2354665197579608
1.1078049559141527
0.9765600263944575
0.8618110476984009
0.7514572447916272
1.4731663177563235
1.4707235833782948
1.46079985955271
1.4375082029563646
1.4050416158295078
1.3559628557100665
1.3059010675032916
1.1715113642018957
1.0300300236904578
0.9057101425347371
0.7860719174663953
0.7920179285760808
0.7887584659464246
0.8771703455858596
0.8878531166019454
0.8629720098780764
0.9619581374568271
0.9584037429761435
1.0387621421184845
1.0048379036281352
1.1318133099482244
1.1355809479914936
1.085263943728879
1.2049039447816574
1.1834534931379865
1.2147774582788853
1.2357129762979955
1.2615306825114359
1.2811140439230095
1.2298395308991534
1.3048468329844933
1.3228340362088726
1.3020631664902265
1.3495146526799615
1.3466593051044948
1.2769523631466575
1.3386646434992622
1.3787688521852914
1.4011140453650803
1.3892285737791656
1.2914102596854264
1.4176352304681517
1.3638233794030015
1.415143968380612
1.3000487874420537
0.7265827623749258
0.7419650206926192
0.7878313356702284
0.8042816090710669
0.8141433287004346
0.8794968423032877
0.8971737042612871
0.9071664120502201
0.9107876301631166
0.9075885773793828
0.9733451344577124
0.9914841171370119
1.0009523477988806
1.0034351385563163
0.997817163653923
0.9709437886295178
1.0380839066637388
1.0559809719285662
1.064987941637581
1.0666345301056097
1.0661138908881578
1.0635939634471572
1.0588273097765524
1.0445606205130888
1.0268427615439413
1.0989118455309952
1.1167626913146518
1.1244345123824653
1.1239522474541626
1.120387790088103
1.1144728237014627
1.097154795599746
1.077646558018532
1.037592484605844
0.9967828278996206
0.9147963997293682
0.8768183097105218
0.8220238368452535
1.168048380440549
1.1842832995399348
1.1901882704590274
1.1899112993815337
1.1871381040866964
1.1808637538388616
1.1745715331570417
1.153408298915913
1.130735353814205
1.091485960826192
1.0387727885679274
1.001925569017469
0.9476769657219798
0.9040887133645203
0.8448494360823751
1.2062740644475831
1.2209699254239506
1.2255774398618131
1.220759641703014
1.2145341396133822
1.2055655606851603
1.182022248897726
1.157121247834025
1.108110810293287
1.0581972469110787
1.0183666909807714
0.9603060493238941
0.9153901631006259
0.8514754359321782
1.2468268352200145
1.2590870961541472
1.2614921897327078
1.2539273606711152
1.2355785502275831
1.1815194957193769
1.0743202323634793
0.9687382247146384
0.852584586969593
1.277667546986395
1.2820814760902735
1.2779405602767673
1.2638043891357105
1.2509121730399901
1.2222806716119403
1.191503503830101
1.135503635430749
1.0782638208474338
1.0409605370751107
0.9671427736318837
0.9199183129410671
0.8465897317601282
1.2943268478440846
1.301320418521768
1.2983486896633978
1.284899677441094
1.2719025347930712
1.2609669837032886
1.2286812291976694
1.195004557079768
1.1302278556736307
1.0719324203015557
1.0198590532737495
0.9549827820532137
0.8983641443323773
0.8272369831431966
1.3014815397769581
1.3056345956429678
1.3003970447580686
1.2845387087872413
1.2716815029787432
1.2561525887319784
1.2210655529011696
1.1870954036505885
1.1220149090923779
1.058243180615036
1.0180528839231233
0.9359581697514749
0.879348756112472
0.8047624271242415
0.7040434518630443
0.7203960378987332
0.7622767699572172
0.7797083377822548
0.7895266749955877
0.8490791256265823
0.8674428679893544
0.8771221224308284
0.8714830211357562
0.9370979843210523
0.9562557167185055
0.9625290888519729
0.9647956898457808
0.9551412891120187
0.9977958241646787
1.015973996041221
1.0212784432642483
1.023819690279041
1.0207411933963642
1.0103985670928253
0.9830200284949953
0.9496159548570924
1.0539919340053274
1.0719710687741584
1.076689987349357
1.078232633391311
1.0726444949926368
1.0605459332829823
1.0284800525253055
0.9916974550820324
0.9131205767184589
0.8215443471980033
1.1171466151900578
1.1333176910162612
1.1371641054121007
1.137149234167908
1.1283506732486077
1.1132200760532986
1.0813550192837034
1.0336114192145975
0.9459799733215757
0.8443691505681439
1.15187267607568
1.166014570887498
1.1685809609682585
1.1678181705688608
1.1568246651276333
1.1395377891446536
1.098757928822757
1.0530432990277265
0.9586371150172621
1.1875032141586073
1.1992737073059767
1.1979255366968853
1.164020005832494
1.0692064053787331
0.9671021688377622
0.8521312446810039
1.2141989921006622
1.2176904011987024
1.2176763431647517
1.2136671904361003
1.1973506978867452
1.1744267772647787
1.1263782960331212
1.073279874621586
0.9656162150122222
0.8461534171240576
1.2265325929105921
1.232184729120822
1.2293800307091358
1.2245887375698317
1.2044637665282443
1.1784192252859553
1.12177488130686
1.0672073297227964
0.9809677815581637
0.9534907526790554
0.826833181436653
1.2300804080385233
1.2330020745024604
1.2291627215069056
1.2214870864203555
1.1980728780939172
1.1710799875072602
1.1136855599616107
1.053714620555458
0.9345562978005787
0.8043878716051993
