0.7962244553487892
0.813552098555346
0.8015681225691681
0.7586904135779867
0.7079475587583811
0.6630243684989511
0.615818155436504
0.5733444340192779
0.5120758019449995
0.42244722818571967
0.8747430035657228
0.9010505888021988
0.9090533428521884
0.9097142962539686
0.8733187418361654
0.8162239567042856
0.762969248641173
0.7062582759229225
0.6550728270918791
0.6042511974906396
0.555178126541574
0.5145498234098022
0.4371889299208984
0.9566662124960786
0.9685596321485286
0.9777944504285128
0.9875564053285217
0.9893679021327015
0.9738598644475768
0.9157635991912995
0.8556320748150926
0.7900587004020699
0.730496950030497
0.6713001550969245
0.6141606812600219
0.5668872582632275
0.4360800718159948
1.0319486658991261
1.0537836301235408
1.0585272879563217
1.0649370256164894
1.066065628295245
1.0631644760370769
1.015206567466352
0.9501974502106678
0.8759202548526364
0.8076073497178181
0.7395275919544217
0.6738094949033814
0.6194804495266426
0.564482318450167
1.1371926649096058
1.1498372249707516
1.1590259316171319
1.1677263825096909
1.1689288287775121
1.1560360334072515
1.0940403777423677
1.0089407055455493
0.9272526719461632
0.8449626537684108
0.7653723030085886
0.6996345282357528
0.6332007116187447
0.5749464380833154
1.2082482515029949
1.2207728572013727
1.2298376959743307
1.237222753724112
1.2381208375714556
1.2370733687608237
1.1977640997286572
1.110029861321877
1.0191172075099144
0.9258431948461502
0.8352322575072224
0.7603883509216042
0.6848515197572028
0.6186917751259388
1.171837349191552
1.076300601484964
0.9763408197011897
0.8787496781708183
0.7980890496249633
0.6455447763034928
1.2901596006742928
1.3119756448049513
1.3160414057588994
1.3121875509244068
1.240221171683652
1.1413941547797533
1.0341991633757783
0.9285893439898981
0.8411586394532762
0.7530260544225617
0.6759755556159086
1.336830267861088
1.3563403449255582
1.3589969670156319
1.3191178690704168
1.2214272172165757
1.1064581253248138
0.990956744271416
0.8949418016771388
0.7981633205164734
0.7136510373607389
0.6320918249311643
1.3706066846987899
1.3875091157195518
1.3898876467758403
1.3714709602164539
1.2857150291289594
1.166282129218443
1.0429069272909288
0.9397043462196255
0.8356106787538758
0.7447717646203711
0.6572337214616656
1.4173244809185288
1.418645027989683
1.4147270273925028
1.401332113626829
1.3527186839564553
1.311877622062874
1.2322092569658392
1.100879016459819
0.9897084209249439
0.877329254620326
0.7793254423898076
0.685014050214308
1.4296195233807845
1.442252148468807
1.4391101601386822
1.412474055894319
1.2984175587561189
1.160639509667612
1.0414901794612204
0.9204977398481913
0.8149572383894038
0.7135448352476728
1.4646954205922562
1.4628448108515808
1.458330921577639
1.436928001998332
1.4244432771567883
1.377154200596223
1.314593938112654
1.2362731313265896
1.1078577850939109
0.9759326550228123
0.8607009382905979
0.7499125954571789
1.4764086179215714
1.4738004629890187
1.4636500387158435
1.4401245010984047
1.40729335909566
1.357847578283637
1.3074639979717977
1.172335861395908
1.0301959254525381
0.9053784981820374
0.7853227202965065
0.7994117261491707
0.7955031106225515
0.8843890855605518
0.8948068647018393
0.8689531528125132
0.9687297433871062
0.9645068059173276
1.0448615179374914
1.0098076519315429
1.1374860920116185
1.1405925004629027
1.089116146863601
1.2097702235903243
1.1873281659843704
1.2198484734943866
1.2396308058553913
1.2661303623274882
1.2851138783919773
1.2325126047285393
1.3090028864699426
1.3264073322345387
1.3048775529589425
1.353028159318898
1.3495880969746799
1.2787274834341702
1.340697614959457
1.382268699744322
1.4040293945446078
1.391622318563309
1.2926412198366106
1.4202599500759896
1.3656430954531475
1.4177575911235176
1.3016134716602583
0.733241445060864
0.7486052479880608
0.7943295590323938
0.8107280643281637
0.8204812656260081
0.8855922516829526
0.9031629856197922
0.9129977618551757
0.9163957898171101
0.9129140231606645
0.9788363513380367
0.9968051456203157
1.0060685533438338
1.0082725613317691
1.0023253683516562
0.9747674203698626
1.0430515809446628
1.0607356930958476
1.0694951202252805
1.070962723236276
1.0703257668431694
1.0676362309584089
1.0626842611442748
1.0480455059932594
1.0299752546684857
1.1033111517105854
1.120897160102704
1.1283059836958413
1.1274923585548733
1.123750019007502
1.1176370851086517
1.0999354541376367
1.0800828712405113
1.0394394233679003
0.9981055422262082
0.9151726389719976
0.8767822819320805
0.8214266144052388
1.1717223497666258
1.1876688265068949
1.1932700781528134
1.1928300622739134
1.1898691644688892
1.183370802994446
1.1769253243631208
1.1553541322205774
1.132351446236657
1.092608188858079
1.0393160910114398
1.002096287022361
0.947334375619381
0.9033505332465582
0.8436043043530181
1.2095181819652931
1.2239031991749334
1.228205625413001
1.2230478779181393
1.2166471223698923
1.2074621463795372
1.1835366094919322
1.1583016429070725
1.1087462716819008
1.0583462851708478
1.0181611391475849
0.9596102096669692
0.9143497253160118
0.8499442796847981
1.2496184962690047
1.261567854513715
1.2636400382347381
1.2557508474158667
1.2370351184015216
1.1822962451886758
1.0741475716237
0.9677919019043563
0.8508869360544247
1.28004143934014
1.2840632737890747
1.2797169258706407
1.2652749124202827
1.252169235499752
1.2231944604127172
1.192102523908955
1.1356516600618412
1.0779984817633734
1.0404464716864772
0.9661667442200291
0.9186665124198716
0.8449387165803819
1.2966963321060898
1.3033868773222501
1.300131522922099
1.286450887577841
1.273270526024962
1.2622114047614665
1.2296239820595767
1.1956921737880566
1.1304818089949003
1.071837290272313
1.0194875884858947
0.954288726019148
0.8974058914471469
0.8259715482608835
1.3041615111210998
1.3078650401521605
1.302403470503661
1.2862983992353398
1.273300486159263
1.2576377446799694
1.2222759847622
1.1880781927815731
1.1226404036076811
1.0585706451389552
1.0181778609315144
0.9357439505813785
0.8789045992807551
0.8040687688284449
0.7102293238534573
0.7265419631471325
0.7682732054597632
0.7856261970177784
0.7952824237657748
0.8546375260848762
0.872858401280631
0.8823222705263134
0.8761169159370445
0.9420305603484479
0.9609691429949778
0.9670877897270811
0.9692276912823141
0.9589386641866342
1.0021852104803397
1.0201116977015399
1.0252646353447508
1.0276360697870963
1.0242064361747267
1.0135228018005615
0.9855759221520161
0.9516304628655164
1.0578118704128527
1.075487497062434
1.0800385040041738
1.0813916806468717
1.0754298220077179
1.0629907228999393
1.0303365872484986
0.9930282657509617
0.9135013563114145
0.8209491022230637
1.1202503174284417
1.136079229179184
1.1397032638476638
1.1394892119977287
1.130333894161259
1.1148620279744614
1.0824981915787222
1.0341677463615215
0.9456434699438587
0.843126397431587
1.1545579463134372
1.168358607708743
1.1707337588806743
1.1697642720523898
1.1583795453734425
1.1407515658238252
1.099415719707744
1.0532072295325838
0.9579477967142267
1.1897543872371434
1.2011715122911497
1.1994428982104566
1.1648341985367876
1.0690492008309456
0.9661622752718562
0.8504358910359646
1.2160565940238965
1.219384759601951
1.2191974661594673
1.2149841858817647
1.1983105311679454
1.1750614342235939
1.126548726619828
1.073028674848546
0.9645958373644217
0.8445043656520392
1.228434067116354
1.2337862226103122
1.2307924782455169
1.2258742616428695
1.2054378759917406
1.1791328823221063
1.1220433695032648
1.067121530688562
0.9804146465613731
0.952800356900095
0.8255690018059987
1.2320968635479472
1.2347737519534345
1.230793768514911
1.222984468306638
1.1992933297027524
1.172071320778905
1.1143165141520053
1.0540454773344374
0.9343433593076704
0.8036945695313876
