0.7916892896941017
0.8091879283964432
0.7980615835751509
0.7559996946400098
0.7060301252739708
0.6617174901383338
0.6151074919765347
0.5731373092416447
0.5125821457409946
0.4241458954256985
0.8716205131051552
0.89816523484814
0.9063429545368042
0.9073418251640503
0.8717297963769095
0.8153546868170624
0.7626571564969605
0.706475721286938
0.6557246708160583
0.605315638181357
0.5566488120262143
0.5163853247581617
0.4399278239378807
0.9549944666789312
0.9670098907252439
0.9763662233976228
0.9863317478112892
0.9882140023145407
0.9733961419495808
0.9159625709336865
0.8563105519336266
0.7911727837652245
0.73195048553818
0.6730672294994285
0.6162329542121884
0.5692356500566498
0.43966859323883206
1.0317477065925635
1.0538919703441503
1.058729002282935
1.0653470348059066
1.06660366503507
1.0638985585915386
1.0165422567662301
0.9519214291513004
0.877957418502681
0.8098605271362184
0.7419658831836221
0.6764227525722233
0.6222567867530825
0.5674698476975362
1.1391360219607876
1.1519782268237362
1.1613411306004433
1.1702942426178884
1.171566184101967
1.1590705528587788
1.0973646323017476
1.012354117238265
0.9306550894572962
0.8483044279639775
0.7686426264580529
0.7028567849816535
0.6364103315251285
0.578209036125918
1.2116335334231134
1.224358280039599
1.2336022599316456
1.2412265664485453
1.2421950168899691
1.2412662225414448
1.2022139645841714
1.1144179748450247
1.0232921050248767
0.9297384712760034
0.8388368784252073
0.7637596216260744
0.6880146152706546
0.6217374787309964
1.1767627809282522
1.0808963407266972
0.9805109472174779
0.8824822370902337
0.8014648480161151
0.6483537204516396
1.295095248941203
1.3172655576601024
1.3215575591318076
1.3177827318782498
1.2457032921806304
1.1464047260963044
1.0386117500340906
0.932388779340292
0.8444540156755246
0.7558382785489042
0.6784216090677903
1.3424226888160715
1.362277310221822
1.3650614110453245
1.3251290262619428
1.2268403871438638
1.1110574101295865
0.9947149692243292
0.8980063892985942
0.800556338208462
0.7155077896958498
0.6335216690681201
1.3765700454700098
1.393742434077078
1.3962336381648326
1.377742884063491
1.2913500855354136
1.1709317373964776
1.0465224439351055
0.9424638035174523
0.8375380111886662
0.746014831245228
0.6579276131995963
1.423626413021851
1.424988010058055
1.42104766005752
1.4075247288979131
1.3584618598278524
1.3172292720937788
1.2367978963522521
1.1042172863229764
0.9920106260064518
0.8786159411502789
0.7797764017186705
0.6847729639706979
1.4355993832704
1.4483367254924286
1.4451166293476592
1.4181395978221993
1.3028347319505946
1.1635515451181095
1.0431729257713274
0.9209969049465465
0.8144557674253936
0.7122154709843446
1.4699983874900906
1.4681096090578627
1.4634229178413314
1.4416589844544698
1.4291435446253409
1.381043385018105
1.3176970072070977
1.238428282681634
1.1085542120135456
0.9751982495982519
0.8586981130960146
0.7469078881451869
1.480527689692197
1.4777354615746665
1.4672838349800361
1.4432101045889143
1.409901244072491
1.359724857835425
1.308650653349913
1.1718238917154364
1.02802648461951
0.9018426674713589
0.7806691277629829
0.7952684355822657
0.7920136734826787
0.881696556657146
0.8924380541956489
0.8673604371437377
0.967669075816269
0.9640170532692305
1.04551336898891
1.0111146648488636
1.139910231984672
1.1435164963612106
1.0924025383727745
1.2137369799940556
1.1916886265528688
1.2239118269582212
1.244536359054234
1.2709942857686716
1.2904563745485864
1.237922666104345
1.314484489133012
1.332261017414449
1.3107544881965953
1.359024071668749
1.355655449159046
1.2843004031011553
1.3463386820719936
1.3878478818490934
1.4097413279821254
1.397121757684626
1.297019061421615
1.4249900648901366
1.3694677275207086
1.4207491358866617
1.3027887550531208
0.7295298698232737
0.7449871780519097
0.791619019767611
0.8081639694023127
0.8180787276571939
0.8845572032780452
0.9023450719414732
0.9123918395531644
0.9160123949706339
0.9127534309554914
0.9796549032612974
0.9979029900411361
1.0074006071116648
1.0098460453651719
1.00410663290303
0.9768498569349365
1.0451646814790778
1.0631570814336984
1.0721670649631638
1.0737698918463008
1.073207892500778
1.0706136453057222
1.0657450563493291
1.051231910268041
1.0332404901751906
1.106592008753594
1.124500943480588
1.1321378702166438
1.131511883647917
1.1278351290438926
1.1217833071433572
1.104137039874626
1.0842983896261398
1.04361053211376
1.0021884180416758
0.9190230501786383
0.8805213852212171
0.8249829738905221
1.1761441975177493
1.1923687612527434
1.1981584059746304
1.1977840962324586
1.1948559972640123
1.1884006180322766
1.181933411687628
1.16034468345333
1.1372512796824215
1.0973164556938146
1.043742491407305
1.006316762752695
0.9512375511827738
0.907003895225875
0.8469119366971278
1.2143824762062385
1.2290042337144869
1.2334357103836604
1.2283197328564626
1.2218977493655039
1.2126935977288733
1.1886262724850174
1.1632420252189875
1.1133560616552396
1.0625963536560665
1.0221162073605332
0.9631431258505545
0.9175508119062965
0.852683374500871
1.2547018695882168
1.2667262581879795
1.2688465279342853
1.2608990311088026
1.2420172010712125
1.1868149283486493
1.0776531788770904
0.9703500332956033
0.8524428736097627
1.2848518402358315
1.2888499011107686
1.2844313454289422
1.2697817344068574
1.2565441029451179
1.2272332690453804
1.1958163711936751
1.138754191292552
1.0805078482146897
1.0425963642612541
0.9675835520158631
0.919607902034708
0.8451945878858087
1.3004486305841534
1.306940001281383
1.3036205386410862
1.2895790825415885
1.276176722147946
1.2649423760871708
1.2318846297616206
1.1974945665659213
1.1314894081817441
1.0721793218777214
1.0192418893229
0.9533382109556167
0.8958801632798888
0.8237456076962721
1.3063897585562179
1.3100583490873785
1.304294682863363
1.2877590157759327
1.2744973294247546
1.2585178787293525
1.2226319517638533
1.18794080751637
1.1213886563250275
1.056773057485723
1.015930165516078
0.9325681583400058
0.8751449460190598
0.7995945852297136
0.7068837489001518
0.7233168385341704
0.7658978931708164
0.7834281524660298
0.7932945940552437
0.8538666328056226
0.8723416673868359
0.8820587190766759
0.8763042806814139
0.9429951288625982
0.9622628054117863
0.9685511261267871
0.9708056502068743
0.9609168538804933
1.0043625051770908
1.02261742466126
1.0279207916984385
1.0304281019440833
1.0272059254899326
1.0166566521106741
0.9888457710687071
0.9549635518583617
1.0610406742382434
1.079057163158374
1.0837438749801713
1.085220868497378
1.07941459658505
1.0670535920076616
1.0344251311768464
0.9970644993885647
0.917336086578061
0.824500900434199
1.1244554068375647
1.1405633504387995
1.1443249684464734
1.144194617162879
1.1350835043093326
1.1195994500767352
1.087111717917709
1.038547118160423
0.9495316246494997
0.8464299981580997
1.159097135154979
1.1731215782206226
1.1755599579521256
1.1746484325183375
1.1632408135708536
1.145534269932125
1.1039438314900438
1.057413623242918
0.961467596734964
1.194324391780264
1.205848713040773
1.2041093651673855
1.1692146425782324
1.0725196089989573
0.9687111102054033
0.8519900684165808
1.2202789752855323
1.223587488041455
1.2233630647353564
1.219090056918726
1.2021789862656127
1.1786649316158573
1.1295987363398896
1.0755131547962546
0.9660074933287622
0.8447599898814846
1.2315205267180414
1.2366483899706695
1.2335143838720217
1.2284400339827242
1.2076040055334973
1.1808782780968434
1.123033150604672
1.067458996855653
0.9797684613666114
0.9518525257553682
0.8233452900079417
1.2337728575538938
1.236108171931268
1.2319026953513221
1.2238527004054673
1.1996302797204346
1.1719597051909179
1.1130793019683909
1.0522619118589163
0.9311771935139882
0.7992250791514539
