0.7889769021191322
0.8065847013504716
0.7959843970924005
0.7544017806781531
0.7048612394420618
0.660860777257493
0.6145225991289766
0.5727481499363527
0.512393150542262
0.42409767575865376
0.8697474844611236
0.8964455804848727
0.90473559153532
0.9059471697057714
0.8708144035235494
0.8148535580224594
0.762448264230167
0.7065090132495134
0.6559219670539991
0.6056238038428012
0.5570199138965748
0.5167795082365334
0.44032665075028915
0.9540034603601525
0.96609813448482
0.97553470295582
0.9856317272754755
0.9875582237653385
0.9731824926801341
0.9161482725849707
0.8567588976253253
0.791819756247351
0.7327181379652034
0.6738988466490808
0.6170792011549445
0.570063447259974
0.44040457395025145
1.0316644315370174
1.0540113642815148
1.058912666537134
1.065669729910232
1.0670103684101344
1.0644348007143818
1.0174801035305578
0.9530717307791375
0.8792520501106982
0.8112179711268068
0.7433259241610967
0.6777360617851642
0.6234990111963
0.5686168754234096
1.1404060732970387
1.1533805872105967
1.1628641195924243
1.1719898765657721
1.1733148346788695
1.161102082959319
1.0996044988693794
1.0146439855131173
0.9328981781807915
0.8504320971973958
0.7706066813634713
0.7046497965433551
0.6380072615702269
0.5794900552452052
1.2138387455093091
1.2267067832579877
1.2360786099248537
1.2438758574115871
1.2448947359413987
1.2440578212673616
1.2052230694971533
1.1174238587103844
1.0261585597841225
0.9323843723848768
0.8412131128867483
0.7658744259755108
0.6898459833906087
0.6233028296310448
1.1801751900269781
1.0841144312810942
0.9834393618443923
0.8850687529537191
0.8037299254699991
0.6500004572805069
1.2983176454947598
1.3207985681743464
1.3252656506049114
1.3215705730792406
1.2495316410646808
1.1499804923368908
1.0418163174182113
0.9351654804918117
0.8468369181919129
0.757797392082471
0.6800061058267501
1.34614514347065
1.366281657177929
1.3692220469505956
1.329364137280113
1.230780277156571
1.1145259129741798
0.9976450947467529
0.9004509748201177
0.802483300190794
0.7169771216907053
0.6345546624686179
1.3805821232355446
1.3979883051006947
1.4006084788481625
1.3821705807902775
1.2955069669214925
1.1745430791329319
1.0495017672746527
0.9448787176947971
0.8393542126588983
0.7473157848648821
0.6587162453856785
1.428008347710141
1.4294485919479325
1.425532005466975
1.4119918523231343
1.3627479277661487
1.321322727986774
1.2404772189473112
1.1071613238029836
0.9942969055479388
0.8802154704182572
0.7807872532096517
0.6852002514976179
1.4397761123967272
1.452657785993379
1.4494832054893791
1.4224024777863968
1.3064663228977862
1.1663458523243768
1.0452153320534985
0.9222493847968246
0.8150631993383676
0.7121579676282092
1.4739516631369403
1.472016137544056
1.46733309887309
1.4454287335854805
1.432827708844145
1.3844185521204326
1.320648052716275
1.2408511775086175
1.1101046191351769
0.975875790747064
0.8585837776055896
0.7461624208574741
1.48377466842425
1.4809307944998442
1.4703646855908656
1.4461470725488705
1.4125061772897158
1.3619498925015328
1.3105000409192586
1.1726949610539927
1.0278996311921849
0.9008434922051964
0.7788717335592524
0.7928027989094486
0.7899469868621435
0.8801000039140048
0.8910457003260258
0.8664427609985401
0.9670724041079419
0.9637870682613853
1.0459974168728732
1.0120340730968689
1.141520428790638
1.1454757893503966
1.0946173375566475
1.216378926147776
1.1946375169108812
1.2266097672779526
1.2478575917409291
1.2742397857738117
1.2940712193786024
1.241700010139808
1.3181746530814
1.3362791304050927
1.3148930263058012
1.3631480322378764
1.3599340991892535
1.2884096082475602
1.3505447167024829
1.3917508828985683
1.4138810576679055
1.401251820436606
1.300615517001746
1.4286732895730834
1.3727807755953643
1.4235836343130013
1.3046168549500268
0.7273291328108343
0.7428440351039121
0.7900198943080879
0.8066549612977864
0.8166695736747736
0.8839811917042377
0.9019093040464528
0.9120892720662905
0.915847619210706
0.9127249871553725
0.9802452097807444
0.9986764962851117
1.0083277018503265
1.0109263248829057
1.005319018893838
0.9782446554041653
1.0465906276010954
1.0647893164058444
1.0739687021399065
1.0756629820002652
1.0751515154598248
1.0726218045024116
1.0678088386456597
1.0533791453918584
1.0354381454022918
1.108794877054583
1.126930011933437
1.1347295590498883
1.1342414056717303
1.1306153088581972
1.124605189531507
1.107009666064977
1.0871845733730503
1.0464743253365942
1.0049884240848563
0.9216332161831917
0.8830247445840781
0.8273195635690493
1.1791504167760272
1.1955897442093586
1.201532134866203
1.2012121705071945
1.1983345779817642
1.191913838416676
1.1854581835820874
1.1638683259316358
1.1407316890428125
1.1006988894762832
1.046952695222647
1.0093886402357273
0.9540885832590147
0.9096707641976324
0.8493071661191834
1.2177410240711426
1.2325631100774959
1.2371187122339367
1.2320759323910317
1.2256796570195705
1.2164646217608797
1.1923463979877968
1.1668857605680465
1.1168074446684169
1.0658534917796836
1.0251717263247118
0.9659177138507752
0.9201070038727768
0.8548720500728101
1.258192400939581
1.270446038570091
1.2726488045716795
1.2647267317845658
1.2457959713232534
1.1903658730479354
1.0806268239127366
0.9727205660309388
0.8541247036764672
1.2884157268152185
1.2924946571403844
1.2880747000146249
1.2733850727821487
1.2600642249065872
1.2305956981280595
1.1990055665882944
1.141603943455673
1.0830091756293876
1.0448633288621947
0.9693659595335274
0.921109801335098
0.8462247396527144
1.303423975664855
1.3100347747220757
1.306508414448363
1.2924221769947932
1.2789147906797083
1.2676025418691088
1.2343046285998847
1.1996834521918882
1.1332235349276953
1.0735007084541768
1.0201930841071083
0.9538598030243813
0.8960043725239933
0.8234008677128026
1.308616922460188
1.3122442113372987
1.3063537469066187
1.2896320311839204
1.2762469047660652
1.2601748657995402
1.2239555892144365
1.188944422162475
1.121941274681061
1.0568577721066374
1.015733226329915
0.9318237105536491
0.8739772628737099
0.7979223882363322
0.7049065965372906
0.7214112818216081
0.764506051102695
0.7821433864674121
0.7921349557688613
0.853460850920911
0.8720926841150232
0.8819656185805403
0.8764779543287734
0.9436845615922673
0.9631626272402286
0.9695595048661471
0.9718866125005456
0.9622440665632459
1.005839327733391
1.0243129105852897
1.0297167304562078
1.0323139571863533
1.0292289216083819
1.0187662992858393
0.9910376621850138
0.9571782593927526
1.063226487247024
1.0814820856536633
1.0862658969339232
1.0878267250062759
1.082138455557124
1.069834435627595
1.0372312944132511
0.999831619214385
0.9199349657721309
0.826834112252323
1.1273503728922025
1.1436697708381163
1.147547783964671
1.1474698487209338
1.1384383778949372
1.122960884746771
1.0904246565525073
1.041721412838116
0.9523706756071212
0.8488217861346459
1.1622795716400147
1.1765043593935014
1.1790274392420614
1.1781608925187943
1.1667878935767797
1.1490568648022392
1.1073305619909775
1.0606349938488675
0.9642306517488377
1.1976125370850659
1.209307370495368
1.2076356176801455
1.1726490542582726
1.0754601593200224
0.9710714234526592
0.8536692259618562
1.223515121775189
1.2268653674783314
1.2266737332570388
1.2223764483032558
1.205387215683976
1.1817499704154162
1.1323944276819622
1.0779858865201244
0.9677816079574447
0.8457880825017516
1.2340313479480087
1.2392186165654504
1.2360378653923618
1.2309166707206802
1.2099071574743563
1.1829902449572487
1.1247313348297319
1.0687620752937548
0.9804695228117929
0.9523696555818971
0.8229997727990965
1.2355460939431389
1.2377842424426517
1.2334956838614222
1.2253361623340049
1.2008777471004068
1.1728901413335004
1.1136120665584792
1.0523384949087833
0.93043210415357
0.7975534788627282
