0.7916425631410449
0.8090335228868517
0.7975782760830674
0.7552653917291837
0.7050751374409923
0.6605875976679975
0.6137997310377045
0.5716712551623813
0.5109486104804927
0.4219584187200415
0.870671438940766
0.8970594263901357
0.9051487062690519
0.9060104155471949
0.8701668309016133
0.8136302124206487
0.7608193541550031
0.7045287324303389
0.6536899094281008
0.603281722643396
0.5544903323045384
0.5140934021077359
0.4371918911776362
0.9531297907276791
0.9650674790496617
0.9743530995227249
0.9842153236296314
0.9860646718264652
0.9710193949950817
0.913475297095738
0.8537806809638607
0.7886184588746068
0.7293911752458693
0.6705926492026894
0.6137173066413737
0.5666590448566093
0.436512679145647
1.0289725996394405
1.0509428648594628
1.0557327032737358
1.0622549964716443
1.0634604132470928
1.060691378746315
1.0132491280076346
0.94866279051545
0.8747744590381894
0.8067802986886944
0.7390634970923601
0.6735810645753969
0.6194417349450352
0.5646331631852659
1.1350440288413173
1.147775055254897
1.1570505572539012
1.1658879414738672
1.1671377084580454
1.1545575360871272
1.0929639770990658
1.0082038389260641
0.9267750289462457
0.8447919245327868
0.7653749578617606
0.6997726180970639
0.6334720131461752
0.5753374570798926
1.2066455003373846
1.2192629516861826
1.2284248669525877
1.2359495245467345
1.2368953162097753
1.2359380909215252
1.196970822324509
1.1095410338975753
1.018831501530777
0.925802504087443
0.8353049003983124
0.7605449963322692
0.6850864563937247
0.6190029456167259
1.1714457059114136
1.0760871514623322
0.976330010255533
0.8788105018668663
0.7981985830347096
0.645740367837921
1.2890771825645169
1.3111141621073377
1.3153508847677995
1.3115788872530652
1.2399029826915775
1.1412108558451262
1.0341676303954128
0.9285785895624206
0.841153859940436
0.7530152493381861
0.6759684709458569
1.3359581566695122
1.3556651240641833
1.3584289635039497
1.3187874584029882
1.221189227836129
1.1063083606083626
0.9907614867416504
0.894696770336931
0.7978611539805741
0.7132986990865602
0.6317165169645477
1.369785426991051
1.3868629769120393
1.3893438246924246
1.3710398575347664
1.2853496513915257
1.1659503915076204
1.0424716336314257
0.9391713724801026
0.8349738767355405
0.7440440746415152
0.6564453730671272
1.4165652443076733
1.4179535037687918
1.4140771748402805
1.4007089406204878
1.352105924027718
1.3112501546703001
1.2315766813531035
1.1000767465966768
0.9887544613570602
0.8762186569862495
0.7780812090701568
0.6836691917430181
1.428474526139235
1.441219197099029
1.438138314358537
1.4114827828577712
1.2973525728837292
1.1593380360687346
1.0399795032732047
0.9187798841203217
0.8130631919398973
0.7115128100273377
1.463008229272336
1.4611951376591872
1.4566542319053473
1.4352170893027312
1.422884657311673
1.375357709338969
1.3126430734551018
1.2341442203027733
1.1054545736120438
0.9732756381743514
0.8577900359101072
0.7468271711927418
1.4738802128314086
1.4712397085983546
1.4610451987299757
1.4373537135777226
1.404457297478191
1.3548543668437338
1.304316964186697
1.1688366507265342
1.026361532554955
0.9012657744791414
0.7810039068890573
0.7950564652243923
0.7915373451579669
0.8805553466759648
0.8911417852855128
0.8658098665759679
0.9655413794968192
0.9616751483994522
1.042388911986616
1.007847576301247
1.1356577026812835
1.1390911587477788
1.0880304674316403
1.208578140505443
1.1865103364738763
1.2185776852012233
1.2389158173612556
1.2651496152497623
1.2844318512849053
1.232171904836136
1.3081955050108203
1.325850397376117
1.3045056974626763
1.3523812072532522
1.349095536676132
1.27834249005804
1.3400549533109634
1.3810795102835585
1.4029817273015492
1.3905882577220747
1.2915661275282662
1.4185297836267197
1.3638366709889613
1.4149932280396427
1.2984730029918208
0.7292897120728149
0.744674102800748
0.7907387463299936
0.8071840618682462
0.81701035478399
0.8826390759945696
0.9002934395797488
0.9102313732297062
0.9137553076461453
0.9104174879698823
0.976605758363661
0.9947011001593762
1.0040876362308815
1.0064381574607923
1.0006399522549922
0.9733548993127005
1.0413300752662844
1.0591622888805752
1.0680602121334382
1.0696150224236545
1.0690307084355735
1.066414118704069
1.0615347045931622
1.0470293620728908
1.0290718136561217
1.102037584279872
1.119788417215737
1.1273329044904496
1.126659775149073
1.1229820014398515
1.1169320463921792
1.0993453047665958
1.079584853161313
1.0390713129277818
0.9978335630625786
0.9151385458813475
0.8767982124547768
0.8215102327695526
1.1708457567900095
1.1869463704373842
1.1926788347119792
1.1922954262140257
1.1893657874668364
1.1829603811390013
1.1765322002779894
1.1550679407992093
1.1321114995243655
1.0924362819559994
1.0392607506898033
1.0020585693585335
0.9473142617903116
0.9033411451761442
0.8435975856685953
1.2087469666292345
1.2232729682665913
1.2276872547850333
1.2226189435289976
1.2162470390894597
1.2071122770465847
1.1832168461743038
1.1580377095707057
1.1085686625938875
1.0581790657744639
1.017969631126756
0.9593979059325892
0.9141022643261927
0.8496820204617458
1.2487640471290653
1.2608136917452508
1.2629869818157582
1.2551309361334306
1.2364538644287304
1.1817756492569915
1.0735286221678166
0.9670535396378184
0.8500088641777961
1.2789561854164992
1.2830402935081824
1.2787227735375166
1.2643107451923543
1.251225879223657
1.2222191509423597
1.1910943710791826
1.1345481013318897
1.0768021664526384
1.0392115430100841
0.9648370660315055
0.9172149042508939
0.8433746895812699
1.2948381084179128
1.301574514560935
1.2983224967124372
1.2845204567331125
1.2712965807823082
1.2602047284273714
1.2275259433300907
1.1934995909789687
1.1281374064838812
1.0693672653696085
1.0169017493291612
0.9515703548035802
0.8946114696242256
0.8230153030029297
1.3012215668240978
1.3050562826876828
1.2995057724911767
1.2832834701930205
1.270218252036465
1.254477927298767
1.2189923372945175
1.184693714726509
1.1188022118172114
1.0548065032364253
1.014334906276833
0.9317126212690261
0.8747716630356249
0.7997889724960183
0.70654551159718
0.7228903670005591
0.7649451906756867
0.7823591092000033
0.7921146591264524
0.8519243503764623
0.8702512774846825
0.879843993934815
0.873924971425996
0.9400032602147329
0.9591009239508664
0.9653042425922091
0.9675101110967049
0.9575061357594363
1.0006409440420747
1.0187294368289534
1.0239657290395217
1.026421033862105
1.0231425781880834
1.0125843864080357
0.9848242005281741
0.951029432555996
1.0566737139194065
1.074528183557489
1.0791621396229922
1.0805946532987887
1.0747747935774277
1.0624457825438396
1.0299419141391235
0.9927406696107731
0.9134615110240591
0.8210309016472205
1.1194498644708808
1.1354330237232713
1.1391637317045171
1.1390305159202914
1.1299637525378101
1.1145678032126687
1.0822926472569725
1.0340953489851377
0.9456174916647045
0.8431179386284265
1.1538238157719405
1.1677680150605085
1.1702057146695064
1.1693011566601346
1.157984678698603
1.140434210002978
1.0992093292728913
1.05302399296884
0.9577302946988324
1.1888835287757409
1.200414388260811
1.1987631858215575
1.1642725932766071
1.0684180387638869
0.9654203606522759
0.8495569914772638
1.2149269999791406
1.2182913244473301
1.2181465911372256
1.2139659128460027
1.1972874499712611
1.1740219818505446
1.125430173305583
1.0718251572700348
0.9632644591361956
0.842940235652795
1.2265609926002075
1.231821928738109
1.2287953477671616
1.2238499720430218
1.2033333560307937
1.1769372410346708
1.119701929661614
1.0646549564406005
0.9777561097878293
0.9500844731106016
0.8226136788099297
1.2292472295461752
1.2318065436754901
1.2277571774146707
1.2198666057538872
1.1960474160523324
1.168716225263515
1.1105009689340875
1.050295285533011
0.9303183650949444
0.7994172733357398
