0.7939667560135539
0.8113477079033374
0.7996543626248431
0.7570289927707635
0.7064898960031545
0.6616896667323372
0.6145624720368017
0.5721179060097052
0.5108253030042892
0.42107594459604963
0.873438029893923
0.8998388581127758
0.9079029872249593
0.9086713765877171
0.8724778217409076
0.815513557761865
0.7623102754186206
0.705601632658191
0.6543738245896983
0.6034698783800212
0.5542889368172634
0.5135579625831576
0.4360184685205102
0.9562909302168647
0.9682383628320198
0.9775242896757216
0.9873616996561446
0.9891973856882991
0.9738586695292502
0.9158213271127058
0.8556641380914359
0.7900032821911573
0.7303162998191346
0.6709548828331813
0.613628862737146
0.5661887158836089
0.435014503387827
1.0324974840311152
1.0544715274054905
1.059251341975953
1.065732273041674
1.0668948685064632
1.0640392138038812
1.0160971058210744
0.9509742452320262
0.8765077748380571
0.8079652245707617
0.7396219972055916
0.6736231673735923
0.6190514647812635
0.563807233324753
1.1390439366988592
1.151781064005746
1.1610440027329276
1.1698288496159672
1.1710533792009565
1.1581905494361011
1.0959826394161432
1.0105102711649574
0.9284199352260704
0.8456871175830002
0.7656468726785407
0.6995297667340081
0.6327146830334631
0.5741418123506953
1.2109379644906673
1.2235311302009735
1.2326891777267395
1.2401509357693046
1.2410620245563673
1.240027375392206
1.2005446466439924
1.1123174628834018
1.0208526171852896
0.9269811622975531
0.835773278342371
0.7604327192553166
0.6843989049010999
0.6178260763073252
1.1745345200751214
1.0783548710601327
0.977695836766887
0.8794103086487502
0.7981750268876202
0.6445807354763488
1.2937007803910041
1.3156181165395453
1.319731366755746
1.315840054289829
1.2433380836020806
1.1437706784084711
1.035757155147818
0.9293365851194993
0.8412386154199059
0.7524452929012109
0.6748408491687838
1.3406394524203273
1.3602664587832314
1.362912580473813
1.3226539575490104
1.2241276776092265
1.1081916793937157
0.9917290018246986
0.8949269875087101
0.7973757870101802
0.7122113005628808
0.6300991751404577
1.37452347287399
1.391508602615783
1.3938385578851216
1.3751901304851581
1.288604301172924
1.1680871870972582
1.0436234473868788
0.9395314196452368
0.8345673480248029
0.7429967940076315
0.6548368390531379
1.421198919011148
1.422456466797918
1.4184572084969858
1.404865972758006
1.3557122187890813
1.3144519341020555
1.2340365566214608
1.1014452445062628
0.9892716270140196
0.8759096134588025
0.7770863393740965
0.6820778295435083
1.433178062822586
1.4457973278200091
1.442487248061609
1.4154290550773185
1.3000949342833654
1.1609417785956824
1.0406657432490256
0.9185881159342929
0.8121307553536489
0.7099470673985506
1.4674381055671153
1.465492368524489
1.4608327888254349
1.4390551838735959
1.4265567353088346
1.378450212042876
1.3152216854997727
1.2360647467720605
1.1063785719527743
0.9732105291290037
0.8569532423567566
0.7453068406401093
1.478094807208639
1.4753052870771561
1.4648587451897443
1.4408572707619205
1.407607123598103
1.3575355260281528
1.30655933706934
1.170003978802684
1.0264792973683963
0.9005373410277729
0.7795427466320888
0.7972917827361751
0.7935976821484602
0.8832321819081246
0.8937572769204059
0.8681086108179343
0.9685615992690099
0.9644848170725949
1.0456728982846557
1.010678503473341
1.1394527570692239
1.1426684035310655
1.0910332400381666
1.2125621157813884
1.190047383354603
1.2227891471614138
1.2427644091335122
1.2694656213175062
1.288587713945481
1.2355808183452832
1.3126019962655993
1.330079422178441
1.308320750783745
1.3567290900047155
1.3531636153361641
1.2815744381816794
1.3436200231952102
1.3854969312184122
1.4071952871535611
1.394459302922002
1.2942913240557687
1.422435659890265
1.3668928591605363
1.418404759603423
1.3006996085423232
0.7312982520578937
0.746683895405898
0.7930177626646996
0.8094638321352913
0.8192676819333443
0.8853129952877813
0.9029635055190899
0.9128692161134114
0.9163243984352942
0.9128909244655662
0.9796542410958299
0.9977359956102023
1.0070744142799555
1.0093397801817032
1.0034072162793468
0.9758074836488093
1.044608665754173
1.0624160708621155
1.0712514710680487
1.072743934385081
1.0721150797926584
1.0694290975986969
1.0644660358954883
1.0497783143170611
1.0316340003942415
1.1054979491613968
1.123211571393571
1.1306770266233053
1.1298724031139686
1.1261106842385873
1.119966264488046
1.102165632179556
1.0821986941688386
1.0413058193432785
0.9997108929916323
0.9162430103189361
0.8776041215444113
0.8218789416667773
1.1745721460369305
1.1904886026242762
1.1961163160526114
1.1956634884413981
1.1926577600701727
1.1861182283020366
1.1795967661458953
1.1578733612080414
1.1346915693919601
1.0946337369645482
1.0409300348250266
1.0034181874197687
0.9482294905833313
0.9039088027160119
0.843704529146202
1.2123769793621226
1.2268254098257851
1.231120632292358
1.2258756369433732
1.2194007913437952
1.210127551724203
1.1859691255584193
1.1605145095730804
1.110531766149701
1.059697338094917
1.0191751387944346
0.9601307634034434
0.9144959860605321
0.8495605753946732
1.2523572567129535
1.2643122451296929
1.2663123481241196
1.2582721284685836
1.239322972337432
1.184037751513499
1.0748290969365526
0.9675186265501077
0.8496051572975745
1.2824034776608293
1.2862876618680004
1.2818288139930483
1.2671512045679119
1.2538704552509372
1.2245519961792766
1.1931337642864939
1.1360926983357655
1.0778749632401226
1.0399879018735663
0.9650187249256633
0.9170802933913472
0.8427073866887644
1.2980773338721907
1.304631231653541
1.301128141092661
1.2871503952092407
1.273756290533561
1.2625365533738533
1.2295217447215716
1.195179591743398
1.1292733229794634
1.070047740162765
1.0171769893155433
0.9513795787381149
0.8939968366539335
0.8219534149751804
1.3042396085951415
1.3078546565010292
1.3021185166872027
1.2856344354461524
1.2724081390636102
1.2565174312233005
1.2206654375513628
1.1860583825991464
1.1198767853729519
1.055162319329985
1.0143936243162273
0.9311887692182221
0.8738787640409091
0.7984393417663751
0.7084124782078096
0.7247521868417639
0.7670529513620927
0.784459732719582
0.7941737406951896
0.8543789491854993
0.8726881429993025
0.8822262078085132
0.8761052224977148
0.942773911945327
0.9618424198039244
0.9680061514112975
0.9701727395011367
0.9599124518995508
1.0035980799869502
1.0216446439313753
1.0268409837254613
1.0292387800728915
1.0258175430135812
1.015097736829316
0.9870314864562232
0.9529240377583384
1.0597680009065409
1.0775632545106786
1.0821446055235218
1.0835102623650357
1.0775187176895151
1.0650088044051504
1.0321518033212778
0.994605622199546
0.914562930410332
0.8213990891465736
1.1226282488569321
1.1385277883794442
1.142176732702341
1.1419741519609345
1.1326923282664658
1.1170970326544
1.0844632606958982
1.035752818594508
0.9465298873082418
0.8432244702041736
1.1569982075029543
1.1708403546274506
1.1732071653919236
1.1721965586469876
1.160660805694708
1.1428612327332301
1.1011490119732867
1.0545310374173604
0.9584605905123328
1.191975692012569
1.2033695570303566
1.2015161049117649
1.1664834823592105
1.0697081397030135
0.9658832818447972
0.8491531053125564
1.2178250358159743
1.221089341083566
1.220836614925021
1.2164998818864936
1.1995514945475552
1.1760175826180521
1.1269544589461562
1.0728886228820775
0.9634444607164814
0.8422728734062788
1.2291442994953627
1.2342943807860225
1.2311508367808168
1.2260800221927763
1.205267042906717
1.17857806896848
1.1208212098394126
1.0653278311947372
0.9777717142407395
0.9498925033305254
0.8215520532302112
1.2316480983683045
1.2340111207207147
1.2298310095300915
1.2218119597747585
1.1976637928841516
1.1700463850008875
1.1115585865864728
1.0506448211339412
0.9297937965545926
0.7980678646284566
