0.7892527246313261
0.8069046722415654
0.7964377173229964
0.7549791659884304
0.7055779680934058
0.6617129263170107
0.6155332708527177
0.5739189905954424
0.5138277733605012
0.42599138595259484
0.8698684871299326
0.8966150457880944
0.9049394100961398
0.9062173658516977
0.8712536521277319
0.8154819088569489
0.7632512068102864
0.7075123596984053
0.6571220883864153
0.6070364394003239
0.5586544678340071
0.5186096908279613
0.4425549736750852
0.9540168919186149
0.9661303851930726
0.9755872677398502
0.9857234253903051
0.9876640363730367
0.9734670048358208
0.9166684961041085
0.8574955805438259
0.7927993908846042
0.7339310639683495
0.6753586524585447
0.6187920380183768
0.5719955733844178
0.44296707052870904
1.0315841694497692
1.0539766860770081
1.0588959331192886
1.0656975777958797
1.0670735684013943
1.0645557505316967
1.017856587746615
0.953724809651388
0.8801936702527888
0.8124329266098229
0.7448249350288677
0.6795207838402818
0.625527666993313
0.5709022113597754
1.1402346335913538
1.1532382729518509
1.1627528475255666
1.1719382297267542
1.1732839187768702
1.1612675403303192
1.1000991209981428
1.0155067251412226
0.9340993748444354
0.8519783759436136
0.7724920713641673
0.7068193952286622
0.6404663339615527
0.5823305757318766
1.2136477558740326
1.2265515875876178
1.2359635655006862
1.2438309939268697
1.2448838124759691
1.2441010593283226
1.2055826625011694
1.1182088940002413
1.027339520005469
0.9339606745337539
0.8431707174690751
0.7681490012272758
0.6924348742949706
0.62616056697602
1.1809190329551909
1.0852796344723261
0.9850315844880719
0.8870704724493759
0.8060682568379869
0.6529053041342905
1.2981833822180069
1.3207762363640771
1.3253497661588742
1.3217500270476845
1.250207856595252
1.151125779932873
1.0434265814976038
0.9372176120263779
0.8492487193400323
0.7605605664937404
0.6830610723154326
1.3461022746927167
1.3663616739917277
1.3694344641270266
1.3299642177676652
1.231898715954296
1.1161585365495497
0.9997609824557512
0.9029530134212339
0.8053619759698287
0.7201644851123591
0.638013084243504
1.3806402162810347
1.3981760696707053
1.4009202495983186
1.3827395761465127
1.2966020858375937
1.1761953747575435
1.0516719686654523
0.9474578342059512
0.8423312497381553
0.7506143737323201
0.6622939258809375
1.4283680515981072
1.4299288230817284
1.426109591854555
1.412723422397201
1.363817926882308
1.3226116406628312
1.2421498650696998
1.1093932537572384
0.9969677909133137
0.883304566239189
0.7842118107641827
0.6889119767662484
1.4401947676394196
1.453228380149238
1.450259965207817
1.4234479293593
1.3081607756675369
1.1686454713623686
1.0479830187893735
0.9254721919502175
0.8186210727452728
0.7160101552874297
1.4748806977374231
1.4730336034179405
1.4684536825946857
1.446765421917115
1.434265399006034
1.386092802538016
1.3226915346475916
1.243240945940778
1.11300572012395
0.9792429334737462
0.8623178362592673
0.7501995489500567
1.4850404262190733
1.4823128204145062
1.4719079165657245
1.4478329221289479
1.414481054179099
1.3641938000009117
1.312981181555852
1.1757246964378008
1.03142343088276
0.9047597397346403
0.7830939725967453
0.7931430109781115
0.7903973838359278
0.88030255622792
0.8913143217189003
0.86688078817368
0.967213714320276
0.9640716956690926
1.0461233064662991
1.012410699459958
1.1415057041709682
1.1456466387456192
1.0951121684812326
1.2164364809844603
1.1949997145319085
1.2265373794269856
1.2481373363763133
1.2742478232087506
1.294263822703085
1.242376599117756
1.3182840323102
1.3365867377930327
1.3154957500678748
1.3634757392691594
1.3605085742809313
1.2895033371681264
1.3516132563103669
1.3922674460105064
1.414663623773358
1.4022961046365516
1.3023062990482857
1.4298977979402645
1.374448922559787
1.4252592370501758
1.307090691527508
0.727674140124128
0.7432225860695012
0.7903018449699573
0.8069736142276964
0.817025965128872
0.8841809148239956
0.9021533066447328
0.9123798506675683
0.9161952311781683
0.9131389714622508
0.9803990232565223
0.998883833180853
1.0085928829197692
1.0112686461093596
1.005748745033574
0.9788561257936242
1.0467416586466312
1.0650097785352421
1.0742612547399615
1.0760089580478829
1.0755316358405373
1.073050775054378
1.0682933894499211
1.0539739123465577
1.0361406048682862
1.108999670213788
1.1272106016866452
1.1350942217067084
1.1347111525064866
1.1311438701375034
1.1251967906703313
1.1077327349478676
1.088027710808985
1.0475258299108656
1.0062336131026832
0.9232444800261697
0.8848014358074039
0.8293309607389595
1.179491281211596
1.196024480486235
1.2020703306732883
1.2018089626075943
1.1990003078486655
1.192663422702312
1.1862696858695225
1.1648346964930731
1.1418353753645807
1.1020093947615959
1.0485126171557584
1.0111163795490197
0.9560534715637757
0.9118202964271768
0.8517035280439387
1.2182216071125338
1.2331534690246704
1.237824523902922
1.232917984957359
1.22659839032316
1.2174679822534442
1.1935216849362345
1.1682084740809444
1.1183887568877247
1.067648101038114
1.0271574594509405
0.9681508578684924
0.9225048177678772
0.8575474833467646
1.258908936659938
1.2712912962722736
1.2736281675838108
1.2658702649818148
1.2471094258978124
1.192011797662119
1.082797701442983
0.9753306032902116
0.8571783775897985
1.2894434038194738
1.2937113292540146
1.2893953482320974
1.2748769411613825
1.2616618454464377
1.2323898103401647
1.2009679167758025
1.14381939076064
1.0854954198657787
1.0475259534752632
0.9723295714326251
0.9242105208284974
0.8495905405456714
1.304803364624718
1.3115778130482243
1.3082193181489592
1.2943090247756244
1.2809245662699484
1.269691257515017
1.2365962779114517
1.202145900314169
1.1359892066190986
1.076504822495739
1.0233926436614103
0.9572898462061877
0.8996114492401427
0.8272346467309276
1.3103681825236555
1.314159305009087
1.3084492122841944
1.291921712892801
1.27864569732426
1.2626897675902105
1.2266689732587812
1.191921730716563
1.1251076029587388
1.0602644933180227
1.019283656882297
0.9356094756065448
0.8779537176013077
0.8020981162214182
0.7052962690864142
0.7218419765399445
0.7648492007986709
0.7825318540518026
0.7925763739606395
0.8537518215370321
0.8724379537873462
0.8823757797988682
0.8770288562082749
0.9439646198544638
0.9635098363315715
0.9699527544934782
0.9723167512632451
0.9628526343920122
1.0061485844997409
1.0247010198835247
1.0301503643026322
1.0328004008906564
1.029822341332401
1.019465917387944
0.991915956706741
0.9582313175096969
1.0636095428395445
1.0819600928328676
1.086798872738626
1.088419753794144
1.0828592784634288
1.0706738755189822
1.0382787672121145
1.001073381708909
0.9215442675846773
0.8288446292034213
1.1279029245111216
1.1443491257070058
1.1482972769907724
1.1482790315070133
1.1393994123318474
1.124058397696418
1.0917293317583052
1.0432769035670533
0.9543331392484601
0.8512171045266013
1.1629929277031577
1.1773451953919032
1.1799417906093277
1.1791576361020195
1.1679544763220877
1.1503708958221968
1.1089046560580822
1.0624242377631274
0.9664610333781473
1.1985865375767404
1.2104387744277745
1.2089346992049788
1.1742826432129512
1.0776241773475805
0.9736781806572731
0.8567215955627786
1.2248149179866392
1.228155762553611
1.228143202310855
1.2239522218293788
1.2071617375027535
1.1836958427133077
1.134623674446256
1.0804640558836638
0.9707414357405806
0.8491524550278102
1.2356971767147276
1.2410626158604219
1.2380072560019508
1.2329701558079893
1.2121701209783204
1.1854269753888198
1.1274820414585895
1.071756137018374
0.9837971577367455
0.9557953421603633
0.826832054338717
1.2375776979618238
1.240017082111512
1.2358429089696041
1.2278033965546147
1.2035552457919616
1.175838743580224
1.116760314695451
1.0557335815067062
0.9342130516502689
0.8017274779163962
