0.7913288305174989
0.808887328590124
0.7979657192964519
0.7560878994008068
0.7063060833709233
0.6621570591525998
0.6157222327924868
0.5739151510914313
0.5136035186883475
0.42554508596141943
0.8711086105283886
0.897717911967703
0.9059424178965396
0.9070317041233683
0.8716421345941205
0.8154961059820696
0.7629971478056742
0.7070256308305528
0.6564676191916626
0.6062529955601067
0.5577775646037383
0.5176754222049148
0.4415300905605498
0.9543617769288144
0.9664018145760943
0.9757855118539364
0.985800219024736
0.9876987656911057
0.9730997449248412
0.9159344431398945
0.8565145007958826
0.7916207928644678
0.7326208170423817
0.6739592637465731
0.6173404025571491
0.5705225873817787
0.44145056849214204
1.0309767886757444
1.0531772525153018
1.058035683730033
1.0647069105434857
1.066001521452967
1.0633616003468573
1.0162935243410494
0.9519405526074601
0.8782575812045514
0.8104146670194009
0.7427708120526285
0.677468829015336
0.6235015116405958
0.5689138817822437
1.138128994988721
1.1509982991188636
1.1603934400530407
1.1694018368667538
1.170701377299511
1.1583935058412305
1.0970038198631666
1.012333933771539
0.9309410227507852
0.8488894086386797
0.7695113808268301
0.7039554757077892
0.6377359322987147
0.5797269010720429
1.210424678847878
1.2231757410898034
1.2324567176512256
1.240139487531496
1.2411347611709644
1.2402572913390755
1.2014867545745778
1.114073372346053
1.0232957653569763
0.9300813523216236
0.839498817155105
0.7646774725231809
0.6891822712879673
0.6231543263500033
1.1761809920104407
1.0806887776371306
0.9806689084795159
0.8829826539269121
0.8022384872690721
0.6496125082971042
1.2935822840750675
1.315822237736235
1.3201949206581092
1.3164887224754476
1.2448179250079008
1.1459215033112105
1.0385248230395394
0.9326724014060458
0.8450318661372362
0.7567000140265412
0.679509856964115
1.3406823842117503
1.360598815687017
1.3634671038015196
1.3238305836581163
1.2259614985191554
1.1106127976647016
0.9946780207958354
0.8982918707609288
0.8011512352427744
0.716346491257245
0.6345970320093657
1.3746237516352526
1.39184630858258
1.3944118791378481
1.3760839792507988
1.2901000736384043
1.1701449286634167
1.0461751950083018
0.9424644171453999
0.837870987380551
0.7466180373313771
0.6587730699937004
1.4214742852765265
1.4228908827984341
1.4190053094690844
1.4055776152261739
1.3567583649714023
1.3157002923533307
1.235580634542641
1.1034749390493943
0.9916458436416496
0.8786113166528722
0.7800640075709808
0.6853213542584515
1.4331183200687458
1.4458937851391676
1.442752527229285
1.415940471026117
1.3011203281051809
1.1623458244673444
1.0423769221237122
0.9205912787010234
0.814373252605606
0.7124110693784945
1.4671403008802868
1.4652552347003163
1.460635838280194
1.4389865176984633
1.4265259336858325
1.378584427112014
1.3155257593399683
1.236546032361492
1.1071224532151636
0.9741949461662284
0.8580341025668874
0.7466775369370096
1.4772149443430915
1.4748350106367005
1.4640297962670057
1.4400672969938135
1.406895311357959
1.3569085981740092
1.3060223052488293
1.1696784033882377
1.026361119176175
0.900569504175628
0.7797499037223856
0.7950077267408544
0.7919163831912607
0.8812988025654442
0.8921282863983259
0.8672718649407989
0.9671988024320333
0.9637210019332779
1.044981606179676
1.0108660797960645
1.1390644481388592
1.1428465119701814
1.0920427412943319
1.2127490436139063
1.1909673526799116
1.222669608964665
1.2435658469874058
1.2696054905980474
1.2891916405498955
1.2370436848852153
1.3128741921539027
1.3307638360791292
1.3094733154443778
1.3572463180818688
1.3540302118817265
1.283059761958558
1.3446563268621814
1.3855135008318302
1.4074678997932393
1.3949687560620947
1.2953165873799346
1.4223377694577082
1.3670405476182883
1.4176831459652675
1.3001805428364537
0.7293103344455987
0.7448087799592005
0.7913371027805267
0.8079263735290103
0.8178908071138092
0.884165515229408
0.9020028902726396
0.9121050643638218
0.9157921993318551
0.9126089282275585
0.9791159918764462
0.9974215373549442
1.0069809129362042
1.0095039864623576
1.003852732730594
0.9767754861952225
1.0444963528670883
1.0625471630096532
1.0716240788326745
1.0732762546906083
1.072746046556394
1.0701977124647866
1.0653804802567535
1.0509701971961016
1.0330779496223204
1.1057658384200184
1.1237361914245418
1.1314399553345424
1.1309025335011385
1.127276718426755
1.1212716625194077
1.103745161281174
1.0840100948609253
1.0435056023404228
1.0022506433214353
0.9193970823842506
0.8810340383003117
0.825690690998274
1.175071642733135
1.19135415310828
1.1972125291650895
1.1968779754604422
1.1940030845361265
1.1876113060560458
1.1811929147186715
1.1597290321309752
1.136747656605493
1.0969859916691436
1.0436212773107374
1.0063325628907922
0.9515055502657108
0.9073698595116279
0.8474291328413247
1.2131201570832628
1.2277965211541757
1.2322958671377064
1.2272707298778278
1.2209055511273208
1.2117626659166456
1.1878229938587963
1.1625575597720696
1.112875705446201
1.062309308797395
1.021979430077907
0.96320769254741
0.917769502685332
0.853120839038235
1.2530376615296879
1.265228127033756
1.2674263579757405
1.2595518207155474
1.2407866655033117
1.1858376083312416
1.077090668967339
0.9701552206303766
0.8526243963061413
1.2830623961355172
1.2871281410036648
1.2827594279300107
1.2682089900955325
1.2550274824024288
1.2258566177683123
1.1945691843012334
1.1377226697589808
1.079683171802672
1.0419019508832907
0.9671360314892817
0.9193123313330431
0.8451280288895785
1.2981856397817502
1.3047936116649128
1.3014227218910992
1.2874571631720757
1.2741170620134923
1.2629302931252617
1.23002256047896
1.1957429262106969
1.1299374828925535
1.0708653355523012
1.0181043691306895
0.9524098901875221
0.895107796908634
0.8232048020720226
1.3037209117370638
1.3073702130136113
1.3016636240720691
1.2851956609814448
1.2719852168175916
1.2561013057101948
1.2203089325682013
1.1857693843234403
1.119415836650361
1.0550145634616743
1.0143062942035113
0.9312371633713236
0.8739515380390055
0.7986237670382391
0.7067391681472971
0.7232224319806198
0.7657039488515769
0.7832894894784074
0.793221088679362
0.8535815638027702
0.872119781958098
0.8819106446037341
0.876312105942292
0.942588990758162
0.9619271604374974
0.9682623033753155
0.9705535312089626
0.9608405624858755
1.0038446784990738
1.0221707040066297
1.0275158503633983
1.0300710593410842
1.0269471732794069
1.016494451855891
0.9888452260477587
0.9551195174310257
1.0603834202069602
1.0784739733087518
1.0832056181520395
1.0847244430621958
1.07903070199806
1.0667694022215695
1.0343209221608578
0.9971263270285871
0.9177094292551891
0.825208212451073
1.1235758381899228
1.1397554406197563
1.1435701475028366
1.1434823710839452
1.134484524219552
1.119106050658433
1.08678585225669
1.038427361517717
0.9497994637300939
0.8469978023188588
1.1580436603824342
1.1721331820556513
1.174616907807565
1.1737563490972
1.162461471060713
1.1448651134838579
1.1034703802605244
1.0571296868085103
0.9615327096125453
1.1930064383773031
1.204578693662224
1.2029341666717048
1.168260767672476
1.0719628397661292
0.9685177824780887
0.8521718868948237
1.2187322537981866
1.2220664369098766
1.221890571941631
1.2176443658314509
1.200848202356084
1.1774482932403239
1.1285828078563152
1.0746966099036237
0.965562316352686
0.8446939791745761
1.2295184315346617
1.2346693723289575
1.2315687671731939
1.2265257854109637
1.2058061086861689
1.1791706636290127
1.1215035669016287
1.066157404868302
0.9787549096710745
0.9509281329100533
0.822805527469506
1.2313827434879416
1.23372177521343
1.229536777776463
1.2215057653820922
1.1973868528558156
1.1698170762092612
1.111135834603715
1.0505196558777992
0.9298514541071845
0.7982557950666116
