3.5452587054193154
3.60772281991468
3.543641856922765
3.3656060128250074
3.1649006336583594
2.994125248722962
2.822488176731507
2.6751067977144904
2.475517011778101
2.214723684007643
4.045008645288266
4.150140421773382
4.180393044695984
4.177021817763474
4.013712784923194
3.772238731460244
3.5550098548439406
3.3329490935507096
3.140839983360562
2.9583802214242194
2.7910712864987866
2.6594838261736244
2.4279914065925103
4.555603408616465
4.606408329907556
4.645364172899711
4.68541504451757
4.692487284849859
4.613728281974629
4.3528288756231674
4.092038047323685
3.8181238757640483
3.578749698904305
3.350302851036967
3.1398715121270038
2.973534959767963
2.554248535884632
5.051253736150244
5.149348858229241
5.170216892464422
5.197073717226308
5.200027393499177
5.184313036227807
4.954843370826979
4.655578723493626
4.325341091995114
4.032128828991706
3.75053595586289
3.4899697123771105
3.28308418802112
3.082423661224695
5.77653103306387
5.837610284076347
5.881813758936284
5.921660083881233
5.926267326806975
5.854687129931555
5.5421864755860835
5.128222941970244
4.74295389339065
4.367329537311538
4.017073995623856
3.737368186309115
3.4643758734268806
3.2313985514088537
6.287319254047233
6.348801759929383
6.392750989722761
6.427389284510998
6.430377523060474
6.4219356082058665
6.206880764419607
5.750909694985258
5.292639142613871
4.836620996542103
4.408099625129491
4.06456992712053
3.728147053891801
3.439973761701839
6.137144100208735
5.636142554853258
5.12742941195396
4.646313252254352
4.25967474633919
3.55509317604452
6.890167371850147
6.997685054112321
7.011461912245446
6.984113794844084
6.570350249800198
6.028450425819487
5.458524888895247
4.914091995201716
4.475200414434518
4.044070398143448
3.6738581760815388
7.235242380017204
7.330315393948856
7.331730782799941
7.080702459893111
6.513141719780882
5.869147743751451
5.242011461347693
4.733537727759175
4.23399701855599
3.8046005091248887
3.3967367910803916
7.483587180128019
7.562472130881096
7.560005137671069
7.43115114856196
6.905261857625929
6.207164297236655
5.509695709394082
4.941143848725489
4.381117728479419
3.900219619280764
3.443593876233028
7.7769603613387295
7.767216645534561
7.730862496285549
7.634216557426127
7.3184466289136845
7.063410830757459
6.578473655433386
5.803522987418549
5.1652332761040345
4.5353753992902766
3.9949482527440168
3.4825352693745306
7.8976266259868515
7.942015160695599
7.891920650052848
7.694137746391291
6.950742334728721
6.101793702627558
5.389676913494121
4.685719765203727
4.081949370894572
3.510879545767066
8.066646839496498
8.029421536799314
7.983925468296186
7.814881210678967
7.723786504899323
7.394301196075359
6.980281536965416
6.474327040101843
5.670040080239769
4.867751296087251
4.180894832878907
3.53383526043418
8.087490007388913
8.043404233574558
7.943972747949804
7.753167219068807
7.511873852771088
7.164396093342415
6.821573361471171
5.935320076333837
5.037058454243938
4.267610744967691
3.5460825254848958
3.5441080562514746
3.517973602369863
4.071432604549402
4.110757685687245
3.99398553011004
4.594112846265888
4.569758620221259
5.09493858928091
4.92811339053731
5.763956162753237
5.774527287958618
5.516363660752379
6.27542026891433
6.1505996589963825
6.415538662100588
6.504015582535869
6.7420351192939005
6.833158672687041
6.527326908738067
7.060958099793819
7.139386286291571
7.000043869041176
7.3481351540135424
7.3058552325588035
6.865575159365197
7.249752801514193
7.605053178245279
7.6883832138760635
7.57428357611574
6.918322562827901
7.740786784203156
7.329859064499321
7.628214771754194
6.7905681237688
3.2625839951806337
3.323454083224613
3.6281461870469065
3.6968717500745583
3.7380631859729383
4.202788585332862
4.282066209818776
4.327708641103303
4.344988518866713
4.330625949198043
4.8236056355579375
4.910799198801174
4.957014744795997
4.9707075603370035
4.945140312348002
4.821095417506112
5.269164292617726
5.359732403172862
5.405435289480559
5.413970426388114
5.411756427888396
5.4001153770759585
5.37708263261981
5.307721111471323
5.221661147174592
5.699601538326131
5.792325553761878
5.8321909781940695
5.829563723565227
5.810589885730349
5.780016545316801
5.691881394039282
5.591765601254313
5.389872880174956
5.185533057005507
4.783932226769819
4.602516572863764
4.343704316901129
6.19561477712209
6.2798125838748176
6.309401392955294
6.306380844440624
6.289273737540307
6.252563998914762
6.216581822721081
6.100485959739463
5.976438214394114
5.764264986379881
5.483671628368627
5.290294490498218
5.008605712260314
4.7859798788715056
4.4869606902514185
6.467782697032544
6.5428200733175474
6.560794393930682
6.527010518555876
6.4894881843267544
6.435986034244855
6.298635282229422
6.156615001943578
5.881070433541813
5.6056253793719675
5.387442740361552
5.0747143137887685
4.8352423130993065
4.49922934586883
6.744689759919385
6.802526638518316
6.803319906822102
6.745760903209594
6.627322837374385
6.297211688783872
5.6700097508439615
5.070242413777933
4.427562428289737
6.924030946234468
6.923632206340142
6.887138117406663
6.785696480491633
6.699112448277154
6.51456808149599
6.32280157189268
5.979389515445636
5.636779596394079
5.415460979729841
4.984024431607476
4.711609345201341
4.29322079238564
7.00034746403808
7.008608018622251
6.959169829795811
6.848674210787102
6.752924305335813
6.675311047716324
6.454759109506183
6.233512207245316
5.818190484151967
5.453849570323442
5.131700508900395
4.739664116672955
4.398695988962802
3.978042087571443
6.975941976384109
6.958430659148385
6.887500253113396
6.749466573724453
6.6501544361895215
6.536099877553391
6.289438359589048
6.058282876431154
5.6282874500538265
5.2194526440379185
4.967638938343354
4.455949351767274
4.1095845827944535
3.6586504432908677
3.15877735165481
3.2254187391803084
3.5077042390499065
3.582900934815054
3.6256064954345355
4.053204829327315
4.139314930560575
4.185410970570369
4.166969277858692
4.636628313590955
4.733131477876681
4.76563027944641
4.778191122477129
4.740487861245995
5.054924109158466
5.149514961809723
5.1784345019716405
5.193363630745179
5.182256644342866
5.134718581379016
5.006728577757453
4.8499770641383275
5.452106601304707
5.548574959920992
5.574152537600737
5.583699545200411
5.558733197468178
5.498637918911642
5.339982153156189
5.157537034245095
4.774583797003997
4.340975999726386
5.902065713877796
5.989076870289506
6.008807575784358
6.0078265349503015
5.960596801384816
5.878594347810156
5.707599458434333
5.4547381336441605
4.999042497223855
4.48423031286826
6.1440129043158915
6.217814668593322
6.23000840375594
6.223043131649966
6.1566831619415785
6.057659078875668
5.828520470724662
5.576702469829961
5.065368174002538
6.381442102160929
6.435177860235858
6.41420793964775
6.198979248964002
5.641700806942457
5.0613215655158585
4.4251413308386445
6.525280732749792
6.535396245495313
6.5252687628444495
6.489720314193818
6.375432435651129
6.228142236976462
5.929426640321341
5.60984129571156
4.975747689089931
4.291025372197729
6.5582484127457175
6.556972451609436
6.519236086166895
6.476418537025574
6.324073907084454
6.145140499503066
5.774254054266825
5.4298717316078795
4.8988892189755555
4.73252104559975
3.976278168352268
6.5052264903000365
6.473279246211261
6.424255468379104
6.353605015462571
6.170672824659899
5.977016832722857
5.5874893654045135
5.198091727828575
4.44991921307596
3.6572680838442526
