2.649232187307991
2.6962458403789116
2.650300756789517
2.5191103378460427
2.370818404781983
2.244477582637406
2.117383492426678
2.008149120258853
1.8600871410790247
1.6663498191228256
3.028771497372209
3.1079457437016162
3.1310420194300295
3.1294640090449444
3.0096477746753796
2.831203205330998
2.670366410204276
2.5057800171145557
2.3632634366558074
2.227818769279038
2.1035591991581146
2.005780813013246
1.833698175666324
3.417539592497629
3.4558980723242607
3.485411292100815
3.516032753606478
3.5215537009194002
3.4651422847675613
3.2725428036698334
3.079347910453177
2.8761512803817832
2.6984041375378784
2.5286684935645427
2.3722557129717368
2.2485769109350477
1.9367788991655421
3.7966254356546734
3.871171253394752
3.8871712762333903
3.908136012951846
3.9109024811929127
3.9000338791169
3.73139331653036
3.509683702025002
3.264505675565615
3.0465556933249425
2.8371189901415828
2.6432465505976426
2.4892799187906625
2.3399121958196467
4.354604722296614
4.401326227193979
4.435349291847873
4.466602960527606
4.470497502343005
4.419782332285926
4.18896616751895
3.8813990901095345
3.594574131943473
3.314708123392928
3.053622710044102
2.845086593585557
2.641522123825218
2.467904427396666
4.750444672186168
4.7978125230024045
4.831973039597863
4.859673906675961
4.862513203684175
4.857248038475241
4.700039967159723
4.361471436102192
4.019979560928176
3.6797035326595697
3.3597794732553408
3.103234308014441
2.8519430453553887
2.6367991861015447
4.659909993783343
4.2864113555468855
3.906512189902463
3.546938748629266
3.2578752738915826
2.731054095745206
5.221686221926235
5.306242626439546
5.319173840684551
5.300317372289906
4.9952478029470875
4.5912556252893
4.16522961745914
3.757843363015866
3.429270135372291
3.1063839720566113
2.829180245460882
5.494400040730212
5.570044825159956
5.574293349570655
5.391227316324224
4.968542413849497
4.486721900628743
4.016750647406598
3.635678988355428
3.2605746126347537
2.9383558527817213
2.632273816635507
5.692621781019302
5.756182599328296
5.757729775385448
5.664969417434974
5.274328565871944
4.751807652869744
4.228510864664832
3.801495175118989
3.3805677113997024
3.0190169159633977
2.6756248422622786
5.9311694149755025
5.926839315686305
5.901364218898238
5.831130743755954
5.59712580107954
5.4066956504214625
5.043387567843514
4.461278217608309
3.9811042404525856
3.5067989023409147
3.099613943414108
2.713332385898802
6.030830970591547
6.069233035285112
6.036050056880904
5.891353751595094
5.33606909557638
4.697787991242093
4.161567450961722
3.6300869763923207
3.174160884195091
2.7425493689975102
6.1805950406108785
6.15548820414351
6.122957709031198
5.998971927011614
5.931428152716086
5.6852839404881035
5.374463593813967
4.993369354306245
4.38625872865384
3.7795108979303915
3.25929697537431
2.7686594540754856
6.212404765063007
6.181832038332398
6.10972795868444
5.968479447815182
5.788316252871679
5.527355659437366
5.268974679106933
4.599075668167722
3.9182561476434605
3.3339692936375553
2.785167333956644
2.6492477051598353
2.6311733258377066
3.0496983989427435
3.079968531209523
2.9948949109385383
3.4483628295348083
3.4321849280565773
3.8328915034499893
3.7112818657496827
4.348069819360138
4.359262443351468
4.169436692749736
4.746328708147013
4.657362120872785
4.855779035458964
4.930204727052966
5.111957345025824
5.185474264180418
4.962432948486361
5.3647167862734335
5.429352381342215
5.329572568579591
5.595689890234767
5.569017494929267
5.243847412808092
5.544264251941553
5.808214398139485
5.879390118797872
5.7989567196850125
5.310970554962291
5.938429469194524
5.6352795571434395
5.871337109152778
5.244725454152504
2.4400301342231803
2.4856774346298973
2.7176620185197806
2.7693699134956122
2.800557033050583
3.1560067450472964
3.2159969963516524
3.2508461710562044
3.264548947904492
3.2546256068771653
3.6325836113915333
3.699086511138805
3.734802283481618
3.746216119784271
3.7282371201157756
3.637246579855409
3.976991831561765
4.046497849328025
4.082285161855556
4.0896033055744265
4.0884808423873125
4.080473010533787
4.0639206623013715
4.013189058849638
3.9497088550550554
4.312123886694014
4.383939255864416
4.415690318336112
4.415614399953366
4.402230128411679
4.380134721142941
4.315547963336155
4.241540230486682
4.0916252063635365
3.9396039881277756
3.6402142555855144
3.5048508654911057
3.3116610937587954
4.7024253320639176
4.768569108642123
4.793333477651949
4.792247539133832
4.780607374505398
4.754278456892264
4.7280614177272495
4.642642461722521
4.55071343306283
4.3928252603474185
4.183494793348097
4.039032344841591
3.8283785663369367
3.661851756312335
3.4380029417406637
4.919600884535191
4.979488986482625
4.995783904196252
4.972994098394355
4.946007049077612
4.9069345658560435
4.8055327580003375
4.700077366385834
4.494617995889934
4.288713578318077
4.125384497147385
3.891120867917813
3.711554744357582
3.4595531405055913
5.14485303973503
5.192381643238946
5.196294321658946
5.155904841928343
5.06933624398545
4.82410183278469
4.354544961346518
3.9041379702050585
3.4207733630292716
5.295777206210069
5.3004479982943495
5.275120079911866
5.2015025672864965
5.1376166791215505
5.000513967169827
4.857319650356563
4.599901756412926
4.342292030743517
4.176077378468371
3.8511016899764674
3.6457901014522607
3.33028919594581
5.370805183804343
5.381835552026251
5.348302240006566
5.268132883981312
5.197608302248409
5.139990253621392
4.9753296218707215
4.809488275911296
4.496926415297241
4.2220630460764985
3.9791523109156874
3.682235518967237
3.424265168735143
3.10553530839967
5.366432045389238
5.358112518010026
5.308288435546129
5.207231166990774
5.133603783429514
5.048627635006024
4.863784609346525
4.689921023682352
4.365229973324339
4.05589027967342
3.8650408401196894
3.4768554131644924
3.2137224759476086
2.870742289265305
2.3633082225692417
2.4133127714132767
2.6285317043227736
2.685154820137639
2.717594807089055
3.0450837905268897
3.110322514476078
3.145692878759478
3.133514306316753
3.4936021376247717
3.567278864288033
3.5924305892119275
3.602432060398242
3.5764441681987815
3.817495281567408
3.890275693747258
3.912878284318971
3.9249848223803308
3.91825115283071
3.8838825312814342
3.789691008688611
3.6735435815547826
4.127492753080086
4.20242979246687
4.222790684726934
4.231093067536826
4.214390533511176
4.170742055286438
4.053652351566458
3.9182707688410945
3.6330733179954477
3.3095704793056258
4.482895364373542
4.5516567673803525
4.568287996065195
4.568723397349551
4.535772450317349
4.475904339795681
4.349444145532781
4.161306403068996
3.8210214140092846
3.435893347850095
4.677040247125457
4.7363391170631015
4.747314501635918
4.74379593349791
4.696669019268348
4.624115996896498
4.454208817495681
4.266432917376332
3.8838930343098013
4.872123391132418
4.917026372765795
4.905236533228644
4.748281968529348
4.332598998403539
3.8971873310063865
3.4188733702985226
4.9958530089510065
5.005352890604438
5.000285734386292
4.975722661019011
4.892778712891992
4.78393861461892
4.561063290596115
4.321296534736837
3.8446099262906412
3.3285512056793767
5.037148817293269
5.041545909548606
5.015830888073962
4.985156067676997
4.8734262421132515
4.740445505867928
4.4624811563734825
4.203199442962131
3.802360054734773
3.6765670589826884
3.1041153359620335
5.010183706625755
4.9915063769451375
4.956985704976808
4.905791242947169
4.770623101452302
4.62603636171257
4.333025865693675
4.03895062421059
3.4720169439700204
2.8696095994028363
