4.55315353465539
4.603658957159808
4.468604491570214
4.208306320562432
3.9160103114038676
3.66207481716236
3.400291350021196
3.1670519654294744
2.837079574943152
2.368371431386393
5.35696949204583
5.455759559430271
5.475626311528673
5.443386560687316
5.183296924005249
4.824195682573326
4.4986124696910155
4.15940625714418
3.8564925552199223
3.560384590638293
3.2795170995488845
3.0508455174054956
2.624044958480514
6.182053893422768
6.233456972159926
6.270470658290163
6.301809352137122
6.304542332367179
6.141986207403371
5.741154565203135
5.345880968000065
4.925843848685678
4.548808095242565
4.180173235867843
3.8309311221537072
3.547026453581986
2.7837192044389707
7.034567830077367
7.135103786608406
7.153745767446982
7.170014674013824
7.161158180126884
7.1217917279234575
6.746747657702214
6.285547184968263
5.7757791640467016
5.313327183960739
4.860391922511012
4.431628910650019
4.083614314072293
3.7368820410115893
8.380852929048428
8.450554836404114
8.497746295356185
8.530633681141115
8.530046231365363
8.381013543477943
7.877409134317726
7.228048889436972
6.616216122255437
6.011828819745641
5.439425064553497
4.975755745475266
4.515125002955893
4.118003894566385
9.422551343725907
9.497076573005268
9.546980176670878
9.57665751047828
9.573165134593236
9.547480297489521
9.178970089292447
8.450999790071664
7.716687064641536
6.979644002551728
6.279418515163547
5.712679563171318
5.150855858839605
4.667601327829107
9.256380811609015
8.448026440323607
7.622168248735284
6.834352179555708
6.196679279939429
5.023010216998203
10.799990845732465
10.941702854936944
10.94539595923327
10.890652533785934
10.208658651904688
9.326745015973826
8.39561845349841
7.500315331498355
6.77494988587508
6.057572863167429
5.4424580417631025
11.701949018252249
11.83781294711847
11.830956962496822
11.41454838808272
10.481638303717107
9.419749088909013
8.380389584927864
7.535578535522968
6.700815105327202
5.9864763404193155
5.311056991981209
12.431743278360495
12.558828820490264
12.557422751918146
12.346880090301696
11.479585682631102
10.319667808182373
9.154343453237177
8.201960113362022
7.260888012146129
6.4567658592467465
5.697990306284417
13.343425500638135
13.335787741705179
13.280135867003303
13.12668836631198
12.609147684786384
12.18519015801713
11.372112200595469
10.06431884993513
8.983688053347455
7.914463969418989
7.00199887617179
6.1429316002761
13.99898069059177
14.105012788180273
14.05039476767898
13.742124771953513
12.502547156013303
11.055499673940965
9.8350801107524
8.623046831700666
7.589333708481766
6.618286265380098
15.010467985050791
14.981177565681469
14.921969640546266
14.6679488721143
14.52100953980138
13.976127317601179
13.270248905810837
12.396170144860728
10.992480398647222
9.583172232575647
8.379975374836206
7.252457143198287
15.798071397920271
15.762263693100135
15.633799813089015
15.345327106034809
14.951873400818837
14.361409055679127
13.76465654171531
12.194343596568142
10.58071703939339
9.196826165187948
7.901848298953002
4.520367471081159
4.440013281791256
5.349518650434314
5.366644033929104
5.160466914383139
6.174016495951259
6.089145791337381
7.010129288702203
6.713377579172293
8.314312300921824
8.274364784505604
7.843051926962424
9.342665627223104
9.100104616914416
9.810842035841782
9.86552333117531
10.55901170225222
10.663947690990847
10.14358734346937
11.41430973173734
11.521537456381381
11.28633899721242
12.208435766577683
12.139231724770267
11.412972800481587
12.487994102103583
13.479869527110559
13.676653222877151
13.519800446340868
12.440784402631314
14.480484947259605
13.844367565629572
15.072099687504355
13.693190627409484
4.191794162344518
4.246420061497566
4.752903634873036
4.81637698521175
4.847685091436735
5.682905654606469
5.759572690751092
5.795758360522444
5.794608212330583
5.752440159232184
6.768131096113665
6.85798686967817
6.895786209994174
6.886891238229372
6.826583045824612
6.610428637137487
7.616890159068781
7.714770185617902
7.753932128347542
7.749937154207651
7.737149594795192
7.7074743484688755
7.660952765656499
7.538250229929322
7.394912036929031
8.514388628390943
8.622372057053164
8.656892844585158
8.629003991998907
8.588731776773527
8.532661913323988
8.382059081885307
8.21378677645399
7.882351368646713
7.549818922373855
6.896274698125908
6.599200977841668
6.174607893806554
9.690959957093657
9.801563623076445
9.83359360774941
9.821175781307401
9.785399204203099
9.717741455121132
9.654840948604665
9.458615133504729
9.252042543298346
8.90210742983816
8.440226923134354
8.122009142451757
7.657103701301494
7.289757131080501
6.794689170516153
10.452322003098455
10.56184636267422
10.580778537098862
10.518306252114284
10.453668155361555
10.362577085359904
10.133563221514473
9.898232849136143
9.441386142244378
8.984193736365206
8.622648916710048
8.102659007393045
7.704115651355196
7.144748660185884
11.39923112759669
11.502643029042503
11.508951139233023
11.41956471625518
11.227369706344655
10.680652837082564
9.6309059193553
8.62299091709488
7.5381980839155895
12.16204117721392
12.190550907371358
12.141484327547383
11.984815441419693
11.846909729463167
11.544492510758033
11.224189924993794
10.646534091199895
10.066190327116777
9.690334432811097
8.955863931208922
8.491483693755036
7.7789346445614465
13.05982243247355
13.134136034803422
13.094999156113293
12.94381029474748
12.79676279264821
12.674341301570694
12.312445534658929
11.942138644617119
11.23136030755222
10.600205581170814
10.040264348069782
9.353045671713865
8.760051963073128
8.024559657632995
13.683308551759344
13.7378310280694
13.678732362674875
13.493498534906706
13.3434618926536
13.16439543834227
12.757155840055265
12.363899479853563
11.615483218250326
10.894104826494715
10.442163499656496
9.530892180372556
8.909782703581516
8.101162936692388
4.049233174536931
4.1077498574534665
4.5836419902894665
4.65165067108895
4.6792537652997686
5.465879604495371
5.547535645760833
5.578108059729414
5.5031390710464
6.488499168868982
6.584998153407635
6.610410057558771
6.614533403766721
6.508246064949529
7.287423415601828
7.388113245674943
7.412452495734866
7.416504506507468
7.371379949100558
7.279340054861745
7.059717154646437
6.800935215247562
8.12432293073491
8.235037342361007
8.257164753694303
8.257270687499112
8.195182647630896
8.083087043971473
7.812354428600169
7.510569764210952
6.88320140746482
6.1708106205096405
9.218663448891668
9.331431712425427
9.348772873520476
9.338633830094853
9.246322203125747
9.103329337098183
8.81578313916244
8.39602989378921
7.642429894131226
6.7904750679812
9.917154858362917
10.024635914736383
10.038755754162427
10.021544720452253
9.905461916338187
9.738739392056669
9.35623972231856
8.937079391153377
8.087257945422058
10.784269692199963
10.883567635984045
10.857559132843956
10.508268062968103
9.580190235622625
8.60661866665116
7.533597385684176
11.475948925913498
11.505736233404786
11.502633160085276
11.457479197968546
11.28351155508848
11.045172079567466
10.550624870210282
10.01362891398352
8.939095244362745
7.774228969216848
12.274307443566908
12.340721136522323
12.310020041207103
12.257825257636615
12.035022522116464
11.751907932829779
11.134198581316452
10.545750987723748
9.626703415495083
9.335719793682255
8.01980113808157
12.820072975182356
12.864227621318301
12.824286864053354
12.740983082791086
12.476215345658035
12.168134369270305
11.513507764160718
10.838518416477433
9.513558065282345
8.096468682802575
