3.0965506905144284
3.1555748768844394
3.1281683220850685
3.0011563402441426
2.85268319132115
2.724522768768281
2.594460480617155
2.4817265339573966
2.3279067598342005
2.1248647753566723
3.618270698112968
3.718114644355751
3.7513740769406296
3.762238044327828
3.653790888736048
3.4751629931044867
3.3105300621555824
3.1401689927044956
2.991341290988779
2.8491844338559744
2.718279177078896
2.6151206479165703
2.4333605992217637
4.167062009102502
4.21668091251336
4.256227848976709
4.300980254736829
4.310543171013118
4.278726981151567
4.089184899963471
3.8903324505263566
3.677814650293057
3.490011495204586
3.309733525196613
3.1430816901368694
3.011258284849937
2.6803503815738634
4.726675844147673
4.829515360449797
4.853496894253094
4.889951891102303
4.900880101657969
4.900351110299642
4.7454500135663515
4.517517643037575
4.258673567111184
4.025535288638731
3.800129535178127
3.59082724935193
3.424633163158321
3.2632305541068987
5.599088621888723
5.6677496910323795
5.7206216634064315
5.777169158416146
5.7880634174428955
5.768639893243746
5.542101914051623
5.215016950533852
4.902521120948458
4.594658089922532
4.306237695720654
4.075826165271751
3.850659347630784
3.6600402522014215
6.26178887709095
6.336230229920845
6.394219089603991
6.451707589907931
6.463520563587686
6.472360440341695
6.342284136516951
5.986099107740287
5.609837441138368
5.22914505950389
4.8688866961422725
4.5796017757846075
4.295402824675918
4.054186700635687
6.476959142961003
6.063779160189151
5.634418572927224
5.2245084834632305
4.894128924563241
4.2918467981302495
7.114790851714857
7.272698103704497
7.325868001544936
7.3272958752926955
7.039424157697062
6.592802964743239
6.10625103891878
5.635215775273451
5.253634207423689
4.8773515754870935
4.555191587687558
7.656019901442263
7.810106779057528
7.862265253628993
7.7207686334462755
7.2614449857817265
6.705513483183124
6.152647701568549
5.700980829260412
5.254000657664839
4.870099201565054
4.507311451964997
8.080823666401661
8.222431213022084
8.275077154931623
8.222706044774968
7.814625343350726
7.209423071954243
6.585506395510312
6.07070485675158
5.559501094271927
5.119424567460119
4.702656577775368
8.65768962277455
8.697896329772341
8.695231373082487
8.645748955135693
8.411024619372467
8.198019024303878
7.773072753535199
7.069906374805972
6.480189705628562
5.891726806897231
5.383921872932755
4.902196757991178
8.931538243799034
9.056418566521128
9.08512501336602
8.970275224211747
8.348242450708726
7.569775190008986
6.899129697807593
6.225171395129532
5.642107888356216
5.088365821900533
9.489348618820108
9.504828771866023
9.491927948931687
9.39004516071739
9.322734684046862
9.048285803371563
8.67715998983109
8.203270525799006
7.428323092194514
6.637955667172106
5.95125079412093
5.298616023872291
9.808793544591373
9.813306325805554
9.768752689417854
9.634015613741376
9.435797317349564
9.124287798713969
8.80158636671747
7.934300301637227
7.025868184512284
6.231305087713196
5.47578376071829
3.1081123000281714
3.1066602925624536
3.6581873531620306
3.70519116111961
3.6365419937439043
4.230273385453982
4.239280972251428
4.8180437539570695
4.720374027742256
5.63158048502883
5.6903868750986994
5.516376446681715
6.324684742964385
6.284470546886419
6.524980063363099
6.729875620641096
7.0033058316604535
7.166219443559627
6.992172291642049
7.515881398221889
7.679023823258349
7.629900142718713
8.034665531357394
8.078473046898571
7.767462874788857
8.327530285889495
8.617526122741118
8.836660360941556
8.821442195370793
8.30615957650289
9.23895209099829
8.962275108688171
9.463316656095943
8.756596590638637
2.880363547687308
2.9355914630453954
3.262645902968018
3.327380133410718
3.369036643869106
3.893415297106902
3.973018707365602
4.023467828347544
4.050172754079495
4.05002202211405
4.623073407659721
4.718417979720597
4.776028429899073
4.805625145378504
4.80088383359513
4.72038113674677
5.18607775019065
5.291561235999735
5.355855371716268
5.377675294531044
5.383931526067484
5.384484061951757
5.3748558329636085
5.3324248965469145
5.271537299378942
5.771050791349032
5.889475919854254
5.953949574163506
5.981033628038237
5.977223885474678
5.962780300291037
5.907259416865048
5.834364381504268
5.678115661062296
5.5133146229599514
5.18230425938177
5.030974466052362
4.814192310075476
6.517106329495936
6.639954243166969
6.707104443667747
6.723065951524162
6.726633266816923
6.7129200845314365
6.692976152579425
6.615254321318845
6.521758320575319
6.352139172320502
6.119122453610401
5.955523783887527
5.713851883646441
5.522417687525761
5.262689875946121
6.98033281531034
7.10537217066265
7.1667849031100985
7.1776374595079515
7.16259947534805
7.131711386960354
7.035286006656055
6.925596041675702
6.699076401749244
6.464395524590419
6.2750257499570825
6.0010916109992145
5.7887556275664025
5.49038019603067
7.530130041129983
7.649811832406732
7.70490275278526
7.699591756018731
7.631295804468775
7.3763092125522105
6.832743290493801
6.291236140674401
5.700098437708525
7.9767199103860555
8.059810522805666
8.061475072215678
8.012548886808169
7.953590471417158
7.811905568626611
7.652355328250795
7.350584326804496
7.040170860546431
6.835809900170723
6.432923885234314
6.175948703843049
5.779223484186627
8.370684827321899
8.461537277637964
8.47919336260957
8.43003575542864
8.366192619929041
8.3081705037109
8.126878224453767
7.933821457596155
7.550466266118223
7.203481407687878
6.891422221917883
6.505472227084767
6.16851839824053
5.747355351583562
8.611068555428968
8.680679302421524
8.678244254173524
8.601193994978342
8.52944199062137
8.439709455549714
8.226883854071014
8.014703108032908
7.6029915094758325
7.199006400597029
6.944749286909582
6.423334869690947
6.064858495538319
5.592797741717416
2.8026930457444315
2.8636699959009286
3.171166908845465
3.2427520347861543
3.287697005991226
3.7770701510796636
3.8647109853667767
3.9184053675956987
3.926812008921006
4.473435093745137
4.580048624077984
4.6211747673111425
4.641402816475512
4.64246306640881
5.011253197517744
5.124602115291851
5.164563144531438
5.191961253665008
5.206646338232071
5.183792553173538
5.096742552708011
4.978063577085528
5.56382662249228
5.690642550214029
5.731994583425644
5.758364618727797
5.767473825067532
5.735871024501815
5.6246386187760065
5.482915632526544
5.171878039072262
4.811045441460183
6.263675237774852
6.39719243849126
6.444041998685654
6.461833868759185
6.458819717174498
6.41136330490762
6.287302050253008
6.085402648151687
5.7023278883334365
5.259252366656788
6.694579207509581
6.824253391908894
6.864572399257317
6.8858105226923305
6.869527252969162
6.808861787374583
6.635927860999427
6.428982320832293
5.989184731833629
7.200594022640805
7.324508280698981
7.370785371003443
7.253193620423893
6.795642020446955
6.278951809748049
5.696532559156284
7.607285260321716
7.6562903564453
7.681730042046296
7.685546162015775
7.631143399716671
7.527606214765303
7.28306208881131
7.002773810198817
6.420732572009488
5.775708996591002
7.943425059868602
8.03489634748848
8.046504148892659
8.034158865233755
7.943576014857639
7.807621137725385
7.485551232491511
7.1668692996165095
6.656836176270524
6.493677133116846
5.7440722506083475
8.139531651524635
8.205623349437287
8.202714058246
8.172944137490752
8.049496817114177
7.890868060192381
7.538318173033821
7.163682208524747
6.412300348904153
5.58981967232094
