2.476205373404129
2.5196229342350405
2.481725222659979
2.365173652631338
2.23168624461512
2.1168493675412923
2.0002066697369894
1.898854854484858
1.7596219439367236
1.5726048274503657
2.8686814243263243
2.9430052125719492
2.9655096136124612
2.966415171790645
2.8610685638782827
2.700012144978604
2.5532497670294654
2.401656303538079
2.269075615300844
2.141919483959081
2.0240324128617466
1.9303193664795177
1.7622638688789556
3.275758131886421
3.312469085033712
3.341024205023335
3.3714701564900373
3.377280173767067
3.3316556329409055
3.158133146609969
2.9813002317834982
2.7934681627891056
2.6276068706202778
2.467922688330254
2.319458521305681
2.201107253645507
1.8969152302284518
3.6841454537010923
3.7578299766290835
3.7741147107633393
3.7966700787890066
3.801028985302745
3.793675267766212
3.6440621372323103
3.440868358791241
3.2134077055586148
3.0092847361758484
2.8116593293778003
2.6273288479348893
2.4799941989259624
2.3357543106467813
4.30759346624418
4.355755711087006
4.391606654000306
4.426639676113696
4.432060699991239
4.394274326143129
4.1852427555295115
3.8988666101111793
3.628574439157131
3.36287070886431
3.113430526172533
2.9132696560261255
2.7166016481000277
2.548474599968811
4.770113342633642
4.820945071914288
4.858874768664477
4.892641098477847
4.897767153407444
4.897021904194346
4.7617451605582355
4.4474105586416846
4.124239671362799
3.799403618789126
3.4921156950162757
3.244733574239809
3.0011365827970455
2.792319715784433
4.795086019772833
4.441060162528214
4.077069194350393
3.730366973175872
3.450575001316806
2.9379821722302566
5.350733745904937
5.4510563089055575
5.475599446257351
5.464830725083435
5.19221081467236
4.809334630224027
4.399576090307032
4.00485196369259
3.685207268159819
3.3696698868884947
3.0985474226737915
5.709108869264938
5.804133159027205
5.8241449916545855
5.6714919849084815
5.2737205544473005
4.808455925809454
4.35014647178491
3.976742253545563
3.607489122877772
3.289924819740613
2.9885443672819827
5.984535056665011
6.0695816935032605
6.088915683315109
6.018794220290773
5.657248303354132
5.15200462198191
4.638967330591138
4.217771416718692
3.8004854698236414
3.4414360624158986
3.1006071121477032
6.341307975478191
6.353659817665817
6.338889616491556
6.282800410684605
6.070191836925634
5.889040238198
5.536310717358274
4.962535028861937
4.485234914520742
4.0109453260086445
3.6026693471574958
3.2152478299011253
6.515117590819334
6.582741818652077
6.5763378469802545
6.456851037552189
5.928800885777835
5.297159137458109
4.759858708284304
4.223296908329306
3.761117483322959
3.322932809837027
6.831353074011024
6.825175726944598
6.803734987759145
6.700949247546125
6.6401362482847
6.407289034684376
6.103137418303585
5.722811161946331
5.108717732145945
4.488348382013022
3.953037298277195
3.4463312180773236
6.9981452399289585
6.985282913694102
6.932134569324514
6.808598779100784
6.639759794444688
6.385089456502216
6.126867458356907
5.4447453934786
4.740239625604656
4.129768451805069
3.5528407177466033
2.478011483491748
2.464399490747291
2.890835557424029
2.920863747920944
2.847415539173858
3.310136205025242
3.300687684573565
3.729591799893427
3.624735962635551
4.312080339805509
4.334668085960509
4.1658574087870175
4.785616087115905
4.71854600751034
4.929734029305593
5.036682413964699
5.250521791615514
5.345637507891191
5.157721311479373
5.587619777107432
5.679378325799664
5.605551208933723
5.9142354360595535
5.9146477481191075
5.623658063062026
6.010972565083109
6.27887717317604
6.399562087273638
6.351662977048425
5.8995579431971095
6.610094971389958
6.347719429138722
6.690658343273005
6.097437949302749
2.2899654202889286
2.3317258558633043
2.575439283278051
2.6236450357229293
2.6531007523759023
3.0383761849984214
3.096125409119696
3.1305351293358465
3.1453261121314373
3.1381619533332175
3.5614517739187472
3.628360403393012
3.665774881958672
3.6801324749745055
3.6667974189576404
3.585980503127301
3.9557280400970702
4.028015509624838
4.06793171872314
4.07828208347368
4.079108965618015
4.073922625419736
4.060494722075744
4.016181802421691
3.958641675446705
4.356453443926846
4.4349798003952285
4.473050504555917
4.480586096568092
4.470944278566973
4.45285545751143
4.396312225361168
4.328705818584059
4.189264398361691
4.04583588636714
3.760935401551472
3.6312699106808517
3.4457473991376726
4.853169424056375
4.931134305839332
4.9670399466120205
4.971377500308478
4.9654670206784335
4.94528571458844
4.923242401926741
4.847491736997065
4.762739973705516
4.614334976760821
4.41475047542622
4.275994453012114
4.072366764747013
3.911192895846818
3.6933794717050366
5.152084112014823
5.228294267959666
5.258096630119504
5.248475326331906
5.227819645835466
5.1947599655892835
5.103788778915556
5.006002121462078
4.810982426465425
4.612762666252293
4.454428410874518
4.226261880615201
4.05045296887399
3.8033060762393327
5.4950938463498895
5.56400805403125
5.585769852460033
5.561579518254822
5.489352365750277
5.262528210363491
4.8079916994922876
4.364435005699162
3.883978631848967
5.759523816897983
5.79317824050465
5.780326694239234
5.722750770543047
5.666798478821564
5.5407569886761845
5.404616324488929
5.154380385177181
4.900744995186913
4.735454565747793
4.411065916682276
4.20503011587556
3.887703053358794
5.97775734663455
6.019791395852097
6.010174650811766
5.950492241128573
5.889637840469358
5.837657361790468
5.682745501163971
5.522590425109531
5.212808794168761
4.936343558246766
4.689629874983885
4.386514792300444
4.122648826326929
3.7944202460189933
6.092220250374444
6.117506960538415
6.092846524770452
6.0126514463549245
5.9476318790751765
5.869737719750141
5.692713819726033
5.521204918490726
5.194448556327046
4.878212538700185
4.681167426434941
4.278065692543595
4.003021366121634
3.6428507839980058
2.221491200362255
2.2672729388961055
2.4951694045918367
2.5480465475431266
2.5788429262025376
2.937154147957611
3.000144241943084
3.0354301126800145
3.0278200162322086
3.4327668594539738
3.50693758717646
3.533347706689847
3.544758337701579
3.5267508375006917
3.806415427049393
3.8829149528270777
3.9078270964373756
3.9226215990605433
3.9217215073365077
3.8929842014187046
3.8082464902815487
3.7006920685397815
4.181426521271817
4.264267261668425
4.288604609458794
4.301167781817463
4.293019770743085
4.256202642426314
4.150172032871185
4.023763247679027
3.753470415778334
3.4435338133621856
4.6420113314311955
4.7249137617845385
4.749435558851125
4.755183000532507
4.734286605763277
4.683191261891562
4.567924853122587
4.390823918366812
4.064318033282837
3.69102717987092
4.916307966589605
4.993696635549206
5.013427906717987
5.018299507964117
4.985432157522084
4.923030381381934
4.766466889965288
4.588005459720202
4.218081189643035
5.226371237151563
5.295500361329482
5.305476829755996
5.176519446710849
4.782536183015305
4.3561681104866885
3.8816390152308236
5.461251642008848
5.484611366843867
5.491438405078112
5.479935609356907
5.415450663897368
5.318608100450628
5.108263406896318
4.87545379305249
4.402992459202242
3.8854398378001447
5.6393394191077215
5.6783229536108175
5.670602841425886
5.650008359691086
5.557959668384949
5.4371751544110065
5.1693505563897615
4.912092232931108
4.507253566221088
4.3788835249333635
3.792364837641833
5.724306412888836
5.7433999031861696
5.72591097792981
5.689299151393464
5.573510623064523
5.43848046390201
5.151725573539696
4.855153062839948
4.271048623623475
3.641025814773843
