3.1953966045257416
3.231296700586978
3.1159639044838054
2.9090603410380305
2.681899476879538
2.4879417085089344
2.2903188664751304
2.1173214485535157
1.8762208799575766
1.5407617748100113
3.6567873015190915
3.7262386273000763
3.737589162307114
3.7071591655796325
3.5007984021139524
3.226270882269681
2.982268322532912
2.731184572150404
2.5109614663442454
2.298347414039387
2.098945493636279
1.9381573736414484
1.6416574241322153
4.118206531213401
4.1531223976979375
4.177429673195807
4.195543076258961
4.195895212426768
4.061558883181787
3.758385006362244
3.4670432194553773
3.161668377704368
2.892602257453435
2.632819023303654
2.389443820076268
2.193466061528265
1.674013975435693
4.571621420331683
4.635312849885287
4.645890693251516
4.651443695686399
4.641384963437635
4.6073762349340495
4.323553699264157
3.988612871691587
3.6245280661728327
3.3006713116629074
2.9875420691466124
2.6944349941713694
2.4587644068243275
2.225951032066071
5.244831037758239
5.286043752506101
5.312084497335784
5.324961475701123
5.321532527607292
5.200427677118679
4.838314555419882
4.385762908534531
3.9692620364778173
3.5635547049718292
3.1837564415359916
2.879058749442361
2.5789597712288654
2.321962485361596
5.730184868247755
5.771392833841413
5.796317673992371
5.804297439635732
5.797964310358001
5.7736615840099175
5.502806546158391
5.0018831338873255
4.511975805083824
4.027985247369784
3.5738122650966075
3.209887398438474
2.8523261837829073
2.5469052558521152
5.396307486752561
4.863008715898075
4.327849889879956
3.823966194516942
3.4203265659414237
2.68665815136863
6.324026291513482
6.388457892172266
6.3728286894557655
6.326473381440085
5.851240170899398
5.275534323651479
4.680856167086809
4.117180778712244
3.665467689461348
3.2229866088066115
2.8464631233575335
6.681046178173469
6.7372231939527705
6.7099497172722105
6.4081523017449
5.8032614734696475
5.13617713307495
4.494207731155805
3.9786078802680502
3.474307717486253
3.0462732106124544
2.6441566014145756
6.9507503041837255
6.998117186322556
6.970671990351122
6.81084618324562
6.246250010567421
5.525864236895753
4.816949457153475
4.245186827955248
3.686319947429642
3.2129368106687606
2.769415793086877
7.255727857509544
7.228882313513348
7.181400436768358
7.070316288871418
6.732037415103393
6.466901090308142
5.97000283642623
5.1868541005637985
4.549612052377402
3.9265246533551044
3.3998174029671437
2.907846626374432
7.457717181764661
7.482496510700867
7.4143627362886155
7.1987382592941564
6.433480034698597
5.579061128181571
4.872042648020673
4.179136574511893
3.5944345573300014
3.0498404677695863
7.709487137062189
7.667547442792272
7.61847407902924
7.442717103124755
7.348811921035116
7.0149553503414035
6.597872603257134
6.092942245850209
5.296557315187574
4.5098340992354276
3.8462142459739304
3.230733931566272
7.857306234574987
7.813233252995466
7.713988483695174
7.52474079638629
7.284381781973296
6.938672241480383
6.598109256741524
5.722004847835759
4.840784379884024
4.095843867010684
3.4069645633655363
3.16480168953893
3.0942675357232727
3.6439703212387364
3.650598680738462
3.4842487746663395
4.099247572797688
4.024272529026862
4.530721355906156
4.301041043697273
5.1802675811788745
5.1313575713494926
4.816440089375655
5.645288600089555
5.454118575329194
5.843708195411117
5.825475982946617
6.159195098696134
6.191937311924414
5.813441182236286
6.492194357181828
6.518845653297933
6.335605294083316
6.775643387316967
6.695952288007817
6.210154105488569
6.667941437407883
7.167664650153388
7.219271066845003
7.083924268081606
6.402424609711715
7.373054063042935
6.95075721113529
7.3955370010168915
6.5654381395393875
2.9102661623604043
2.950470576768654
3.2338033119210237
3.27869782522908
3.2992259760230565
3.744515008958969
3.7953256655618084
3.8166265899278153
3.810615913371142
3.7752662529656553
4.302265110552523
4.357041179388359
4.376032883256334
4.362481020870719
4.313253440553766
4.152882008719318
4.710290749150323
4.766254382640877
4.782666872519098
4.773996653911327
4.761927113620689
4.73736717181322
4.701760342935714
4.611315680791629
4.5083217636367054
5.11450135520805
5.171046661641893
5.182030152845156
5.151229865218348
5.119280551145946
5.076579202223089
4.967492256235301
4.851446082712822
4.626523182951105
4.404620952237965
3.9746083738358573
3.7810856962629633
3.5064615098836844
5.600801159717315
5.651565567288925
5.653496342498902
5.637616965548229
5.607126832014779
5.5564556504841205
5.511541549005029
5.376057126919245
5.2382595869920765
5.009390069244383
4.712413109195726
4.509857468620166
4.216659218644963
3.98629171233757
3.67811826218347
5.88519124147512
5.929661183560631
5.922933354819711
5.866450846155877
5.818236631080569
5.754390427216454
5.600645045773256
5.447221359060538
5.15627398373585
4.869771107848313
4.645491741389357
4.325466588296807
4.082015257488882
3.742316289119152
6.203873105648152
6.237766637976974
6.218252273487808
6.143467269052073
6.009817076100739
5.659981013467017
5.01784494298503
4.415308063927747
3.7765503310416726
6.427247621249402
6.407056645866625
6.362170670793259
6.2493757041849225
6.157949746074
5.9661394235278795
5.769150025782945
5.421928847985795
5.078566203407124
4.858537364551034
4.431991301541339
4.164414556701007
3.7566497589988406
6.630849410007888
6.6341993013079
6.58100246834792
6.467559253738156
6.370458176724086
6.292734247670189
6.07200981367023
5.85218891536174
5.441137237256794
5.084038346310073
4.767738865847544
4.384612356324126
4.056206468073817
3.652095397963695
6.722936631955724
6.710280698516131
6.643836644053677
6.511071258450938
6.414508732252223
6.303670795976521
6.062330914707614
5.836186366490068
5.415412101719343
5.017283829656742
4.770611765353227
4.276868791051841
3.9436423758130834
3.513369132224992
2.7986560535593554
2.841360779174077
3.104159175426015
3.1517185664178573
3.1687957822886625
3.5839812361564922
3.6371699757154046
3.653496127151853
3.590025114332338
4.103276383730404
4.161290233221514
4.173682606955074
4.172692792620273
4.0858528274010295
4.482345377972143
4.538334085964248
4.548881777235927
4.5460329684329475
4.505624795357242
4.435531217480739
4.278175371454858
4.098676971164312
4.853040220521879
4.909170507171676
4.916138382853791
4.908382648606166
4.854089823524948
4.772568924587027
4.584700178456424
4.381389817636785
3.967016863863149
3.504307726435151
5.294026922442091
5.343277249262383
5.342776501433805
5.3289014466122415
5.254286131274332
5.153476292402468
4.960641238518686
4.687756716802969
4.208648709888226
3.675880517831059
5.5488596899888085
5.589821349058304
5.586509561627591
5.564608203829758
5.474635892398198
5.359692688430253
5.110093335108107
4.844516893274042
4.317408477859828
5.828973359957171
5.857408800529157
5.813940787526529
5.570057959412089
4.992078782805661
4.407219566517252
3.774359175313419
6.019294149036608
6.0196529709409194
6.002739070952563
5.959683501254058
5.834414094577525
5.67953932715287
5.374601498628026
5.053010864130753
4.424092343600791
3.754524355414314
6.181503754168512
6.176340601999122
6.136661796885587
6.093437827960048
5.94059906859056
5.762944872913128
5.396372161908271
5.059361777662692
4.53911741863406
4.377056640094402
3.6501280557696187
6.244935504064909
6.221349396344014
6.1767495058766
6.110865967393271
5.935846978963511
5.748948184656554
5.370868223838379
4.993492578962322
4.269779178558072
3.5115687940121427
