2.439276602108603
2.473041783754435
2.399299237322733
2.25169542948672
2.0889180151465507
1.950587530387319
1.8106140630996148
1.6891111539082881
1.5216208133234232
1.2930986848783876
2.7672610395812796
2.8277315825649474
2.8406936909854115
2.824456912646172
2.6811438021749336
2.4854085650708555
2.3114179709460694
2.1331798420959993
1.9778491238757605
1.8288317049074416
1.6901034549026235
1.5790829400001913
1.376771190782047
3.0957254557230187
3.125245137604128
3.146604204639794
3.1649883131106713
3.166752691766913
3.079874465540488
2.8657229162443687
2.658342947525759
2.4413730076023477
2.25107459097734
2.0681933033135986
1.8977515283077757
1.761281408934857
1.4033356573925757
3.4118250577024867
3.4660299683923896
3.4759883497936204
3.484557928042682
3.4799498683413805
3.4587426958870116
3.2619813298086604
3.024479180329961
2.765874882718476
2.5364571833596727
2.3153237653740173
2.1090663009307096
1.9437745694718096
1.7810721871040083
3.8689984790809726
3.9026867105831373
3.9249819702957742
3.9393531880040147
3.9383478681722806
3.8595120848356945
3.605979234956419
3.2854971117223486
2.9903683277538526
2.7031643269601004
2.434645827454482
2.2194122320979472
2.007646535465253
1.8261121292041174
4.187437814857724
4.220545642557519
4.241639863951835
4.251679648150601
4.248646113862865
4.233691754512929
4.047429467402987
3.6942865520715586
3.3476325782907206
3.0050075277249646
2.6834736630475593
2.4257105853859016
2.172345999255827
1.9553532594578165
3.9506709967437867
3.573864754786477
3.1952723132293968
2.8385601733054306
2.5524973725206697
2.031151876675211
4.560281607194907
4.61138691978261
4.603700089862175
4.572904412226716
4.241096549784657
3.8350733275218003
3.414994429746726
3.0162644901662805
2.696209935223003
2.3821728872394194
2.1138654306040405
4.772233361022276
4.815262095733492
4.798052802403512
4.587886884017484
4.162385342908344
3.6921045804314714
3.2388513896414097
2.8740937856558917
2.51658273278491
2.211781494246309
1.9239852686275023
4.924081701093155
4.958526065035319
4.93980406568496
4.827836866580847
4.430913132449423
3.9240092512992835
3.4245784403469015
3.020966225603339
2.6255917626313634
2.2891593598422415
1.9723025720818976
5.088956942225339
5.069218555114101
5.035377642857898
4.956625514192969
4.718127566440578
4.531721669477269
4.182647539279869
3.63244632632787
3.184049603530555
2.744699037390508
2.3716966356704003
2.0215070389992595
5.176778730121698
5.190199596184378
5.138782130584561
4.984608486688815
4.446132335681922
3.8474851538526664
3.351934240093585
2.8655470636724343
2.453387410002238
2.06784870856354
5.266785816727248
5.232956396609484
5.196275444884371
5.068863751205697
5.002075361512726
4.766212059005416
4.47399655078212
4.1213250429712485
3.5660856565712487
3.017546753651939
2.5534937211721225
2.121465962722236
5.281213218060965
5.245141274135679
5.170251593396252
5.032872394967628
4.862132904512166
4.61919304024597
4.381651280146824
3.7735269625234023
3.1635106522203804
2.6471365545055137
2.168541691984901
2.423782196978075
2.3820397294344615
2.76723456947752
2.780029987314587
2.668101525115226
3.0948650871761503
3.050853246077446
3.3998301567465683
3.244627326190019
3.831854148825795
3.80738779858508
3.5894354227641903
4.138363222280206
4.011245331596567
4.247175339985382
4.249445069496239
4.44485445403142
4.475215685032924
4.2136726095268004
4.640042821101927
4.66294235375007
4.536132549300635
4.802386779550321
4.747017638241864
4.4056213199566585
4.673971747509938
4.977242667149098
5.0062106710033625
4.906864819991728
4.425310883632567
5.028379346776691
4.7242125304640235
4.950295262302934
4.361203748365086
2.2258627651035106
2.261348725666843
2.4604512926556645
2.499836152281246
2.520212890217781
2.824476779199002
2.868612207490711
2.8898653792153572
2.890681681899019
2.8694173547469948
3.211742485393738
3.258577773089783
3.2780720679170168
3.2737698554964294
3.242640744802753
3.13311542452734
3.486401550078074
3.5335633811297362
3.5508826805933733
3.5478018363598465
3.5408815555677706
3.5254446602390894
3.5019934939919173
3.4403560970839586
3.368950686758749
3.74921826524261
3.7958303429496616
3.8084102183612782
3.7907106412512186
3.76985676416807
3.741074289447224
3.6658785282676902
3.585083038188473
3.427148559542815
3.270808042624825
2.966910295522776
2.8301158656596592
2.6357064701251836
4.049143203486095
4.089322246612467
4.093736330779139
4.083844446209697
4.063639615967053
4.029169084773232
3.998208565881721
3.9038404217707745
3.8073059330066115
3.6463043729727023
3.436849180936441
3.2938058948681337
3.08658740129522
2.9235696944860474
2.7051578820946856
4.21247672310879
4.246117004622186
4.243118871737126
4.204582603168543
4.171176822280092
4.126661839182037
4.018886985867577
3.910971641716525
3.7060709506527614
3.5041072663592816
3.345710701419654
3.119653745854805
2.9473862481291966
2.706655251194334
4.37815459908938
4.401176111948577
4.387017668524168
4.333614850809078
4.238977017086071
3.992268972812402
3.5398869313240717
3.114921891010126
2.663631485123407
4.479383936437433
4.461284544168247
4.428094756241298
4.3470775774935175
4.281711483336597
4.145801463122043
4.006899055462712
3.762354451984571
3.5208273314104708
3.3657801470590716
3.0658908546789
2.877401426868365
2.589765946781835
4.530242341206417
4.524503491126424
4.481138024082839
4.396670995835488
4.326298323033532
4.270428881499291
4.113526640333314
3.9583260851267625
3.669759512654897
3.4187758089362097
3.198594430533231
2.9308286386165707
2.7008091177726845
2.41757143517766
4.515532846151975
4.495376120489512
4.440461146453443
4.340508877765285
4.270047404114695
4.190128697652672
4.018650115488203
3.8594075013887323
3.565195765592006
3.2878491874659304
3.116690332772618
2.7734194690986573
2.5416019844264017
2.2429841576191216
2.144388595262655
2.1825748515844907
2.366329991497237
2.4085936888741153
2.4276658650044496
2.708771257434894
2.7555451346165825
2.774436579697415
2.7379370708300055
3.0692195368275423
3.119579939585939
3.1327735766681846
3.134814361563038
3.0815796572504945
3.324093412879458
3.371927647163148
3.382967468075996
3.3842263943638997
3.360358663776866
3.313804580644049
3.205343273290395
3.0798124058684393
3.5639202840131854
3.610762320257987
3.618804477722007
3.615979292502219
3.581495516232287
3.5263601730731984
3.3959818971851345
3.2534786894173156
2.961235418076944
2.634092153590255
3.832872294787641
3.8722075481382348
3.8741550950057873
3.865722958218848
3.8155333527537545
3.7458370818789657
3.610975702771317
3.4189916222993393
3.080793936524396
2.703543902763017
3.9763710514505775
4.007461421426099
4.006120155893815
3.9915390179233308
3.929256129288385
3.848770303537903
3.673311029832474
3.486226768705512
3.113975387448967
4.116412789695696
4.135076631983303
4.103288978822432
3.9302331285864986
3.5222576529639724
3.109445605961938
2.6621722942339656
4.1952930426562665
4.193588276646429
4.18000713923319
4.147657138273174
4.057026655332707
3.946702729112486
3.7307545261945125
3.5038812085253337
3.0607388142899334
2.5884156051001055
4.22015251188118
4.206893596567019
4.174457578499038
4.141273277612796
4.028829943167883
3.901133333034003
3.641391975363165
3.4042471594738233
3.039579385736497
2.926229939980548
2.4164306514048515
4.188199526203082
4.158332212963047
4.121068252986171
4.069793783943947
3.9403275877857387
3.80579535029945
3.5382411752657097
3.2736981174511595
2.769381765506478
2.2420322385681266
