3.183079794922929
3.2303117755400437
3.14671153823899
2.965256997938203
2.7633034228770605
2.5910552808292544
2.4164855971401966
2.264815353106375
2.055715861944665
1.7709896013081834
3.632337042737097
3.7156760499438106
3.735755713548638
3.7204014261808496
3.546599196586241
3.30328101973504
3.085603919375462
2.8620301321988975
2.666898089572988
2.4795542969267883
2.3051576557872955
2.1657137400138806
1.9121834493598793
4.086705731066851
4.127510608287865
4.157694258303457
4.185615629820758
4.189249538858374
4.089729257804482
3.824097286737644
3.5637522141053393
3.290239527991021
3.0498092347761725
2.81846457310125
2.602804196721938
2.4301227458285566
1.9784678666834614
4.529284389902216
4.606217174229657
4.62124513824492
4.636943946514629
4.633841367131293
4.6107049741903765
4.3695032274918315
4.07081299968848
3.7433419352495116
3.451864121723715
3.1703955953612515
2.9076139880585155
2.6969828197950974
2.4897156680557813
5.17958311914174
5.228095979325761
5.261463388937492
5.286734060457257
5.287448307990335
5.1975522087530095
4.880652505227033
4.4728240441008085
4.094922037810618
3.726023227406788
3.380473523470403
3.1031890635981547
2.8301886915538867
2.5960149272924467
5.6412051712869875
5.689901520299828
5.722654326989705
5.743126673865366
5.7417003036482654
5.726573395175226
5.49906305866886
5.049571098301302
4.603518782319513
4.160622831041659
3.7438419956770566
3.409101702091289
3.0796279175761683
2.7970361948946896
5.412451459076993
4.926498610392233
4.435333101724916
3.970973811735962
3.597720576178522
2.9156119251157984
6.193480679126865
6.27517701648287
6.274888471040993
6.240680035685544
5.824594062608866
5.300292212042821
4.753169141350931
4.231716737492071
3.811935885024415
3.3990838989339003
3.0454691004531127
6.5159246548050955
6.587760505903143
6.576364531243032
6.3184544377317104
5.76955248401975
5.154811828265757
4.558894391536687
4.077551387337736
3.6043688783296655
3.1996801726783435
2.816647410111656
6.75256076831566
6.812607258126695
6.79935786731813
6.665100282078936
6.1555480544342
5.49152012003045
4.83228022948994
4.297141686548932
3.7710845350028293
3.3218139113968017
2.8974076896476415
7.026326159621783
7.009873275456618
6.9711361789721895
6.874536310424394
6.569477349679543
6.326589378573771
5.86763232980005
5.138608368507756
4.54118963346843
3.953432013588261
3.452279394544527
2.9800879700286655
7.168041496003961
7.201413472858633
7.14709705873231
6.95495847106998
6.2513942783796335
5.4558065077501094
4.7925657035964155
4.13843155422706
3.581485242401413
3.0583014768921064
7.353884397638992
7.3173896863525885
7.273677292412105
7.113512214029939
7.02753077337158
6.718727161612842
6.33149865144262
5.860172205066694
5.113390695573557
4.3712113347262225
3.7398626479429384
3.1491928567156022
7.418962965320767
7.378236551365296
7.286108372145703
7.109639191947547
6.885723057588174
6.563235487494137
6.245111837176624
5.4243231551297875
4.594702300798236
3.8880125053736845
3.2293633035359317
3.1689033226900816
3.124246194139673
3.6397967235098236
3.66223139384386
3.529426334258973
4.097260060694176
4.051313827307628
4.5323083343682535
4.346264226453929
5.144366886362277
5.127242252897532
4.858191763247075
5.597217541547075
5.4496847735680705
5.750793243529464
5.785665101052454
6.047335739333477
6.106561598868951
5.786640058500546
6.346334298748309
6.396795067928838
6.246564289562437
6.608552224495111
6.552474503233826
6.1200181531017535
6.5072678586998105
6.895952646157466
6.9605491656576906
6.845132770727676
6.2216827896098215
7.0460052948327405
6.6586092527296685
6.991127426056649
6.215409394482019
2.9149626095477275
2.9632367878009056
3.2376913302985986
3.291879580157598
3.3214289395161183
3.744881125202446
3.8067802296863182
3.838749268567614
3.8443691005934757
3.821247277626982
4.29399495692069
4.36140539695014
4.392496039565413
4.392822109762139
4.3578472562122705
4.224065297855048
4.690538577887455
4.75990618356859
4.789519446320459
4.7896662414209255
4.783041924782219
4.7660811125781875
4.738580393654603
4.663487490145309
4.574544949121226
5.077035433654386
5.147659421305029
5.171869197644792
5.156436829020387
5.132600949759768
5.098244709557742
5.005639508692045
4.904046665260056
4.703165291389793
4.502607209030636
4.110659242402309
3.933708915648998
3.6816965318615917
5.52983597115558
5.5936628593584246
5.608830607440255
5.600118912501978
5.577939188356821
5.5370919791745274
5.499216833693521
5.3812472151710065
5.25841946162985
5.051324911242898
4.779879360341622
4.593713842876065
4.323129641283331
4.109883470249311
3.8234659204116315
5.784859049813729
5.841430148238853
5.847152966810527
5.805185209116795
5.765188309418389
5.7102275758797365
5.573972074808409
5.43553687373304
5.16986044361959
4.906147545116202
4.6983919245595525
4.401231048587191
4.173949591147386
3.855857565107575
6.055361758325254
6.0988997670467535
6.090724092608143
6.02916935928809
5.911530085322156
5.593640151319272
4.999217650191594
4.435618538676708
3.833860302004894
6.236712256153627
6.227876094250373
6.190141705068863
6.090552317963968
6.007427463007993
5.831818281224389
5.6502181624525525
5.327346797265276
5.006524026082777
4.800150573118118
4.398416484891803
4.14543064865871
3.7583460413389393
6.3539394040676145
6.3600245365263
6.313035118671405
6.208602294575525
6.118958407307694
6.046632595337716
5.840924660371786
5.635486872737166
5.249972017617346
4.912591943135335
4.615286532954915
4.252936501740095
3.940261778905416
3.5542656428148214
6.373572887196918
6.359989976720333
6.296380857385506
6.170538013295766
6.079413607044423
5.97488673175436
5.747765258372297
5.534783129026907
5.1384610794699705
4.762292580942127
4.529524084060568
4.06060073674497
3.7432798699323477
3.331855348972977
2.813443906516886
2.8656683862089407
3.1198993456674233
3.1784133979796834
3.2071202862299653
3.598988359363281
3.6651625900306914
3.6950644420039764
3.656862257393311
4.112668917591443
4.185858123986036
4.207222127033248
4.212822920133173
4.154466488287803
4.482925004033785
4.554211525972053
4.572909952399675
4.57873095542976
4.554656605842953
4.499356953109603
4.3650071568855155
4.2065381591674695
4.838312484456274
4.910423701882164
4.925864661146232
4.926828408372284
4.889720610887858
4.823192754021207
4.660071779418496
4.478547750186928
4.102711715047948
3.679410012981683
5.24869314636871
5.313061039947275
5.3222947922238095
5.315441018946901
5.258407882542162
5.1726998496338545
5.00185957668242
4.7547433890568875
4.314894572690975
3.8211414054425172
5.476067779782552
5.5303268080515116
5.534736931604498
5.521297788024579
5.448278138142072
5.348072024039741
5.123565596954421
4.880751281755441
4.393078300055474
5.71055733628341
5.749548209261403
5.719858038193459
5.505468631100849
4.9738831165310335
4.4276518048924265
3.831701214164319
5.86017068872902
5.8650725238267745
5.853128653201888
5.816551634830536
5.704984426187057
5.563929343531354
5.281786458677684
4.981940162929164
4.390840016555927
3.7563217315608597
5.9385913083318576
5.936221494911214
5.90045154387513
5.860484835744728
5.718397496578202
5.552441180707649
5.208488302902729
4.889833521749618
4.399399903332038
4.246055243193555
3.5525165089065442
5.932059398635799
5.906586550299052
5.863143150939287
5.799815154795199
5.633335880976788
5.456156040024853
5.098627124198423
4.74121055963819
4.0544694262815035
3.3303653313051966
