2.5441421115684797
2.572637269753347
2.4705162052332943
2.295160973845893
2.105850279527603
1.9464842540736358
1.786066172729328
1.6473394122610978
1.45660842157615
1.1963909698766138
2.8450416088083044
2.898935819810595
2.9060969282887585
2.8776947420743664
2.7031435900225467
2.4768338351763433
2.2786981017231813
2.07720119013984
1.902472330254109
1.7354431291798111
1.5802437405799719
1.456051270187238
1.2294349292165523
3.1385249778000937
3.1647108692744066
3.18237707065448
3.193833101272621
3.193084634498301
3.0763151618843008
2.8279975669133712
2.593894651783233
2.351483707263086
2.140249242558336
1.9381719950671634
1.7504111186228444
1.600180730065948
1.2060094253195726
3.412090892937707
3.4565627597199184
3.4630390229058845
3.4634275464272344
3.453149835882954
3.4226215183331847
3.189576229542131
2.922806855508673
2.636959464466493
2.3855682764857313
2.144654566235042
1.9208367207867791
1.7418800025490555
1.5660212316869935
3.791183144228408
3.8177803311094394
3.833082248718447
3.8360889741405373
3.8313672649823087
3.7260862371547017
3.438439405392096
3.0884344188781987
2.7708155120499134
2.4642979612898968
2.1794130902192737
1.9520379920454372
1.729135789547546
1.5387957377047103
4.041485057941434
4.065965446050391
4.0785275132774945
4.075772859970775
4.068120599779596
4.044837273476546
3.824597457393909
3.4396269050007646
3.0707600094992937
2.7103173145669186
2.3746708099589036
2.107153872092547
1.84556161908531
1.6227819700709802
3.6583050147320297
3.2595086834101914
2.8644719594018
2.4956362263821816
2.201858345272003
1.6713637210754804
4.316262575675081
4.343174979975202
4.318405270710674
4.276255830007359
3.9045479130307372
3.4764853112328478
3.0417854293072626
2.6337302334820505
2.3088042840090695
1.9922761815452286
1.7239605699629998
4.459457158182971
4.47722884894533
4.440719480548532
4.196225212219873
3.7469141680358464
3.2645175553751855
2.8061286259830758
2.4407858870971615
2.085747633880467
1.785847563151868
1.5050029037599462
4.553454107665505
4.563679286037113
4.525685519498536
4.390476732303317
3.9676255594456524
3.4502734847921523
2.9496133299658767
2.549561834711744
2.1614353183932127
1.8345956423516374
1.5296943928221458
4.628475210902414
4.592836733305278
4.54920697727254
4.457885596683821
4.202318923108634
4.009947073119471
3.656762793001111
3.109885576039473
2.670217655545658
2.2441191014144293
1.8865205070766662
1.5544433589511748
4.676856147883643
4.664953298721615
4.59135109208059
4.418197186579456
3.866407984209498
3.275445612325208
2.7943966543530814
2.328073305181804
1.9379844036385403
1.5775047765583605
4.662136779742148
4.615157687109454
4.570972448731589
4.430535908658697
4.360157632954726
4.1200934908921125
3.8296082465014396
3.4859167019077004
2.952798929296669
2.433884281490971
2.0017163692502136
1.603912040324933
4.606481407726915
4.559607179545099
4.474118945261007
4.32905137352096
4.155622913469296
3.91583228101625
3.6855296040441243
3.1062521324925965
2.5357590773174055
2.060604042407567
1.6268402360256502
2.5156550583690684
2.452487482305156
2.830027134975528
2.831952101099767
2.6898995706402973
3.114913100714272
3.047219555149073
3.3643040026065223
3.172661420154787
3.7283499205163126
3.676152022644192
3.4228425569656067
3.954797892213931
3.790895302537881
4.049215085599491
3.995871095399369
4.188928022949255
4.18654917437719
3.8798631736920464
4.317664535859811
4.306542321300621
4.150037840312359
4.402867683786769
4.318895110278385
3.9456742134905287
4.164250524124206
4.490133898448217
4.476634771464011
4.351586358052694
3.849022615891703
4.411960323814119
4.08527036435936
4.261001088246385
3.6691996826556994
2.3014654649752284
2.334308625620246
2.514110610036933
2.5494610932598434
2.5647796768562703
2.833228289435576
2.8708057522613513
2.8848034573083274
2.877020338043919
2.8462394449799335
3.1570584971449853
3.1940227978424356
3.203866554533632
3.1884945384303154
3.14593935157138
3.0158678298403365
3.3754176647516956
3.410180295038841
3.415572544536363
3.4049296218652576
3.3934625312540825
3.371797045293479
3.341989074450549
3.2687124802295173
3.1873306342568513
3.5733358717372883
3.60437192295555
3.603749354188784
3.5720749454447187
3.54463372583403
3.5093039742031924
3.422015086451828
3.3318931003711145
3.159816767098588
2.992552449944748
2.6714662648874437
2.527972828883969
2.3252099019185963
3.7811556062625855
3.8032736655209254
3.791858336609046
3.774546419543698
3.746601254482594
3.7040432622796127
3.6678439331010146
3.561768803747326
3.4569985315788747
3.2859926690364585
3.067215498030961
2.9192145110907886
2.7065025330328836
2.539901535484295
2.318205569270423
3.88149181852346
3.8950257720330344
3.8759431548237435
3.8223398917042912
3.781939040267268
3.7308876013161245
3.6126315828089846
3.4975957377478832
3.283980419560004
3.0766191588858662
2.9156626343525742
2.6873356977062937
2.514617906385241
2.2745273477213876
3.9654040953107725
3.967109024603081
3.9357028237313916
3.867574863320709
3.7607359037966637
3.5007051504503504
3.0430804785094874
2.6222009559811563
2.1813722755373646
3.991811054404519
3.9496335098511683
3.9066297645431565
3.813635902268118
3.743104448785572
3.6008977719735604
3.4589914161488373
3.2143575980876458
2.9759538759214927
2.8247188360408715
2.5335379813732577
2.3521150079583144
2.0773454564428793
3.9663641725839054
3.9392225425064074
3.8804049282131787
3.7839992375977594
3.708831413658781
3.6507341092537957
3.4917382804667376
3.33753025590613
3.0563446184764462
2.8154783104434022
2.606332748352571
2.353607764872768
2.1384583610949264
1.8757626117491804
3.8928021442963057
3.8526154761055986
3.784130434277392
3.674994342302358
3.6017854465709047
3.5206158012461066
3.350620798364316
3.1960684016683683
2.914972962937137
2.654131422336875
2.49420120457659
2.177019685090427
1.9648016564896305
1.6941085718462972
2.2072006699442777
2.2420286969038496
2.4064344732284595
2.443708581234971
2.456057466709865
2.7033319143099983
2.7421437971977367
2.751862455909194
2.6963202545168587
3.00053026376923
3.039049949919103
3.0451657600272544
3.0419514128101324
2.9666685601273035
3.1994955247376127
3.2332274291353325
3.237019755270461
3.2308984201919113
3.193676345990275
3.135888184257744
3.01109348521637
2.8720227951648067
3.375891466405573
3.4052280894721187
3.404962749977162
3.3939771867712127
3.3447089317737384
3.278403217537481
3.1317268866156844
2.97709666001846
2.6665162403965135
2.323842901742914
3.5555933889880835
3.574194396875393
3.5649391538384534
3.549273190965084
3.483294004589061
3.402721414429587
3.2551140565911276
3.051818135664179
2.7016331954917088
2.3168958728706888
3.6387829473366415
3.648096741506379
3.636521331319295
3.6122756468741444
3.5345416551953863
3.4437768162297124
3.2559944607726528
3.061543831977194
2.6826826793730794
3.7007952831721833
3.696311160670122
3.644576567123649
3.448430495994853
3.0286476486817095
2.6178625445340535
2.1802695270560717
3.708903649694335
3.695833605064173
3.6727598645688007
3.630573054490601
3.527028118353106
3.4093322983371657
3.1886832781710144
2.9624098408445003
2.5295702704670804
2.076360746553959
3.6640010992691447
3.6281086024502236
3.5846594898590567
3.545539828340391
3.4234299337918777
3.2918560156738588
3.0341231453265687
2.8041311852896427
2.457099084017108
2.3502270001756034
1.8749826719040488
3.579580349245665
3.5285125774303525
3.4826070851891826
3.424775628502839
3.289006315255949
3.154342208322351
2.8944210277895883
2.643580428217395
2.1741703974661593
1.6934973181522064
