3.791470554597486
3.8364539265575877
3.725723383809093
3.5076379009026635
3.263216958879683
3.0516269910346367
2.833646571122495
2.640750973928732
2.368906651483961
1.984877518285915
4.43207747564114
4.518329822504698
4.5364913510316045
4.511234926275475
4.295342631216943
3.996532718514118
3.7263550409255926
3.4449445760440454
3.195320214491592
2.952020443946135
2.721900537150442
2.5350029243607155
2.1871760899509973
5.087787000225496
5.132095560788947
5.164209497918406
5.192033345260697
5.194766265111177
5.062354567156046
4.7306547285310305
4.403989935080442
4.056768137316824
3.7471385149803003
3.4452455297690845
3.1599884813640777
2.9286131184354294
2.3084543766895367
5.757861368552383
5.84396437938863
5.860146158008254
5.87503501752287
5.868470278020046
5.836818071548994
5.528814250667442
5.149404763551995
4.7296162930845425
4.351245208681515
3.9816191177207236
3.6325837997551345
3.3498383369496225
3.068626042695814
6.802215690159787
6.860889829889414
6.900813816619885
6.929395825780298
6.929353362061159
6.809397643341306
6.398550693510356
5.867112769068514
5.369508156300795
4.879097446284654
4.415664867738608
4.0409095286199594
3.6691650816310406
3.34890894590661
7.598480854445309
7.660467719045613
7.702164869091391
7.727802378172304
7.725455158793419
7.7052192493338065
7.407027777946585
6.814135503021552
6.21976322467338
5.624420366309724
5.059967647102329
4.603858844906586
4.1522998109676275
3.764106395314427
7.432624050408302
6.780282091361226
6.115125235494227
5.4818479902120725
4.970053838874665
4.029453622655982
8.63429872752822
8.750293572358537
8.754138836678685
8.710725062955124
8.158507128507466
7.449236385772375
6.7017901773981
5.984462670698415
5.404153484380228
4.830916804793606
4.339596738220777
9.300825779433351
9.411147689593967
9.405497033738117
9.068368391445372
8.321105780577959
7.472242166256409
6.642944032060382
5.969849016086863
5.305525793449751
4.737238582465541
4.19996065104608
9.83302790314571
9.933924132846847
9.92997257837878
9.760546159810595
9.067718613339757
8.143585563683528
7.217001094706441
6.460839452165302
5.714520512660466
5.077021990025381
4.4755346368716795
10.491238514729448
10.484476950105327
10.43992541944032
10.31700610633046
9.904450880660308
9.567427210774767
8.922199206865503
7.886302536733542
7.031691039053681
6.1871107432845145
5.466611040182029
4.788364536698989
10.943165477815205
11.024914391061131
10.978830470341382
10.732481442910146
9.750648830326783
8.608774817638142
7.647539529748582
6.69415650243791
5.8813775667395705
5.118037612149168
11.640843855340073
11.614971261092489
11.566817546069341
11.363869333063041
11.247510954891709
10.817109914506272
10.26174878642658
9.575484091709166
8.475530086629806
7.372976720101164
6.432249241678521
5.5509948962825915
12.154779678620873
12.123408752301135
12.019144705915581
11.789628360516982
11.479494367082422
11.016343281554132
10.549631030578196
9.32469989617831
8.068934073819058
6.992963455949475
5.986686949718095
3.7659502347999494
3.7012246460254814
4.4290699527591455
4.445937884681472
4.275963669922194
5.085401791426307
5.017796570780259
5.743295740354578
5.5009287925823465
6.750690804312925
6.721204049851591
6.3701968100980695
7.53723992542639
7.342467219184628
7.877777363481393
7.926961456045283
8.439973577665864
8.527112170163766
8.105958918429069
9.070550324577246
9.156537241705669
8.965587620567002
9.651526790334815
9.595106704165762
9.014781209091117
9.808836727011014
10.53450173588625
10.685549099381836
10.558273946043565
9.70242046585736
11.221314893775526
10.715204485377782
11.580270572979899
10.495142731948714
3.4852492360145892
3.533325479791465
3.9347685191067137
3.990241462380341
4.0182346829788615
4.672367523237651
4.738601216496593
4.770584538704141
4.771216098414979
4.73749203944163
5.521390131024036
5.597999460681155
5.631010256174531
5.625526669853876
5.577074960044992
5.401138268522009
6.176305126664001
6.25902129420575
6.292794800254539
6.290515764905304
6.2805864574241985
6.256954871414983
6.219704036253024
6.120112235690649
6.0026991741832205
6.85960610482686
6.949593854284512
6.979437967256534
6.9578761587721925
6.925526436529841
6.879660725039372
6.756959082685733
6.621359474670348
6.35331917300956
6.084630926280221
5.557066705007173
5.317553602287619
4.9755375605766154
7.739925324842987
7.82982461467922
7.8546967810484345
7.844848737497928
7.816576602838741
7.762749869686841
7.712393024718345
7.554810668053858
7.388891066522401
7.107956942194932
6.737439339776891
6.482332731979089
6.109979482671695
5.815933431982905
5.419935579806842
8.296328733044064
8.38459131498614
8.400496898437723
8.350550165605203
8.298879996595407
8.225997922211405
8.042792423812823
7.854578433857467
7.489555532822
7.12457719274337
6.8361296217209135
6.4216136475641905
6.10411049274407
5.658722844054011
8.97696157643442
9.058290233572565
9.062817912414422
8.990812656067549
8.83735047041133
8.402310751192754
7.568944633718073
6.770136178213817
5.911587859967358
9.515773900961618
9.535924656281836
9.496011190925008
9.370773938800633
9.260920454463156
9.02093965865843
8.767329888927684
8.310588695779112
7.852298154173179
7.555768403458901
6.97664656466338
6.6107303330502765
6.049563385022936
10.11576749570216
10.169463194853941
10.135071414366267
10.013170170457622
9.896274188174925
9.799237574713331
9.513630371930391
9.22217801372173
8.66411077949941
8.169508285406481
7.731010824650643
7.193416066278215
6.729541946635785
6.154579349455966
10.513788968282148
10.549718313461247
10.498392605554304
10.349154032381735
10.230044722479933
10.088554034723309
9.768550841150539
9.460661813829468
8.876165643167566
8.314156440033676
7.962058289422648
7.253007671273197
6.770132538541746
6.1417907506067895
3.3655092488799765
3.417084862513949
3.793330826967089
3.852815825063058
3.8780548600298466
4.492435077949338
4.563017041976097
4.590684161924316
4.53148217083067
5.291487781305795
5.374011023979885
5.396317520925664
5.400525932194462
5.316161141346434
5.907308486616206
5.99234064857151
6.013393744386762
6.017951903410777
5.982482717217253
5.907449618531625
5.728985911044105
5.518969371088059
6.543436428589829
6.63555846370368
6.654356859441902
6.654537551268456
6.604324162238699
6.514664558824273
6.296234130100947
6.052648704919238
5.546430586659048
4.972453250957669
7.3577465291327036
7.449953777886124
7.464883668843167
7.457194143503111
7.383525068958639
7.269040102257229
7.038453129134918
6.701895566887897
6.098201278694636
5.41656062931678
7.868720755972512
7.955240988179068
7.966766270829415
7.9531314754290925
7.860433107832749
7.727160380863951
7.421614408597781
7.087028655962962
6.409367832440748
8.48872121575703
8.566534758650857
8.54488371325806
8.266221310138587
7.529024441853311
6.757287450939297
5.907990968268284
8.973864162379607
8.99634634538444
8.99282587061953
8.955854015959344
8.816714312786848
8.627383920609194
8.235741410013555
7.811351019466774
6.963631564299253
6.045928706154606
9.500406127020195
9.547304686658302
9.5205530395373
9.477895090311186
9.299889730306576
9.075806217542903
8.589532510677609
8.127802894885052
7.407808657548939
7.1802135561073
6.150978867533395
9.842171812079698
9.868875677912442
9.834104278772909
9.765913847301109
9.554828985016222
9.311936348214036
8.798928775017956
8.27217850645862
7.24000338846383
6.13830160660603
