2.1730927437251757
2.191667378685004
2.103021945893563
1.9564623824461846
1.795967683333001
1.6583028167992993
1.5172420788177194
1.3930031630525985
1.218736814195489
0.9741466673691243
2.517179580402941
2.5571883826259363
2.5611109617659036
2.5348145714210477
2.384518955052989
2.1886338849498177
2.0143969682663427
1.8343917183833445
1.6757425057594522
1.5219617130247118
1.3772028588356546
1.2601385625833537
1.0435973407010004
2.8615832434749477
2.882476115479517
2.8963126047668593
2.904455181201697
2.90338036270477
2.799342739550225
2.5801306070723746
2.3706552573688806
2.150660150503776
1.9561112102718454
1.7677054954814284
1.5907430991761482
1.4479948811522019
1.0691857670813898
3.20808956714762
3.245861537761003
3.2512588102046998
3.251004997969349
3.2414072944726664
3.2141419920738454
3.0043802339301364
2.7614346878600156
2.497608910482953
2.262391105244882
2.0344876081075927
1.8208185088984619
1.6488887555433236
1.4790009426940014
3.7371469782153506
3.7627605751971633
3.777946531359091
3.7821002803054107
3.7781469084438397
3.6826295622592666
3.4145991174229464
3.08302414615622
2.777983395841798
2.480646970480622
2.202217171243826
1.978943588660069
1.7592530101217791
1.5716221260784111
4.131821233266295
4.157748735000709
4.172280253451153
4.173284264805686
4.167033392725807
4.146661304429224
3.9409986320684225
3.5700204896776766
3.2085126067846597
2.851543109067422
2.516740914104707
2.2487718168429702
1.9859161009565962
1.7621609334069526
3.8881127996337965
3.492552773206506
3.096113260084412
2.72320737616893
2.424928575315809
1.8847471030901222
4.634490997606777
4.674501079092901
4.6581729565394605
4.620998444049594
4.261647749082046
3.8319075355107373
3.3890242214983455
2.9698304556379576
2.634496386377566
2.3067273606272876
2.0289361804103367
4.950999244908268
4.986548161312368
4.961999095568215
4.730445485156089
4.275008094002108
3.7746930632147815
3.294115602486285
2.9089158545457683
2.533048302545546
2.215351593860811
1.91841532319974
5.199987926862896
5.230959260653745
5.207136584265013
5.083524917335045
4.655357003783376
4.111791536457377
3.578003044478793
3.1483833830896875
2.729458541282936
2.3761013325195233
2.0466811981280695
5.485165196051642
5.46313084160829
5.4260519717147
5.340739744122811
5.082902866387586
4.881387164118533
4.504107807688391
3.9104571175411182
3.4283612017563128
2.9580491841337477
2.562121241896873
2.1940808659322246
5.7074520558168675
5.725345738702162
5.672900976525288
5.5079511977746405
4.923350249318985
4.271192246758063
3.7323558988940633
3.205328242039751
2.7622381962718268
2.351529574253584
5.996278557454472
5.965278637505535
5.928187757476361
5.79440809352861
5.722391671122978
5.466407619572152
5.145641586415451
4.757109864735395
4.144320771125559
3.539700833758744
3.031350349344703
2.561665766189084
6.216125124341989
6.184474168670251
6.110376982719529
5.966495701872704
5.7818749998297925
5.514842527155949
5.250887331564476
4.570815543345338
3.8864423733052607
3.3092073492440295
2.777022286730393
2.146011306230747
2.089062287883566
2.499979196416758
2.4978680804805613
2.3737085828885283
2.836603594040558
2.7746371795953615
3.1626110839401216
2.9892508965978846
3.6810237158035792
3.6351330434521265
3.3995616855747977
4.056825054487103
3.9069151843174286
4.243481797782138
4.2116771622809654
4.510208928089885
4.52452662202171
4.234512032991488
4.808033421107125
4.8198402496111745
4.677482307235659
5.062918954340233
4.998461539621416
4.6285648939803865
5.034540308988511
5.485212270312987
5.523517970821559
5.419844851033484
4.899381962910517
5.737584850651299
5.41569432178138
5.862095665865056
5.224176612118948
1.9788437957866405
2.001715327389723
2.2155924331757593
2.24136811203296
2.2512329542682448
2.5969168282196793
2.6264554819190202
2.636512176679544
2.627857309885538
2.599110185100205
3.025441259944375
3.0578304799642484
3.0661180893695557
3.0514471759813278
3.0122245136474923
2.891874604003687
3.3488090055222495
3.382375515482242
3.388790680061153
3.3794618251420236
3.3690452878274786
3.3491628831084244
3.3213903609723734
3.2528068244244097
3.175886318161017
3.679702454241882
3.714208488622627
3.7171071431607783
3.6899626980538205
3.664500418475096
3.6314632453928515
3.548877919551167
3.4618410708369187
3.2944977705009983
3.1301755970296705
2.812490719106628
2.6696729381359443
2.467215496936966
4.096168112245894
4.127968934551382
4.125125845236835
4.111447083316292
4.086890937525681
4.047306050294981
4.012780986032661
3.910040328341043
3.806308906108285
3.6349037619086753
3.4131702966869657
3.262230662203419
3.0439441000313914
2.872695286772473
2.643926319584508
4.353397055340352
4.381983167596871
4.373333739819171
4.328187042122745
4.290907725302697
4.241987380943298
4.125184817365954
4.009422603451591
3.7905486830702237
3.575545039271839
3.407555630161062
3.168031260077326
2.9861089892947614
2.7327089961310915
4.66154457176994
4.6846088261232355
4.667762739740282
4.609731243715816
4.507596000293504
4.241942313386215
3.7563500467149757
3.301983169176661
2.8214709861717724
4.892570476871955
4.876495435060152
4.842175325534997
4.756038901046331
4.6864940293791335
4.5404737633626135
4.390482069966405
4.126411735761529
3.8654959860272116
3.6983742328213554
3.3748100483548504
3.1721113651011086
2.863694728748849
5.1569308353614565
5.162612692644955
5.124096503323751
5.0390043743904105
4.965256658710914
4.906145734400234
4.737448457072185
4.569263306586928
4.253946526166054
3.9785564969727116
3.7370531546000803
3.443141092028959
3.191778512467743
2.8827979580127567
5.321159390673992
5.317461944318813
5.270648926131323
5.171920166795555
5.098859343643437
5.0145404378235305
4.829467929608712
4.655251890274611
4.3301031190345
4.022010873554319
3.8307449401014573
3.4488463604016792
3.1911551227818804
2.8587837542320984
1.9009485234180745
1.9249230375083386
2.124304448910505
2.1512592740588348
2.157742272788986
2.4823637625740886
2.5129441676414195
2.5184523183046355
2.4655529103844267
2.881602657470718
2.9153630618628767
2.9203808159830067
2.9171729875986325
2.8465817302862693
3.1822734249481544
3.215304381057587
3.2195722680313943
3.2143343086062086
3.1801676846999882
3.12587623555661
3.0077956801638535
2.874795784926447
3.4868022541205055
3.520507370184814
3.522295212121488
3.5137247948848285
3.4695010985500496
3.40664060553165
3.265239855147845
3.113932203429428
2.8071892248363337
2.4657140517973235
3.8671414391937673
3.897479161798711
3.893893047828363
3.881638731076714
3.8225787401237636
3.7454017009096354
3.5998726992026238
3.3954459408705944
3.0381819224934463
2.6423147040603943
4.100156150798602
4.126066867532722
4.121502123743082
4.103243095624113
4.033007077623421
3.9453573812589995
3.756713557398662
3.557022647914403
3.162106756534872
4.376484676987449
4.395493131403863
4.360731117842591
4.174361972806831
3.7368990263333033
3.2958435145205804
2.8197937687916323
4.58014922405288
4.580176994994847
4.567290229238671
4.53461371994359
4.439382622301353
4.321587942036945
4.089906112289057
3.845712561604749
3.3686424312806054
2.8620133360904956
4.808426252731282
4.808365429961893
4.779813287771525
4.747886674330812
4.632774464528839
4.497959652947571
4.21796382973328
3.958610116639329
3.5612775076201943
3.436942456811187
2.881146512228105
4.946391590931182
4.935662021669944
4.904601140758139
4.8566806115779215
4.725466950247967
4.583259460396539
4.293030555284957
4.002036221823914
3.442767708660708
2.857188322637293
