3.2193806999624237
3.257778257452178
3.1801481162954666
3.0144012575101393
2.825274172897884
2.6596565232978935
2.487379595748834
2.3334428730954464
2.114405764563173
1.8006287503368177
3.8274582629708527
3.9011780967869796
3.918882409775916
3.90406270209341
3.7413853790816933
3.508274813368532
3.2944147438801967
3.0692455356382493
2.867444619698677
2.6691286336875244
2.4799968911556345
2.3253357129523984
2.0350683465628308
4.460707037878006
4.499212346213779
4.527862802423484
4.554748057498102
4.558398452522961
4.464492574416698
4.204923656953976
3.9438649263741636
3.6628779174126755
3.4095297540915106
3.1603430071724863
2.922875676124777
2.728899357920542
2.2034326087451954
5.126690308728834
5.2050150348236786
5.2208000204923115
5.238458604171756
5.2363882274275415
5.215432461126287
4.976528813288796
4.670946107953593
4.327440822381422
4.014028006058997
3.7049754793793386
3.410550889358362
3.170305985133646
2.929765396089669
6.202108328256242
6.257758940616825
6.297043629802288
6.32983718289393
6.332531383553241
6.248262035811367
5.917402579663987
5.476059772056489
5.056247533160747
4.6380220571836945
4.239039932501501
3.9138899276951595
3.5890500873404068
3.3076448585640836
7.055121310169474
7.116113667720756
7.159456118426997
7.192182744372217
7.193798938789109
7.1829537682944915
6.949989172918486
6.454523710293184
5.946598410179726
5.431371836410918
4.93786295003133
4.535760766593547
4.1346857358489455
3.7878415415352205
7.1040668440557155
6.542738516521265
5.962006624902174
5.403053001117172
4.947400504772813
4.101055511896032
8.211945263949179
8.338361584114782
8.35822924776806
8.330575919603897
7.877337806650914
7.263305762320064
6.604480143062267
5.964579223260522
5.442148409456191
4.921902435855739
4.473084428476567
8.989158587776169
9.114869616187042
9.130899326375742
8.865381880815107
8.217067985625816
7.460823003688672
6.711503265784812
6.097223103959926
5.485730450573849
4.958990593935416
4.458033337597721
9.630640620949286
9.750384974861811
9.769887425650095
9.644590689542591
9.04727294379891
8.218146469888278
7.372436688871676
6.674681145801084
5.979735078291969
5.381744471697539
4.813923181996482
10.455096330548388
10.470102559598713
10.442755457017263
10.347653212624836
9.99418274413958
9.694360268048461
9.10917156865322
8.153896346753104
7.355831224959424
6.55939475840835
5.87461518940688
5.225539772745209
11.046618560523637
11.159109336754664
11.150307879873466
10.95338858780892
10.07244871466728
9.009932764301807
8.101727781052896
7.19120907448534
6.40839211056844
5.667686384570033
12.021462032019983
12.021260729877467
11.990322616640713
11.826914098851747
11.725904630051861
11.338376366164432
10.823110603795852
10.17516997162219
9.121681683069259
8.052159346239756
7.130950188859917
6.2608178739595886
12.802575217953455
12.795864469120666
12.722069430344789
12.528159336714426
12.24872568733053
11.816865308601919
11.373003648426529
10.187282617561081
8.95174145663915
7.881528023910183
6.871388328613693
3.2038830504355427
3.1605026299831276
3.8317066794036334
3.850801077257591
3.725389222573434
4.470455913189812
4.427120107268239
5.135687170887678
4.952447925770765
6.175644367401819
6.170201806779367
5.8919934947680614
7.031244729678258
6.891043916914293
7.414600687326581
7.506961716171579
8.050091282717062
8.158859921314628
7.827465124794256
8.791382333959982
8.905357309217122
8.766276356266092
9.49951980843997
9.482877104865583
8.994794777149437
9.898031335295677
10.651260409743152
10.85318746153973
10.77566032773489
10.022402480442697
11.655092219423931
11.230660620389116
12.302970686823503
11.313218679714225
2.9828211706135943
3.0227854402485694
3.4098391075778753
3.4570904602007033
3.4824087404379043
4.130872064364347
4.1896449226924055
4.22032472731145
4.225530802750047
4.202476385291395
4.993022135479508
5.064499163795413
5.0988580841434885
5.101060590929944
5.0671058016747565
4.92930332551641
5.683517748322381
5.763596291069728
5.80157610262851
5.8051489905906974
5.799822091380234
5.783747542138453
5.755964693590514
5.677895391983572
5.5828351580124576
6.429889451058933
6.521332482701809
6.558178357671395
6.550795670728382
6.527672104133354
6.492693913239336
6.394717286187378
6.2825480419936275
6.056965589332279
5.827584271488966
5.371816826369639
5.163129865713645
4.863421701585723
7.435185125255186
7.532602350146569
7.570363369923361
7.568886955101495
7.551153341536231
7.510857833617148
7.470913516695256
7.341092470923887
7.20031525391903
6.957761649374523
6.6330003144779965
6.4074738068063235
6.075843158057625
5.812596150715518
5.45602613444209
8.10090300988318
8.202260962851202
8.234188651521311
8.205740403931099
8.166628383491792
8.107929739192905
7.954071831058725
7.791617402938888
7.470104107173956
7.144193596837172
6.884500793350703
6.508784327426055
6.219254928517749
5.811091162551183
8.955509319483589
9.056783202677225
9.082778786291524
9.036725817506841
8.912717069642596
8.532599324203174
7.776179644649659
7.037354108769467
6.23345603343385
9.668697516229676
9.722840304986386
9.700786277113066
9.603581092135931
9.510945860636147
9.30015914891582
9.071503513273347
8.6520667813818
8.225678969133174
7.947486965414223
7.400738872436948
7.053046511722993
6.5168599738563415
10.535965494422843
10.624831635077687
10.621993832682397
10.532047302805674
10.433465281349449
10.348602574420608
10.090340520505631
9.820504264124843
9.293620029592441
8.82021981146888
8.397097369389556
7.874813083707371
7.42185040285391
6.857009678629308
11.171606377961316
11.248358221043638
11.23148618553747
11.115991267572959
11.01335949032823
10.887046400556672
10.591211533088904
10.299756891340486
9.736794820484016
9.18770004463036
8.841413450020132
8.139097967197747
7.6574050408029795
7.026765298847071
2.8902572999429004
2.9334452831497555
3.2990942069049582
3.3502930578273302
3.374145863285774
3.986938013468781
4.050256443002506
4.078430702372871
4.038834419534146
4.804516501888425
4.882242064069902
4.905832636963357
4.91290372248763
4.854511330649431
5.458897600606109
5.54266679310798
5.566038178327862
5.575256863101979
5.554097629301403
5.496818479976703
5.352906907232162
5.178792522106489
6.160278008360937
6.255512405687569
6.278743618083076
6.285589700904238
6.2536714761566845
6.183561523658249
6.0036296057726215
5.797502109445166
5.36167873797246
4.860434495715775
7.100795072616296
7.203334885835686
7.227550828060977
7.227738759165196
7.177177485355842
7.085081842400684
6.890498615625167
6.598318189291018
6.0641844738966135
5.4526259384426705
7.720056742015851
7.821997423455847
7.843508174941885
7.841804067297811
7.7753318572809595
7.666174966182832
7.402691324810354
7.106650881164265
6.49635070744393
8.510842323761876
8.61221522975328
8.618635558223593
8.39439981607106
7.734963594745387
7.02386268626962
6.229598874396421
9.1670172158413
9.204384128330418
9.21544764518581
9.19670597102562
9.088664527311185
8.925831279031588
8.573473568506468
8.182300835333185
7.386697064607452
6.5128473544620125
9.950768596490216
10.036929529781933
10.03286748027347
10.005189275742227
9.860552769526471
9.66225466809459
9.212146859646255
8.77423028166091
8.081152531820205
7.85995214391403
6.852845977740554
10.518160030906008
10.591174861211027
10.579365921350107
10.532246110820285
10.354664800867736
10.134191630810518
9.649875681103692
9.13994592708171
8.123957289365604
7.022576591104567
