2.0063355935170257
2.0349426456947795
1.9927108364460724
1.8914817998797824
1.7759658156874663
1.6760348483916339
1.5724935229573989
1.4809155384353283
1.3520657306437618
1.170914602204809
2.357811884874442
2.409885999970131
2.42384974991399
2.418422717969439
2.3221247575760025
2.181154045794239
2.0529112180916287
1.918218834684075
1.7986151343290415
1.6820175853863275
1.5718364286459074
1.4824826772151387
1.31670117068152
2.722839692529105
2.749384936777762
2.7695442157655217
2.7896327904480027
2.7928934378501244
2.7423084130528106
2.5875414607244003
2.432107111392259
2.2648775984749467
2.1153256810523713
1.969300652270951
1.8312885815255686
1.7193817415341321
1.4201941426891314
3.099355789789762
3.1530285632618456
3.1643006582270683
3.1783191719025274
3.178942499088552
3.1687037639408984
3.029909654231557
2.849674828702969
2.64646717815737
2.4623223218308654
2.281916614869071
2.1113069196721006
1.9729914866781786
1.8353539895917803
3.6934949700427504
3.73025453442981
3.756897811590117
3.7808606045036135
3.7837125679450847
3.740143681868908
3.5496979359411283
3.2916190395703473
3.047043678145544
2.8046166389122913
2.5747178225836973
2.388332447283111
2.203021113909784
2.04302091808641
4.152531654526763
4.192320505801092
4.221260330439631
4.2448530045698485
4.247234631435548
4.243127826934699
4.11447205998246
3.8281798842942707
3.534523599564601
3.2377202094915014
2.9548193271003176
2.7253068411783783
2.497282400140018
2.300540295567506
4.17809466715784
3.8552987969088606
3.5221764399854507
3.2029063729310896
2.9436255103247007
2.4640726926596783
4.756955128448326
4.838817049090119
4.8558490917012636
4.842847298887212
4.588072011831519
4.237377493739654
3.861417863593648
3.49752691548614
3.2013980955249997
2.907378417801653
2.654015529829129
5.1522260461685505
5.23191707413469
5.245705858024471
5.100524334863944
4.7339253772867655
4.305391672593938
3.881825186023778
3.5354965464881953
3.1915731595935557
2.8954763402621624
2.6140422128601912
5.469778535399633
5.543677546806153
5.5589244961474344
5.492121107881013
5.157633134752553
4.690703969397996
4.215195933935411
3.823717134608419
3.4346127923128638
3.0998370178485923
2.78200377128335
5.880852930388176
5.892103151169242
5.878393245906927
5.8267442754479335
5.630441664427127
5.4628683478339415
5.1356335487641385
4.601858233898666
4.156701059991977
3.7132223092469228
3.331833387151593
2.970256478099642
6.139524711176282
6.20571869867532
6.203277551502635
6.095422693508198
5.606506749032961
5.016707454832432
4.5133263383678965
4.009451791951978
3.5760453336447027
3.1657632915084597
6.584806061366146
6.58473022515295
6.56782953838122
6.477668922971641
6.42215006918985
6.208099003211314
5.92429359326951
5.567534723915715
4.988537667810113
4.4016822847841
3.895938340707961
3.4179757945215243
6.904280084159379
6.899636573100512
6.858029328894055
6.750261766192323
6.5965580472351
6.3598859608727665
6.117268993942457
5.4707623855011285
4.798613921355867
4.216409327538737
3.666593809139396
2.000919213111798
1.9796482778288935
2.3665620447066416
2.383466082402082
2.3116521077649375
2.7377920461949583
2.7181429366222005
3.1177980437798753
3.0145695405865296
3.6856592436823457
3.6914254598638907
3.5338578169623367
4.149967524991476
4.078317125525158
4.331858615120809
4.405116407964913
4.665652781091401
4.739799727991944
4.558207451284429
5.040611591651357
5.115180194756418
5.0420738995947785
5.401304528421679
5.397964412307493
5.127148782377935
5.575412295632427
5.917334961138547
6.035556343768555
5.995265023921249
5.578410038553194
6.382847968581342
6.1488872712577605
6.629008670270801
6.085300573547794
1.8559105399947364
1.8845563016872016
2.106014060994308
2.1395306989475285
2.158594549193914
2.5211214455995923
2.56205802389609
2.5848195160571943
2.59152672836094
2.580437928164278
3.0060431502825873
3.054876096824526
3.0800774068808066
3.0855187034949485
3.068575900717095
2.9914001904345815
3.385195345580531
3.438956097654976
3.4665625487567224
3.4719261446642573
3.470536975355577
3.4631102014385817
3.448514673029909
3.4049684878026545
3.3508160065706516
3.785781144296933
3.846754311378151
3.8735769054494944
3.8737096040017467
3.8621659340899526
3.84346012274101
3.7889272267189416
3.7254330484708236
3.5964793187839628
3.4647587315343857
3.203104326467777
3.0835550191605736
2.9121502034124376
4.309558629731796
4.3722616887294405
4.398958225695592
4.400281753131353
4.392260112477454
4.371272018696974
4.34963010629814
4.277594001945757
4.198436365110847
4.061019927220494
3.876668261645393
3.7485827595329604
3.5603523243382216
3.4111273934303568
3.209141432222047
4.6446278903456015
4.708494576940365
4.731322068185898
4.718932680445609
4.698336156496581
4.666509392205922
4.581098156383998
4.490069996701483
4.309166503551404
4.125456076931284
3.9789393039193923
3.7672176397635866
3.604090533410598
3.374337260996882
5.059186416825466
5.120981221099744
5.139428077447015
5.116371158390078
5.0488972735003665
4.837958484238759
4.415423444346819
4.002508023705949
3.5538440214416807
5.398035954321404
5.431844796724278
5.420965153422608
5.368595152576488
5.317538164013056
5.201131516012977
5.074544034076501
4.841706888386252
4.605014043697721
4.450599224254275
4.147145270725536
3.954265948439921
3.656977231858041
5.766550448460599
5.815781461905361
5.81431309577094
5.764816586160958
5.710604200307187
5.663802778049191
5.521578744325572
5.373125345088603
5.083408141690398
4.8234424002363046
4.591000428736025
4.304501617557187
4.055756910837942
3.7457150637963257
6.019197015050098
6.058703437226509
6.047505765033697
5.982473648865039
5.925629915420502
5.855986617612415
5.693641835180242
5.534178563560596
5.226943271560144
4.927649079000351
4.73936801204816
4.3568249968097374
4.094682360046768
3.751474246819538
1.7985069765486505
1.8296507906904562
2.037971222138751
2.074404232181541
2.0932666170761274
2.4339193510909927
2.4782639707424425
2.5003216150069676
2.4825880604439723
2.893559640957834
2.9469290811062456
2.9644183384566802
2.970953256758447
2.944062685297342
3.2528256475668846
3.3101703201213226
3.327359819916434
3.335851176068093
3.3278175055348456
3.297221456398183
3.2160655584973004
3.1161659503658914
3.629506132107145
3.6926711376029013
3.709578692040648
3.7165341227652764
3.7025158954174753
3.664801538569029
3.563816131845941
3.4463360203852265
3.1968917898428555
2.91031661387506
4.117614997985328
4.183966063115263
4.201665784717542
4.204066984435107
4.179517054526586
4.1295080066081695
4.020800499367951
3.8559349972928953
3.553382072665106
3.207107031607681
4.428212366399392
4.4928205296538675
4.507997395505366
4.509787075759022
4.475895855216198
4.416269573999459
4.269530243554372
4.103392006284861
3.759914370413195
4.809607948136122
4.8717497931784965
4.879571170515335
4.7584990061644294
4.391774454517308
3.9947809752621097
3.5516393089441904
5.118873474300937
5.141566548892342
5.149125277631402
5.139975106603344
5.0817406080996435
4.9923882246373426
4.797453048986965
4.580626925758263
4.139276355946719
3.6547377051439405
5.445397908524625
5.49306033956898
5.490924439127479
5.47560380130003
5.39585873702682
5.2866795077671815
5.039035022622281
4.798460516674108
4.417777019783243
4.296477800712885
3.7434861138706985
5.6648156794247635
5.701435619372953
5.693479637917336
5.666417060608079
5.567545077836625
5.446105113847448
5.180890227497276
4.902452237188259
4.348909538909882
3.749313186247658
