1.797235400631927
1.8181716176495182
1.7536695250011851
1.6372669823148942
1.5093444325516039
1.4004149697336454
1.2897177056560756
1.1930777005250948
1.0587996640006108
0.8727820728351118
2.0459878036975083
2.0858445298776394
2.0924409647745574
2.0758086334887556
1.9603630164601507
1.8062637955536136
1.6696065172450563
1.5293099177376883
1.4065572417027072
1.2882970493705177
1.1776124439474276
1.0885129366966788
0.9245750457050749
2.293772224703751
2.3136305797950483
2.3275374768911634
2.3382048535134494
2.338674334802346
2.263904038645021
2.0942556502490492
1.9315190484499662
1.7612999541337029
1.6116536834613093
1.4674426530880467
1.3325748399175708
1.2241218315047138
0.937229050758215
2.535164404833305
2.571526079223201
2.5774860161376445
2.580599460251615
2.5750435895238346
2.556100904005071
2.397780864534739
2.211201795990962
2.0087793446224893
1.8290940560360835
1.655656877264721
1.4935513490073247
1.3633577722578785
1.2348657585327576
2.888443083463731
2.9113045570447187
2.9257155428666297
2.93277948416439
2.9308381370025822
2.86339933958417
2.6624117085096084
2.411800376482784
2.1816212433285576
1.9577542889598254
1.7484438098644246
1.580665642162631
1.4155343400268476
1.274201667368922
3.13865220524376
3.1612028703263526
3.174734621304849
3.1788068365008697
3.175204543378301
3.161581511184308
3.0113064800648623
2.7346296304638176
2.46470226684103
2.1984615241271617
1.9489150449360462
1.7491063832562876
1.5529012562576776
1.3853267122608695
2.939757548999563
2.646450496556041
2.3526355388443796
2.0763228039248736
1.8551450776818326
1.4533529249834802
3.438594758143739
3.472627337660252
3.4631569602081695
3.4371725762200525
3.1747962809720027
2.8587345396671333
2.5329652445113178
2.2245853851635395
1.9776503617925223
1.735891448736182
1.530184586492712
3.614529632979136
3.643439905105851
3.6271321117572235
3.459904294794408
3.128268938681946
2.763796917365906
2.413624016270717
2.1326341793703096
1.8579722942310422
1.6248833511256253
1.405798112394095
3.7445159874585023
3.768179283961439
3.7514852329284682
3.662343718834163
3.35269950425407
2.959838896698783
2.574095666599853
2.263326778723882
1.9597878788933334
1.7027143288174322
1.4618230360634215
3.8872845520815775
3.870936730415386
3.844060852512981
3.7823037068108807
3.596607335521137
3.451922879565225
3.1815897895609964
2.7565628513899774
2.411244462526046
2.073910717923558
1.788843521311912
1.5225894789555197
3.9775196733422558
3.987590915920947
3.947577108236723
3.828004575550772
3.4110291766807572
2.9484133095204537
2.5664624807300553
2.1926025989543203
1.87725235293205
1.583710006160625
4.079396747452789
4.054379499416177
4.02647675549017
3.92890596283372
3.8774430434185336
3.695586350964461
3.4697416089122224
3.1972892513256443
2.7686630499593883
2.346046389614356
1.98994020059459
1.6598468464326315
4.127219702782047
4.101055907812749
4.04498505055539
3.940557523001341
3.809529072479131
3.622473823915893
3.4390198879500753
2.9689021122452517
2.4975166847324997
2.099670744758723
1.7322065362668921
1.780469074449458
1.7412805151706559
2.039283454970792
2.043712883561804
1.950983342735555
2.284579832937082
2.2428944421247334
2.513162429235928
2.3851911262364554
2.8524599389009104
2.8251250644012926
2.6503120451325
3.090951158491699
2.984566904206338
3.189071455801333
3.17696421945088
3.347716136698727
3.363967154148283
3.154288611514473
3.5109122736227527
3.523024074642454
3.4207961002664065
3.64675193744018
3.6007433233804176
3.3334154604485997
3.562575282070637
3.82224937184447
3.8443830997061155
3.7674249626857437
3.3947343542267636
3.895266323340912
3.662190974989663
3.873900177367821
3.4230624201298587
1.6352477651790647
1.6584827383770155
1.8104143618819468
1.8364878667006685
1.8487940107993142
2.08474698420114
2.113649404676265
2.125926461163575
2.1228353393823545
2.103271090890473
2.379496488604065
2.4102478913744125
2.4209824229359467
2.413573389982699
2.386246165380288
2.297179161018469
2.5917841984142496
2.622807876900682
2.63182972046895
2.6269867254688193
2.6202760334892656
2.6066331630498354
2.5868891233355997
2.536744404403994
2.479712622371869
2.7986223688861216
2.8294363828872666
2.835180135947873
2.8178492406218116
2.800100068631873
2.7764324532695395
2.716036628290704
2.6519794549547937
2.527889377806612
2.4057233654480656
2.1691549168406836
2.062791949531555
1.9119307142866038
3.041609011581122
3.068485393189861
3.0686603329791615
3.0595577414855764
3.042457384741042
3.014313597857779
2.989468167257244
2.9146976705812606
2.838897585951539
2.7132266744727325
2.5504273444340373
2.4394972351673143
2.2790701122933283
2.153066793775473
1.9845798753606887
3.179472588238564
3.2022405326907184
3.197396095034461
3.165443478594767
3.138610532839051
3.1034020196435845
3.018683084384273
2.9344742139397693
2.775230435333767
2.618700650057049
2.496284026746137
2.3217535656398156
2.1890528375595
2.003954829640409
3.3280319581631783
3.3441981206148035
3.3317746130455395
3.289519884785663
3.215515584811476
3.0238995348210724
2.6742276456361522
2.346957231326782
2.000541974378648
3.426364766956796
3.41214797635184
3.3864310707314504
3.3236017416106165
3.273202831403255
3.168182899360653
3.060822147983114
2.872198087142096
2.6860759602989845
2.5669585287249794
2.336245526599306
2.191631127785747
1.971538142599297
3.503233486385894
3.501053865530187
3.4692885067297166
3.4054547443675416
3.3518428686326818
3.3091844339223444
3.1888309902033125
3.0695972711326993
2.8475198388409377
2.6542780198362173
2.4849647077182127
2.279085382450188
2.102755419854111
1.8856086477151341
3.5248459341403953
3.513340671173164
3.474039031684069
3.3996004561308633
3.3463845827069343
3.28571738990637
3.1546440254667973
3.032477116658636
2.8061276387521903
2.592611594153297
2.4605818175355743
2.196562126477491
2.0186465886972003
1.7890611338325197
1.5721612857549097
1.59718103374652
1.7379436436557496
1.7653029724977836
1.7754287981434056
1.9948445834802895
2.0251489633923354
2.034718264364236
1.9997446676436161
2.268781028844366
2.301356767157107
2.3083759266873356
2.3078881517216305
2.259847646793703
2.4655178069966532
2.4965187428914914
2.5023373396541775
2.500744739261541
2.478313607385046
2.439492705868346
2.352383018010566
2.253148596201131
2.6544841022491
2.6849841693136924
2.688632680735174
2.68417303256481
2.6538795933622423
2.6087740935836568
2.5050075955840376
2.3930276953022465
2.1650158468921212
1.9107599262601058
2.8734589168379596
2.899295775332871
2.898432436630916
2.8904567367982366
2.8487494835484237
2.793021781612784
2.686885848005887
2.53712905379721
2.2747644025214577
1.983382693160456
2.995862732842509
3.016547207570458
3.0139487602886437
3.0013613001736226
2.9510133918524755
2.8875208413886138
2.7505067735610975
2.6052079210601535
2.317467311568045
3.1243313035438316
3.137262151636274
3.1114046483713267
2.9762432207417184
2.660646119208439
2.3427194058526006
1.999403858202053
3.2055058416097637
3.204157928379478
3.1936495526967463
3.16883869648212
3.098971700056108
3.0138231203884964
2.8474550247299093
2.672761871908879
2.3321621090740403
1.9704516273539254
3.2615148395354794
3.254287498070785
3.2306373639801342
3.2059658675296188
3.120937371307472
3.0236022186798768
2.8245578893991015
2.6416816360507958
2.3623667079266664
2.2752703692230076
1.8846321643557835
3.2691714879807137
3.2511519121648953
3.2247373920253177
3.1872238572017575
3.0902345884209894
2.9881824297523285
2.7836420573720932
2.580676662493493
2.19305840291999
1.78819208409672
