5.027752959132748
5.104875116176696
5.014758643098428
4.7740481079791435
4.498138518048084
4.257824943138934
4.010594459904082
3.7924550155997223
3.4868210989148416
3.060877506114707
5.9101944915096265
6.047932016890759
6.087534361665747
6.08179600370427
5.857677451002883
5.521726758203689
5.213011119857616
4.890663190560968
4.604882511355306
4.326995832040067
4.065299157938445
3.8538782168397563
3.4642003153827767
6.8307778489661395
6.900640307611723
6.954480372693506
7.010358144221459
7.02038731410077
6.913006926533367
6.546661684804072
6.172486817525957
5.771574866971579
5.413277949912769
5.064091857429906
4.734968131839318
4.468925802924288
3.7631861747187005
7.780657244770003
7.923389148060784
7.9544127394438355
7.995825401182278
8.001640075077319
7.982361453117922
7.660162810554341
7.227042271919436
6.739290972175924
6.2970351870082615
5.864245347007847
5.455780599519075
5.125419235043972
4.797580134413692
9.281337461404997
9.378873007933747
9.450836094939566
9.519657503602534
9.529632073027807
9.441914842869432
8.989715500055237
8.37040005721594
7.7812701730545
7.197102360593897
6.643595868973861
6.1954332088272155
5.750559169642093
5.367142547702855
10.441354133506142
10.547491002505538
10.626574273758928
10.696220779894645
10.706032718437351
10.702626622512327
10.40629419734808
9.721879072315609
9.013656809967765
8.296439537957768
7.612730057301383
7.058314022978256
6.507910586043056
6.0334310803861015
10.600579688928049
9.82204647775205
9.015912355492373
8.242668196156535
7.614695606409687
6.453730038866433
11.970072150722297
12.19097420092963
12.245665162812562
12.222629258181044
11.627185112312494
10.78222581218506
9.871284324205666
8.988060870157804
8.268867048311716
7.554612649235165
6.9389858453784505
12.965329803726267
13.182500504310447
13.233150756588248
12.905179460581605
12.025562049314672
10.986343477454962
9.95593508781032
9.1122674216535
8.273721006274046
7.551143454432833
6.864052504282055
13.76586521287669
13.968628587724087
14.022603473110541
13.878801008663329
13.082128407995462
11.950028036335999
10.791549607596115
9.835815039371708
8.884577219816485
8.065025362307448
7.286165542762203
14.8187065005149
14.860190030622274
14.835437110799834
14.720171600291398
14.255725436171625
13.852033307606554
13.0580764116175
11.756149090206634
10.667152682705572
9.580194628556969
8.643671793356381
7.754406188011929
15.450879328171254
15.634841566970861
15.648414709037587
15.402528183883053
14.224937791583903
12.785667328683958
11.552208512171541
10.314462435407528
9.247384543407785
8.235198500306886
16.58287132060551
16.594219996077776
16.559800831827793
16.35257135723809
16.221168253926766
15.705805327519325
15.01612034558058
14.143979723298628
12.723197620247586
11.27847582588718
10.029959787882358
8.847030259256181
17.37429159642331
17.37261199569047
17.28116967927082
17.02691645137656
16.657312330257785
16.082165615819807
15.48929401251164
13.902006361300732
12.245095075218158
10.804903071648091
9.441055754206385
5.022194421381121
4.981694573144103
5.942731138970271
5.993342705105023
5.831099806092146
6.8846264145878235
6.851704641098696
7.853284483421345
7.621126897684594
9.280997818700722
9.318104744194807
8.949333491990366
10.466045626219323
10.314251088809197
10.905533157098583
11.130029687948268
11.751793679811605
11.960888770774144
11.55101948379515
12.697435397780955
12.910759414087368
12.756401334943039
13.622677163855508
13.639509060956163
13.004370727571205
14.115692338169303
14.897205494349377
15.2233547991807
15.148313516403073
14.153353712833507
16.102492138175343
15.555547772617922
16.720481716324503
15.40825875554977
4.6596741883602
4.73532847748965
5.291605861485819
5.38034934434558
5.43272599710716
6.342053386922375
6.451119912058164
6.5142165410431865
6.537526335612782
6.516721352992782
7.571309906417779
7.7021568546216255
7.773527847095323
7.796550587610238
7.76267920139937
7.583293827592057
8.534296682644428
8.679398345218553
8.757886249097469
8.776227606144749
8.775850393619185
8.76196084230624
8.730543941638523
8.631633626572183
8.504882719292526
9.550892392608198
9.714225693085973
9.791665053427673
9.803972204637809
9.781010653418715
9.74009928024125
9.614948812896845
9.46558791791329
9.158421869838973
8.842227448660058
8.211698137764559
7.923224125587993
7.509336939161942
10.879169167832442
11.050009885737778
11.129601709381502
11.139381129358085
11.126426251363279
11.081899594752977
11.033251546684049
10.866069667815092
10.67856177801057
10.34954744044322
9.905232745568041
9.595528897629235
9.139457541752293
8.777635211513214
8.28729552516042
11.729393639672299
11.904450743930482
11.97517032214452
11.958194232612028
11.913911320850314
11.841773902271425
11.641803369155715
11.425143463635928
10.990181631368431
10.545861384336776
10.190314791113122
9.675836548141403
9.27870062408954
8.719029033440583
12.779242181197134
12.949774062634193
13.010775372177793
12.968074595366533
12.81455663025341
12.31248928566816
11.288616908633232
10.281390679932255
9.183828041019158
13.642664415795265
13.747366975075257
13.730039238362938
13.61385692809662
13.494456872531714
13.21739416667641
12.912689974918866
12.347589824110067
11.770369257810735
11.39293440121606
10.64964571501856
10.17639644564284
9.44604104044048
14.558607019829566
14.697677625654542
14.708508842237372
14.59967156704545
14.472953999342915
14.361719163852774
14.019586514689841
13.6595593206553
12.95213637540529
12.314832685019338
11.743428459002788
11.038132157756962
10.424511397018765
9.658550063445047
15.18513824240447
15.298782977527708
15.284082057649844
15.135343090390334
15.000599904550539
14.833577997108387
14.440222710140716
14.05116725188974
13.298029645140161
12.561194902267097
12.097401112974984
11.152014667129164
10.503013686566897
9.651697081828669
4.520971924839157
4.603572895686722
5.127199040192722
5.22417160780913
5.277520517003767
6.131379716796648
6.249929641157779
6.313081419828535
6.28385209486019
7.2995094163525325
7.443950548489155
7.493703876692651
7.514038928838349
7.4624838280610195
8.214076039232207
8.367529353023961
8.416139791473352
8.44336238350942
8.43471577032692
8.367917115676939
8.17953064306572
7.942630188714075
9.17038922945353
9.342622649059006
9.39192769645631
9.416241406531602
9.394167060867497
9.310477031280813
9.074665809720363
8.794878177405396
8.195652751174185
7.504571168185498
10.412988835908124
10.595274127730015
10.649056973055322
10.661586311505204
10.615294231862489
10.502088829705475
10.246365416576106
9.85189799685643
9.12143814923392
8.282002321605333
11.203082833553301
11.381602828882945
11.428239224640675
11.441600198691091
11.372800014572539
11.236191735789992
10.888461188688163
10.489102867827661
9.656955827418049
12.171067744150566
12.344604167953568
12.382440846510221
12.109179143502793
11.227831321028146
10.261434809484493
9.178099451013988
12.961213298573622
13.027311146003347
13.054702263377692
13.0417638168967
12.912616676159061
12.702703825046058
12.234240362660133
11.707771277233473
10.629356597793858
9.44023415332505
13.772230898514364
13.909336449331246
13.914558994352653
13.883119919891536
13.699546739719889
13.439251170238666
12.838830929531417
12.250930854075047
11.316092561431528
11.017532259283067
9.652801766768317
14.31536569721856
14.423384138525469
14.41221812316396
14.352876691837157
14.12017615969915
13.827442959164252
13.180869067669008
12.497000468328286
11.13179215120778
9.646158696895528
