3.9582448344589882
4.019074950271965
3.936752081410885
3.733543957175143
3.502822643559019
3.303602063767838
3.0997154041243884
2.9208158928696766
2.6715331985580186
2.3267094544738223
4.600675010291446
4.70859100240846
4.738052104222552
4.728619051745029
4.537412607325801
4.2576806069311655
4.003413663993788
3.7394859728539407
3.5068458053419014
3.2816510756305814
3.0704139132480273
2.9003469386814724
2.588215373959573
5.263652919920916
5.317658612898912
5.358720975666839
5.399897893270175
5.4066999668467925
5.3081585092186945
5.00306042320212
4.696525431237224
4.370447637424582
4.080836755341921
3.799900408771813
3.5361372624104455
3.323630536151132
2.7624136336929888
5.9336813527446415
6.040957642907096
6.063539574703748
6.0917752830417236
6.093425685446793
6.073413258936762
5.801726729424157
5.448220917633429
5.054081157669559
4.699213257416468
4.353658750009557
4.0288162350976995
3.7669393687111405
3.5078430648358294
6.965325683185293
7.036550961529341
7.088051568175008
7.134246553657891
7.139637504676155
7.054425008664586
6.683233504075381
6.186777310286105
5.719238099720773
5.258392756431834
4.8236152220776
4.4727753757282604
4.125576784010647
3.826788494316123
7.739684007172883
7.815006660532383
7.869406583314512
7.913387767531044
7.91761801146592
7.908985179173373
7.656586331625427
7.108769657936444
6.55091385909402
5.990241986077191
5.4583781479082
5.028672285377574
4.603471357594374
4.237528053878563
7.700723213624381
7.089796581969883
6.463031066053818
5.865141753449209
5.381505637084598
4.491213080580725
8.726968322966515
8.873835511679243
8.900509245520134
8.873070485969933
8.38478070638657
7.723473289988979
7.019352224234264
6.341097615550466
5.791227996660038
5.2471723131988695
4.779221115134405
9.347878548465593
9.487688580228772
9.506713752070306
9.223828347041781
8.534158455446565
7.735905487360704
6.9511688663865865
6.311975243183914
5.679320054103201
5.135516330923167
4.619317856915817
9.83341012918552
9.960043613926873
9.979443502469081
9.844918823165923
9.214309808556594
8.347830215504706
7.471284117379666
6.752572117461908
6.040581705080877
5.428959393330723
4.8489732253960804
10.453138349654953
10.464650750998512
10.433677110988551
10.3310361822404
9.959401693301633
9.647460155649224
9.043375592906386
8.064690418642412
7.2523831293619505
6.445924655911769
5.75357887127307
5.097927914823034
10.804166532758549
10.907335854246387
10.886274779230616
10.673910731992875
9.76657958862481
8.6903577950537
7.777580243512318
6.8674460275419635
6.0861705666500985
5.3475443258900945
11.402891807549539
11.389022403915273
11.35051390559742
11.171997790903767
11.066961993310258
10.66921995210091
10.150612029596612
9.504270070321661
8.462349501547802
7.411718078922743
6.5087008042005605
5.656779356318858
11.775961663493733
11.753785302811123
11.663439663498004
11.45427509113109
11.16764318356811
10.735300422559831
10.297225894121965
9.140803324048171
7.947919553616753
6.918252422097696
5.948419645404709
3.9496906949473063
3.909854369091119
4.621301003792898
4.6575317529592954
4.51619728014277
5.296582997685094
5.259782088823801
5.972745676319394
5.77151447852308
6.949650742702048
6.960292682513801
6.652766656434927
7.731684405439021
7.588085400004355
8.009159729367042
8.13641103195736
8.551225276491495
8.681660092851569
8.329633220463016
9.136927166308809
9.264443606441283
9.117364444091795
9.694773535924458
9.675398283381117
9.159784771219
9.862261478742473
10.407426856240603
10.593015114920664
10.49945845512793
9.71810821955011
11.021885412949675
10.568910387910481
11.252402393301905
10.244755971069717
3.651598864201982
3.711998122198834
4.11236245355818
4.182043166157127
4.222151204349436
4.863004624668472
4.94640744746336
4.9929985893658975
5.007592418228335
4.986734812077524
5.717622881060231
5.814286857024823
5.864300890234657
5.8760485483714735
5.8432234033919235
5.6923110683024465
6.368139585469557
6.4726324355281095
6.52554926961381
6.534821898784628
6.531616682772089
6.516940037791326
6.488650929916603
6.404798560065419
6.300692047786629
7.036831547174692
7.150661204513058
7.200335508586439
7.199264229601427
7.176824298893562
7.140595273935537
7.035544987461904
6.914386373408028
6.668971791194262
6.419253172795933
5.9251260013897635
5.700194543072226
5.37837969429458
7.880079398631635
7.993826484650395
8.039844103549841
8.040454107277057
8.023578540159342
7.9824289951344936
7.940679871725693
7.803044460905286
7.653180806366993
7.394293187866606
7.048657956320821
6.809216990635249
6.458337278633814
6.18071117617872
5.805697962220754
8.399028890068578
8.510847888630924
8.547734771563473
8.519208239211718
8.478497579091366
8.417166364658904
8.254750621264215
8.083318753590863
7.745139237174128
7.403437917646818
7.13160753338579
6.739987663334747
6.438795795076898
6.015367155244224
9.012601445605625
9.115217464391788
9.140091718954034
9.089306170995766
8.958148339735077
8.562307643132034
7.78191267967766
7.024862350006278
6.206143109500697
9.49351452531138
9.538281329506631
9.51101019787036
9.406209179527709
9.308260869238051
9.089660338342018
8.855103938151515
8.427110265134207
7.994618447270514
7.713406967646152
7.16220228712091
6.812653022705008
6.274887017855444
9.952304352076016
10.01944899516358
9.999749716707832
9.895542190966884
9.790613565310048
9.701804874491287
9.437341364207768
9.164855409845828
8.638858912184931
8.170169389120634
7.752602171647655
7.239591913731102
6.794703748426703
6.2405286251085075
10.22836018229512
10.272700612485128
10.232160486412411
10.097636873200354
9.988004827938514
9.856634685706366
9.557414417302029
9.2675382517413
8.71498986813215
8.180558588895588
7.846363138354968
7.167740526444239
6.704277017953995
6.098970516438348
3.5359226419715672
3.601590349304239
3.9763471541231907
4.052142175068974
4.092363318122741
4.690955301784003
4.78112310989848
4.82672333916151
4.7947128497952685
5.498562489753546
5.604597664109245
5.639436338844589
5.652258955133847
5.599953532846875
6.113202951768687
6.22269333166258
6.255617455325298
6.271923693068971
6.256579397755068
6.197853925167662
6.042102844284753
5.851083309284066
6.737831509577253
6.856667983226125
6.888268958010575
6.900748420900447
6.872511456123083
6.800143224901365
6.607569765659234
6.384694453103598
5.913519097607833
5.37496968011765
7.519418046728754
7.638896401412516
7.66948988047424
7.672311929919684
7.622563705954393
7.526545854859221
7.320587453535915
7.01078152765446
6.445672440221609
5.8020260001078015
7.996278496012539
8.108557623094113
8.133152147068966
8.133111238793955
8.064484456850115
7.950100939780399
7.673833013814451
7.363875913264413
6.726980241535998
8.553655055213257
8.655161662547105
8.658368337388023
8.422321103689768
7.740600644942579
7.011484080758647
6.2023699547015045
8.984301887527787
9.017816382057298
9.024505946733555
8.999952772000123
8.882985594476319
8.713295116698616
8.351107022514476
7.952953166703056
7.148907158328723
6.271158930250304
9.37498633606655
9.436767747226305
9.420511142227962
9.385229836058935
9.226696730716037
9.02057904367976
8.56532522515046
8.12904792313822
7.4438070415256705
7.226586302085085
6.236994378127927
9.599748101800213
9.634973497871847
9.606686846556018
9.546014246285079
9.351800655225336
9.124566932010548
8.640871307108323
8.140365957708706
7.155366922844687
6.095688888168723
