4.584974502647573
4.639517292521585
4.529091089091914
4.2936182380985946
4.025676292377482
3.7908076829274013
3.5466953789356066
3.3287353791693977
3.018732026159512
2.5751868514742307
5.451562052685303
5.5563874296111
5.581543277136841
5.560593482448578
5.3295414191057935
4.99931646991069
4.695962173288094
4.376811010816331
4.090984903589994
3.8101533844808544
3.542601432334384
3.3239128838984975
2.913616440180466
6.353901775513974
6.408750293632967
6.449582204885663
6.487900260921405
6.493134799259356
6.360000798458234
5.992448819848718
5.622079627496782
5.223699225250916
4.864757297679115
4.51179020677106
4.175754853160036
3.9013935631516987
3.1584993960610266
7.303224807954182
7.41497074996257
7.437492095358775
7.462706476456356
7.4598285517356935
7.430287066403984
7.092448064749422
6.658874981473863
6.171733050717956
5.727547196470832
5.289649689305325
4.872869439950011
4.53294981815137
4.19272836237934
8.836633209693522
8.915758803333441
8.972349459494033
9.020337975425173
9.024388706823771
8.9053888283686
8.436140457638531
7.810078123863946
7.214807889459784
6.621929616672347
6.056811747750049
5.596491165362794
5.1367785735239115
4.738631965296691
10.054563260454936
10.141800956129007
10.2038436799221
10.250741215040668
10.253204020930765
10.238121324262197
9.90825340174141
9.205416609478814
8.484980128448079
7.754318050123997
7.054986263068343
6.485447159180254
5.917573935044344
5.426609163431523
10.131533254538658
9.335218422188708
8.511472094613683
7.719168211902875
7.073578625858334
5.875017266775433
11.704772175339722
11.885776571083497
11.91483856620617
11.876073253500808
11.233847727037523
10.362679571862763
9.427923615841179
8.520574584012353
7.780100884241178
7.042987250620395
6.407231530212194
12.813527646796588
12.993642580266275
13.017442492818759
12.641963283539813
11.722204160414737
10.648948206228464
9.586012658957454
8.714955689502062
7.848143843604605
7.10164154962337
6.3918241087915515
13.72856953727541
13.90018844351358
13.929018003586899
13.752302878042423
12.905200569472637
11.728289286632558
10.528240544492682
9.538438709134953
8.552934044895311
7.705090908980673
6.900190441283631
14.905406046000854
14.927722900146188
14.889453323646471
14.755039540004272
14.253970858743852
13.828323791111378
12.997620111419918
11.64162466578543
10.509056853393112
9.37912274532784
8.407771673839152
7.487227682102668
15.747865774799992
15.909292039551538
15.89814666991153
15.619588550668936
14.36913833692878
12.860447476374526
11.571040015464964
10.278657386278363
9.167699077020178
8.11664281563266
17.138249951095773
17.138748486070117
17.095185951123874
16.863768857295145
16.720512183736943
16.17038645348723
15.438591105074268
14.518180585812969
13.021744433542947
11.502803941682979
10.194635067483308
8.959134636667702
18.25011497872175
18.241144185323375
18.13690933735343
17.861834499970826
17.465043803501242
16.851460114922208
16.220725357414864
14.53566715772868
12.779996916067981
11.25931383929108
9.824143606177007
4.562804074284147
4.501123115658753
5.457438452566838
5.4847592646503935
5.306757871066274
6.368032963978459
6.306765592393267
7.316678709806624
7.058125037784162
8.800824865905119
8.794119439703419
8.399904307448045
10.02185373378952
9.824190328917693
10.567968854751877
10.702136164988259
11.4747947925575
11.631187401691445
11.162687069460393
12.532398613030672
12.69641837741959
12.500573657484958
13.543434782746004
13.521618465918834
12.830297638781856
14.11676520183663
15.184626185177263
15.474382553701599
15.366047949653634
14.297699054259345
16.617940431953187
16.0167064129158
17.540738078480107
16.13543281485358
4.248084291809231
4.30495094989229
4.856659491579511
4.9239737629600215
4.960169324573105
5.884539234012708
5.968325108120055
6.012244906182245
6.020622411151128
5.988370676983281
7.114841007284785
7.217218653684438
7.266553784473049
7.270090390785638
7.222333188738656
7.027288900452091
8.100173314352457
8.214687550485843
8.269370263340596
8.274871865024988
8.26752586039075
8.245018677370288
8.2058252792705
8.095432741769201
7.96083970242966
9.165213714314651
9.296188969197912
9.349386040414894
9.339746564425107
9.307293043652638
9.257958160097296
9.119448390175139
8.960624853409405
8.641009924019148
8.315822151656407
7.669779384954705
7.374075094076381
6.949494385518106
10.599943083001685
10.739706367280853
10.794499481525143
10.792936412977962
10.76829993253959
10.711630718347912
10.655269180757154
10.471676048615523
10.272319820271962
9.928402955199891
9.46800805692099
9.14828896798416
8.678159283416974
8.305046743690774
7.799712759362583
11.550082927005066
11.695663027834538
11.742296651718348
11.70305270872242
11.648043528438121
11.565199744838193
11.34745233200416
11.117214901892961
10.661469865118043
10.199349831968744
9.831107676418288
9.298377801285003
8.88790284363097
8.309264562044163
12.76965850691004
12.91526518837616
12.95366200686024
12.889470660744566
12.714326234427165
12.17591205942206
11.103126395033415
10.05509542782294
8.914932722099346
13.78766750558831
13.866597168755682
13.836099065395045
13.699197486521436
13.568149606927117
13.269593743206908
12.945419666362236
12.350427278676804
11.745424112977528
11.350673735993754
10.574810604397866
10.081463149631105
9.320726467219718
15.023105821854525
15.151151847828098
15.14850530722999
15.021954561830606
14.882476637788027
14.762309123877337
14.396136636597925
14.013263309160443
13.265302035447172
12.593180845921081
11.992384422648184
11.250799259364001
10.60764907864918
9.805634411767612
15.927972249058621
16.038583221164252
16.015795407988445
15.852683971756264
15.707304271845226
15.528220713502721
15.108365635195439
14.694567307666725
13.894968359299261
13.11490891661175
12.622974065033747
11.625157127464664
10.94097358258051
10.044907515250413
4.116352231647192
4.177889913670017
4.699143739836723
4.772147826605265
4.806251624573665
5.679791967725834
5.770907792630504
5.811615761531002
5.756026514408998
6.847039554839676
6.95818966372111
6.992145337723813
7.002501700457022
6.920631403654461
7.78082739812738
7.900858260684886
7.934567688152479
7.948108288197187
7.9188516850775
7.838126019196373
7.634579500545185
7.3880159068422095
8.78194229239696
8.918578254153358
8.952210877034371
8.962507913571745
8.918193847852475
8.81935642240552
8.564863581245671
8.27285917538588
7.655288670132141
6.945219963866512
10.124624257164323
10.272024652398866
10.307355854593803
10.308232597117092
10.237700060092031
10.10779770997092
9.83233844190639
9.418452379538726
8.661484584593175
7.794844141901999
11.008724881428956
11.155427897827135
11.186885144575244
11.185341311491875
11.092266879670136
10.938084463830142
10.565165660567912
10.145694249855387
9.280591132126828
12.13751108210053
12.283590530600542
12.294514303079731
11.978533353754807
11.044211142789946
10.035791689591228
8.909406474311306
13.074349922689748
13.128517104694222
13.14518416428978
13.119591750625839
12.967603690785657
12.737368020591527
12.238133170607
11.683417945484909
10.554719144609573
9.314977392946242
14.19084364228975
14.31544143728905
14.310767296115483
14.272170468355995
14.06809547261651
13.787302834957982
13.14892464391712
12.527460794402165
11.543582220952876
11.229543192103772
9.799671396106984
14.998394367465998
15.104046639112209
15.088162392115192
15.022010180563438
14.770807825481276
14.458259283054936
13.770867475417813
13.0467021132015
11.603513333975195
10.0389132570448
