1.6450296426240383
1.6677151844483213
1.6213377224307093
1.5254797478109376
1.4187652764781458
1.3273779244271608
1.2342864726096079
1.1529138313532352
1.0398491760046171
0.8836716189680947
1.8879344795819288
1.9290563563800884
1.93839388859636
1.9288589888539325
1.835934811865094
1.7069900490859837
1.591402300444112
1.4722141134716566
1.3676602774706623
1.2667774913086427
1.1723308344267802
1.096354091390746
0.9568769943826888
2.1340239571049193
2.154431217192418
2.169379854024577
2.1827772923923625
2.1843212963105922
2.129388398196916
1.9879981225990524
1.8495620764223055
1.7037187541411274
1.5749813458143487
1.4505980416426467
1.3341142449934296
1.2403968445882945
0.9927967684254941
2.376835186817751
2.4154914114916783
2.4228868247393898
2.43011842026806
2.427858157098868
2.4148836972445578
2.28550243533003
2.1263429920625776
1.9516043198553765
1.79556263009794
1.6443802307319242
1.5027254262554413
1.3887671027121857
1.2761817544222167
2.7394573844207875
2.7643752874304686
2.781361154848563
2.793744540039822
2.7938399170218937
2.744508603354975
2.5748056509139867
2.3567690846235676
2.154330894106522
1.9562645168258315
1.7702973415594738
1.6207352569178723
1.4731235005971997
1.3463330210021975
3.00228093599496
3.027639149489758
3.0445637560804255
3.0548269422967995
3.0538244523928273
3.045393908686031
2.9230237620050583
2.6822740986495317
2.4430665015873196
2.2051432267070252
1.9808764241271004
1.8004980415290008
1.6226741668561089
1.4701032947924704
2.8894454870128556
2.6286289565964336
2.364608258089087
2.114657215497049
1.9135302458998171
1.5456706649623118
3.3248960153325435
3.3686500213412387
3.368486157258958
3.3501300697044316
3.1271182949171963
2.8454861555950823
2.551120148445265
2.2702252135257
2.0439278205813483
1.8211904245774833
1.6305102101117117
3.5193517013608395
3.558802060990564
3.5533938980627275
3.4158566618498525
3.120946147309433
2.7897872059650037
2.4683442685494525
2.2085496781881897
1.953031470562225
1.7346718854632002
1.5282411227749417
3.6662679078230487
3.700292831469282
3.6944944760093583
3.6236870846264146
3.350377256332591
2.992372047873495
2.636282730301911
2.347031956109316
2.062569307550623
1.8198403211290377
1.590849066814852
3.840721872402836
3.833551742800527
3.813665537020662
3.762835361999869
3.5997822665605996
3.4690772127083407
3.221370094825611
2.8269492573159525
2.503384275230324
2.1848768444079942
1.9135804013424818
1.658200446111427
3.941427513431716
3.9633415086947084
3.937386067134966
3.836485816237262
3.4580907655681608
3.0270518159720607
2.6669912969374168
2.3115471822650573
2.009166743852463
1.7253060517453884
4.084770132467549
4.068163280089932
4.046177856161292
3.9626142403569937
3.916906515653715
3.7513182422054228
3.541947095865313
3.286057456275399
2.8794138429678577
2.474501725570642
2.130073416985415
1.8079998762868927
4.161081288735413
4.142288200134901
4.095809023358376
4.0033108529220485
3.8837769869836123
3.7097358444676023
3.536956088287897
3.0890006031981856
2.634489139952403
2.2469453314664105
1.8856363950022546
1.6358667125618345
1.6099777129257924
1.889500471025283
1.8992199687522278
1.8271878295636341
2.136423448793171
2.1096765579624464
2.3743514123336875
2.273488795009939
2.718974410021789
2.7077065951367056
2.563045580882546
2.977031605342328
2.896906321023749
3.0728427934740847
3.0898233567636244
3.2466301888649185
3.278238944469236
3.1067286347610343
3.4282413407828938
3.456567218486929
3.376861285400535
3.5903272160029003
3.562098277022191
3.330875278573657
3.565306509281311
3.79169613701482
3.8332816424366984
3.7750271001370463
3.44134242648488
3.920746793068769
3.7169620553963543
3.9347033808698835
3.519525216279191
1.5064816291746348
1.530055984077448
1.6794897246277822
1.7061051926658495
1.7201403254948475
1.9544242556718947
1.9851222715022814
2.000462351502391
2.0020829487563994
1.988763669329137
2.2570572877887436
2.290966606213381
2.3060361712664714
2.30486932954262
2.2853011256161126
2.2128670191073376
2.4797793194496185
2.515093287170927
2.5296592583509074
2.5290629695968962
2.5251606677756806
2.515660621526626
2.5005614115258994
2.459887637153997
2.411969297461139
2.701362890848637
2.7379692240282627
2.750064855441708
2.7411109972575978
2.728010569437695
2.709377907288006
2.6594700809981395
2.6047729867597775
2.4968138237452386
2.3890412171057367
2.1783419235784485
2.083097854141039
1.9474258607796036
2.9689712642533395
3.0030576702788174
3.0112109862684755
3.0065370733322414
2.9946133547452725
2.9726427812040392
2.9522893731020794
2.888926675707519
2.8228849619625356
2.7115363588994956
2.565482512981726
2.4652481676034106
2.31945295048733
2.204534498868896
2.0501352256450387
3.1257743771960653
3.156974719594968
3.1606335906916327
3.1386174387803085
3.1172995258163754
3.0880175894595565
3.014908047628179
2.9405701110220366
2.7976030820194673
2.655480684888284
2.54349230540378
2.3831079082505213
2.2605131756930756
2.088842939913959
3.301165328190125
3.326747608852691
3.323890413008609
3.292207481617106
3.229900473755233
3.05945152328824
2.73885259504054
2.4342009014646755
2.1085434175129936
3.4271886757260206
3.4260487751219193
3.4071750864892913
3.3550855461213867
3.311123138604972
3.2172556122140272
3.1195880134443157
2.9453817260755493
2.7718400866294783
2.6600441010067564
2.4423199633127775
2.305125829186212
2.0951791296315068
3.533100198753684
3.541670350622871
3.5199991556109858
3.466966129727008
3.4198817515853905
3.381600618018335
3.2715664049747573
3.1609895462734707
2.9522355079355074
2.7688891834200304
2.6070821935110464
2.4095054255152477
2.23924401251349
2.028769663530712
3.5800885205598982
3.5793254714542773
3.549749598220588
3.4855958176925186
3.437850913688874
3.3825198014044746
3.2608032115354146
3.145781701418742
2.930423212340898
2.725229022506384
2.5978421810849035
2.3412492174679365
2.1672314923555978
1.9411669767973316
1.4534165671236936
1.478807312506069
1.6176697966310574
1.64629288886971
1.6595410400157276
1.8774363116971577
1.9101371565844227
1.9240317604615014
1.9013324531855067
2.160867169607672
2.197504373783046
2.207772691956351
2.21007151043241
2.176773074890275
2.3691562905095433
2.4053558343123123
2.414521818394946
2.4168673826753735
2.4029036627530522
2.3726011809104595
2.300002634335902
2.2147234514955048
2.5736418277248956
2.610957197168949
2.6186237459870934
2.618667208340769
2.598110585557623
2.5619657788713384
2.473990684834375
2.3762952827441337
2.1741295476773117
1.9462133398467565
2.817860423168164
2.8523235091864296
2.857214219735057
2.8535051488508723
2.8228509941602757
2.7767436725943098
2.6848856070009375
2.5519221349633607
2.3149994959218247
2.048873809792444
2.959237016352697
2.989318186804021
2.9920609462079777
2.9852900631226844
2.9464899829273015
2.892912859610419
2.7723312120358403
2.641590532040166
2.3786297382143085
3.1143383473941033
3.137867427266271
3.123935421573893
3.010542369270769
2.724710200631848
2.429720151141079
2.1073156150439245
3.2226642234992733
3.2270698054410283
3.2220770916088686
3.2040564859835743
3.1459422983827405
3.07095796139394
2.9195954424565205
2.7578607803133197
2.437964531490588
2.093996168447466
3.3061602786146875
3.3108271821391697
3.2943931437347875
3.2745547262107637
3.2008419760001647
3.112874075286674
2.9280264640900078
2.755511766636236
2.489016408958773
2.405388005823031
2.0276924460562387
3.337372842421002
3.331159858747991
3.3110283228330895
3.2796044003332616
3.1932014521897503
3.099104428775065
2.90654769239067
2.712459251466942
2.3374374974474312
1.9402000295381756
