2.9561062630644357
3.006576751008266
2.9633966584069102
2.8280383315543407
2.6719751393171425
2.536924742376877
2.398930670463
2.2782107693620857
2.111004072873681
1.8830519455643064
3.453771844607224
3.5412775189687786
3.568078704950572
3.5699224473967526
3.4476992583825576
3.258836397620177
3.0856714814197974
2.90578071518518
2.7474604287420483
2.5947237801483323
2.4522193025852634
2.338214358828636
2.131561755699591
3.973297256260591
4.017065082112173
4.051236594250767
4.088004006314075
4.095138972439087
4.043790652021456
3.8400639596707764
3.630807998770313
3.4072388366500066
3.2086332771543677
3.016394726169951
2.8366604852547272
2.6925983272180902
2.317933855651165
4.503245982860404
4.592584934146522
4.612551912025593
4.640708860025441
4.64666556426531
4.639174651853415
4.464303424216916
4.223313491997118
3.951731430417128
3.706561804335276
3.468000706097162
3.244384648282084
3.064816091260412
2.8880703425535357
5.329206866112858
5.389076949953713
5.433985706407581
5.478813776013377
5.486188127248568
5.445768218502586
5.198575422427022
4.8552908698202355
4.52901937628771
4.206708091065719
3.9028334556466984
3.6580847481464573
3.4166073232836007
3.209598764009832
5.9573107229244835
6.021804598612657
6.070554396070936
6.115326040756171
6.122800303278401
6.124170372058351
5.967995690455051
5.591093478645757
5.1995960797913074
4.803928833472331
4.428105710740961
4.1245570981597535
3.8246027758765995
3.5669678628653045
6.063320873921143
5.633711621408353
5.189202741158019
4.76401152406141
4.419809914610889
3.786702127445157
6.768481353844275
6.901764432328151
6.9386280534765215
6.929670022019399
6.608617203828643
6.143600446525474
5.641762140935527
5.156086718681939
4.761578835847937
4.370960877382348
4.035478413891281
7.285515277295574
7.415022486530569
7.449152577090321
7.276508313034173
6.794673546855255
6.223135251469146
5.656831648779169
5.193890920672438
4.734752115312261
4.3393518700013916
3.9639655236379214
7.693658243819886
7.812781515771003
7.847672787009937
7.773786072451225
7.339569286801412
6.718040561161856
6.0819138225809395
5.557632302637409
5.036620053056718
4.58769347620363
4.161383392734307
8.234252391742878
8.26023341480128
8.248537401239366
8.187305028835645
7.934709361853205
7.713773314728276
7.27860286187291
6.5646696693443305
5.967799359141568
5.37265845149714
4.859511945508459
4.37227924305176
8.522339404272282
8.626308969478815
8.63600971328117
8.502960356064818
7.85895896738026
7.070950341572273
6.39584187139343
5.718867524846105
5.134543802465665
4.579994221169345
9.061298011668223
9.066735623742877
9.047603974049801
8.933490078454696
8.86173631304552
8.579051332420502
8.20195914074357
7.7251652160548945
6.94927108589956
6.160859944039446
5.478607734472483
4.831654931478645
9.397249654463614
9.39409544450618
9.341511658916582
9.199715098143574
8.9962412806614
8.681190360720743
8.357400104183261
7.492333182717192
6.590757476678826
5.806258946529252
5.062721192658869
2.9585269435968886
2.9432570433937904
3.4805555402286075
3.516451813824415
3.4316194751592097
4.016024631284583
4.006974444546532
4.562248085227539
4.441015455362829
5.339789087694857
5.372840375121128
5.174759779186946
5.986196729253991
5.914278781698964
6.198423832211078
6.347938100582236
6.649151711655902
6.7791012685596534
6.564775531092039
7.138701290844886
7.2687013315104485
7.191760399430576
7.621817381856909
7.638678007924214
7.295676984341349
7.856505664430379
8.217175732179408
8.401065095781282
8.362567482124303
7.819506756993958
8.798177441829997
8.497542847265887
9.036057190573453
8.31438577224366
2.7405478897881634
2.78901661672052
3.1008769264707183
3.157446188065695
3.192103987772678
3.6942956865750602
3.7633105755706375
3.804775069975469
3.823018561389657
3.8152280927516142
4.37957068125266
4.461475985308693
4.507907816557141
4.526620732726104
4.512226718120584
4.417323465713182
4.908162645315218
4.998259011908577
5.049269609492632
5.063402409946338
5.065300428842534
5.0601765613895635
5.045032028889143
4.993374988202899
4.925129411396746
5.458040538242463
5.558426208205396
5.608588773815819
5.621714001286356
5.611625423493214
5.591214010359568
5.52521845470866
5.444626164199898
5.276951535075006
5.103309381772322
4.75664347360217
4.598252349969678
4.371226287666319
6.161591586784552
6.264925626592503
6.315668426141804
6.32402435947467
6.319782902802936
6.298031604441065
6.272866472698139
6.183820472756283
6.082208071185606
5.902541587206614
5.659006478351869
5.489042693132551
5.238730140615354
5.040307931616616
4.771495696524913
6.6009764188966615
6.705380753803536
6.750326276771321
6.745933687451363
6.723772898933979
6.685969598070961
6.578480281708816
6.4607914684228405
6.223184274706895
5.979829113142307
5.784751838939022
5.502727394869347
5.284938923719412
4.97823478011365
7.127767432348725
7.227182068606827
7.265315904280823
7.245142615748697
7.163598872006031
6.890954120383276
6.330831849845426
5.778964447931569
5.178054878030879
7.553297285097373
7.614333627380451
7.606288311878841
7.544533547099841
7.479630391684731
7.328786168777169
7.162602246249112
6.853491738482854
6.537720015734404
6.331036541401151
5.924135040008524
5.665094784390239
5.265421004533995
7.958456670315072
8.033100647088453
8.037914590776078
7.977457014676151
7.90785187054726
7.846668797851843
7.659128878805033
7.462015013996141
7.07517362970354
6.727010152046509
6.4148347382658555
6.0298563240373735
5.69443840891596
5.275931590629957
8.214560174552183
8.271356469791977
8.259252755436703
8.174327510248176
8.099231815687501
8.006716717255014
7.79048548369233
7.577213750733089
7.165744188631529
6.763799425099075
6.511426876867579
5.995869503928243
5.642169357252009
5.177868628938666
2.6609457534792567
2.714095316732627
3.00699945508281
3.0690934588718144
3.1053391983885565
3.5748481142005186
3.6502362271462503
3.6928403191164865
3.684934740882592
4.226189553911113
4.316996441449317
4.349792791807231
4.364340339041028
4.345389563786657
4.728834960366088
4.824618202300813
4.8562889153941375
4.875673407555525
4.877184715797298
4.844265782730409
4.743996776965135
4.615063381046848
5.246022332397613
5.352390691018916
5.384442475832065
5.4020723207846935
5.3962113186686
5.353943795053448
5.227933234772355
5.075566343147682
4.747216563916919
4.368415313999183
5.903280792920708
6.014053968818009
6.048847396903752
6.058872577392537
6.039378497185072
5.9805327076258665
5.843050632464782
5.6282259190839445
5.228309962971248
4.768425888904214
6.3105167713365
6.417449312715031
6.447065225916867
6.457953991405831
6.425178016786095
6.353088895733297
6.165178169173014
5.94744569978064
5.491941804594486
6.793909402019684
6.8951896841406
6.921095639892651
6.776886701700836
6.296740283221047
5.767775838826117
5.174844215364119
7.180213610280688
7.218406026419337
7.2347799862444235
7.228934175063937
7.160095154884057
7.04643079741247
6.790838345792052
6.503149671187095
5.912953283885532
5.262229920093378
7.530083240807314
7.603411871618346
7.605496217480303
7.587665776524353
7.486142740581852
7.343117963998124
7.014167347632961
6.692685825772942
6.181798904516079
6.018854139736474
5.272887788065072
7.74351376409204
7.795911255512425
7.7868090247795685
7.751747109273711
7.621091519663142
7.459041520692959
7.104104120571608
6.7301681328643665
5.9853796258517145
5.175038769078215
