1.6984672924163575
1.723246517401391
1.6779699743294432
1.5807330164470983
1.4724399771521708
1.379939051822334
1.286021476220372
1.2042492695852345
1.0911974357341288
0.9364399415357957
1.9417578983870187
1.9857826598557244
1.9962732834065913
1.9877468412407668
1.8943685695284542
1.7638098238459712
1.6468945840352063
1.526635531512985
1.4214862001111175
1.320352815172894
1.2260134304746135
1.1504115430841684
1.0124514102839088
2.1880524704012294
2.209693238149738
2.225674224988842
2.2403767480730585
2.2422530029935643
2.188454351637693
2.045793721025227
1.905921437922924
1.7588036972572851
1.6292839960704406
1.5044730541014857
1.38792802235517
1.2944427210647935
1.0489858622561095
2.428974836814013
2.469885864082994
2.4778539061560556
2.486099300609987
2.4843304641464257
2.471805799200597
2.342094151123058
2.1815546486143007
2.005392803870284
1.8483958234428368
1.6966039059302596
1.5546997855287363
1.4407993853644088
1.328550094590341
2.7849039020890554
2.810883446480762
2.8287426685361328
2.8422270883597185
2.8425891509903507
2.7941646977944217
2.6237304695873864
2.4042659029720834
2.2007013321486397
2.001803046223955
1.8153214084315397
1.66554855018133
1.5179458105580617
1.3912551640279023
3.0393192585404067
3.0655388102350596
3.08318699988692
3.094250619151256
3.0934925678301863
3.0853838966300113
2.9630966466239874
2.7211688734425477
2.4808381945836437
2.2420149998593977
2.017112938600459
1.8363723613114264
1.658350546223138
1.505617104819062
2.92124526107395
2.6593765056688743
2.394479429848898
2.143879876081602
1.9423456170828273
1.5738250593091114
3.346310770358315
3.390865944637999
3.3910474796362586
3.3728152480536178
3.1491543977712495
2.866596409290759
2.571452116589568
2.289969938223712
2.0632799369743444
1.8402363838728688
1.649189698750129
3.527472537435639
3.5670320330932372
3.561508837058958
3.4233431459369386
3.1276234133194305
2.7958981734202117
2.4740791063864833
2.214036853052758
1.9583129953263687
1.7396135775024715
1.532672263526686
3.6617246182207257
3.695192961246704
3.6888585696302236
3.6173176813538928
3.3430947609303288
2.9847184561685145
2.628545809798633
2.3392958823437984
2.0548550451824954
1.811941772165325
1.5825372806491815
3.8188788766993826
3.8108588213791097
3.790462169289422
3.7389530237262063
3.575042603928315
3.4441047293223237
3.1963141814553553
2.8022507660283886
2.479115241670859
2.161074485147453
1.8898901952682738
1.634438981254187
3.902723628600363
3.9224912818515354
3.894672606915325
3.7921997159381773
3.4129765691018914
2.982758094358097
2.6237234401628933
2.2694419378641495
1.9677458960044543
1.6843768286589806
4.017223482403892
3.9986885795500835
3.975706476500393
3.890410367891472
3.84429274394345
3.6779956011201436
3.4688254334684325
3.213759655450668
2.809102602342821
2.4065657656859534
2.0640080059124606
1.74348820627149
4.064877620091681
4.0440762811924005
3.995559010216051
3.9012759216562642
3.7808952296760077
3.606782171834048
3.4346091491884065
2.9895396198256035
2.5389190472112637
2.154792742192464
1.7966260740861708
1.6905032618531057
1.6660551249846036
1.9452586405775307
1.956819542239686
1.8852375225254723
2.193096582885793
2.167979688906469
2.429920259340171
2.3296754176970587
2.765845063232196
2.7564400468210866
2.6116752360911013
3.015768276428947
2.936508506812138
3.102594083123087
3.1219711646566477
3.2677262020006173
3.3002964044188463
3.128609405342925
3.4361362172416996
3.4644608455683383
3.384311525011823
3.585078960854466
3.556015966909602
3.32372443652625
3.5410280072968883
3.7546216319974435
3.792487538900986
3.7319751257268936
3.39663666737046
3.8518265235060607
3.6448004193954158
3.835595395559333
3.418065117476295
1.5556107065562013
1.5810161855146334
1.7299892979485392
1.7585681109009361
1.774043291350651
2.005070052794163
2.03783801235451
2.0546576282882856
2.057389012604844
2.044757319574739
2.3045633012572164
2.340444393376652
2.3568994969116788
2.3568386320033614
2.3378880198676697
2.265760871310541
2.5222275955386917
2.5593183953019456
2.5751141026163644
2.575119131628906
2.5715144386282294
2.5623409388598275
2.5474967838655607
2.5070320789092952
2.4591176569627544
2.7358476591196026
2.7738803842733266
2.7869192589649088
2.778642863396607
2.7658078003589885
2.7473202670049193
2.6974862493620795
2.64276152161887
2.5345346128397415
2.4264274321866885
2.215061661228608
2.1195774286293756
1.983565101346547
2.9886937282253414
3.0234579130877806
3.0319694061470646
3.0274202968862425
3.0156027241772376
2.993711104618606
2.973373332931975
2.9099562229431277
2.843775662696078
2.7321835273632105
2.5857948622447933
2.4853473127604855
2.3392904320306167
2.224165174841701
2.0694961981130517
3.133028040032906
3.164234490901091
3.167846970410727
3.1456828117007936
3.1243106881497495
3.0948381692699463
3.0215824403916183
2.947045339011516
2.803809908846864
2.661494615180691
2.549343798871788
2.3888072158627116
2.26608225011373
2.0942269808238745
3.2889454047416327
3.313570212098752
3.3099530151917675
3.277562185196481
3.2146527620562537
3.043591588092317
2.722736161108345
2.4181329101293896
2.0926669992495937
3.3962601594195765
3.3931468297703757
3.37344847859302
3.320403617979875
3.275956872004385
3.1815561691061967
3.0836737166231516
2.909369410338344
2.7359632615086875
2.624333015650803
2.4069793244348885
2.2700527556313306
2.060492107821243
3.4727596965991667
3.4781222389032878
3.454083052651646
3.399130259651087
3.351245433043789
3.3124837862596728
3.2018065810308465
3.0909890902941037
2.8825419950429816
2.69984656473143
2.538740985467839
2.3422595197113556
2.1727021316856696
1.9632900810503615
3.4944207969700813
3.489506788037606
3.4569041837410768
3.3903280916331138
3.3416446786859546
3.285595421841494
3.1632465273024377
3.048188198530376
2.8335686872163826
2.62957127524776
2.503175806318482
2.2485036269333007
2.0760267579553036
1.8523071346817603
1.5013594814419926
1.528812512529132
1.6669614780715805
1.6977910968259184
1.7127281875814961
1.9268692173993605
1.961872195505621
1.9774999140570864
1.9564564291669262
2.2072030126191384
2.246114208477939
2.2574010510091496
2.2602954289882815
2.2285199991233346
2.41059796598914
2.448711136863346
2.458668465726212
2.4617027362983825
2.4486137753844255
2.4187542414645313
2.346333703850598
2.260933943089093
2.6073149119514
2.6461534216429006
2.654460747863779
2.654987060691863
2.6350334597278344
2.599192666615977
2.5113058888490007
2.4134547211826067
2.210773845134
1.982330562533242
2.8370872649685714
2.872224985193663
2.877419854510587
2.8738630872327184
2.8434173180788807
2.797326744163711
2.7053658996300483
2.5721577380770726
2.3348167073176573
2.068231052401482
2.966321190598753
2.9963561756193573
2.9990812945379246
2.9922121892936935
2.953227633858113
2.899457608804043
2.7785998164854933
2.6476524604976714
2.3843546597418928
3.1024486833637424
3.124848240788898
3.1099006662231963
2.995335498867873
2.7088333924152637
2.4137471926184877
2.091472948782885
3.1924904028339998
3.1959399088046734
3.1901002010265835
3.171147641086873
3.1118454213357967
3.0362027486193437
2.8842617700663715
2.72239004944817
2.402777961781035
2.059362191633937
3.247507734261954
3.248553286073744
3.230366496275153
3.2094516079726203
3.1338937393544866
3.0448894146790195
2.8594529644582263
2.687145070648392
2.421534584790288
2.338392985585056
1.9622964054150007
3.254476680131644
3.243470272518899
3.221215687860377
3.1880217564810334
3.099357518371714
3.004207924171764
2.811208920433221
2.617691517703906
2.245015268219205
1.8514455717937068
