3.2260552469972525
3.279627301109526
3.2241354440626018
3.068100337728453
2.8897174360273996
2.7358053688497317
2.5787645148768465
2.441540134513081
2.2515461047703638
1.9922768192726097
3.7500558876920445
3.843231487395925
3.8705609285673503
3.868584486416295
3.7252555102737817
3.509438619040207
3.3126680604762613
3.1087240899383604
2.929511793154322
2.756725679651597
2.5955029914188645
2.4664639484155177
2.232155480005958
4.2934244481768555
4.339810241926246
4.375637404974637
4.413128609468757
4.419991109626678
4.353502640375657
4.119755086142094
3.8824321292966686
3.6298242995606067
3.4058979550069073
3.1893493957628403
2.986911806657426
2.82460071689552
2.4013429594448064
4.842414101128547
4.9355876371174885
4.955893487307324
4.983218040208016
4.987422282163467
4.975692182609872
4.771697982027444
4.498443438953358
4.192522142953401
3.9171995992625455
3.649664554078086
3.398993821164812
3.197679450510465
2.999439483214766
5.687747988801018
5.749406496074926
5.794919632863482
5.8383789142161175
5.844677318183675
5.789063923504131
5.5058214132234005
5.120209833928389
4.755915086513701
4.396940254914686
4.0588579694653095
3.7866574302432934
3.518105027322818
3.2876601887722496
6.321786345893957
6.387251913976495
6.435719323092963
6.477863098124372
6.483691661777118
6.481034488576602
6.295018459154216
5.870844079075639
5.435259305021091
4.99681408043529
4.5810979497169235
4.2456177911962145
3.91427356173316
3.629535359503531
6.350528023207607
5.87323233981431
5.382102445140837
4.913445482869426
4.5345239968378
3.8380664295158895
7.128440683463213
7.258739980393995
7.288926167109843
7.272799897924182
6.902462931648811
6.386000580580983
5.833203164175817
5.299996960187698
4.867604839614122
4.439993697103367
4.072877451907845
7.634269154282563
7.7587866690728635
7.78367643587475
7.575343339820558
7.038360638439184
6.410650499943236
5.791815363012834
5.287178726268848
4.787547320547011
4.357664984756138
3.949535442973799
8.028447896203234
8.141237951980218
8.166124276350047
8.070507051732905
7.582324409259522
6.900604904051812
6.207927328621655
5.638921473008409
5.074693002516848
4.5892163124987375
4.128435409979828
8.539497761516774
8.55613944982009
8.536258989243832
8.460717493934489
8.174178064947117
7.929912907563631
7.453935134190453
6.679166359742837
6.034361791898646
5.393230214315119
4.841529747173318
4.318284902805237
8.809988664852806
8.902977630805314
8.896064130183081
8.73641314583182
8.025071528337538
7.1720696586278185
6.445938602273508
5.720427524478508
5.095840971671861
4.504132849422183
9.294293500162246
9.288394220754899
9.260934884215617
9.12498945408634
9.043580693712448
8.731042362746265
8.320909365415039
7.807255364161257
6.976731064893851
6.137003001754376
5.412876337175479
4.727946108927708
9.58078249083612
9.566864993945147
9.498978619452915
9.336001330529799
9.110372884484626
8.767765216763632
8.419321992945651
7.496364008298422
6.541257802988185
5.713939464084188
4.9324244319201345
3.2249766025589497
3.2019547154605568
3.774515921512102
3.8100082807614744
3.707712594960312
4.331923572352122
4.313536988837271
4.892610922824857
4.746664562651334
5.688008487056522
5.711257359535455
5.480536923201634
6.334731872733144
6.238308426832815
6.547837739522052
6.679695232038712
6.99315728980268
7.114938541195523
6.8567865633591225
7.4703175558447805
7.589594161273033
7.487442758061929
7.9320784003319895
7.930909330093651
7.537263126493518
8.094197161594067
8.489954510920946
8.655883566716948
8.593352479156868
7.985195341811886
8.997784236541209
8.649026580954818
9.171968719840875
8.376632971255876
2.9825121579890945
3.0345851407027755
3.3611858614213292
3.421465436003532
3.457562805860701
3.978782382696994
4.05131437318161
4.093667702205254
4.110310299730626
4.098278136015469
4.682575479656266
4.767149483670515
4.813367869675312
4.829049107334119
4.808528599748983
4.6969051871369585
5.218258431152131
5.310090197751643
5.35966300289412
5.37138534548735
5.371310653738258
5.362865020064258
5.343491338073729
5.282045513905731
5.203412092038641
5.768411250816435
5.8689520799497945
5.916390941408277
5.92327554175824
5.908887681038405
5.883391798416174
5.805560256951422
5.713415337480474
5.52434079514325
5.330381418976921
4.94517369923411
4.769658038711646
4.518404366618935
6.460652785173592
6.561668304447531
6.607111059605801
6.611668370738529
6.602424576737637
6.574007293463618
6.543567680799414
6.440049947733372
6.325030897173079
6.1241558593294165
5.854321011929021
5.666786228286657
5.391476158399549
5.17349403174372
4.8787567940981775
6.88504679709532
6.984932283010221
7.023002750795827
7.008311051162036
6.979651106207018
6.934414354261131
6.810876195983944
6.678470189034449
6.4147649350546025
6.146838097536841
5.932974160288214
5.624549811530475
5.38695666086041
5.052718569432235
7.383639340930506
7.475782304336622
7.504302621832805
7.471495094054658
7.373772922942741
7.067327612973487
6.4534230823727965
5.854254125697741
5.204695964249652
7.775687316109483
7.822404240652189
7.805591954593642
7.728519457899477
7.6534815159370195
7.4838161641606895
7.300148744010709
6.962516899214489
6.6200375793054445
6.396780361347182
5.958452150931541
5.680083629742116
5.251259277930594
8.132525765304093
8.193990303952274
8.184589681890417
8.10706321142424
8.026238047633457
7.956998855496492
7.749209049856539
7.533799190302648
7.115958610277533
6.742492399933325
6.408253914487374
5.998830983019972
5.642176790880005
5.198210561145823
8.34219592107439
8.383655906127265
8.355952063679599
8.252485986748757
8.166717165003117
8.0632436177072
7.82627190157419
7.595622630843368
7.154728751593468
6.727019423441375
6.459497789955392
5.91447156387419
5.541872624236714
5.053635527000275
2.891968745268663
2.948899174159595
3.2547590814281335
3.3206899406399075
3.3579077579993606
3.844106919950103
3.9229980900214345
3.9657755080777686
3.9500494114157276
4.510833034871344
4.604236931923113
4.6367190806026315
4.650167367395382
4.620105614098481
5.018372128659021
5.115325331213381
5.14618179308025
5.163655949181935
5.158877134771713
5.117831519137231
5.001328158516909
4.855063678941903
5.53355135719462
5.63934358785773
5.669583222640404
5.684338616351652
5.670049910775188
5.618324351019457
5.473098473694956
5.301466078662191
4.935408538116831
4.5155147434840055
6.176638256185555
6.283846714189862
6.314640296168484
6.3210119042823205
6.2902030573016035
6.219702470264036
6.06271967998199
5.8226574304828524
5.3808318066157925
4.875648932207098
6.5673602186857485
6.66862844433289
6.69380344808422
6.699128881399284
6.653048142159909
6.567817646096759
6.355392620247378
6.113815849495061
5.613636529177001
7.020880848155887
7.113239092416415
7.126099652802907
6.951382096449423
6.419057235205979
5.843074811673104
5.201524701621076
7.37235290856397
7.404415883559017
7.414253685984334
7.399495465429162
7.313367588892439
7.183068611178278
6.899652969797368
6.585511155994302
5.94739373974746
5.248144074422858
7.673739815431792
7.731699504446443
7.723299206829099
7.697799438274243
7.576617409211606
7.415500874698898
7.055597053213754
6.708702989661719
6.161804523347023
5.988123938489814
5.19529527577909
7.8417030844482545
7.876161659395721
7.856484745481352
7.810495091985119
7.658913578721567
7.479225853088016
7.094367249208859
6.694281805966149
5.90439569177684
5.050968019777093
