4.62256641823988
4.705512091829653
4.656195200844911
4.461902807678007
4.235051151028045
4.038235252861483
3.8370938033555695
3.6612328447718605
3.418275174449096
3.0894588833361043
5.430609310669358
5.573309563150809
5.619776508519097
5.631508257217058
5.461884119969979
5.187810110035609
4.934663152674242
4.671220484078163
4.439317738599465
4.2159015781867035
4.008011973221312
3.842295356753539
3.5442237635452227
6.2815360375613665
6.353208835175914
6.410029607337777
6.473477170731232
6.4866894370265005
6.429511339822008
6.136558655236384
5.830195924310341
5.501457487932998
5.209046826211603
4.926214749068024
4.662353832230999
4.451526460769701
3.9085709245481213
7.158427547397267
7.307603516858454
7.342071772740429
7.393584323843385
7.407898455034067
7.404144326741239
7.160680175466556
6.808391871622255
6.407673578979863
6.044837218892767
5.69172866701124
5.361245814025206
5.0965444977014
4.836759857617764
8.542962533906339
8.64425161612982
8.721821714732076
8.803637422049906
8.818981042042163
8.781697441646076
8.427953119797529
7.920380169923335
7.434016269485151
6.952498477892804
6.498625572019418
6.1336190081958675
5.7741677263211395
5.467217035748819
9.611229467231968
9.722195338153822
9.808272009071237
9.892547013022222
9.909295873412566
9.920604336877288
9.71331901808538
9.158900447148397
8.572913805126586
7.977820763962865
7.411939811103894
6.955118822912585
6.504190984052508
6.117892984201842
9.956434993151605
9.312559153802095
8.641442467610602
7.998076977652853
7.477166285638604
6.520312289412144
11.012134053762905
11.251551451580974
11.3306966419448
11.330932076119296
10.879770478117234
10.183248261773983
9.422657340180937
8.683778433971476
8.082936456107442
7.487901717983184
6.976400047841293
11.919767105050726
12.15648337349979
12.23626668544684
12.014272417950465
11.297589307422234
10.428288758406685
9.561276890830724
8.850800242448326
8.145339422940719
7.538934072787681
6.962012027409607
12.645032763142286
12.866122486023698
12.948725814482167
12.867977791539031
12.23210837718526
11.285675553547426
10.30716027018799
9.497661526921105
8.691567701352257
7.996327756416882
7.336705744321823
13.630632346903754
13.696091039732393
13.693687459859575
13.618650490421482
13.254701841356438
12.922641533208054
12.257821736322212
11.154770258485105
10.22732034207638
9.299696203467008
8.498284096299335
7.737232577173245
14.149453739885638
14.35331833993935
14.406000712169472
14.233267851437304
13.265021542498186
12.043747086066007
10.98845534946685
9.925645924323797
9.005496616569628
8.131184733376369
15.175369737277908
15.20835791340431
15.19311947579071
15.042693560801514
14.93958736020394
14.5154101151879
13.935440217333538
13.191860967445656
11.97125443632137
10.722958972325406
9.637989067105487
8.606489270324934
15.834791629487563
15.852032977084454
15.793676164167177
15.593809355599358
15.29000519915132
14.806338425744679
14.300058850992865
12.933434183686655
11.495679025630421
10.237176692784008
9.039835733253739
4.634669591657484
4.6249282154187945
5.483446394983733
5.548030266052715
5.4366431472806385
6.3666017410567575
6.371415999796824
7.282103721676775
7.123500620738464
8.584404104984701
8.664366909051564
8.389381397731196
9.697201260288875
9.62582710865343
10.053756593181726
10.354768079301905
10.838862481231125
11.084043520490146
10.807275462272418
11.701601526508362
11.951949419837748
11.873556658007027
12.573816348930313
12.642841059598446
12.158352198932487
13.12286885006779
13.653083348748096
14.010426140078826
13.995918149992686
13.197631523069703
14.791575063578536
14.375751353990848
15.312739663766399
14.225312311321222
4.301386354888431
4.3797114912182495
4.889117987726791
4.981363963526969
5.039732306351462
5.86737584043252
5.981752061643527
6.053181779640586
6.089090437585335
6.08494228486806
7.013586182078834
7.152157962109187
7.234567517415189
7.274439706944985
7.262911920997345
7.133564723137394
7.910512916099383
8.065170353239859
8.158161442400683
8.188469626841451
8.196270367124397
8.194766680251554
8.177722571133858
8.109068149782104
8.012688061751062
8.856143841539293
9.031952538527563
9.126112806469028
9.163194250393845
9.15517449354438
9.130931570335594
9.041964348012137
8.92691640770841
8.681678567608536
8.42379454358034
7.905010035890054
7.6671701266494345
7.325896388349614
10.086849414821486
10.272646834252292
10.37321909348751
10.396336352325942
10.400174461412297
10.377201354275037
10.345128084215867
10.222018709275307
10.075025068193133
9.809188167138597
9.44386035966271
9.187248016897003
8.807674885957717
8.506460203413319
8.097404191115286
10.869479135006511
11.061600139824478
11.155359525548763
11.17069281521458
11.146402991894174
11.097408618785835
10.946118295561261
10.774162183040461
10.41909104877108
10.050876534481752
9.753837110445781
9.323068661941575
8.9892575891941
8.518884534812223
11.825543858293385
12.014179585690005
12.101417390303606
12.0948957611443
11.989158987267144
11.590910776462307
10.738748364366627
9.887564580304298
8.955613144023882
12.61900320587847
12.756203760557096
12.761527015629007
12.688267510751263
12.5980075925229
12.37815376571055
12.12887383762434
11.65652476215362
11.169113062101934
10.848049198350303
10.213756777456375
9.808764150669504
9.182796212775148
13.39631399149693
13.553496264514608
13.592402708175712
13.524780254845135
13.428843759704671
13.340584195627068
13.06059090425426
12.759982829709147
12.15956373961608
11.613852633146829
11.121813735904757
10.512658502966623
9.980776733359676
9.31510854650224
13.915379300292903
14.045560240579558
14.05765614081186
13.950565870758878
13.843819750676369
13.707730100154619
13.379306544552492
13.049082962124771
12.403309074191055
11.766310022045435
11.364364496667712
10.540117517354858
9.972468146535462
9.224831182184765
4.184456498694052
4.27069692095272
4.750683103623382
4.8524661033785135
4.914799960421903
5.690292566043288
5.815953875321343
5.891119311436085
5.89502110792538
6.7845104518866615
6.93894843941451
6.9975685574743975
7.025740347965754
7.017723728917342
7.641444120237137
7.807412939293432
7.865009610847202
7.903495492242814
7.9204956694350495
7.881155068424079
7.741935832949867
7.555029072320555
8.535726918036543
8.723700429404005
8.784023823803977
8.821549006940737
8.830401104887123
8.777855715501644
8.600761710883694
8.377809787513852
7.889252061955284
7.321147669866023
9.69306494230673
9.894748642369608
9.964635451477394
9.990434678084336
9.981919116297746
9.905566523660246
9.709641847516323
9.392083789458033
8.789980551905554
8.092128150433693
10.423919992280494
10.623095209186022
10.684499234373225
10.716216995071429
10.689049465125818
10.59306022338264
10.321067278656653
9.995879324977873
9.304561695505688
11.30912996596244
11.50520665002022
11.579279055048056
11.39691217136188
10.6801390891575
9.868109167519895
8.949947776506171
12.03872141833133
12.118504311327225
12.161307026656454
12.170743395642733
12.089666043696825
11.929556392407717
11.548422009523863
11.109116914987307
10.194110667434217
9.177099162230656
12.721974263698137
12.881753585600464
12.90803713282641
12.893817253003208
12.761099237135303
12.553383639323146
12.052864362223614
11.553452460655043
10.75061404207239
10.493032767254787
9.309577850076703
13.16642086150905
13.294598639205951
13.301245568857878
13.264062256460665
13.083387197035462
12.841906939539419
12.29451279687196
11.706541332857977
10.521193638159152
9.219620373257095
