2.323641132636638
2.3549827846758573
2.282916485182779
2.140989303203352
1.984542296245695
1.8514777038029748
1.7166736708206538
1.599486436189206
1.4376372277925724
1.2160224837768672
2.6397624395763515
2.696437476582494
2.708250210975426
2.6919091308947136
2.5535913917566644
2.365343496325627
2.19797942194205
2.026388737323586
1.87667891018644
1.7328912473392342
1.5988514331807686
1.4914283822173133
1.2952195651641847
2.9563741894856244
2.9841557167855424
3.0041691378817474
3.0211367781872043
3.0226364824445784
2.937948013249703
2.7317331389080217
2.532212860668457
2.3233734467447738
2.1400469671137303
1.9637150183599115
1.7992348696553135
1.6673474675129782
1.3207306263509522
3.2621502218814524
3.3131703539452673
3.322445892297379
3.3301174707061705
3.3253658169586147
3.304598439959124
3.1146783857838054
2.886075335709033
2.637167685932437
2.416222750679052
2.203125747894804
2.0042153979331263
1.8446984375063318
1.6875540497107189
3.7064285269327075
3.738341195404192
3.7593693747074157
3.772600242646425
3.77147386721701
3.6948109266346507
3.4504354644468798
3.1418860532816666
2.857702084114933
2.5810667376717764
2.3223308977834813
2.1148780206789968
1.910691428949857
1.7356492574116602
4.0177882510018135
4.049261268423949
4.069233654377315
4.078465766842833
4.075399910589414
4.0607842016262286
3.880961339824729
3.5408318518667885
3.2070010450870896
2.8770125612336925
2.5672824924524558
2.3189640707853614
2.074856300444252
1.8658426739153808
3.7918917388259996
3.4289812788317837
3.064334758144669
2.720730853180174
2.445189859380721
1.9431083900064066
4.385258230319578
4.434174349242716
4.426592960273623
4.396830465567034
4.077129161596162
3.686094109207064
3.2813711162351082
2.8972664832375177
2.5889874981446184
2.286535200217046
2.02824791430999
4.5963632499113
4.63788272380098
4.6214038568380555
4.419111129298541
4.009245414038988
3.5561259782084456
3.1194087942682325
2.7680035052803977
2.42363937178543
2.13020609976241
1.8535259883748212
4.749162294795904
4.7827726401381945
4.765075184907701
4.657571432754687
4.2754073430810715
3.7869298965273885
3.305584158270148
2.9166301018437104
2.5356649655061467
2.2117051542065065
1.9067956461018238
4.916973690724503
4.898468661456802
4.866158878726917
4.790649762235498
4.561249343645522
4.3816936651757965
4.045259097767273
3.514797026610463
3.0824823968070847
2.658952712369362
2.2995601054013366
1.9623816578165365
5.0098777297354955
5.024092231014859
4.975645551768369
4.827949198952467
4.309437836138372
3.7321109593354143
3.2540435847444074
2.784835679588207
2.38743658112247
2.0158978707095763
5.11124425984673
5.079658515524813
5.044843262475854
4.923063360321628
4.858953643781837
4.632035328941168
4.350382448555152
4.010116385926744
3.474074961496448
2.9443629930520863
2.496337252468873
2.079398097675671
5.139113826895706
5.105453083958014
5.034432575983571
4.903005243917315
4.738870504670462
4.504983343689212
4.275795671207301
3.6883790882779177
3.0986191214339684
2.59936470760311
2.136697418519784
2.3078832217264504
2.2665702150441946
2.6385282119382305
2.6497476164438325
2.541219301341595
2.953910924988319
2.9103629853314383
3.248486994215563
3.0981550015019197
3.6697224563355015
3.645010448028115
3.4346318819088797
3.969464578416937
3.846297295809518
4.0790229267386335
4.0799457680523465
4.27406100701089
4.302886597443882
4.050746195489134
4.468968005744676
4.491166745340567
4.369182954332816
4.632255020268379
4.579422184712057
4.2509264625644745
4.518389070557205
4.816555314545186
4.846700889332353
4.752272704642296
4.289125127255938
4.882138613814264
4.590894730558316
4.821806383761424
4.255599809415479
2.119874541584705
2.1530491978382114
2.345331478303752
2.3821962469855698
2.4010045588954743
2.696225629637745
2.7376245853732484
2.7572646569450416
2.757374682417297
2.7364042328391047
3.071245941456744
3.11532319231623
3.133333764155648
3.128523268707102
3.098091307982892
2.9921338965222786
3.338691710564506
3.383207053403677
3.3992243661317723
3.3959042194225524
3.3890528334205374
3.373964083678672
3.3511793961734453
3.2915596923200092
3.22263020551053
3.596209655454959
3.6404174788124157
3.65204313976425
3.6345960700243434
3.614335949238315
3.586481183209254
3.51388514709309
3.435947947193272
3.2837287987035406
3.133090406972285
2.8403420024693418
2.7085483599864237
2.521272269701058
3.8929851870415964
3.9314329958337235
3.9355412264660457
3.9259515409051597
3.9064247420013674
3.87315359244987
3.8432955853078044
3.7523718026000537
3.6593215214691126
3.5042084475665276
3.3024259903435973
3.164627841218905
2.964998092129491
2.807967014497277
2.597601949101986
4.056850429335673
4.089379507190344
4.086581285762802
4.049560703495097
4.017429396998042
3.9745629155633915
3.8707968798532746
3.766876218969569
3.5695018836994534
3.3749165318652476
3.2223255693885404
3.0045282807794482
2.838578742515804
2.6067120411756526
4.2264910705549745
4.249314830112163
4.236173469249288
4.18515616086736
4.0943068327994325
3.8569108970231576
3.4210861316918963
3.011558458764248
2.5766672950758687
4.333576240426044
4.317382997798635
4.2859004768720155
4.208386761980145
4.1457059666286025
4.015058269923136
3.8813407684971377
3.645764069608223
3.4129683427850392
3.263783280519769
2.974367849614387
2.7926436198073312
2.5153589292263776
4.39719242150259
4.393504017001105
4.35309022285616
4.272700716216692
4.205479034001664
4.151917747554267
4.001131483436382
3.8517473928134454
3.5735841406918194
3.33144607656684
3.1189712657925557
2.860482332702936
2.6384948044467107
2.3651265053342168
4.395426534990685
4.37833576444371
4.3271218347241645
4.232188077811637
4.16483561340783
4.08825861785097
3.9234108358677315
3.7700340339139276
3.4862376161483835
3.218414094821572
3.053003406791299
2.721331958791154
2.497592376838496
2.2085813884782137
2.0418040890511264
2.0774443065834047
2.255064213526545
2.2945599721032393
2.3119516397942963
2.58513511573285
2.6289420368685956
2.6461479308871985
2.609867864867363
2.934269965377358
2.981573822590169
2.9937167896279466
2.9953389079081583
2.9430357677055503
3.1825554118226544
3.2276463632413632
3.2378555209727877
3.238681051986741
3.215146743376379
3.1699594792300565
3.0651761213723727
2.9441059639314466
3.4178252201638246
3.4622056628275755
3.4696282937193996
3.4666392098084176
3.4330459667627222
3.3796916872982274
3.253871753570024
3.116489691537981
2.834905977526642
2.51972597556907
3.684612009731892
3.7222613210283764
3.7240144719980033
3.715823760597897
3.667394074976315
3.6001619876338062
3.4701993837142133
3.2852301085748983
2.959415806665762
2.596045271284933
3.82921183350535
3.8593295720794747
3.858124149143844
3.8441420929519188
3.7842525065871104
3.706800586663328
3.537845489131274
3.3576289256002374
2.9990312069757907
3.9739170721961043
3.992671153863317
3.962694901745306
3.7966781147338247
3.4039361305651767
3.0062180986948457
2.5752389494473125
4.059334427210192
4.058296938201133
4.045722438129667
4.015118775050033
3.928558373541771
3.8226153673690635
3.614894441539202
3.396388559902553
2.9693086483867277
2.5140251811284116
4.097161919348885
4.086736323771131
4.056504661100861
4.025145709565922
3.9178968563342327
3.7954738574788696
3.5456049642218392
3.3161628463752355
2.965311484248969
2.855906546901174
2.3639790867291945
4.078512544615563
4.052432777733119
4.017726801981417
3.9693266466174864
3.8458774431637073
3.7168757282953684
3.4594224364569777
3.2042836972312476
2.717261476444398
2.2076052859986426
