2.8955729141797977
2.9394912447499557
2.869458794876784
2.7099963792222366
2.5313884149210573
2.378520516545887
2.223204408211984
2.0879416257601116
1.9010163758234697
1.6457126493842114
3.3219268056217808
3.399547743222446
3.419199737675452
3.4078745140744378
3.2561810740029222
3.040620553728471
2.846839831360014
2.647242265954857
2.472605449442936
2.3046186476032493
2.147989497756936
2.022588187490501
1.7942440763618375
3.7562741716526586
3.79439068482161
3.822881363332859
3.850113382884675
3.854055991428803
3.7701885717063104
3.5350375376132677
3.3027197907978074
3.057779311008655
2.84188223902699
2.6337363693629854
2.439399964199128
2.283604495572317
1.8755652196531079
4.1838181426033385
4.256987418256188
4.271701431334329
4.28828504341182
4.286916855740139
4.268151533114351
4.056097931703962
3.789185552128674
3.495059246562737
3.2324291820883806
2.9782787588406463
2.740625062952656
2.5499044628854817
2.3620531638500224
4.821138716526762
4.8679715039719555
4.900820106341941
4.927505924265884
4.9292794844154235
4.854270226916571
4.572155206489851
4.204613073575904
3.8623903244331026
3.5274253620951206
3.2130880872577725
2.960516141751963
2.711577037952506
2.4978915737795035
5.28142973093988
5.329241743790105
5.3623025993925735
5.385393391877866
5.3855652944087185
5.37430081721949
5.175158203376701
4.769997184848586
4.364716531889524
3.9608732643676294
3.5800031693629144
3.273636356344207
2.971695574637482
2.712483628296396
5.127628142397553
4.685399815225529
4.236430446331733
3.8108771816273466
3.468218273808823
2.8407985163169283
5.843235137837462
5.927850295231222
5.933872714279205
5.906340584936531
5.535648036691221
5.058065271788982
4.556642757925551
4.077228012735529
3.6905116593541147
3.3095415397778627
2.982799296162293
6.179266497930103
6.2558521564507155
6.252975695046825
6.02754842155848
5.528163014692124
4.963234289241295
4.413253613372086
3.9679034819345618
3.529223927956809
3.1534110614754036
2.7973538284245936
6.431152478838266
6.497101222279828
6.492977440194783
6.378313040543248
5.916780962227894
5.305657077573847
4.695430848001612
4.198562739581962
3.7089798468953745
3.2900181041562315
2.8937012356737415
6.734350981265545
6.726287378503226
6.694810622690065
6.610919446000365
6.335784453439433
6.113287064945636
5.68978863979125
5.012991953037775
4.4561948366057615
3.9068706237616833
3.437345198717391
2.994160907247776
6.894154019369204
6.937367148153603
6.897776381353059
6.728962048381241
6.08352352674363
5.343223944344514
4.722788310149481
4.108835282184927
3.5845625066456637
3.090974341509866
7.13127450989915
7.104719648710844
7.068198556592959
6.926903445458706
6.849200968228896
6.565825019861559
6.20658563684353
5.7661743699538315
5.064756401363642
4.364504145621585
3.7666731987641837
3.205737947537755
7.2421939824832124
7.210770554623457
7.131765655420183
6.9732463907883195
6.7680487544831776
6.468621108384238
6.17096121558368
5.397771347511834
4.6113475570159865
3.9385110161941372
3.3091342544615596
2.885322016922449
2.849188181292297
3.3322309075307723
3.3550758880977996
3.240539108387009
3.771338236024393
3.735005012614002
4.1959503134476535
4.034608961039975
4.796232375236657
4.788716342341447
4.551123799520815
5.252895829883959
5.128633204159972
5.407889303209702
5.459481827955563
5.712061819461976
5.7789907980066495
5.499397445858572
6.02549838551893
6.085873510535762
5.958530925365407
6.309510955987188
6.269711134492968
5.882304053540844
6.275140516709413
6.635079180211459
6.715713351839391
6.621367129694541
6.05417767477056
6.852263683092685
6.506126967790744
6.85489056039275
6.140949793893192
2.6579851419133487
2.7023682370822546
2.964400831980728
3.0146402377591466
3.0426564501070628
3.4512986994949038
3.5095353955790167
3.540570809309767
3.5477969898451365
3.528906071544614
3.9866574702255755
4.051352437975935
4.082605919992504
4.085899576786335
4.056876967785423
3.9393377486149834
4.379631402831029
4.447287608609232
4.478231859701032
4.480652891126709
4.475908227971206
4.4621317848452815
4.4386592825510585
4.372871045742318
4.293779579243696
4.769118742542164
4.839553359616999
4.86630378638012
4.856691586491168
4.836820500587154
4.807226185140248
4.725649177632502
4.634764774653612
4.453654511061888
4.271740684029773
3.9148747727570083
3.75337764303449
3.523063080623529
5.236380788043643
5.3022646037328505
5.32230575150498
5.317048021988001
5.2994138171588165
5.264608346153958
5.231499285697252
5.126661195851659
5.015904558341876
4.8278441294721395
4.579950107805374
4.409391725895013
4.160884409616202
3.9648020908010877
3.700989017878948
5.507466642971409
5.568103390360202
5.5799965804731135
5.547249820232227
5.513028573833869
5.464875069903516
5.342752087604506
5.217382656010537
4.974766470732603
4.732619724966458
4.541261065496427
4.266922453253461
4.056827921418167
3.7623126079903733
5.806169878927332
5.856166626363628
5.8562327088028585
5.806039705096185
5.702581130308759
5.414096279871192
4.866027456464235
4.342705737740746
3.781729368869821
6.01930385980851
6.022966502856579
5.992858436911995
5.906384502975422
5.832135784155026
5.672684335761698
5.506045550540464
5.207422692991267
4.909185273645732
4.716691304399038
4.341225241391044
4.1042501247897745
3.74102161709248
6.181739790763652
6.199231185776516
6.164058511969243
6.074549175930027
5.99441213407704
5.928888291485775
5.740191522143104
5.550046355113399
5.190283834493142
4.873759410387824
4.593869412717991
4.251843965108673
3.9563314232935216
3.5905342427015756
6.243611646404343
6.243197025667413
6.192821393385463
6.0825733936895
6.000372186342285
5.904990888277271
5.695028140047377
5.49633830927252
5.124032847418788
4.7686317734274235
4.548105607301038
4.102500349443191
3.800096942635817
3.406972139932206
2.5681828689345196
2.616287174890935
2.8598165306075014
2.914218130984737
2.9418064194483797
3.3209539152444494
3.3834789698562613
3.413075975562511
3.382606324576701
3.823501706838039
3.8940398948619346
3.9156419850400854
3.922262211746585
3.8745684380605416
4.191954937537511
4.261976622103498
4.281414399284678
4.289005217911211
4.270829919377269
4.223181939964473
4.1041096347781485
3.9618954059765366
4.552068389151386
4.624601798066506
4.641638488622382
4.645258529231518
4.61593249008098
4.558118949377791
4.412688672999765
4.248806477245886
3.907255719678183
3.5208549599584784
4.978947573289284
5.0464642413371
5.059270777552166
5.055682135491995
5.008904811617002
4.933580770061236
4.780202769431789
4.555649228000732
4.152867371647521
3.698704929435236
5.223336798244399
5.282614513129365
5.290927420241862
5.282609889324154
5.221211095671823
5.132634809642215
4.929741890295094
4.707826270317601
4.258898378538236
5.486884282929522
5.533823042472281
5.515538932205798
5.32762911225795
4.84096076817441
4.334744655750891
3.7795420533637896
5.6691094471248356
5.679321799200639
5.672894074538608
5.644137525075757
5.547403243534787
5.420574198135567
5.162070599553264
4.8845921609898735
4.333554245037599
3.7389375956163273
5.792321151056306
5.803132144931047
5.776279563408463
5.742845730172511
5.617290007520086
5.466443997323385
5.148256413179898
4.850552821816238
4.3895445846885055
4.2447203150148
3.588681008588899
5.826774943977319
5.81654283565104
5.781985661889425
5.727848941425758
5.578767499569753
5.416143827063579
5.0830964933086635
4.746790854913144
4.09602491336686
3.405349629808964
