1.258475751887466049e-02 9.246252632246889647e+00 3.783843380806167112e+00 9.514611131594623572e+00
5.607398249032334581e-02 2.885645599703462949e+01 3.977278879716308069e+01 1.846244881729084852e+01
1.779200306571604162e-01 2.173306961044291086e+01 1.476605099464847859e+00 7.409459646183558235e+00
1.053092863715623384e-01 3.551028575490921213e+01 3.873800456952653093e+01 1.307160362172487922e+01
1.668689756670057034e-01 3.583925274102284675e+01 2.082842875524524118e+01 1.596972546361303280e+01
7.134713411321297327e-02 7.076834957675443682e+00 3.000642906748155525e+01 2.091532430408960153e+01
9.224752885529126367e-02 3.956828309858462944e+01 1.154818927822421060e+01 8.593829546318248802e+00
1.928725691992797808e-01 3.259663944997048191e+01 8.292879666848017806e+00 1.465913728938093463e+01
4.397430615731268144e-02 6.304584387833156445e-01 3.101030476088244470e+01 1.261375725194607611e+01
5.833701619216899448e-02 1.315014564433996469e+01 3.723574624631273622e+01 1.354357870730900082e+01
3.251508108882519843e-02 2.309790692638913967e+01 3.626077131031526335e+01 2.872963455820819689e+01
4.629795985163817629e-02 3.822482940389497941e+01 2.299329519142867895e+01 2.765015098687597117e+01
1.167261885420243228e-01 1.254108717206879042e+01 7.937187521307153659e+00 2.261007417003332165e+01
1.671286138007758160e-01 1.688499138319642157e+01 3.345674108101987798e+01 5.042214322604286814e+00
4.136436842966626642e-02 3.523326515174196594e+00 4.196030130539661229e+00 2.660108769281868391e+01
1.469261664536888889e-01 9.358249386021402216e+00 3.865835238785000172e+01 7.930426764561833153e+00
1.228968168200251371e-01 1.831629010317188033e+01 1.796160454848213206e+01 2.848326100968998631e+01
1.991451362819660342e-01 2.839509376241027638e+01 1.388598512738033364e+01 1.629478989951302026e+01
2.027911250139604465e-02 3.691261505925969999e+01 5.153501319793250879e+00 2.985871255807742486e+01
1.284198428886709764e-01 2.633531268630568078e+00 2.499343544244139892e+01 2.931309828791977523e+01
5.498886330401236283e-02 2.034515113311007983e+00 1.109770384780373398e+01 2.564778596945393474e+01
5.916439687319593327e-02 6.284954049473236104e+00 3.828991900034800011e+01 1.688242807340602880e+01
7.771584023778188577e-02 2.038181834888982280e+01 5.255249248096144354e-01 2.074553293387085517e+01
7.505636458122789262e-03 3.196095910251425209e+01 2.343000408511295163e+01 1.172990573520253577e+01
1.937660149921066888e-01 2.709505564691500368e+01 1.097751906164800317e+01 1.842564565006295396e+01
2.502732902418786445e-02 3.415814520555804279e+01 8.597198398716827228e+00 1.565199336166420352e+01
1.372671857180157995e-01 1.035551574656964569e+01 1.909960116650979245e+01 1.050476744360793546e+01
8.774286028068627175e-02 8.800246439419288080e-01 1.974117101989350687e+01 2.895666423920411958e+01
9.835581564120352005e-02 1.771889753788986255e+01 9.273033907435893397e+00 1.156328712998585750e+01
1.490765352786361728e-02 1.846666571234127829e+01 2.968395700372027335e+01 1.027760429403377174e+01
1.480084474950911222e-01 1.715665487213978224e+01 1.462444855979605940e+01 2.123977447088015680e+01
1.319570131973634430e-01 2.810789554258018796e+01 1.028576000471000640e+01 9.787157666357115815e+00
1.015057600122001719e-01 3.922450018242290781e+01 1.839347402238786566e+00 1.868973561062522037e+01
1.450038039593756767e-01 2.405121971714610751e+01 3.143343674470352767e+01 2.773567331022759319e+01
1.844830418758000579e-01 1.121293545031682903e+01 2.259347215750649696e+01 2.133366562941172973e+01
6.922525033900070457e-02 3.011514507844623978e+01 3.046700625466210965e+01 7.713595139703473436e+00
3.473274726419996877e-02 2.174587815199153340e+00 2.173519838601651699e+01 1.966400792811169751e+01
6.663029299570800978e-02 3.756022113600989343e+01 2.111425812338038099e+01 2.173253128091311126e+01
1.207384707392626239e-01 7.754073110586663375e+00 3.796080949213806122e+01 1.074251851450085127e+01
1.508142907061406635e-01 2.266076803671906603e+01 2.767643746556398554e+01 2.625673118868620293e+01
8.868818170744854901e-02 2.595625928686336792e+01 1.037357296056373812e+01 6.624820893465143357e+00
2.261755191470052676e-02 1.271651855814664245e+01 1.250329282238836726e+01 9.032698022492596124e+00
4.310837436327531746e-02 2.162170423334337244e+01 5.717653598476027277e+00 2.950165898169514023e+01
3.471112761797342811e-03 3.972359710532810340e+01 2.579522507994577296e+01 1.675580165433714797e+01
1.342574628349673393e-01 1.627403147896998092e+01 1.547816712440748610e+01 1.223569282569233607e+01
1.070782189563758285e-01 4.268995784633629498e+00 6.622894713551749746e+00 8.811696169108099497e+00
4.817651783518185626e-02 1.072782547925615049e+01 3.431067393605349025e+01 2.696887104037090666e+01
1.548925710148421342e-01 4.624520140559515546e+00 2.446596346700352242e+01 7.243394874390549631e+00
5.138073083616256920e-02 1.912551563219005502e+01 2.793732330726356139e+01 2.811461170151377331e+01
9.550657006573241847e-02 1.539950889607795403e+01 1.193563743470156524e+01 8.233239681955812017e+00
1.420907974102129934e-01 3.843069331110291387e+01 1.958715464161934205e-01 1.278993726531019348e+01
2.109182831570291863e-02 3.888019739826582821e+01 2.813526142927259244e+01 2.632574280484299578e+01
1.911570672566576257e-01 1.339933696345217662e+01 7.526393674809545686e+00 1.438624580772254014e+01
1.722550105025623390e-02 2.132126366600047973e+01 1.417065858812676460e+01 1.481035951219074320e+01
2.867868751414222664e-02 9.998229849158105864e+00 1.323515220853458629e+01 1.639890822769642043e+01
1.733783952397125461e-01 2.970126027487961551e+01 1.752534378596566356e+01 2.183200754255084064e+01
1.866705254208571030e-01 4.864476190044691783e+00 3.302599338992474998e+01 2.572432872232353773e+01
1.010912716231858188e-01 2.532484521018533030e+01 2.697096388961170987e+01 2.374721101541532420e+01
3.219932266658087627e-02 3.662758431534336978e+01 3.902893299140249894e+01 2.681877836462743403e+01
1.294623722494575024e-01 1.451353520082161275e+01 3.595562582968081244e+01 2.340270825498957663e+01
1.105848453171988238e-01 1.515907735240650744e+01 3.480805154170906235e+01 2.447318694849806064e+01
8.822051045262610525e-03 1.890860011985877520e+01 1.198525017541493831e+01 1.112708913099737273e+01
1.043811699246559865e-01 3.612062923171267670e+01 1.642681337252747298e+01 1.210941768007337949e+01
1.626081864908483221e-01 3.083118903499737229e+01 6.290737987846945600e+00 1.518209791217715399e+01
3.580341978640535355e-02 1.800973205698968371e+01 3.950249026108872386e+01 1.699310616154946274e+01
6.408263762077427705e-02 8.339416284421478309e+00 2.458457455454057339e+01 2.036193006795203786e+01
1.812453472434267243e-01 5.906426481481745761e+00 3.556518278295495605e+01 5.530389967806396356e+00
7.394814157349044459e-02 2.953243107249912569e+01 1.587632406831494158e+01 1.809630405763719097e+01
6.755617570634674107e-02 5.632583831024277288e+00 3.701776023940256266e+01 1.013795644906502602e+01
1.490729901672311619e-01 3.332656568551069398e+01 1.455472815175182433e+01 1.510634230447798387e+01
5.232536670580666821e-02 1.759078498543900748e+00 3.127760046303427544e+01 2.474153327139874037e+01
6.260467563331331697e-02 1.453950387550553103e+01 2.631528398549054515e+01 2.543859203225844112e+01
1.429126912954222506e-01 2.637175229262101439e+01 8.111874629284839822e-01 1.099039399870794398e+01
7.512710515192462524e-02 3.487497720597796302e+01 3.647953247685318701e+01 5.684676532168966290e+00
1.184824687677281801e-01 1.209023750717245171e+01 1.392399809682888456e+00 2.204423767294151659e+01
1.396470160551444573e-01 1.171634749965845046e+01 2.736566121902696125e+01 2.308705783169866521e+01
1.739862300575252263e-01 1.987569993896573095e+01 2.881921744078755054e+01 1.378103307728359006e+01
9.719333268941551807e-02 2.228301672761717001e+01 2.034320526106207794e+01 9.330151330912240581e+00
1.694761415859596665e-01 2.734639814180394524e+01 2.195081346181623516e+01 2.430888714708902043e+01
1.976573853049899132e-01 2.916580574066255593e+01 3.460344965534067541e+01 1.986898929173155892e+01
1.121496779374678288e-02 3.349409399653013963e+01 2.537134178363760029e+01 2.522877107773137695e+01
1.709991245185955577e-01 2.387830218471134458e+01 3.736938528245637769e+01 1.332495468730898658e+01
1.588204072581415049e-01 2.925930099381994776e+00 2.007597550439620804e+01 2.053105459050223303e+01
1.611644302595446610e-01 2.497586794544585942e+01 2.137885529934659345e+01 2.898786020378625494e+01
7.902201078971360371e-02 2.522791738945790030e+01 3.405011771867486914e+01 5.252077705898990700e+00
1.570837531810643783e-01 1.565769903718043743e+01 2.913468829105301339e+01 2.322113478487320393e+01
1.342064702674921894e-01 3.233767903807307675e+01 1.593529801337752616e+01 1.588085876055179035e+01
1.791406233794082536e-01 5.098885469580766383e+00 1.513033107931967258e+01 1.135876951124517120e+01
9.336947236003199924e-02 7.380809996572315512e+00 8.846620895085058223e+00 2.738202378531353531e+01
1.756514254691499133e-01 1.388018434470508389e+01 1.671036845028768170e+01 6.786575054177634847e+00
5.003128638491662235e-03 3.163387794757884564e+00 7.282303809218849899e+00 2.255199479301465360e+01
8.229560797696677810e-02 2.761101466017541028e+01 1.288467801865866136e+01 9.558770858819805483e+00
6.033697755468264007e-02 3.156893084574217667e+01 3.188773046056826033e+01 1.190670446054530274e+01
8.383379181705473415e-02 1.223606782513494640e+00 3.363746714424257878e+00 2.819459016527006767e+01
2.394135497376948148e-03 2.053345662517873293e+01 6.877736072161103387e+00 1.540046515361380486e+01
7.289844878836941600e-02 3.048806947353160979e+01 3.518279048920792462e+00 2.970980577258878697e+01
1.248667574219148174e-01 3.468962243091311137e+01 2.367097160129395661e+01 1.722345233749432580e+01
8.634666564528889476e-02 3.905481473745560983e+00 2.388488025077256083e+01 6.259022351274358797e+00
5.017534723943168490e-02 3.106255796373815770e+01 9.415900711027944681e+00 1.936390762901280738e+01
1.213436635007499043e-01 3.800563343261625704e+01 4.618329394464210758e+00 2.297175404397075127e+01
1.779158903271905665e-02 7.023671568061407910e+00 1.782542036799312868e+01 1.914069740537184572e+01
4.047026076272650791e-02 2.291038210131446817e+01 3.323377942712843947e+01 1.800125674970507816e+01
1.592270196154280393e-01 8.743062467299807849e+00 9.912105916834123676e+00 2.218831119256826767e+01
2.648081414999533048e-02 3.294618498475407620e+01 2.083570541939602005e+00 6.031690169322318162e+00
1.876798546451618199e-01 2.438711202493179186e+01 2.781026374612564744e+00 8.453536189610147744e+00
1.382944046548693351e-01 3.533302511625820586e+01 4.884275916720812738e+00 1.415897706314623505e+01
1.888733449522725372e-01 1.401970630486674096e+01 3.261644890483307080e+01 2.002799663880269776e+01
1.264590387070892719e-01 8.310180199108563315e+00 2.876253272843800346e+01 1.299969188846340273e+01
3.868829989827671928e-02 1.131087389818608990e+01 1.857423338063652452e+01 1.397461292884216633e+01
9.961059017318842079e-03 3.722446774825898785e+01 2.608523845683081888e+01 1.754450432432295770e+01
1.121238211026854698e-01 2.692257018490085940e+01 2.222587557011504344e+01 6.993732008276826839e+00
1.088020527831435741e-01 3.405374237650811864e+01 1.351064134102433734e+01 2.485812283145250845e+01
1.831005167334732175e-01 1.595017856712287241e+01 2.449147092323308961e+00 2.410354031772229177e+01
2.925714271681744902e-02 6.588248597380870208e+00 3.019845202241388549e+01 7.648166607216522195e+00
1.641022627834482217e-01 2.103786502725099083e+01 1.843696453529697621e+01 1.885087898418417041e+01
8.022156305438578328e-02 2.347428629866321259e+01 5.581474569476609915e+00 6.146697161626930139e+00
1.529603157390286849e-01 9.852217601997304897e+00 3.221813274165130281e+01 1.763511421970041937e+01
9.107538011309908310e-02 2.609163196646339600e+01 1.694726587456261768e+01 2.393202956666037551e+01
1.953978244943163356e-01 1.974881742394583384e+01 2.670768519949168152e+01 2.010978197926436195e+01
1.134686972668220717e-01 1.649986723312456149e+01 1.937596595849851155e+01 2.726777271998204455e+01
1.160503285541690938e-01 3.119123126841741467e+01 3.536219856630690828e+01 2.589939916349559113e+01
