1.3081890580460673
1.3196158063240375
1.2599055034458977
1.1644836448112146
1.0617055358338106
0.974747492738909
0.8866687208019545
0.8099703184368284
0.7036018875700353
0.5564520804116344
1.4786535031183259
1.5028399438969724
1.5044754568779537
1.4864789625236938
1.3896560356238317
1.2662916173186685
1.1581636694004462
1.047762998094114
0.9515545650181062
0.8591694340627043
0.7729007770206211
0.7035860137524058
0.5763284820613196
1.6452860276384984
1.6575170611472776
1.6653746698029868
1.6692302975488056
1.6681697294893592
1.6006808614750418
1.4643998187595113
1.336420237013713
1.2036657139805933
1.087600820748082
0.9762438246975016
0.8724697781567093
0.7892844246294486
0.5704032554576363
1.8052124792881594
1.8259457355691013
1.8285204810094338
1.826889573819902
1.8202461863658908
1.8024117013929604
1.6729852656555948
1.5267002087223773
1.370031062118243
1.2319932667317568
1.0994998694313876
0.9762462544744084
0.8776851990306307
0.7808146737205077
2.035504533940238
2.0486653786054076
2.055842231456491
2.055819084554796
2.0527827438518544
1.992759634423015
1.833779180121094
1.641313803907787
1.4666545582849153
1.298090782807913
1.1414959876214148
1.0167157967410452
0.8946078041224851
0.7907408919030534
2.195748062065084
2.2082757566571685
2.2143626316152454
2.2118468545095697
2.207285786411872
2.193946765556238
2.0714910209973296
1.8590863272515337
1.6557192669796434
1.4571047569248659
1.2723765022679288
1.1254968861479027
0.9822432759350835
0.8608254493992062
1.9977288942656188
1.7774361078819096
1.5593423895171494
1.3559979343853126
1.1944597071320615
0.9042596941862256
2.384285921195085
2.3992313725024137
2.3855911324674444
2.3622892220380374
2.156888413154612
1.919948935313233
1.6793188818970748
1.4537448151650156
1.2746037362592557
1.10060045477994
0.9538477436001327
2.492506088367046
2.503796006565987
2.4846343579699375
2.3504870812547147
2.1014681865323586
1.8335218438752185
1.5790558202130376
1.3767204950857925
1.1806192280391705
1.0157659128856336
0.8622980892368927
2.57110415787227
2.579338657823007
2.560164739219581
2.487021468148661
2.253148447969718
1.965042201414895
1.6860213802002477
1.4634496248550546
1.2480014406448119
1.067346061566107
0.8997188770090914
2.648955285840216
2.6314925407453966
2.608499965188532
2.5593031994675637
2.4186400008603126
2.311677035640735
2.114437897904209
1.808292640258567
1.5622721626460456
1.3242109664526238
1.125107677365381
0.9410363613756834
2.707391033244729
2.706138432986222
2.6696608792524503
2.5765266377397715
2.269770866612215
1.9375942716478425
1.6667202008816187
1.40423098648367
1.1851696015415176
0.9833918359799847
2.7550448930971623
2.7327689645637507
2.710169456500272
2.6353129869031515
2.59686280242175
2.463679550358441
2.3007366880971345
2.1064692328753623
1.8038955059537358
1.5087861991256408
1.2628382568769392
1.0372951048516954
2.7760168024141803
2.753885589105092
2.7101511490910126
2.632308155534778
2.5367008650992853
2.402306899100226
2.271827767781868
1.9409720029728443
1.6131797094964586
1.3396056834690753
1.089708321924116
1.2895812492567242
1.2509899177135242
1.4662224828800245
1.463493669305617
1.383018315011854
1.626877461488205
1.585869408973402
1.7722561978025917
1.6642506119171359
1.9982141942049902
1.9663007800929937
1.8255123653120813
2.1452997514082734
2.0532507354650886
2.2161133606064305
2.184533826203894
2.3136548240331978
2.312409194287328
2.143089122148564
2.413526638660767
2.40937864352534
2.32416528839449
2.4893283526123935
2.4455672264348918
2.2403115506503766
2.395956825586882
2.598517591134867
2.6004657764108763
2.5360781388700318
2.2590128940325993
2.617456779974133
2.441555337453928
2.587987009623777
2.2608247594274555
1.18134325579624
1.195786069656975
1.2993353587078598
1.3150408076855296
1.3206366532433753
1.4809208633690059
1.4979130927746382
1.502904235808342
1.4964471161205193
1.4779308557976114
1.6725687602667605
1.6897979654145359
1.692919663463505
1.6824939735670643
1.6577463023714842
1.584820527792235
1.8080940444578264
1.8247749275580745
1.8259596919819074
1.8191429527571905
1.812331118680499
1.7998292618142497
1.782887098091377
1.7418642949375012
1.6966335635824996
1.9378915977121447
1.9535101134825752
1.9521080914082165
1.9338093022367298
1.918278767378952
1.8985189494228858
1.8500617794616079
1.8001051487207198
1.705044326852686
1.6126725276151699
1.4357282341407749
1.356690913365788
1.2452027181428407
2.0870273262688466
2.0993755856955003
2.0933619224935796
2.0838989519750193
2.0685402438089637
2.0450666926699816
2.0250812127070765
1.9665821291889427
1.9086873514390674
1.8141630168366207
1.6931991974568599
1.6113889973613216
1.493819313335733
1.4018976147814382
1.279733569677288
2.1695083308663037
2.1785119573316676
2.1690116813482065
2.1403463785797716
2.118361049577948
2.0904067666332975
2.02534944909505
1.9618876997871875
1.843665640809376
1.7287261103948026
1.6395353010428044
1.5130178376255519
1.417411155630647
1.2847461098578312
2.2558896459077418
2.2602098119716345
2.245218688761646
2.2095244205999927
2.151763312820612
2.0085685129100503
1.7542090680276021
1.519835648710409
1.2745260467955124
2.3079855164485346
2.2897587758206366
2.267951239649733
2.2185572486861376
2.1804047201336116
2.102391240479805
2.023789035416087
1.8875241499335758
1.7542804074672378
1.669580930922591
1.5064874463173408
1.404840955186987
1.2510581008040296
2.348423927950109
2.340455925559319
2.3128809742651177
2.2632034247305843
2.2230199240689985
2.1915588610405483
2.1040550543364294
2.0183221138955454
1.8605061581598603
1.7248374296498963
1.6059016784982527
1.4625473493387793
1.3405906943411954
1.1914688620317377
2.353272502815604
2.3394476577793593
2.3073652085883087
2.2511881124364024
2.2120830884762515
2.168016448611617
2.07406627755113
1.9874543319516513
1.8283360630643202
1.6796234990197667
1.5880090821794735
1.4061516593618522
1.2843308538866367
1.1282027130463934
1.130972487798305
1.1460303434582564
1.2414635550874555
1.2577522375601897
1.2611490956068154
1.4105295371740922
1.4278321438498482
1.429955881326019
1.3958318887012309
1.5871201519507858
1.604760029069573
1.6064600133639078
1.603675989630853
1.5592628482786781
1.7114467832280162
1.7274069576705038
1.728394359751349
1.7240058753478782
1.7020907299104138
1.6693658028067802
1.599870894185249
1.5229115650034193
1.8287965603805105
1.8434566835864248
1.8426206189185343
1.8360251433844144
1.8081371735694025
1.771076217169556
1.6897789624794584
1.6042610209305233
1.4330244942677117
1.2444519357729549
1.9615104373885688
1.972176069742254
1.967238920689911
1.9586924378258388
1.9225523986358366
1.8781747455686981
1.79674823166151
1.6844756105982128
1.4910342532576866
1.2789730350601642
2.033664572746598
2.0406806845764773
2.03507442321176
2.0223735809543677
1.9804187615635238
1.930828700557354
1.8274218045605024
1.719920944404963
1.5102534176167914
2.106758065018306
2.1082328609974526
2.082761024137854
1.9772209274382173
1.7453888574820182
1.5171197542640962
1.2738087139230394
2.1478387699201495
2.1432051025661556
2.1325583184320727
2.1114776421985497
2.0568518104407847
1.9929749981574005
1.8713989755924962
1.745655806673021
1.5038749325330345
1.2503736021658414
2.175277587279741
2.163369923302364
2.1431258367327297
2.1236063413329056
2.0595093415000543
1.9882402679054059
1.8455718919123776
1.7166838481243918
1.5206901624953837
1.460104049333472
1.1908513278315755
2.17185284442997
2.1532416853737724
2.1319364581652116
2.1032207904851217
2.0318188828844645
1.9584749607188412
1.8136929806014228
1.6718847047802095
1.4038985113203064
1.1276486792059777
