2.7781055878695042
2.7985783949796588
2.660322775437522
2.448777131684098
2.2224329308488504
2.0315285405054855
1.8385522882306828
1.6708174971640621
1.4386917843911444
1.1187026490845078
3.1347683135979443
3.1814495050995832
3.1819083356588833
3.1384677290202228
2.9219383098803937
2.6503954727863777
2.4135816977100104
2.1724545092688876
1.962807879521374
1.7619369186435954
1.5747680905671748
1.4247045836397445
1.1501013574525516
3.4807374959537407
3.504651707460253
3.519284053502716
3.5240686244350576
3.5206878883154187
3.3658860010056806
3.0653130186015503
2.785417933372926
2.4961626552034715
2.2439766140125017
2.002635530578628
1.7782913717010247
1.5989047631756665
1.1292849594010508
3.8119752113257555
3.851203056057495
3.855099326703724
3.848112129235209
3.8316914158294195
3.790259140893271
3.502830476038601
3.182992040674907
2.8422779838779313
2.5431062828129285
2.256783587230465
1.9911817543520136
1.7793861445164245
1.5718173782388265
4.287266175856958
4.3123162831630175
4.324760520593233
4.32026652364798
4.312393399082013
4.1753258611907444
3.8262359070856826
3.4082996258748564
3.03090570364762
2.6679733935379555
2.331923891930266
2.0650080777592836
1.80466458093832
1.5840201948072485
4.616876381455577
4.640288769452317
4.650134603077839
4.640229516023459
4.628894469584086
4.597616477401973
4.325834416750407
3.864236324133216
3.4254762387880575
2.998783857411223
2.603379360812723
2.2900824731805938
1.9855872147123392
1.7285298714141042
4.155288029110403
3.680245967620787
3.212221713608007
2.7775591068112373
2.433514103184949
1.8186563665267097
5.003830900242964
5.027845340906834
4.993320995319909
4.940083359410654
4.490253700078755
3.9793134051858776
3.463436883039255
2.9818967750074528
2.600931267338124
2.232275096539928
1.9226714951872679
5.225480839762538
5.241973634903869
5.195361596936095
4.899178660231583
4.361495001337837
3.787503862864912
3.2450101615876603
2.8153840352778468
2.4006073931553336
2.05347386917126
1.731657527945142
5.3863887862830575
5.397153837398253
5.350840053221307
5.188249796871444
4.682035761974852
4.064969496190589
3.4706231068272464
2.998516059276084
2.5433296892303474
2.1633803813801813
1.8123172750662186
5.53953853034971
5.4980934918156885
5.44638372694114
5.338062468783411
5.033240301812147
4.803332103100877
4.381377637639098
3.729664154129125
3.2082886962900514
2.705825385998784
2.2875139987361455
1.9024252713573744
5.665810190357244
5.657123475130956
5.5738872696254935
5.370309598726363
4.711863540499435
4.004938552663121
3.4312718123285753
2.87766079815109
2.417674036135526
1.9959798963377076
5.758470878705246
5.708127563834584
5.658210164655581
5.495495802262023
5.412512993618501
5.127003786976864
4.779375413570737
4.3665908747785425
3.7261035882652944
3.104059834309906
2.5880542783109153
2.1168191784815096
5.803884444983741
5.754639813484489
5.659280524256411
5.491598927920247
5.286903390283207
5.000493856472147
4.72330069811168
4.02298373937919
3.332214035143632
2.758429892728816
2.236287541958923
2.7326306386265835
2.641550367388078
3.1012594531732414
3.090095335717482
2.9080318782419536
3.4314902982896056
3.334860950689767
3.7271051836539253
3.4846228070789063
4.198264405595511
4.120136593595181
3.809068945379181
4.496131931859843
4.28791949211732
4.650861710915833
4.564985235542257
4.849307897236584
4.836213485208677
4.461652340389164
5.053778884453649
5.034861584713952
4.84453566094804
5.203348649478103
5.102087351348762
4.655454389707255
4.986170100294219
5.435522412644989
5.429782609312515
5.286195481298617
4.689570327297927
5.461434799280651
5.080991581580871
5.399082616187661
4.700380864088646
2.501222372807169
2.529387374414066
2.7459477683410944
2.776333094918748
2.7853086512850322
3.1211144498251158
3.153519778445449
3.1606160511472896
3.143179318913961
3.100068215451931
3.5152235658268256
3.547365326433203
3.5499666762705404
3.5235031556630396
3.4667532869117923
3.3048610463013866
3.7928955737244157
3.8234559053180033
3.821475380995065
3.804214547757542
3.7881092004443055
3.7593648825720027
3.7211676707578176
3.630114490864146
3.5307834315808
4.058138371313896
4.085863573768408
4.078335749471001
4.034742640525877
3.9995160492221973
3.9553737687396473
3.8485263356284567
3.739408877259342
3.533115308400764
3.3336589308399094
2.9532342456310468
2.783808288652391
2.5454044649614564
4.362074017300714
4.382756161433186
4.365155833320867
4.3427575679608825
4.307721638641003
4.255300956519563
4.211180184124491
4.083238768386978
3.957642587162892
3.7536935537872806
3.4938793704807165
3.31869018677491
3.067555518129375
2.871623495273993
2.6118967581842205
4.529866540481269
4.543358314233376
4.518522457071993
4.453234176272176
4.404445495002581
4.343045475269658
4.201555012237536
4.064471337438415
3.8104383710838485
3.564469631946629
3.3741751288728774
3.104804475004319
2.90178797797352
2.6207134647099695
4.705684075073844
4.709531854597036
4.673186331952333
4.5933503495489765
4.467135336170786
4.158558288836604
3.61556767519855
3.118223535231088
2.6001076422558587
4.809421766394212
4.765029214381121
4.71626441790324
4.608159055591165
4.525590225572826
4.3577885284825095
4.189520028788888
3.899143678196116
3.616156161998459
3.4367048575698185
3.0919820223308485
2.877662292829045
2.5541846623361004
4.895595774958025
4.874533454710168
4.812789231874717
4.704592467934417
4.61795632996921
4.550473466115862
4.363534240553042
4.181044158338779
3.846360701099531
3.558470135533415
3.308692925287542
3.0069562886752483
2.7508619708467315
2.438625189269691
4.907511226361753
4.874903337586592
4.804397303559947
4.683298846149556
4.599608142139973
4.505497992461404
4.305657713863428
4.122088509786102
3.787296478599857
3.4722719979188525
3.2793622532272138
2.8976953548881843
2.642589227231771
2.316510518308902
2.3904024312571415
2.4194631073462336
2.6189021607064227
2.650056165655794
2.653621898952743
2.9671521206918725
2.9996568935434125
2.9998618707115163
2.919882893297494
3.329137959304564
3.361469117260684
3.3621889621505234
3.3542114710759345
3.251825828564477
3.5829808094964064
3.611463354549734
3.6108827066850946
3.598874492190778
3.547636025653668
3.4743241543815135
3.321483266339131
3.15391288064269
3.8219758012692044
3.847146993487326
3.8425426136153122
3.8258114029538506
3.761745261416266
3.679407968282519
3.5016457273498425
3.316362983568758
2.947704980859834
2.543879101433277
4.091491440674599
4.107965927686994
4.094100875517263
4.073754674530547
3.9922367743934823
3.8946654290810816
3.717827609748346
3.4759630983899568
3.061864086002124
2.6103522990316548
4.237765280341311
4.246735164058151
4.231992856496949
4.2022817780749895
4.108719660953603
4.000387150276191
3.7770013935142903
3.5463869874786598
3.099165931883084
4.386014350527983
4.383478169574744
4.32434455488091
4.093851333239697
3.5974367487114915
3.112663655635618
2.5986464399630096
4.467105213549124
4.454705104309328
4.429943903641212
4.382842747209992
4.263586426924903
4.125848599345538
3.8658840916066683
3.5983988049410205
3.0866214971138635
2.5527855470734186
4.526641515082305
4.49714338081913
4.45200184190542
4.409389601368413
4.27112740706173
4.11868597756903
3.815445500562246
3.5416138797061656
3.129378424492833
3.001913404332309
2.4373520842507697
4.521862389576316
4.479193635668019
4.432640170890383
4.370552803433828
4.217834466322422
4.061793246358785
3.7568402567011825
3.456187816739198
2.893013004807142
2.3153573408909094
