1.5955751895840597
1.6114911438333113
1.5471142597962098
1.4381469201274737
1.3194438813987381
1.2184011690111949
1.1156131308102761
1.0257464540934775
0.9006326508103104
0.7267072651662887
1.8199572879316963
1.852061021623587
1.8559913323429515
1.8376854353303158
1.7278279510365835
1.5845646568195004
1.4579275253073591
1.3279497671597793
1.2141633159955179
1.1044795608105904
1.0017310209848784
0.9189523745590435
0.766467361971812
2.042471634470266
2.058708477379724
2.0696392338766345
2.076650282317018
2.0761426846004816
2.00195157747562
1.8434322396821237
1.6926102969007968
1.5351353185866063
1.396741027785185
1.2633946757061003
1.1386797422345476
1.0383951267473073
0.7732073503776284
2.2598749152708457
2.2887047339149795
2.2930026148369302
2.2935719284675966
2.287100654616845
2.267870101160807
2.1181633597171627
1.944967125695884
1.757834133219209
1.5919517911807863
1.4319764138981999
1.2825553115465018
1.1626444124169735
1.044400407679384
2.580222235135429
2.5988414587282387
2.6099730930846836
2.613466601158982
2.61082677133915
2.5441014744917445
2.3559569457817444
2.124114016332679
1.911934015457277
1.7059830763223944
1.513746910650974
1.3599247468163391
1.2088020970948552
1.0797504526770105
2.809269760285364
2.827598682833576
2.8378687202611834
2.838688049567793
2.8344030897853614
2.820278017171062
2.677373618110417
2.4207074715634853
2.1719102472732628
1.9272404736052802
1.6984510308066905
1.5156885955888957
1.3366505597057523
1.1842304643060575
2.6106833786407457
2.3402131167083136
2.0702808736654923
1.8171245401961142
1.6150137024597093
1.2494316496001077
3.087228870050209
3.1135661976371
3.101738405826214
3.0759666707855455
2.829934661526105
2.538163149366723
2.2388683332938695
1.9564535064067323
1.7309681109335764
1.5108535596042851
1.3242729197862724
3.252826518609245
3.274981335401925
3.2569244775424684
3.0985851383203666
2.791675287502718
2.456648452577201
2.1359771407827406
1.879485894585587
1.6295602075909987
1.4183084449119565
1.2206500975279493
3.3770734775303235
3.3951971605317546
3.3771485216476256
3.2921808266031443
3.004766135999052
2.6433418287986092
2.2899847651820733
2.00627407002243
1.7300705860613115
1.4971332632208327
1.2798190532576705
3.5123747758939636
3.4954545837630704
3.4695613839550474
3.411363830450239
3.2388013677374343
3.1052130836816705
2.8564802151623256
2.4668743441822896
2.1514547983850463
1.8443544346004084
1.5859390954578432
1.3456442799601351
3.6077936195851916
3.614679743608588
3.575880056905137
3.464135763435825
3.079343626051799
2.6548747403010275
2.305674809252458
1.9650047891099212
1.6788531727575777
1.4136493770330871
3.7151935214349043
3.691510650067844
3.665422489270414
3.574946324864671
3.527305961493059
3.3597058776291986
3.151951933953611
2.9019112419606405
2.50943558203994
2.123659639230805
1.7998896574080991
1.5010008781567146
3.7784667519285846
3.754277977575331
3.7026021398690916
3.606542302634711
3.486018664301941
3.3140934356827363
3.1455935780592506
2.7144312772705623
2.283217400828444
1.9205760743954174
1.5868668250716587
1.5769080846302528
1.5363245118356506
1.8094488119692487
1.8096253683836363
1.7196598349048717
2.026920865656902
1.983584979214112
2.2301858822927234
2.1071563327797587
2.5416785426334294
2.510401827593227
2.345341134847719
2.757768703073128
2.6537711084056834
2.8559307863366192
2.8334351464595446
3.0022549682187245
3.010813806586633
2.8117355220775453
3.156370792620832
3.16180135958514
3.0636641175134556
3.283078323655866
3.2368951040754186
2.98748680746599
3.2081091465491665
3.4655620923793875
3.4822088396726714
3.4091328866808426
3.0645483621241794
3.5446043364289133
3.329085630490382
3.5448361983493397
3.1300689278270593
1.4483240693866564
1.4670855516960013
1.6045166676289753
1.6252857242081988
1.6338663097442656
1.8493773629922692
1.8725362295111727
1.8810261086729068
1.8757155729942365
1.8556960663349586
2.1144194859380634
2.1388889932726065
2.1457458144636647
2.1361572244073113
2.1088284320888255
2.0241547102465165
2.306723911122382
2.33131746528337
2.3364371543261115
2.3302233687440452
2.323091654186003
2.3093515464964156
2.2900927391831005
2.24231672694268
2.188731835982377
2.4957991380633215
2.5200816378129764
2.522314359181764
2.5036087622037786
2.4861180728980883
2.463310971682118
2.406183484883239
2.3462582601799693
2.2311032079889133
2.118213210716161
1.900545217083155
1.8028855042907912
1.664641509726928
2.721129529461057
2.7421614056770207
2.7394424083805284
2.7298045833605524
2.7128205804742844
2.6857077358156105
2.6621187375735182
2.591973315445697
2.5214761296480788
2.4052655871306863
2.255359252807754
2.1534799291730864
2.0064404866349586
1.8911529589142495
1.7373435557680026
2.8515501433807087
2.8691599157810086
2.862110851285175
2.830567462902237
2.80496736523165
2.7716712449866185
2.69270793980264
2.614690317832428
2.467840187872506
2.3240048741165706
2.211821632887215
2.0521248993820835
1.9309785862673376
1.7623336349776901
2.9961534194287682
3.0084010015575164
2.9948876910221056
2.9543832550208156
2.8850883065571944
2.707811159039459
2.386775507153613
2.0877666137725264
1.772421483731878
3.094456144054329
3.079222905529033
3.0547606708347246
2.995977421844527
2.9492741712865964
2.8523031882313514
2.7534635674565475
2.580400279603717
2.4100263832265036
2.3011940616552606
2.090779274304508
1.959150936705033
1.7590863877553493
3.1844724415334658
3.181809967407769
3.152148850353172
3.0931640456045337
3.043756588520128
3.0045508527663776
2.8940670303796523
2.7847076085545854
2.5814188763647885
2.404737651595573
2.2502482316590546
2.0626042647235203
1.9022479990512575
1.7054457025392264
3.2218513945691067
3.2116501680112033
3.1758806419878707
3.1079057764580464
3.0592292680034787
3.003729719007172
2.8837991324633245
2.7719631316729236
2.565977056245187
2.369861933594023
2.249222526074689
2.0086670363064667
1.8467648601102304
1.638318580307115
1.390179839715155
1.4099436595491988
1.5371881328267696
1.5589896640442154
1.5653797525437632
1.7664486892049902
1.7904186510377915
1.7959104065529745
1.7594355623877607
2.0122904111166857
2.0378696702459322
2.0421443822149716
2.0402812206154763
1.9915830411576825
2.190175777413067
2.2143647006740736
2.217774889103518
2.2145020692560227
2.1911101677429716
2.1535294151098663
2.071415946860548
1.979017565449407
2.362799023552092
2.3864319992810175
2.3878655883608007
2.3820360546492427
2.351492507811381
2.308285456607908
2.2110338025982075
2.1071006750243195
1.8969375376666118
1.663626476966665
2.5660597280182578
2.5857642692543132
2.5829178608667895
2.5743269125479182
2.533556368490668
2.4808756290163108
2.3819861143449206
2.2436275602084703
2.0026538892875743
1.7362946033119273
2.6822322847346434
2.6977538641355228
2.693809954684927
2.680722364266724
2.6324392962480516
2.572900482095124
2.4458620256352317
2.3120242691625457
2.0483271135685253
2.808340806577146
2.8175122518608022
2.791535360804761
2.6650187480621352
2.374589897337966
2.083965775368547
1.77140019624081
2.890934883940477
2.8887278854724094
2.8783196942450795
2.854784540488269
2.7896408216072386
2.710909856894723
2.5579925192649338
2.3979633641893914
2.087073778201359
1.7580970793149118
2.9616306843354785
2.954484013061486
2.9325267609772827
2.909800928269676
2.8316965540678787
2.7424229011062424
2.5602737834898286
2.3931122408283843
2.1384045942292884
2.0590638125403897
1.7045302882451863
2.9858877222595335
2.97009516179344
2.9462223294714955
2.912164029960802
2.823826077331153
2.730656334567553
2.5449345982177696
2.3586535289419532
2.005343735939549
1.6374796832831129
