0.7401910059646368
0.7355158995680752
0.6659136559424474
0.585017676247909
0.5045988976392891
0.43986862197408144
0.37686171090848075
0.324077696952811
0.2540687965648187
0.16382956231298898
0.7933809585490468
0.7939161768805243
0.7862511239706912
0.7612008450729455
0.6765997266365696
0.5833362062723074
0.5066217156153832
0.43172011867151383
0.3691053346337885
0.3113035358071553
0.25939184719865555
0.2192251029203758
0.14950382815861515
0.8374845214838846
0.8386407433077461
0.8373891791662487
0.8302754826621601
0.8266192448004636
0.7591018518237352
0.6572057900314572
0.5696359747280297
0.48337556048464175
0.41126098120274823
0.34488195717808273
0.2855121319420023
0.23978303482871513
0.12859091609693346
0.8743222879105136
0.872835008746609
0.8700875317934332
0.8600634211500711
0.850605003585417
0.8319775734787335
0.7327332818342146
0.6352195607253094
0.5372389796856474
0.4550519269273249
0.37954022886665384
0.31225270688303125
0.26064796747305974
0.21203129270354487
0.9173218004488591
0.9166833038122818
0.9133197365598617
0.9023781415367867
0.897347259632917
0.8438887968552672
0.7378926327877173
0.6227978625288965
0.524555045433651
0.4342053517817406
0.3540455279226432
0.29294005728337424
0.23577783406957406
0.18944543973259764
0.9392694306414117
0.9377080380263554
0.9331853245602066
0.9209193513029118
0.9147647690784081
0.9012781279796364
0.8147561931578244
0.689761722722331
0.5793302776043364
0.4771390370518861
0.38660459285209575
0.31786892635876146
0.2538849810338183
0.20227045616998404
0.7316496084603505
0.6141026783480427
0.504412152983158
0.40719961268437427
0.3335717218983701
0.21025640191649786
0.955150866622416
0.9436716400898566
0.9241943972904287
0.904619612127301
0.7790143980428721
0.6543459883938156
0.5361216396720874
0.4310912262688761
0.35164991634691445
0.2781445076015924
0.21931028632005464
0.9572526783246825
0.944497476910149
0.9218162055186625
0.835413513232639
0.7049198922596155
0.57644315205972
0.46145920424315257
0.37455029629386466
0.2944346843261727
0.23058849921588892
0.1743380001486638
0.9543241416402292
0.9416960369034809
0.9198385967634803
0.8705227664995506
0.7465564748538163
0.6104650022527701
0.487155780745351
0.39388737702081283
0.3080851866759349
0.23994877138959342
0.18017021349547754
0.9311447832423757
0.9129756439419253
0.8961739382935984
0.865805012074152
0.7912032777477629
0.7392824077959536
0.6486684065113106
0.5162521263356518
0.41572421480677374
0.3233983766821027
0.2503573928434524
0.1865525095421047
0.9323120845684254
0.9163128514998664
0.8862609878285412
0.8327876054770817
0.6879261111053376
0.5467701683280649
0.4386545444456911
0.3394014694612148
0.2611444264161958
0.19304809322922659
0.889333794634331
0.8717722681152476
0.8573413062643664
0.8165981567490308
0.7975558237678565
0.7361211067111996
0.6657515910191595
0.5862173744025492
0.46852238349064385
0.3601857278315602
0.275005250619338
0.20128759448779673
0.8559150056076387
0.8402394878210034
0.8152072507678716
0.7768138806977521
0.7335930568918497
0.6768330488917805
0.6242824133292458
0.4980397923272464
0.38069382059340673
0.2885727509009824
0.20917338060849042
0.710836854553861
0.6610755434130037
0.7658267282295651
0.7492336814725343
0.6733469458440857
0.7996699895713307
0.7520873827154988
0.8181833404850257
0.7289754048360582
0.874025891212414
0.8329826751525581
0.7346792661868624
0.8819734573293833
0.8078638553596277
0.9076730421091164
0.8485868453313895
0.9114998300624938
0.8863992231189298
0.7742916218242516
0.9121890190571116
0.8865194917645893
0.8265773412504197
0.8958337050381883
0.8568601610543916
0.7425741645384963
0.7842682163613364
0.8893642456478481
0.8648098760793936
0.8205957365557224
0.6849039789608713
0.8203513244801587
0.7299998800342106
0.7647176287133535
0.6215016154733984
0.6412389675479828
0.6426898924786744
0.6742565468183744
0.6752008351329345
0.6705091498345837
0.7179690095010394
0.7178645904943901
0.7116165863970849
0.6986949643344134
0.6792672398575612
0.7546413310994649
0.7528557574376535
0.7447682185039916
0.7290230367849723
0.7063585928283254
0.6528518131624198
0.7743000337421523
0.7711743820377207
0.7612174781653359
0.7513785564057919
0.7442036167989191
0.7329385096513379
0.7195039505326317
0.6903469306663225
0.6608395889705965
0.7872542850613578
0.7822216244730651
0.771139400878035
0.7515964892549735
0.7391752381760028
0.7248761613977441
0.6930320254794494
0.6628026477777518
0.6084913037864031
0.5584215409660659
0.4670048964310194
0.4276358974222828
0.373775270718233
0.7928056155463603
0.7858740378939362
0.7720638456904229
0.7625269399655644
0.7500685321477927
0.7336776752913229
0.7208975096673702
0.6860876632065268
0.6541288389794937
0.6046346268527597
0.5443090560398659
0.5048625778905453
0.4498763341573276
0.4079852514754593
0.354007959315075
0.7893793714299356
0.7803932097762701
0.7655831448581844
0.742794742359427
0.7282834148070788
0.7113997125905068
0.6752240690480067
0.6421625017166295
0.5838804524924517
0.5297500552536578
0.4891449967371919
0.4330847844654821
0.39201661442064023
0.3366225382803887
0.7771664243897499
0.7662606272820626
0.7492061727304192
0.7243731622044441
0.6913345199191424
0.6199523683044906
0.5056857059097135
0.40771603435617043
0.3111556489159379
0.7554396266483465
0.7336437105015768
0.7184473687443593
0.6899283786336934
0.6701539000507561
0.632392269218306
0.5964002569621429
0.5372578736147386
0.4817883176155461
0.4476208027418769
0.3837164160301725
0.3451449620023407
0.2886039972058862
0.7277979656847818
0.7128859799292053
0.6927665867919076
0.6649223558367185
0.6449928147023799
0.6302366936680858
0.5914771126585002
0.5553312002342594
0.4921144139452542
0.43981871922029975
0.39589044636549536
0.3441578443276242
0.30155741888545323
0.2512327176904026
0.6953585887711948
0.6791673017329735
0.6585007932677523
0.6298384959765955
0.6117701915203361
0.592343428184026
0.5533002522468123
0.5190566991268527
0.4589624966858636
0.4050119968337498
0.37268234076396983
0.3107328087331124
0.2706797390585701
0.22114386558983906
0.6002721527420731
0.6010930513253836
0.6296358276023375
0.6298193303588517
0.6221825493542437
0.667955954614122
0.6668001104260644
0.6573762287526251
0.6207532846285744
0.6991250231882207
0.6960662596561754
0.6901490385800917
0.6838706977085646
0.6426278951803185
0.7149584154746444
0.7104686723164665
0.7048270970152856
0.6965681242056861
0.6751687312671978
0.6506379822140669
0.6051774990128929
0.5590292662802947
0.7244477211771331
0.7179871435887549
0.7112976284076314
0.7020831781617025
0.6780657922323017
0.6526393168743524
0.6033337042296926
0.5556762158872608
0.46618411231234475
0.3735677062402946
0.7260251229331693
0.7170328668115543
0.7072998478252811
0.6985873671547166
0.6716183930956444
0.6442998708357746
0.5991988582112078
0.5416960325314755
0.4491025923056679
0.35381662896387084
0.7206739820558236
0.7103108999749809
0.7014113900231155
0.6896905790009283
0.6612071036481442
0.6326694954647994
0.5790968635048039
0.5272525604055095
0.43236147224052607
0.7061194895721951
0.6934259925167886
0.6707034969566348
0.6109841555570462
0.5033497081662819
0.40705395833931873
0.3109991566092196
0.6831580126089015
0.6749507123948754
0.665146453205175
0.6505386826733938
0.6197328391996751
0.588025765530394
0.5330426612705923
0.479623495873383
0.3831151993398513
0.28846393017120076
0.6547374721560005
0.6378758280584158
0.6236395448111941
0.6122564510583083
0.5799763857283663
0.5477462458705745
0.4885106574622497
0.4379309069973414
0.36537616661226924
0.3436423372069283
0.2511185027129436
0.622984533749479
0.6046848065476174
0.59143245142581
0.576154842203933
0.5429852862269292
0.5121443558465415
0.45561980466637647
0.403324095431599
0.31028866763086554
0.22104949271814114
