1.308086847672326
1.30587314590644
1.2010263181941359
1.0707805375221366
0.9384714197547456
0.8304200881058899
0.7239326216611508
0.6336111043984981
0.5120023032693053
0.3512868717326302
1.4217478804058505
1.4295000377190719
1.4202456230317522
1.3832926518083548
1.2475796311393912
1.092731798018538
0.9631478121525786
0.8349328531139257
0.7263651188306874
0.6248700330677871
0.5325141318635653
0.46011900538913525
0.33191996515856437
1.5219441710281123
1.5268243202621108
1.5273996907736556
1.5193422245089758
1.5143430275870753
1.40831902758629
1.2384832461103639
1.089235040822873
0.9400392133311047
0.813654993179816
0.6957994762039141
0.588967057488092
0.5055776349266075
0.2971625045689941
1.609854608288088
1.613376188333688
1.6104382407602178
1.5967968065969185
1.5825989214496896
1.55337315915507
1.3884924870822277
1.2211887334373879
1.0501925082671697
0.9047243578773188
0.7692848176511814
0.6469385313002357
0.5518312621752285
0.46096746397777305
1.720980532477566
1.723324189324915
1.7205272712059692
1.705715073330659
1.698204543631122
1.6113350077080075
1.4291496344684396
1.2261394520325384
1.0499681815236392
0.8856721519983503
0.7378451753003259
0.6235967076628424
0.5151698652055009
0.4259152448054996
1.7860171904162532
1.786769159691919
1.781974876737967
1.7645184042918434
1.7550081124702794
1.7333812609289758
1.5860104856750965
1.3645884895181069
1.164977597797577
0.9774368102498904
0.8088886142185517
0.6791154341994285
0.5565466813774935
0.4561843416386142
1.4515359739425406
1.2381929697789205
1.0358771291318312
0.8539190655107499
0.7141499458621525
0.47489006585613863
1.84712424948071
1.8341792962972268
1.8038936270099126
1.7713441218102948
1.550171504052939
1.3231627305855458
1.104353104123889
0.9062393461170487
0.7545221902053443
0.6120639550060244
0.4962077890371954
1.8712660807137311
1.8554825211043724
1.81922477301838
1.6682463447434426
1.430248583897901
1.190743961440379
0.9728608039977514
0.8057761307475921
0.6493977752637794
0.5227731571522849
0.40929499495679683
1.8819456571157367
1.8654509593839368
1.830151355079022
1.7444769303412495
1.5187249996636685
1.2641522113846178
1.029356282935081
0.8490770011177956
0.6807181030219699
0.5448628842827199
0.423593360808338
1.8625371819174292
1.8327241348337107
1.8038158095516996
1.7500409567433868
1.6140007145027608
1.5174653771241442
1.3468228589391575
1.0934969498185103
0.8981215389982706
0.7159638327344924
0.569486540169018
0.43930443583393985
1.8742645778277967
1.8505605706669066
1.7994794531731464
1.7032591643859438
1.4320124134941783
1.1609047304284543
0.949713417074954
0.7528398863757177
0.595032756834078
0.4553865173630346
1.8182970604378916
1.7880919428253157
1.762464334711279
1.6882076269977535
1.6528395467946062
1.5370300934458434
1.4023836826083897
1.2482560461365997
1.0170677057807778
0.8008243417416594
0.6279686871847742
0.4757537974532177
1.770784483489321
1.743317278642777
1.6979244973360172
1.6263722557162092
1.5443944860856789
1.435134620619343
1.3328756729415843
1.0838106729084958
0.8483323920707262
0.6603169862031623
0.49534201900098246
1.266096059385413
1.1923153392474635
1.383368345482765
1.3615341479486975
1.2415662185953105
1.468291914029971
1.3952495368696463
1.52746420881882
1.3813168952887998
1.6536779743904597
1.5903108960619758
1.4228576809568472
1.6958376267840267
1.5724316559511056
1.7457527701459143
1.6563511227132777
1.7708074714629332
1.7351819959421786
1.5406360673591712
1.7910718687239782
1.7535457239916172
1.6503325505763062
1.781639242625533
1.7166644968505071
1.5104893300125948
1.599614416533366
1.79100895649728
1.755173921614354
1.6778924548089644
1.4256085077552272
1.690800170389111
1.5240186617982807
1.6005874814020327
1.326829360016043
1.1467009593332902
1.1528415081501397
1.2203080101244896
1.2260652059484576
1.2216891566111578
1.3230156452580506
1.3273815092328025
1.3204903317440932
1.3017685937588621
1.2713216384322452
1.4168626711463013
1.4186907859009905
1.4085510247002062
1.384744979679502
1.34806875323476
1.2578551465965067
1.473502069171961
1.4731304440269348
1.4597068825547985
1.444607116352125
1.433160082559397
1.4147664234057278
1.3923551833217467
1.3427070729838322
1.291569342427961
1.5186012142104772
1.5150254943888881
1.499232910663091
1.4678686632818072
1.4470730976375956
1.42270314963112
1.3674107274334844
1.314051510367233
1.216893713118364
1.1262152984768958
0.9584663594763149
0.8854863743419875
0.784753142421181
1.5558438742690281
1.5485153380331
1.5275585705182657
1.5119655124520954
1.4910074918060898
1.4627287907319464
1.4403036786681784
1.378438983358783
1.320704681635608
1.230247532904169
1.1186733218446432
1.0450769841277245
0.9416301325027625
0.8622197797569301
0.7590369965925208
1.5663172632609736
1.555126037128021
1.531823762620595
1.4931358928650789
1.4677608539691847
1.437757634120451
1.3723818371738916
1.3118123067785823
1.2036928275038206
1.1021403507401122
1.025289998360377
0.9183882979616279
0.8394019304668267
0.7319397588449293
1.5638015726353376
1.5486537522967458
1.520709840682566
1.4774528168081407
1.4178844670792197
1.2855994346392485
1.068710723240607
0.8792418761522642
0.6893019120091787
1.5404521678458878
1.5047000819759502
1.478100099837397
1.426615614266788
1.3901776938790884
1.3196356240478548
1.2515773330121998
1.1383700978657862
1.0310751203963617
0.9644356442437974
0.8387857583504207
0.7622958571586853
0.6491010497063884
1.504993129114133
1.481103072040122
1.445784196463194
1.3950579837680457
1.357853833402446
1.3300370802220105
1.256160395751683
1.186283338206341
1.0629150736553636
0.9596608146012783
0.8721949642952114
0.7683683005807272
0.6821274050599884
0.5789132883560456
1.455919171876723
1.4288023706073225
1.3917195228774841
1.3383598103816075
1.3040927741336308
1.2668991973754815
1.1912300517486312
1.1240996157030798
1.0051350222874669
0.8971107487222385
0.8318313499677328
0.705722976075455
0.6233127870559371
0.5203622091799291
1.0804393285954317
1.0859798236328997
1.1471655035182862
1.151948779762549
1.143037074933216
1.2390973128402831
1.2420404900346589
1.2301206325780083
1.1726981534379841
1.3215111156592572
1.3216035215922415
1.3139579466780749
1.3047621169665733
1.2379597460400233
1.370048342029727
1.3674856300644038
1.3599044619398821
1.347470677200102
1.3128412970357248
1.2713897086499584
1.192482105133344
1.1108518822107394
1.4072946115051024
1.4013785385167343
1.3917835609374416
1.3773757157741777
1.3375039786179448
1.2936203583890253
1.2064273455504044
1.12059286369768
0.9567529056753078
0.7843088860426655
1.4350983174464174
1.4243312952359672
1.4093358314584783
1.3950433556216304
1.3489124209206076
1.3005419242001501
1.2190040793433214
1.1132096258669297
0.9399798852246009
0.7586180915211718
1.4405001242955984
1.4267695960343525
1.4127147783505198
1.3931579259133944
1.343414573511642
1.292088805193337
1.1936568130256076
1.0968487449339503
0.9168238686014869
1.4317524438050857
1.4132227750185222
1.3748234669733774
1.2666647322680835
1.0636785155405324
0.8777844233955212
0.6889472307037726
1.4041660305431027
1.3910416648264439
1.3744344541204656
1.3487413243493196
1.292729861296791
1.2336739666380017
1.1292670118985828
1.026350478848009
0.8374436835251752
0.6487785888590827
1.3649961945110207
1.3372484796612423
1.3120726620308434
1.2913763879602747
1.2312457256753864
1.1697690791829756
1.0549769701148786
0.9554592460487944
0.81090025999959
0.767192919776756
0.578643868750426
1.3152159410668887
1.2838929920686115
1.2599218603646412
1.2315273662255664
1.1686018377574854
1.1088443697746995
0.9976733609045393
0.8932982425953017
0.7046932003813644
0.5201349461792799
