2.6798254214818176
2.707493112858705
2.602445646964653
2.421337311504532
2.223732211106479
2.0554593270582355
1.884253424566289
1.7345542222339425
1.5261079000714741
1.2362381954238448
3.055930857413024
3.1116001262673016
3.1190098008876204
3.0894400544951943
2.907462287401035
2.6690873868828175
2.4581735569366936
2.2416153962067744
2.0519887207183727
1.8691521383383969
1.697831157572771
1.5597683175379884
1.3053316178394883
3.4300480483062565
3.4578203744884433
3.476650107125654
3.4892675874401506
3.4886999690801326
3.3669020303797046
3.1034460961872123
2.8522841704219655
2.5898692025377383
2.359161898615151
2.136790338537465
1.928736716115337
1.7613739917897404
1.3184286627588775
3.794653982368465
3.844279625663602
3.8518870715022473
3.853710422560149
3.843422285837684
3.812014654669152
3.5638631200612165
3.2755678676240265
2.9637195479104768
2.6871274194668753
2.4202610180206783
2.170885765661377
1.9706655021624675
1.7731305190413589
4.331614303756697
4.363568048872333
4.3829307856597755
4.389898475610838
4.385818825597332
4.27632161258486
3.9637724319189256
3.577535038079456
3.223696321459873
2.8800207073811075
2.559037268472899
2.3020404214166352
2.0493979307939307
1.8335049782890176
4.715076302536762
4.746586137598774
4.764566211123475
4.767073805406488
4.76030547147755
4.737371568990416
4.5008674752058235
4.073592515202911
3.658726162656492
3.250394380919064
2.86829279635452
2.562852488797776
2.263429790183929
2.008328707149355
4.390853242381235
3.9399215448883096
3.4894272851741044
3.0665980826010433
2.728780317491479
2.117030904242578
5.179595566025975
5.225578441968781
5.207143691895392
5.164929296117695
4.756499605013528
4.270212610284616
3.77074487328135
3.2990317873772983
2.9221135824907725
2.553891633778047
2.2414790230429267
5.455697340403819
5.494575066650689
5.465794552710485
5.203651779318487
4.69250142897892
4.133504843331817
3.5979127474300334
3.169156943928248
2.7510330100648894
2.3972801698662924
2.065955504967685
5.662356534610834
5.694260304692451
5.665397155546242
5.5250377507676305
5.046792871597047
4.4439048051561745
3.8537774938099747
3.3795442277587666
2.9174688059456813
2.527398370785659
2.163121628598346
5.8883324284373595
5.861049230753747
5.818440063408228
5.722058293332812
5.435081175998256
5.212488777424975
4.797604847526555
4.14705286640069
3.6198781396036543
3.106165832049044
2.673466395447939
2.2706971614813543
6.043963303620687
6.056792460326625
5.993216358749181
5.807810484190867
5.166633877209962
4.458047993015058
3.8745265955735726
3.304759132698178
2.8256938264294753
2.3812501676184272
6.220526442199372
6.181564713527027
6.138377733065274
5.988049213590536
5.908776961244346
5.629483462621891
5.282964894961352
4.865570591399096
4.209935989300414
3.56494811999549
3.023174146449705
2.5223663381764228
6.320890967245654
6.280869055343585
6.194986164543632
6.035060335628977
5.834179469281162
5.547408977212134
5.266218504820319
4.546225797318025
3.8255358641703556
3.2189949068249955
2.6600990209255064
2.6500837834324904
2.5842513314302997
3.0405960841151494
3.0421508024814816
2.893685195516075
3.406374768303922
3.3359414030552474
3.7485283302774492
3.545303079502945
4.269411025475317
4.219560866495541
3.9458765353917373
4.632173025465328
4.461117775884719
4.793563060831281
4.760577532974457
5.038445368541439
5.055355874036957
4.725866428993054
5.295290732738901
5.306835102056855
5.144934395027334
5.507410150943918
5.4321599375986
5.01774553373196
5.383545835780298
5.806223827566412
5.836158387682642
5.7155688385337164
5.141810288545934
5.936692785761989
5.578202751127163
5.931910413713437
5.240269974550426
2.4343090543154298
2.4665395085841415
2.696786942856126
2.7324619271253776
2.7476300654907786
3.1081878633483204
3.148027767603313
3.163170676004432
3.155184166343447
3.122515672827817
3.5532160696270916
3.5954096852822137
3.607937325259171
3.5929486811157103
3.548171830235715
3.407927904279174
3.875810778216086
3.918296042868442
3.928023821762327
3.9183144673910726
3.9067765239765273
3.884302072678696
3.8525863510986866
3.7735099426220846
3.6845410671200267
4.192603895103405
4.234665319108672
4.239565226328535
4.209432988908327
4.180711047235278
4.143063866538963
4.048376321232086
3.948795679279039
3.757082981784624
3.5689229649509358
3.205748840039492
3.042703902332697
2.8117842838986458
4.569351510043396
4.605950719658805
4.602600045268986
4.5870444992442225
4.559230319612379
4.514504716667395
4.475462414225714
4.359010590561705
4.241723190386331
4.048109544645555
3.798079694888441
3.6280361801822187
3.3824868237490446
3.1898723075266195
2.9327550235558855
4.786768345856585
4.817568430121207
4.806968222460111
4.755293052737832
4.7129920867999555
4.657810287143077
4.526576785777337
4.396681274886151
4.151868454707487
3.9118499383017014
3.724518987745851
3.4577293267336224
3.255228266519537
2.973188606834765
5.026768560459242
5.048477442971978
5.026960504415439
4.960205867810713
4.845229270669761
4.550031191957102
4.0142551314464106
3.514578818150725
2.9870745914210555
5.189525146953618
5.165338406488961
5.125006828284133
5.027513862072767
4.949846995645441
4.788337660797834
4.623538965307212
4.334691928900928
4.0501205521328485
3.868254056595186
3.516449182949924
3.296258419734478
2.9614109098276393
5.334608755224963
5.330917523653495
5.281979489482334
5.183995393697097
5.101749964890248
5.03641543071504
4.852162743991173
4.6696532466475125
4.330112739675208
4.034921440984338
3.776633942000726
3.462800122137069
3.1944439978757795
2.8649484976585904
5.392204004988426
5.375606026045645
5.316210684299364
5.202972366075995
5.121812949892347
5.029217026414283
4.829056137734269
4.642305834446065
4.296396817722171
3.970406099162759
3.7687740047535425
3.366318739484453
3.0953452790945972
2.7463093865394317
2.3374254925827835
2.371416006557009
2.584632497706712
2.622158598544503
2.6338260981074875
2.970021820970337
3.0113605516105735
3.021680203213951
2.9623476613622217
3.3830245724709336
3.4272652693023056
3.435180262352773
3.432585676554134
3.3529709569238366
3.681600851056157
3.7235471094000094
3.7299532077192037
3.725161502154835
3.6871629685575464
3.6251628098136304
3.4889086877459548
3.335160390879207
3.9709288642525435
4.012047889815943
4.015180863591376
4.006116116936584
3.956193704797562
3.884773254483419
3.7232281255992477
3.5501674642357024
3.1996532754427234
2.8100669110517202
4.310835237615462
4.345371537443721
4.34146186332877
4.327652915388942
4.260628450118382
4.173328631418752
4.008877139197565
3.778297816485024
3.3760957176099167
2.9309824346710824
4.5044712566452025
4.531896389750648
4.525999524868063
4.504792773667929
4.425150304810116
4.326336068296934
4.114856429548855
3.8916655617676543
3.451325527179151
4.713587954211383
4.730241198298968
4.688013326936277
4.478089027663633
3.9937552961792893
3.5081807175645947
2.9853542564562146
4.850077951491686
4.846960067746642
4.830031183341668
4.791237323857218
4.683136319785002
4.552087148508137
4.297058156476275
4.029856935513375
3.510222300217484
2.959747977323921
4.962912868208244
4.9517298003364365
4.915452609060104
4.877717615501267
4.7476931407056036
4.598823812244487
4.294685361090149
4.015448978263868
3.5895823224262413
3.4568712561780397
2.86342344658172
4.998623773745504
4.972620793404313
4.932927224597541
4.876173656130846
4.728825797758817
4.573278139300931
4.261249890935021
3.9516859560171502
3.3607731383178923
2.744911989692638
