2.741255237437615
2.7679449830285447
2.6530915712925527
2.461903881675424
2.2543892411171207
2.078141146530749
1.8991352250932108
1.7428659729992777
1.5256082105799356
1.2240796918734846
3.1153604118563445
3.1694446859765635
3.1753032453711563
3.142074154581899
2.9491078043343713
2.699243034450057
2.4790166385160246
2.2534005661774574
2.0562146394562935
1.8663925563634303
1.6887630616841656
1.5457798958849345
1.2826495264275108
3.4844274440091474
3.511725196064891
3.5298798300666663
3.540824026109622
3.5395698812212357
3.4080828282927844
3.1319198167529523
2.870283129608223
2.597715892998188
2.3586129116117114
2.128566491515341
1.9136657931406749
1.7410303913120617
1.2851391523001334
3.842411306684037
3.8901790900431372
3.896985360818536
3.8966896667170885
3.88477003959028
3.8504766494224674
3.589378414570106
3.2895280926175885
2.96649656402303
2.680747030452163
2.405613009366723
2.148966844236107
1.9432332721365364
1.740553347544661
4.3650340515385215
4.3956271045192645
4.413474115100167
4.41763493915228
4.412547926193902
4.294766062577584
3.9692530745299264
3.5704197430406497
3.206450939575553
2.853839359594666
2.5252094581785895
2.262587179358348
2.0048737319791985
1.7850523457798644
4.734611761582681
4.764367250603005
4.780432003925781
4.779747090546096
4.771721461254329
4.746371552269281
4.498111999526577
4.057263340969109
3.6316818871618417
3.2141184579592994
2.8243300652253818
2.5134062701481894
2.209219026676486
1.950599016409876
4.36810598717314
3.9061370004499296
3.4463207246164016
3.0158915299081572
2.672782988714057
2.053443245763546
5.17746814495188
5.21798050231546
5.195030127232282
5.1494300015349
4.725842378607371
4.2281484952298705
3.719320953191869
3.2402114431717406
2.858322510680981
2.4860960420246974
2.171066343998967
5.437364874841297
5.470421187849075
5.436442306098107
5.162477631166485
4.639287453478497
4.0709552309311325
3.5283671855894423
3.09519004837702
2.6737949603798103
2.318224838269794
1.985924336157994
5.629813588382384
5.656023250978627
5.621970158451962
5.4740921503930124
4.983750201097427
4.371504830524029
3.77481794655473
3.2967426009769283
2.8321437056560024
2.441049083265823
2.0766562506597643
5.833112925075356
5.801493410327887
5.755893588016106
5.655239723286205
5.3606762691430845
5.134085307798519
4.713619612160444
4.057057701396436
3.5268099408902596
3.0115550974109273
2.578847787838009
2.177055444598476
5.977516091519597
5.984043034959493
5.914064336399792
5.721731150837181
5.070156139368708
4.356095167131902
3.770407120846273
3.2002665561048116
2.722394973650662
2.280194604858995
6.124979015603062
6.082159093837689
6.0365540886065325
5.881174138951911
5.800124423181069
5.516652988352833
5.166983540666323
4.747557889323606
4.091007737576305
3.447348367701543
2.909036358788543
2.41179479917821
6.203646491864257
6.160324017557594
6.070680353901473
5.906941698271438
5.703195347067825
5.414187796445488
5.131950663206087
4.4121524242614365
3.694635036205418
3.0928657388397425
2.5401696350020626
2.7073805789347722
2.6344537064863185
3.09511555962907
3.0937849292152473
2.935088813130514
3.454396907853934
3.3766654380002716
3.7862330406844142
3.570666626344142
4.295359331883225
4.237753283392853
3.951343323459096
4.6410350643329155
4.458425689165042
4.799594806892282
4.752264329746649
5.031415280872836
5.040391446807099
4.695486491836479
5.272482211810085
5.275689530083632
5.104399899033028
5.465678673216527
5.382378850250617
4.955180768034369
5.310063713108556
5.740286917219459
5.759749076906516
5.63126995579174
5.045925604677028
5.834933689680726
5.466678918062711
5.806566152697893
5.106831247021138
2.484085730007466
2.5159373686139253
2.744192236972532
2.779229173644982
2.7931991289561853
3.1489863917018814
3.1876460889307303
3.201078154998726
3.190705361392232
3.155063707238852
3.582756142813261
3.6230183375093485
3.6332400151403905
3.615214453672833
3.5668813809835687
3.4194663497582134
3.894238282750224
3.934200095634429
3.9410521161287098
3.929304723459329
3.9164659830281594
3.892125388236638
3.8583853562229122
3.775321513074973
3.6826678310967713
4.197273825297769
4.236039077164079
4.237734838939235
4.203735800685652
4.173005308485023
4.13324563646732
4.034331590932364
3.931179169208631
3.7335570994558807
3.540411860674684
3.1687614314418355
3.0022517926579995
2.7668105213565117
4.553110215237952
4.585735582270334
4.5784504290082335
4.560871653826536
4.530816210730441
4.483556811631805
4.44274819712924
4.322014173393151
4.201310319323169
4.002971098994292
3.7478025419421663
3.5746628090700794
3.3251261883064505
3.1296460169747147
2.8691695517599993
4.755346143040826
4.781560397199924
4.766886817662576
4.710908548398673
4.666394660770412
4.608962034381948
4.4736386278375
4.340508546178522
4.090822000703442
3.846873239583236
3.6569263884293344
3.386842463106555
3.1822169171587
2.8976371908119116
4.974541758414797
4.991222040306263
4.965171891346161
4.894039197969121
4.774772261623727
4.473073933607294
3.9303887117092926
3.426762850374142
2.896920174374246
5.117523700198404
5.087027831872839
5.043806970564733
4.9422819900304775
4.862471338077268
4.697676174158667
4.530410802488547
4.238567952203329
3.951936586525148
3.769149908345552
3.416202544822386
3.1957072616389945
2.860968143752315
5.23993607441371
5.23066979120111
5.177224345642275
5.075141293111426
4.990802049447081
4.924210862139727
4.737502190673635
4.553398663097782
4.212383294358719
3.9180051921604853
3.6588360350073117
3.3458550820650763
3.0788168141565704
2.7514215855205033
5.2788681358827265
5.256768913693725
5.19313083917207
5.0762372759527805
4.993488422434776
4.899572094947171
4.6976509608832675
4.510292757588494
4.164318305010742
3.839367623557907
3.638696349961979
3.239067700781818
2.970549022229921
2.625368464232726
2.382399268311968
2.4158622663967804
2.6268031331166237
2.663461586971571
2.6734395390317522
3.0051030015582527
3.044921504599531
3.0529660061648705
2.987814213372525
3.4065228402998593
3.448374745079062
3.454601402642079
3.4506277605759186
3.3643221957434837
3.6938440473593164
3.7328463321061114
3.737537741057571
3.7308442658928778
3.6890054886261465
3.623383806993291
3.48128141358573
3.3221989352437147
3.9695445449138247
4.0069003095553395
4.008034505764367
3.9968486483219463
3.942643803094074
3.867578309274286
3.7000000096853762
3.5218636752630803
3.162759602735457
2.765129242407233
4.2889551364599505
4.318869016975921
4.312189787639624
4.296449044152845
4.224776997954662
4.1337978267176
3.9643228940469535
3.728366362937269
3.318876614789485
2.8674469319589546
4.467912137413301
4.490369946485857
4.481915621517571
4.4581098165174025
4.373794018864621
4.2713522886841355
4.054522931955961
3.827125449694167
3.3806086035765364
4.657000763712886
4.668146701870655
4.620559906109071
4.402710242751292
3.9104394764672152
3.420569935217484
2.8952667668224823
4.774593478391976
4.768624761721642
4.749154335361928
4.707488073159336
4.595039689067786
4.460805123213346
4.202000718715597
3.932299096082381
3.4102023623622086
2.8593777546150587
4.866334862541459
4.849128733136357
4.809678127539782
4.77001813720729
4.636166334428282
4.4848017017838435
4.178173558573796
3.8992488933762064
3.472503222096556
3.3401805468038526
2.7499680703404845
4.884934688435643
4.852997150207032
4.8105902857122755
4.7515083098267885
4.600938935381641
4.443731529793763
4.13052824157576
3.821424654301047
3.233787831131437
2.624050431910418
