3.156700144021484
3.1895369564399405
3.0658065299950232
2.8529572126189
2.620653022975864
2.4228044016532198
2.221490492326007
2.0454526548254295
1.800311917430408
1.4593724893888496
3.6000031278926943
3.665196166505726
3.674007356730241
3.639535851068716
3.4257757576195327
3.145545422748565
2.897538213360939
2.6428630170235885
2.419838320585083
2.204780680164752
2.0032517111357384
1.8408326994699749
1.541476197533018
4.0403328650058015
4.073183141091133
4.0955260225359815
4.110574472772259
4.109958287953409
3.967126374319642
3.657455892041689
3.36210803565052
3.0534736357603154
2.7820983813151545
2.5205009909471725
2.275723250273942
2.078800569022414
1.5575283100333555
4.470295012132703
4.528983677740674
4.538031116838185
4.540380725339061
4.5283933988214065
4.491599237470909
4.20004573797331
3.861035974169867
3.494232559371626
3.168847783501995
2.8548655873285846
2.5614289665253676
2.3258067645098435
2.093319501835311
5.103469887496798
5.141268665780876
5.164232099198069
5.172693114577661
5.167970689584095
5.039568164586993
4.672145552111349
4.217822235146392
3.8015077093039364
3.397085961788087
3.019314394850244
2.716810298084027
2.4193926855967467
2.1652006896784037
5.555725883499295
5.593023810561363
5.614382471241145
5.617606272507239
5.609732924067127
5.582898728444214
5.305068504321964
4.802510102814758
4.3143614394831555
3.833805086512191
3.3840457632560605
3.0244692696413082
2.6719257623089807
2.3715184822045607
5.176411289147638
4.64581841910944
4.115614362904473
3.617882273452502
3.220159160058051
2.4997610611514287
6.10365110720569
6.15828288857732
6.136916776110544
6.087434888122527
5.607287226241192
5.035101710473548
4.447231926929438
3.8919191715011965
3.4481272725544887
3.014504466737624
2.646537313031833
6.429367463368637
6.475629592860763
6.442113873583355
6.13412082060095
5.5327387496278675
4.874782603877229
4.24422702854052
3.7393586406507877
3.2469252191886584
2.8302241076697787
2.4398706866092845
6.673173667704272
6.7111869438629475
6.6775624763002
6.512743614228318
5.950173017241291
5.2405555154347025
4.545766020643795
3.987315309203654
3.4430841899532894
2.9835706948436345
2.554360831235275
6.940170626336401
6.9083354419314515
6.858352126176956
6.745109860629289
6.407570857908359
6.14562963644744
5.657274831722014
4.891320409170192
4.270495470246842
3.6654109162155426
3.155646062346783
2.6810484113430717
7.123373639468393
7.138908480911803
7.064441944217436
6.846512341842676
6.091957191658197
5.2576629192160125
4.5704584352782875
3.899316651821374
3.3349003225667104
2.8111639097572594
7.332044907298316
7.2863888552506975
7.235673583165275
7.058926741507159
6.96567279169804
6.636983811928963
6.229053882848417
5.737575650990143
4.965428409408637
4.205643092046066
3.5673117245597825
2.976859259441534
7.450337399787368
7.403397687338479
7.302461921319758
7.114327102552107
6.877911916708971
6.540309769721673
6.209213757542706
5.361261652122013
4.512291703102828
3.79763322466409
3.1389759903181247
3.1217100397693542
3.0443699731165363
3.5816260499559833
3.583817778024547
3.40953988863208
4.013071421098952
3.9306394929590187
4.416779637049086
4.178167801249552
5.030771584282814
4.972661074169832
4.651046230550399
5.458894172934789
5.258204756709223
5.648730849256129
5.61102884312294
5.937692870368853
5.9582582928690515
5.571165436722403
6.240703989631395
6.254948827982412
6.064886957040524
6.491304937268235
6.4032359603948255
5.91591788726784
6.34680086400545
6.843322270640802
6.879274598318697
6.737751895275128
6.062682115554683
6.998146429515923
6.5765164339560105
6.99271824825177
6.178616645101246
2.867367452211122
2.9054177013104905
3.1768247218623764
3.218994766688674
3.2369980906124476
3.6619063813237855
3.7090310621081866
3.727054848989644
3.717851162731222
3.6795836704616236
4.186771568772383
4.236715316945195
4.251697032753011
4.234290427977116
4.181794996665527
4.017030851102776
4.567308444343952
4.617626873133192
4.629346226902878
4.618074374504437
4.604582147944237
4.57824290020925
4.541021607838413
4.4481259855847854
4.343542350970139
4.941052850786985
4.990916784366882
4.996962333468631
4.961763141657183
4.928073915935091
4.883870063593749
4.772598917652305
4.655511209465127
4.430009368297095
4.208628629001894
3.7812395296470442
3.589338697431009
3.317520989049498
5.385599711590757
5.429052164600808
5.425412165071752
5.4072389069511635
5.374637108028078
5.322129128280764
5.276257799407726
5.139355197480543
5.001402900546829
4.773604645984746
4.479356468273913
4.279210078574404
3.9901539102428454
3.7633898036933147
3.460652243771059
5.642174034395343
5.678814413012188
5.666636177137988
5.606071100098426
5.556393800540411
5.491543355354575
5.337218967786746
5.184405358172713
4.896310467819331
4.613794311185437
4.393260637166988
4.079152220607527
3.840706271833339
3.5085676923047506
5.925410537466612
5.951341409196194
5.926312108983146
5.84797902037597
5.712827282249017
5.365515384707731
4.734806880376114
4.146411948440239
3.525107640114743
6.117652762528469
6.089580341744022
6.042262603977597
5.927688219809242
5.836340250777971
5.64630656706653
5.452344251347868
5.11229050515391
4.777210260742968
4.563035564617729
4.148684752123211
3.8893166047941246
3.494847150522894
6.288670085618566
6.284645801808977
6.227268448437411
6.112101319187976
6.015356134695766
5.938477510372633
5.721607023663943
5.506738534220314
5.106908313523654
4.7607064302221085
4.4549974730220425
4.085289485716475
3.7691154218529554
3.3808626298734583
6.356559095029091
6.337291970461123
6.26755778843566
6.13437748863887
6.038877482642323
5.929892323356677
5.694241627163257
5.474333849310722
5.0669375226047695
4.682931606077411
4.445393490715588
3.9712232468077198
3.6519207395546665
3.2405836011662736
2.753476947131199
2.7936566785867956
3.0449384933428054
3.0893187326832887
3.1032549877013738
3.4994289013862905
3.54834546210956
3.560734780394897
3.4912707701188523
3.9865917674782434
4.038982262520643
4.048473397222784
4.045535732514736
3.9522356561330074
4.33885296467995
4.388571010674785
4.3962732776541
4.39078855966582
4.34631598037854
4.273525614407726
4.113375446332754
3.9325592740793565
4.680250218552545
4.729038865553152
4.732901094180702
4.7223922307270465
4.663896250665678
4.580010032161513
4.3900795118928055
4.186504830546703
3.7740474086190385
3.3154940063291227
5.08139517834102
5.122462352365887
5.118074770313582
5.101953698871064
5.023329202824128
4.920736835185935
4.727328000734375
4.45601939568413
3.9826122607729473
3.458559862276988
5.3099466990001885
5.3426367886362645
5.33588046408727
5.3110887163477525
5.2175968488919775
5.1014346923814555
4.8526501358470355
4.589981344569523
4.071595269526847
5.556784409734572
5.576789527424465
5.527415100710349
5.280658761619875
4.710621348481032
4.138861683031419
3.523076887291937
5.718057193043995
5.714572290947996
5.694796395687465
5.649284585858647
5.522229256141998
5.368066523169369
5.0678964152299155
4.753303220746612
4.141336807113097
3.4928842769548507
5.851040508552064
5.838211197872136
5.795664938566348
5.751328870557251
5.598400950037149
5.423201684888814
5.065120511575656
4.737730710770272
4.23463549143757
4.078294268764826
3.379054746206023
5.8931044699668655
5.86277044544512
5.816155283337707
5.749428805253361
5.576047369867093
5.392931015617981
5.025486322473812
4.660852049771054
3.9646815874978647
3.2389349910188314
