0.7824297211591835
0.7911872079686968
0.7630198120208066
0.7124558515660206
0.6568948485333537
0.6094146379851805
0.5609958233277581
0.5185728785744499
0.45938538977233884
0.37688800413694845
0.896388014600191
0.9133668140868376
0.9161469113494956
0.9087179953241693
0.8582647197645503
0.7910860024049416
0.7313290375495569
0.6697902457542048
0.6157717921964564
0.5635803051508393
0.5145940315206409
0.47506464401223863
0.40209238812473913
1.010463222876392
1.0190141911247705
1.0249709378442757
1.0294187242787154
1.0295102817447084
0.9966732835198461
0.9224560269351249
0.8510758993607689
0.7762026310818757
0.7101830300261799
0.6463977156102801
0.5866012306469783
0.5384202302615326
0.410569915003053
1.1228100284436422
1.138448266022484
1.1410520637920365
1.1424403374220318
1.139991221578541
1.1316858920878596
1.0621947840964625
0.9800999349867678
0.8907953697011652
0.8113028253523421
0.7343953489675757
0.6623639570931887
0.6044174583764803
0.547143354917011
1.2900858172446414
1.300240687005354
1.3066711152620563
1.3098909572425195
1.309068992682613
1.2794645026417346
1.1906845378711737
1.0796122461213413
0.9773140851192295
0.8776097397295082
0.7842272669535714
0.7092787774041819
0.6354312883236377
0.5721745569554133
1.4110942122367023
1.4212780152138573
1.427463128420551
1.429511450298092
1.4279848816504617
1.4220668969412364
1.355707907950682
1.232725472861524
1.1123376968264767
0.9933331361809616
0.8816095314072419
0.7920530440938943
0.7040312927209254
0.6288025078096651
1.3308742829250768
1.1997877024937682
1.0681562617100546
0.9441621387777596
0.8448001862801513
0.6641226362057491
1.5597258860743528
1.5758089389750565
1.5721206494785345
1.5608158804908088
1.4442088393142904
1.3026629684056723
1.156335230320721
1.0175707013622488
0.9063292502694569
0.797325353400593
0.7045510700627565
1.6494958730071008
1.663604101613573
1.657103890988417
1.583161555639552
1.4344266311313185
1.2702123744616636
1.1120890498332971
0.9850435625373073
0.8607404718196597
0.7552200023992439
0.6560796485919359
1.7175787470727215
1.729552585208739
1.7230375634824753
1.6839601609421224
1.5451781235329698
1.3677912393283622
1.1931008127830034
1.0521472029491439
0.9143234587640453
0.7975619415579529
0.6881527149940897
1.7950505905301077
1.7886677070377677
1.7771104120195442
1.749919718949037
1.6668124471676353
1.6015442576762318
1.4791310579362835
1.2860570646053258
1.128872087551472
0.97511912557044
0.8451195997453554
0.7236759316236967
1.8465809542600344
1.8531124289847156
1.8366946451694628
1.783876367989974
1.5954619215181223
1.3847306427367982
1.2102322558147018
1.0391372331528979
0.8947002621032051
0.7601835805757522
1.9119934458342378
1.9019224958318681
1.8899778745105862
1.8469194090781964
1.8238407926550468
1.741644453285226
1.6388030438408887
1.5141860909556981
1.3174905726990398
1.1230632588726532
0.959011470833618
0.806794973370462
1.9513867939160907
1.9407764231576308
1.9165684617624579
1.8701217659971832
1.8109586538543352
1.7257062883678
1.6416289817042866
1.4251279299293462
1.207169720695813
1.0228238499969085
0.8522862736242593
0.7749565370701041
0.7577223504653262
0.8932633975726392
0.8948900637503505
0.854216975568484
1.0058627688631532
0.9875425963669194
1.1128915549185703
1.0566724584273175
1.2743631845524643
1.2624896141347934
1.1853057795995896
1.3904711324765093
1.343718419795732
1.440212165656361
1.436161925673203
1.5192681081463126
1.5276247250977344
1.4348760080436302
1.6030825919630007
1.6100205642656944
1.56522667248915
1.6747925850854677
1.6555264150569675
1.5362368489596332
1.6509167920071683
1.774835757883356
1.7882828239352513
1.7553696651199198
1.5877410409882635
1.8292799417880106
1.7256596711406322
1.8379066472166952
1.633467059330289
0.7128209790558176
0.7226272691334399
0.7926883525981884
0.803655017552186
0.8086681192029871
0.9190281743077408
0.931471955762301
0.9366956975381122
0.9352323380912095
0.9265812425548311
1.0574173980189654
1.0708809610047323
1.0755689050909836
1.0722748623001979
1.060229129852083
1.020924124428281
1.158979005673061
1.1727764457707723
1.176864353649594
1.1747692456874659
1.1718248126143662
1.1658194484080964
1.1570992538962148
1.134929551562602
1.1096637206824038
1.2599186228622927
1.273920900966401
1.2767045466423603
1.2692216706644377
1.2614046040395817
1.2509448411408397
1.2241952469239816
1.195707094822243
1.1404637728383118
1.0859270176930413
0.9801988832959292
0.9325993789296182
0.8650365175979786
1.3819138100853579
1.394570423203975
1.3951942200240477
1.3913541091818695
1.3839185841860617
1.3715163895330622
1.3605050516671704
1.3272557619857492
1.2934001641937884
1.2371312851558525
1.1640738274355928
1.1142308714880353
1.0420524044177657
0.9853339329151017
0.9094413251421943
1.4536514519074302
1.4648232499310068
1.4633488780094905
1.4496058159285885
1.437807482522416
1.4221519427910478
1.384397220528683
1.346682144142472
1.2750975160964175
1.2045659399629014
1.1493348278827227
1.0705008309751913
1.0105146118541906
0.9268011291721813
1.534582514884275
1.5432361650789006
1.5386663721641523
1.5204485291991632
1.4876871910120895
1.4016592651005937
1.243478784089996
1.0949293521305379
0.9373657252109722
1.5918811128608739
1.5873063586160028
1.5764096874029905
1.5488056240129535
1.5263627828506157
1.479195132560574
1.4306924817379862
1.3451206032750211
1.260447266779846
1.206166402424181
1.1009048264432688
1.034854832489276
0.9341826158873786
1.6451543232000552
1.6464362632037683
1.6336575607544561
1.6059592592676866
1.5821337217705023
1.5630321699850125
1.5086945932527425
1.4545134357184413
1.3530849462207137
1.2645168469264412
1.186761855514775
1.0920813877929367
1.0109086986465141
0.9109928541122648
1.6704283650600538
1.667815937120752
1.6517956561277456
1.6193365801861055
1.5956277249492148
1.5683688336449804
1.5088989916215159
1.4531012281447047
1.349172777149635
1.2507509742249172
1.1897471144837657
1.0676048815008554
0.9851388339695711
0.8786220915143734
0.6855530040077076
0.6959667574432128
0.760987904611721
0.7726043901580542
0.7767679198899698
0.8797246919785533
0.8927532698408729
0.8967545081681417
0.8812110663008642
1.0086339301657248
1.0228944989496775
1.0259533531402807
1.025725434392187
1.004465722208959
1.1030433550478893
1.1168553965717083
1.1194774410067736
1.118807856923939
1.1089369616426619
1.0917594081579118
1.0531558374520116
1.009085923536337
1.1956919491970133
1.2096045663789032
1.211367769928342
1.2095113813854923
1.1962538142078198
1.1762687106741123
1.1301537202842895
1.0801981553137445
0.9783255452462686
0.8645045809587383
1.3064604530965518
1.3187737185829882
1.3187512642143746
1.3153999207386888
1.2971746026300637
1.2724511047542515
1.225081319362891
1.1579760768266005
1.0400694889406006
0.9088866969583079
1.37085648054038
1.3811901564081672
1.3804889562050648
1.3752014305045854
1.3532137170053133
1.3250151184687904
1.2636598276819655
1.1983077784779723
1.0685016544958479
1.4421971176126445
1.4495373742614421
1.4391139013606364
1.3793436741825833
1.2370759563977116
1.0929163113130844
0.9368192283727461
1.491268548881815
1.4915461873160234
1.4875458241656248
1.4771010044968433
1.4464515719182998
1.4084078033048777
1.3333419449670305
1.2540819717947511
1.0989336515846497
0.9336508080289108
1.5341808375477475
1.533412522067364
1.5238745218347816
1.5133593015621252
1.4759226879657417
1.4322466051424245
1.34190312337391
1.258347761943586
1.1302353060669417
1.0901873605160066
0.910497836976315
1.5522356094659064
1.546987717485906
1.536236746069148
1.5201898257974842
1.477256005362471
1.4312732440376577
1.3380134285491734
1.2447827169511179
1.0658208265100724
0.8781668731742862
