2.745906032339348
2.770615771834099
2.6481920215820165
2.450401797961773
2.236872782032469
2.056028765771674
1.8727094276166945
1.712958451603904
1.4912492704794247
1.184249145834269
3.1088368866321128
3.1605446568801008
3.1646550020948103
3.1281361724586816
2.927694076143708
2.671139062595751
2.445934731375874
2.215773898215651
2.015031172893416
1.8221264458536084
1.641883432250876
1.4969864948326455
1.2307800433491682
3.464607501121364
3.4907439843903685
3.5077076502105737
3.5165980681941456
3.514641982205622
3.3757447227927826
3.092252028659193
2.825393146756201
2.5482397810218376
2.3056948779106654
2.07280034223215
1.8556229905905517
1.6814103345174043
1.22256221736551
3.8071855513531667
3.8519119137873625
3.8577090575764648
3.8551549387314195
3.841766848186132
3.8051794580492246
3.5362346956443025
3.2309459858414424
2.9034453974550947
2.614563771577558
2.3370352392780345
2.078659385215138
1.8719019229839982
1.6685540403620651
4.302610935493326
4.331082384920071
4.346930095805446
4.348033039888157
4.342009341917016
4.218183122084415
3.8864364387469577
3.4834813537413982
3.1172268341495832
2.7633687075683566
2.434335193502209
2.171933921578723
1.9149485379584177
1.696176094529824
4.649075653167182
4.676359151955048
4.690046096737535
4.686047563490823
4.676893769610021
4.649601376004848
4.394720528379038
3.9497686528717804
3.5227670014958954
3.105195238129188
2.716416459185542
2.4070112003519117
2.104977821524267
1.848753183178616
4.246919657952248
3.7840806866171786
3.325162437980032
2.896797980038754
2.5561714454239755
1.943404162624437
5.059129108151239
5.09307863523848
5.0659880299129
5.017925643331082
4.588348991395127
4.0902603293793955
3.583471227020803
3.1077919318133755
2.729633891341618
2.361967514187551
2.051548530894363
5.29620035131315
5.322531050139881
5.2839919536722935
5.004157218845732
4.480589370261331
3.9157342565753774
3.378495328060992
2.95082741292258
2.5358968539628846
2.1867049327898758
1.86129329832982
5.4694867165046235
5.489282048096246
5.450704069958545
5.298528759900429
4.807062518006651
4.199350949209936
3.609746430907939
3.138836390135339
2.6824867639542513
2.2993963758152756
1.9435424121229292
5.644755464611518
5.609450147936812
5.561859064409273
5.459165262701629
5.163661703837327
4.938219642439997
4.5217735028122625
3.8742848841860273
3.3532228665457873
2.8484134212506973
2.4257068352286817
2.034458653528412
5.774212537956884
5.774122776099337
5.699283507527911
5.504370452104622
4.857312364336838
4.154253275675995
3.579989325724772
3.0227795999668507
2.55716845391131
2.1277666026560804
5.888358263392496
5.842635851764271
5.795639137770385
5.638758222597302
5.557813117126731
5.27670251396349
4.931974351319074
4.520258977896475
3.8780878723771335
3.250832732326561
2.7273582364808773
2.2466849928909416
5.942897302127627
5.897253855874873
5.8059147712475445
5.642156896109628
5.440279383769406
5.15576435756573
4.879065509850118
4.176294073936645
3.478793534762558
2.895864237353335
2.3625184812820614
2.708254400903118
2.629495597833992
3.0843648001797224
3.0798607599378203
2.913731610365171
3.428343599970888
3.3445470511339654
3.741576416331065
3.5177824084416667
4.226617926991166
4.1621853872404735
3.8689130847895257
4.5464870942445605
4.356006310477822
4.698397264975728
4.637292706842831
4.911302295730322
4.911896511041246
4.558953597874515
5.1304444023669245
5.125035859006515
4.948032560556849
5.299684482203213
5.210080105089397
4.779625649215046
5.115135030768153
5.542850376833323
5.551268835250082
5.417775225439862
4.834232674565671
5.598736877586555
5.229190303317981
5.546886666552251
4.85535671373796
2.4821164746715767
2.512863105078312
2.7336503012676623
2.7672014250311427
2.7795692817127398
3.1220816974987184
3.1586029570580965
3.1699050158965383
3.157216750286989
3.119207247354994
3.5339673216791105
3.5712800555048605
3.578857612119766
3.5580262822315807
3.507039288847626
3.355407042044147
3.8266237995613466
3.863047358280945
3.8667441469368127
3.85313128249658
3.839222944321702
3.8134826947826506
3.778390727665285
3.6930425796852226
3.5986420453814016
4.108334630082349
4.142807529717578
4.141146077884073
4.1039179953808445
4.071796717909023
4.030750374228995
3.9297011136719857
3.825194406953337
3.625962394559769
3.43205234892974
3.0601371553619154
2.8938703066753853
2.659175943925042
4.434279580814927
4.462090292393138
4.450933868536035
4.4316796572748505
4.400004775885334
4.351227303469074
4.309538832805223
4.187160565848547
4.065706990515702
3.867065787259609
3.6124646726214316
3.4401219255873197
3.1930942220550826
2.998330607508778
2.7404381360342684
4.616171574193815
4.637130752360572
4.618622519372987
4.559535150181612
4.513780216843164
4.4553651375272505
4.318960585404181
4.185588276439232
3.9366610226253154
3.6943116633865514
3.50607355029069
3.238863724110829
3.036809106326458
2.756244465408713
4.8088858474128795
4.820093926345594
4.79007008226082
4.716110393370772
4.595238405514587
4.29390207548604
3.7567420227581283
3.2607888867682964
2.7409341602581376
4.928265429693258
4.892135355930571
4.846995419333384
4.7437616482813185
4.6636308840107095
4.499330883511785
4.333448688658235
4.045349728271712
3.763286431102362
3.5838231911561884
3.2379947716928075
3.0222966320291134
2.695718346519779
5.0245666047122
5.009919665361636
4.953196889570248
4.849374479857394
4.764894696968128
4.698595475383861
4.513772543740992
4.332359746784412
3.9978196408950355
3.709891402607871
3.457156786911875
3.152371497836928
2.892791977634697
2.5753006306021096
5.043456178412145
5.0163583335634545
4.949961387261068
4.832143884559511
4.749745109301471
4.656698225335311
4.457843981132072
4.274172627622134
3.9362504661060758
3.6199741250305437
3.424999846515464
3.03759523143509
2.777861137021528
2.444688277595446
2.3774915355605253
2.4096200906610874
2.613269892877788
2.6481569652665526
2.656084596871455
2.975324508531421
3.0126229343147495
3.018061234994461
2.9481902840354164
3.3553093103148517
3.393714233475344
3.3980205208043173
3.39268920372995
3.301301722361051
3.6242592111979453
3.659311162447739
3.662110064767233
3.653585816652713
3.6086922945752233
3.540783167279196
3.3958104569677685
3.2347862356417165
3.879436848320074
3.9120674111659848
3.9111055050352848
3.8979822754060276
3.8405802963613023
3.7634541162724067
3.5934639452551975
3.414128407170038
3.054365525986846
2.6575689951299455
4.170287048354014
4.194791413738749
4.185433739618937
4.168079773169981
4.093283008349717
4.000615300324577
3.829882769918682
3.593817352243933
3.1862777960633824
2.7388045962378955
4.32999737292532
4.346892612875495
4.336029855918002
4.310125570685722
4.222979843243087
4.119201741340813
3.9019044241958643
3.6754514616456775
3.2329418278682454
4.494121571756754
4.499473691015495
4.447567774672393
4.226729930725557
3.7377995400287825
3.2549420958669453
2.739384907500949
4.589694958049046
4.581008908017125
4.559432257719487
4.515838612015154
4.401618266033713
4.267287621514249
4.0106872014482615
3.7447247124783987
3.2323575552554797
2.6942361154240633
4.657670620870303
4.634835522896678
4.5931248973566765
4.552466838659312
4.417906341240922
4.26757463333894
3.9656126056134187
3.692285074851052
3.2759052925589724
3.1470801856269928
2.5739574556458793
4.6583005179482475
4.621199965044835
4.57706874388914
4.517039662911129
4.366710690264885
4.211613632308039
3.904594672048498
3.6032197220365725
3.0327010800612304
2.443479111905721
