0.9317578983069165
0.9417873776781277
0.9065873315351201
0.8449057321210823
0.7773872253007665
0.7197984914926783
0.661145621355447
0.6098125632004711
0.5382699344726672
0.4386696494142804
1.0646413644893407
1.084327939881652
1.0872469940322091
1.077661676618654
1.0158917956619549
0.9343651233668189
0.8620531896954469
0.787705815518434
0.7225307364096767
0.659629832128094
0.6006435645518784
0.5530772003860809
0.46534024863565215
1.1970818400832104
1.2069967390256995
1.2138143877399195
1.2186368452281315
1.2185841695810216
1.1777726201067358
1.0876942257424496
1.0014687089994856
0.9112173668056303
0.8317637415999337
0.755097154524066
0.683299498476095
0.625497799398383
0.4723159066624994
1.3268696196521628
1.3447683942670967
1.3476286070500187
1.3487453156003308
1.3454812055098908
1.335047555356784
1.2504430445062928
1.151389336914464
1.0439654509104064
0.948528740101285
0.8563318083804852
0.770084221040543
0.7007717915284738
0.632328145135765
1.5188867685637846
1.5304522844380963
1.5376143551023056
1.5406947062060292
1.539484835524531
1.5027435843391113
1.3954952139728976
1.2622082717998824
1.1398029048510507
1.0207235995525634
0.9093600351740926
0.8200932658685292
0.7322422479645434
0.6570773948890098
1.656774490584869
1.668268948123785
1.6750332186324122
1.6766310852985842
1.6745273435678123
1.6669875097902636
1.586291087498757
1.4387976417103032
1.2950522892732912
1.1532898251791743
1.0204311099307362
0.9140883478844987
0.8097103759459798
0.7206576524442175
1.5518275380960924
1.3954691371026595
1.2388952358121899
1.091689124950292
0.9739129987869559
0.7602107916413487
1.8248013138366845
1.8422258581715925
1.8367453588011298
1.8226362369316023
1.6821807537747786
1.5134766143868832
1.3396849433516476
1.1752379170655625
1.0436360461839265
0.9148861515428387
0.8054864883788395
1.9253590103685967
1.940357346718743
1.9313887182968439
1.8417274777585073
1.6644372226446966
1.46970847455155
1.2827048374356003
1.1327475133176694
0.9862820289152558
0.8621645474691201
0.7457403336803619
2.0010488491380767
2.0135609436790007
2.004562020758222
1.9568278121202987
1.7911608191675326
1.5810067827290517
1.3747281271466423
1.2086472438057672
1.0465577160716766
0.9094924868555814
0.7812840436099012
2.0853852825774344
2.0767525547922054
2.0624236379958183
2.029451194543796
1.9301267855158672
1.8526660017754226
1.7078739876807671
1.4802279138372363
1.295359480844495
1.1148920000047757
0.9626105992048455
0.8206190648498579
2.142360197383082
2.1482896748337916
2.1273406800978547
2.0636297784904976
1.8402839938201043
1.5921180437124336
1.387238729661101
1.1868002432772784
1.0179499522815967
0.8610184194887718
2.210573611788177
2.1977209448586446
2.1830648950814724
2.131283804528794
2.1037842925356838
2.0064292587760812
1.885190524336182
1.7387625793059054
1.50825665974334
1.280990658536937
1.0896756526558407
0.9124676496433014
2.250274996171322
2.2369292412930126
2.2075428050885453
2.1521149302864853
2.0820677586515677
1.9816608304324628
1.8829555192407634
1.6295822965267022
1.3753028991762475
1.1608277599925916
0.9627960268556316
0.9220690235110494
0.9002658116227209
1.0599787163057923
1.0612018148598092
1.0110860216448312
1.190176777425173
1.16695594724608
1.3128324450174862
1.2439334864830929
1.4986256605547896
1.4827946989265979
1.3891912187316056
1.629949966332946
1.572269160935636
1.6872309559679453
1.6788309516111544
1.7761797560536916
1.7839191331970339
1.6713283810527906
1.869871579069879
1.875811341427652
1.8209055156644378
1.948551965003085
1.9238632212893243
1.780825853037908
1.9117772873381087
2.058560250380485
2.0714435080955207
2.0307641670827867
1.8314139955708
2.1120715112248543
1.988092393618063
2.1152084968102276
1.873642471262488
0.8474466215497914
0.858884194651425
0.9403807108077588
0.9531065129945754
0.9587152542017066
1.0866198954773651
1.1009349993552362
1.1066547328008898
1.1043688316169256
1.0935116348985645
1.2456755326479665
1.2609845291249375
1.2659160535553526
1.2613124661319781
1.2463216282226421
1.198490430043566
1.3615870352260777
1.3771267578926496
1.3811997680862567
1.378235772423851
1.3744613088565365
1.3669592455527608
1.3562364785994503
1.3292639436508578
1.2987385919658636
1.4760023280205845
1.4915645345381745
1.494011632803528
1.484264087456309
1.474597422290628
1.4618081508303575
1.4293978034565666
1.3951190642957831
1.3289031686532746
1.263745609663897
1.137723338296555
1.0810719024194269
1.0007551343270868
1.6130135221277433
1.6268012374261875
1.6265062358537352
1.6214827807988048
1.612191794200717
1.5970102422803854
1.5836574723995938
1.5436068437052808
1.5030696286606715
1.4359462968667374
1.3490514581923818
1.289867412008595
1.2042959216265625
1.1371153884984735
1.0473364993642176
1.6927214823461398
1.7045977326650485
1.701786695237103
1.6845588627441679
1.6701612138806903
1.6512372537709616
1.605949343656333
1.5609369274474607
1.4758339894820909
1.3922083646915884
1.3268412539703054
1.2336508962758148
1.1628347832894257
1.0641119109626773
1.7815321042245973
1.7903050937096772
1.7837440876340307
1.7612296182949787
1.7217215105919141
1.6192635340827517
1.4322120350881458
1.257210157689331
1.0720575589632588
1.8429619679532085
1.8358637565178364
1.8223160213007166
1.7889051172898973
1.7620484426233938
1.7059380483010647
1.6484864672038488
1.547492521940435
1.447798530699854
1.3839951984033865
1.2604322988495553
1.1830048840613472
1.0651321892754024
1.8986171352264136
1.8985596899481942
1.8823415348859518
1.848774712040918
1.820299768895892
1.7975915716333937
1.7332971158889312
1.6694282316131914
1.5502759823215184
1.4464816691235391
1.3555264212120548
1.2449008641058528
1.1501898326834503
1.0337710715923982
1.9226576102478212
1.9180351324095934
1.8980750886354445
1.859039310712919
1.8308345545634306
1.7985474721441796
1.7284888401058318
1.6629349395260538
1.5412393418856989
1.4263060281289826
1.3551467626527696
1.2129103923016047
1.1170248229772501
0.9933580931127189
0.814331134299669
0.8264398225502008
0.901968984721025
0.9154004999227559
0.9198923340239076
1.0391696588860952
1.0540868262483105
1.0582345604394245
1.038610250381789
1.1870304020654232
1.2031611884982978
1.2063307830979269
1.2057246121340068
1.1791592821643058
1.2945253337770677
1.3099717476650254
1.3126147415391556
1.3113538626953445
1.2988259097559753
1.2777911948599616
1.231090901768685
1.1781135719609188
1.3992566636906418
1.414592410002922
1.4161478083766765
1.4134316784772418
1.3968070288526266
1.3724668843735213
1.3169082173656228
1.257091354626362
1.1355546220712447
1.0001419280174426
1.5232257024088327
1.5364337468575078
1.5356830427283028
1.531254751477523
1.5086963837700982
1.4787807718879447
1.421996265913378
1.3420060335646695
1.2020129537629713
1.0467008801720714
1.5944666427431882
1.6052448625245814
1.603744910198299
1.596864009262883
1.5698756648171024
1.5358987038778735
1.4626396907351047
1.3850021378719914
1.2313575064672742
1.672253198728141
1.6793519246507094
1.6656966372932995
1.5935807633743106
1.424871082594308
1.2549114869051936
1.071436827658221
1.7242626306684534
1.723803962377296
1.7184159007960662
1.7054057907876212
1.6683328975313372
1.6229220849352153
1.5340066870197886
1.4405251905945058
1.258189641674414
1.064530567707413
1.7682408800510576
1.7656473807296185
1.7535890966554892
1.7407389773536208
1.6958364464532552
1.6440062337232462
1.5375380625454096
1.4394689507097875
1.28954432780651
1.2427579114367537
1.0332146326845477
1.7842580939450015
1.7764182221581368
1.7630532903679854
1.7435999957112758
1.6924659535171964
1.6381033243372327
1.528573624254964
1.419548007268473
1.210900655792015
0.9928489733790394
