1.7674891504861452
1.787365079651228
1.7239498121555583
1.6100415584118228
1.4846843265095329
1.3775476081955729
1.2682925817278863
1.1725656105256013
1.0390061727286077
0.8528376927338334
2.0247150528467333
2.063183882584227
2.069528277048482
2.052858595660559
1.9392921505614131
1.7877443456547135
1.6529129092519614
1.5140549701110189
1.3921628984325345
1.2743880601500441
1.1638430926354464
1.0746356124362664
0.9099429616928978
2.2822275258887896
2.301592739522508
2.3151000241815547
2.325227495351558
2.3254574355758817
2.2517475804284737
2.0843628646748886
1.9233177453642274
1.7543766257005189
1.6054053287025778
1.4614675403912232
1.3265253561158872
1.2177900654190272
0.9292179225571388
2.5357978283912526
2.571238523341383
2.5771640187821205
2.580435727207147
2.575044498947509
2.5564524305991374
2.399797975122155
2.2146016140498306
2.0131081466276237
1.833738557177129
1.6601912651325132
1.4976376560894258
1.3668607957631838
1.2375918429183828
2.9134346282183174
2.936504832423553
2.951118327856329
2.958501501959448
2.956672269838735
2.8900531428354026
2.6898564617281515
2.439281914727162
2.2084698806100898
1.9834838816713567
1.772749818131358
1.6036014250625674
1.436922469058651
1.2941322449918278
3.1865085248380174
3.2095741614597584
3.223616490029319
3.2283617996929066
3.22495750412599
3.2116691558211765
3.062133006882338
2.784738470101849
2.5131290044894925
2.244605171300755
1.9924880085164505
1.7903746035701578
1.5917047311867385
1.4219539047619343
3.006119019332304
2.7103879519351857
2.4133848444266586
2.1335847584403815
1.9093463792561918
1.5015293136087162
3.521677614359639
3.558172252597927
3.5499846008139833
3.5245597104705437
3.2616830997932897
2.942383273231409
2.612238276107635
2.299124896670289
2.0480779902444
1.8020594268965988
1.592655001926323
3.7240062419640476
3.756032948789848
3.7415054885742682
3.574894878226157
3.2394329859408875
2.8689588567506386
2.512176272596655
2.2254831828470096
1.9449464173807718
1.7067686426454447
1.482959408525319
3.8773796498922763
3.9045628465412485
3.889992685081738
3.8019783828232505
3.4890237601338465
3.0888600318260857
2.694717430952295
2.376653878356399
2.0656163595918575
1.8020751932234262
1.5550947090925704
4.05198808741447
4.0376854229176695
4.011674000042408
3.9504081019134274
3.7630260724257814
3.615815451642514
3.339682380547358
2.9040922709070776
2.549424025449051
2.2024545094747148
1.909054310677539
1.6349225378921992
4.167666679390342
4.18253523743154
4.145616087264166
4.026583582084823
3.601637988527746
3.126249944152871
2.7325445368579855
2.3464704264574094
2.020489503366976
1.7168854392423638
4.314671018866336
4.292006745330052
4.265096388525991
4.168029134083037
4.115992869127334
3.9306218418508503
3.6986626559245868
3.4175568612885683
2.9738127193090964
2.535134951503281
2.164944748646205
1.8214125293400996
4.402695654330925
4.378793478755186
4.324224392114963
4.219490633688214
4.086066581981413
3.8937873917410926
3.7041467220590145
3.2157745022120245
2.724060547193701
2.3081226626498337
1.9232908854726263
1.7507368586394416
1.7119744530826178
2.0178070194739623
2.021603834744715
1.9301414951481817
2.2720704896192805
2.2311089626468243
2.5139763320976214
2.3873159768965566
2.8782510179200984
2.851694496580079
2.677700706886548
3.1402842033880183
3.0350427543623226
3.252152925416094
3.2434806885748464
3.430459760066326
3.4495854078727963
3.240599418803278
3.6193498416376135
3.6352570631635364
3.5343868024087732
3.7810482227743147
3.7377684998369194
3.4688308278263538
3.727135204233128
4.00578474466042
4.036336145256857
3.9622342913287585
3.5842083031918404
4.12817403029421
3.8945488582408236
4.146815622483655
3.6857347740250637
1.6103316309214555
1.632548653382874
1.7906709330258948
1.8155208897635111
1.8269209192898925
2.0759413134958815
2.1042351510272543
2.116191802007779
2.1129926133018126
2.0935286914916347
2.388521290203913
2.4190289056656327
2.429719358160232
2.422393262641559
2.3952914668706122
2.306699464304453
2.6177181376853547
2.649003596548357
2.6583477019371458
2.6536872088789685
2.6470800123997997
2.6335749791072236
2.613940423667574
2.5639789502329453
2.507011116080041
2.845456212085749
2.8772074365486326
2.8836091220992275
2.8668349482013733
2.849243893101108
2.825684351184885
2.765391777314442
2.701154068317032
2.576547054901461
2.4535162673368633
2.2149600120080004
2.107551439237325
1.9550849203159504
3.1205615295126607
3.1492721553146934
3.1508009729758504
3.142190731793823
3.1254685541409657
3.0975399749883823
3.072730348507644
2.9977719172286603
2.92142350518834
2.79449843527139
2.6296791931782013
2.5172216335712347
2.354357459680414
2.2263697782834257
2.0550995472030658
3.282232336936498
3.307586067801339
3.3043750795785787
3.273467322762159
3.2468916817425897
3.2116103388713446
3.126485823187891
3.0414248785176348
2.879948443411278
2.7208253881485667
2.5962087158531553
2.4183258286342673
2.282961218603091
2.094039500422749
3.4644630790697244
3.484114820839084
3.4739102406102766
3.4328957119987686
3.359051065615609
3.1650407998028154
2.808193929563031
2.4730107255566476
2.1174374038754027
3.5934067955289293
3.583206833130903
3.558673998251806
3.496464157770097
3.4458617886849154
3.339490942390926
3.2300917064261667
3.037053017699676
2.846021353138362
2.7235489156796864
2.486034770971642
2.3369862480651835
2.109794219169565
3.7127451926596176
3.7157070921180093
3.686935777200786
3.624499395962776
3.5707762008754473
3.5276976750949074
3.405141777802459
3.2829255420328596
3.0541132946546403
2.8542969149397663
2.6788618064357004
2.465228927295904
2.282060713127644
2.056586735795117
3.769013244371038
3.763154539142933
3.7270434544684496
3.653844968691456
3.6003728752317534
3.5388898809137603
3.4047483653441253
3.2788817452490533
3.044424069808398
2.8223949688817678
2.68475617785547
2.4091676783752116
2.223089017192775
1.9827255943857724
1.5487937930503655
1.5723940921683244
1.719144115295046
1.745509526023636
1.755102867403385
1.9874158908167565
2.016970600101875
2.026105165943044
1.9911842421742163
2.2784420240156824
2.3107869218442127
2.3177690520557768
2.3173058765695393
2.2694973953472384
2.4915265580412536
2.5228563904110652
2.52884640335084
2.52740389359993
2.505234922458398
2.466545364763151
2.379512932628737
2.2801131136631887
2.7005618567593657
2.7321265916709376
2.736180851633395
2.732059812512691
2.7022518800308
2.6572272535430965
2.5532466613698226
2.4405685745587538
2.2107255699770265
1.9538823469403428
2.950349850719161
2.978301030828301
2.9783370482959004
2.970828901372029
2.9298116034503643
2.874093227632701
2.767272588953568
2.615900975086194
2.3498764317042258
2.0538460090688444
3.095466454864329
3.1189359691069165
3.117423762037196
3.1055594439006757
3.056046954008141
2.9924809883383388
2.85411041809252
2.706687337288887
2.4138089623706644
3.2560717897963425
3.2727671968653715
3.2493625671051998
3.1146452964479074
2.793733306196349
2.4684640196181107
2.116202985809656
3.3664570280163106
3.3671390789499926
3.3581476615257313
3.334644489574005
3.265565285845485
3.1797784625402636
3.0104591623732286
2.8316495057252777
2.4815840339851976
2.1085934289284465
3.4624457988468147
3.46078229537638
3.439301839235007
3.415600304585184
3.3311850517257184
3.2326758401307267
3.028879560893265
2.8403754742976117
2.551318741557867
2.4609550169787617
2.055469882920555
3.502447268776905
3.490637576589989
3.466397002029617
3.430209150610046
3.33340569221823
3.229643763890884
3.0192528167609085
2.808933714312769
2.4051443757718003
1.9816993017584565
